0.0
0.0
0.0
0.0
0.0
0.0
0.0
0.0
0.0
0.0
0.0
0.70107
0.0
0.0
0.0
0.479528
0.0
0.0107101
0.0
0.0
0.0
2.98818
0.506095
0.0
0.0
0.0
0.0
0.0
0.0
0.0134392
0.0
1.78665
0.0
3.7135
0.0
0.0
0.0
0.0
0.0
0.0
0.0
0.0
0.179857
0.222749
0.0
0.293009
0.0
0.0
0.0
0.0
0.0
0.0
0.0
0.0
0.0
0.0
0.0312691
0.0
0.0
0.0
0.0
0.0
0.0
0.0
1.30021
0.0
0.0
0.0
0.0
0.0
0.0
0.0
0.0
0.0
0.0
0.0
0.0
0.0
0.0
0.0
1.94211
0.0
0.0
0.0
0.0
0.0
0.0
0.0
0.0
0.0
0.0
0.0
0.0
0.0
0.0
0.0
0.0
0.0
0.0
0.0
0.0
0.0
0.0
0.0
0.0
0.171121
3.76422
0.0
0.0
0.0
0.0
0.0
0.0
0.605736
0.0
0.0
0.0
0.0
0.0
0.0
3.24506
0.0
0.0
0.0
0.0
0.0
0.0
5.03567
2.52096
0.0
0.0
0.799031
0.0
0.0
0.0
0.0
0.791225
0.236091
0.0
0.0
0.0
0.0
0.0
0.0
0.0
0.0
1.25306
0.0
1.96582
0.0
0.0
0.0
0.630539
1.50343
0.0
0.0
0.0
0.0
0.0
0.0
0.0
0.0
0.0
0.0
0.0
0.0
0.0
0.0
0.0
3.69327
0.0
0.0
2.93713
2.17446
0.0
0.0
0.0
0.466584
0.0
0.0
0.0
0.0
0.0
0.0
0.0
0.0
0.0
0.0
0.0
0.0
0.483854
0.0
1.68801
3.63543
0.0
0.0
0.233936
0.260117
0.0
0.0
0.0
0.0
0.0
0.0
0.0
0.0
0.0
0.0
0.0
0.0
0.0
0.890425
0.0
0.0
0.0
0.166205
0.0
0.0
0.0
0.18438
0.0
0.284042
0.0
0.0
0.0
0.0
0.0
0.0
0.0
0.0
0.0
0.0
0.0
0.779721
0.0
0.0
0.0
0.0
1.27838
0.0
0.0
0.0
0.696944
0.64864
0.0
0.0
0.0
3.32765
0.0
0.0
2.63443
0.0
2.9991
0.0
0.0
0.303334
0.0
0.0
0.0
0.0
0.0
0.0
0.0
0.0
0.0
0.0
0.0
0.0
0.0
0.0
0.0
0.0
0.0
0.0
0.0
0.0
2.08398
0.0
0.0
0.0
0.0
0.0670154
4.01016
2.53478
0.0
0.0
0.0
0.0
0.0
0.0
0.0
0.000825167
0.0
0.0
0.0
0.0
0.0
0.0
0.0
0.0
0.0
3.70078
0.0
0.0
0.0
0.0
0.0
0.0
0.0
0.457324
0.0
0.0
0.0
1.51481
0.0
0.0
0.0
0.0
0.0
0.0
0.0
0.0
0.0
0.0
3.19786
0.0
0.207054
0.0
0.0
0.0
0.0
0.0
0.0
0.0
0.0
0.0
0.0
0.237769
0.0
0.0
0.0
0.0
0.0
0.0
0.0
0.130538
0.0
0.0
0.0
0.0
0.0
0.0
0.0
0.0
0.0
0.0
0.0
0.0
0.0
0.0
0.0
0.0
0.0
0.0
0.0
0.0
0.0
0.0
0.0
0.0
0.0
0.0
0.0
0.0
0.0
0.0
0.0
0.0
0.0
2.06989
0.0
0.0
0.0
0.0
0.0
0.0
0.0
1.57109
0.253279
0.914812
0.0
0.0
0.0
0.0
0.0
0.204788
4.73478
0.0
0.0
0.0
0.0
0.0
0.343057
0.0
0.0
0.0
0.0
0.0
0.0
0.0
0.0
0.0
0.0
0.0
0.0
0.0
0.0
0.0
0.0
0.0
0.0
0.0
1.49919
0.877909
0.0
0.0
0.0
0.0
0.0
1.6292
0.0
0.0
0.0
0.0
0.0
0.0
0.0
0.0
0.0
0.0
0.0
0.0
0.0
0.0
0.0
0.0
0.41831
0.0
0.0
0.0
0.0
0.0
0.0
0.0
0.0
0.0
0.0
0.145989
0.0
0.853232
0.0
0.0
0.0
0.0
0.0
3.06842
0.0
0.0
0.0
1.16022
0.0
0.0
0.0
0.0
0.0
0.0
0.0
0.0
2.67567
0.0
0.0
0.0
0.0
0.544007
0.0
0.0
0.0
0.0
0.0
0.0
0.0
0.0
0.0
0.0
0.0
0.0
3.07011
0.0
0.0
0.0
0.0
0.0
0.0
0.0
0.0
0.0
0.0
0.0
0.0
0.0
0.0
0.0
0.0
0.0
1.98434
0.0
0.0
0.0
0.0
0.0
0.0
0.0
0.0
0.0
0.0
0.0
0.0
0.0
0.0
0.0
0.0
0.0
0.0
0.473455
0.0
0.0
0.349811
0.0
0.0
1.3483
0.0
0.0
0.0
2.00441
0.0
0.0
0.0
0.0
0.0
0.0
0.0
0.0
0.0
0.0
0.718364
0.0
0.0
0.0
0.0
0.0
0.0
0.0
0.0
0.0
0.0
0.0
0.0
0.0
0.0
0.0
0.866725
0.0
0.0
0.605132
0.0
0.0
0.0
0.0
0.0
0.0
0.0
0.0
0.731342
0.0
0.0
0.0
0.0
2.6661
0.0
0.0
0.0
0.0
0.0
0.0
0.0
0.0
0.732144
0.0
0.0
0.0
0.0
0.0
0.0
0.0
0.0
0.0
0.0
0.0
1.41452
0.0
0.0
0.0
0.0
0.0
0.0
0.0
0.0
0.0
0.0
0.0
0.0
0.0
0.0
0.0
0.0
0.0
0.0
0.0
0.0
0.0
0.0
0.0
0.0
0.0
0.0
0.0
1.69402
0.0
0.0
0.0
0.0
0.0
0.0
1.06977
0.0
0.0
0.0
0.0
0.0
0.0
0.0
0.0
0.0
0.0
0.0
0.0
0.0
2.51736
0.0
0.0
0.380133
1.5803
0.0
0.0
0.0
0.0
0.0
0.0
0.0
0.0
0.0
0.0
0.0
0.0
0.0
0.0
0.484968
0.0
0.0
0.0
0.0
0.0
0.0
4.04495
0.0
0.0
2.84202
0.0
0.0
0.0
0.0
0.0
0.0
0.0
0.656927
0.0
0.0
0.0
0.336587
0.0
0.0
0.0
0.0
0.0
0.0
0.0
0.0
0.0
0.0
0.0
0.0
1.39655
0.0
1.87796
0.0
0.0
0.0
0.0
0.0
0.0
0.0
2.93723
0.0
0.0
2.3351
0.480306
0.0
0.0
1.35419
0.0
0.0
1.78512
0.0
0.0
0.190733
0.0
0.0
0.0
3.57014
0.0
0.0
0.0
0.0
0.0
2.63019
0.0
0.0
0.0
0.0
0.0
0.0
0.0
0.0
0.0
0.0
0.0
1.1081
0.0
0.0
0.0
0.383983
0.0
0.0
0.00544254
0.0
0.0
0.0
0.0
0.0
0.0
0.0
0.0
0.0
2.51567
0.0
0.0
0.0
2.93679
0.0
2.80088
0.0
0.0
0.0
3.08969
0.0
0.0
0.0
0.0
1.38501
0.0
0.0
0.147463
0.0
0.0
0.972254
0.0
0.287245
0.0
0.446472
0.0
1.1423
2.00117
0.0
0.0
0.0
0.0
0.0
2.4502
0.0
0.0
0.0
0.0
0.0
0.0
0.0
0.0
1.36015
0.774973
0.0
0.0
0.0
0.0
2.3689
0.0
0.0
0.0
0.0
0.0
0.813991
0.0
0.0
0.0
0.0
0.0
0.0
0.0
0.0
0.0
1.09166
0.0
3.30714
0.0
0.142927
0.0
0.0
0.917494
0.0
0.0
0.602948
0.0
0.0
0.0
2.97765
0.0
0.0
0.0
0.0
0.0
0.0
0.0
1.00482
1.39634
0.0
0.0
0.0
0.0
2.37075
0.0
0.0
0.0
0.0
0.0
0.0
0.0
0.0
0.0
0.0
0.0
0.0
0.534915
0.0
0.0
0.0
0.0
0.0
0.386113
0.0
0.0
0.0
0.0
0.0
0.0
0.0
0.0
1.60177
0.0
0.929057
0.0
0.0
0.0
0.0
0.0
0.0
0.0
0.0
0.0
0.0
0.0
1.24668
0.0
0.0
0.0
0.0
0.0
0.0
0.0
0.0
0.0
0.0
0.0
0.0
0.0
0.0
0.481101
0.0
0.0
0.0
0.0
0.0
0.0
0.0
0.0
0.750521
0.0
0.0
0.0
0.0
0.0
0.0
0.0
0.0
0.0
0.0
0.0
0.0
0.0
0.0
0.0
0.0
0.683274
0.0
1.55892
0.0
0.0
0.0
0.0
0.0
0.0
0.0
0.390169
0.0
0.0
0.0
0.0
1.1077
0.0
0.0
0.0
0.120448
0.0
0.0
0.0
0.0
0.0
0.0
0.0
0.0
0.0
0.0
0.0412901
0.0
0.0
2.81285
0.0
0.0
0.0
0.0
0.0
0.0
0.0
0.0
0.0
0.0
0.434252
0.221438
0.0
0.331468
0.0
0.0
0.0
0.0
0.0
0.0
0.0
0.0
0.0
0.0
0.0
0.0
0.0
0.0
0.0
0.157859
0.0
0.0
0.0
0.0
2.36282
0.0
0.0
2.34928
1.80012
0.0
3.48708
0.0
0.0
0.0
0.0
2.13922
0.0856778
0.360758
0.0
0.0
0.0
0.0
1.07634
0.0
0.0
0.0
0.0
3.60092
0.0
0.0
1.59031
0.0
0.0
0.0
0.0
0.0
0.0
0.0
0.0
0.0
0.555949
0.0
0.0
0.0
0.0
0.0
0.0
0.0
0.0
0.0
2.86396
0.0
0.0
0.0
0.0
0.0
0.0
0.0
0.0
0.0
0.0
0.0
0.0
0.0
0.0
0.0
0.111633
0.0
0.0
0.0
0.0
0.0
0.0
0.0
0.0
0.0
2.41781
0.0
0.0
0.0
1.42783
0.0
0.0
0.0
4.01425
0.0
0.0
0.0
0.0
0.0
0.0
0.0
0.0
0.0
0.0
0.549027
0.0
0.0
0.0
0.0
0.0
0.0
0.0
0.0
0.0
2.68046
0.0
0.0
0.0
0.0
0.0
0.0
0.0
3.06905
0.0
0.943512
0.0
0.0
0.0
0.0
0.181165
0.0
0.0
0.0
0.0
0.0
0.0
0.0
0.0
0.0
0.713766
0.0
0.0
0.0
0.0
0.0
0.0
0.0
0.0
0.0
2.8944
5.10414
0.0
0.0
0.0
0.0
0.0
0.0
0.0
2.87593
0.0
0.0
0.0
0.0
4.67332
0.0
0.0
0.0
0.0
4.55368
0.0
0.0
0.0
0.0
0.0
0.0
0.670575
0.756446
1.89002
0.0390515
0.0
0.0
0.0
0.0
0.0
0.0
0.0
0.0
0.0
0.0
0.0
0.0
0.0
0.0
0.840231
0.0
1.09834
0.0
0.0
0.0
0.0
0.0
0.0
1.35778
0.0
0.0
0.0
0.0
0.0
0.0
0.0
0.0
0.0
1.91255
0.0
0.0
1.17469
0.0
0.0
0.0
0.0
1.1781
0.200052
0.0
0.0
0.0
0.283082
0.0
1.35135
0.0
0.394506
0.0
1.19284
0.0
0.0
0.0
0.0
0.0
0.0
0.0
0.0
0.0
0.0
0.0
0.0
0.897999
0.0
0.0
0.782108
0.0
0.958648
0.0
2.52228
0.0
0.0
1.03419
0.0
2.40345
0.0
0.0
0.0
0.0
0.593828
0.0
0.0
0.0
0.0
0.0
0.0
0.0
0.0
0.0
0.0
0.0
0.409676
0.853492
0.0
0.0
0.0
0.0
0.0
0.0
1.95582
0.0
0.0
0.0
0.0
0.0
3.50491
0.0
0.0
6.26485
0.997888
0.0
0.0
0.0
0.0
0.0
0.0
0.0
0.0
1.60251
0.0
0.0507352
0.0
0.0
2.90971
0.0
0.0
0.0
0.0
0.0
0.0
2.51939
0.0
0.0
1.2451
0.0
0.0
0.0
0.0
0.0
0.0
0.0
0.0
0.0
0.0
0.0
0.0
0.0
0.0
0.0
0.0
0.0
0.0
0.453363
0.0
0.0
0.0
0.0
0.0
2.02739
0.0
0.0
0.0
0.0
0.0
0.0
0.0
0.0
0.0
0.0
0.0
0.0
0.0
0.0586557
0.0
0.0
0.0
0.0
0.0
0.0
0.0
0.0
0.0
0.0
0.0
2.97833
0.0
0.0
0.0
0.0
0.566867
0.0489999
0.0
1.00436
3.16261
0.0
2.89552
0.0
0.0
0.0
0.0
0.0
0.0
0.0
0.0
0.0
0.0
0.0
0.0
0.0
0.0
1.87239
0.0
0.0
0.0
0.0
0.0
2.145
0.0
0.0
1.7224
0.0
0.0993161
0.0
0.0
0.0
0.0
0.0
0.0
0.0
0.0
0.0
0.0
0.0
0.0
0.0
0.0
0.0
0.0
0.00864464
0.0
0.0
0.0
0.0
0.0
0.0
0.0
0.0
0.239186
0.0
0.0
0.0
0.0
0.0
0.794002
0.0
0.532466
0.0
0.0
0.0
0.0
0.0
0.0
0.0
2.20274
0.0
0.0
0.0
0.0
0.0
0.0
0.0
0.0
0.0
1.88189
0.0
0.0
0.0
0.0
0.0
0.0
0.673615
0.0
3.58944
0.0
0.0
0.0
0.0
0.0
0.0
0.0
0.0
0.0
0.0
0.0
0.0
0.0
0.0
0.302863
1.21527
0.0
0.0
0.0
0.0
0.0
0.0
0.0
0.0
0.0
0.0698017
0.0
0.0
0.0
0.0
1.28061
0.0
0.0
0.0
0.0
0.0
1.86986
2.32374
1.67895
0.0
0.0
0.0
0.0
0.0
0.0
3.58735
0.0
1.68234
0.0
0.0
0.473194
0.0
0.0
0.0
0.0
0.0
0.0
0.0
0.0
0.0
0.0
0.0
0.0
2.54878
0.0
0.513056
0.0
0.0
0.0
0.0
0.0
0.0
1.87967
0.0
0.0
0.0
0.0
1.50612
0.0
0.0
0.0
0.0
0.0
0.0
0.0
0.0
0.0
0.0
0.0
0.0
0.0
0.0
0.713737
0.640758
0.0
0.0
0.0
0.0
0.0
0.0
0.0
1.08519
0.91648
0.0
0.789393
0.0
0.0
0.0
0.0
0.0
0.0
0.0
0.0
0.0
0.873829
0.0
0.0
0.0
0.0
0.0
0.0
0.0
0.0
0.0
0.0
0.0
0.0
0.0
0.0
0.0
0.0
0.0
0.0
1.37793
0.0
0.0
0.0
0.0
0.0
0.0
1.47421
0.0
0.0
0.0
0.0
0.0
0.0
0.750199
0.0
0.0
0.0
0.0
0.0
0.0
0.0
0.0
0.0
1.75847
0.0
0.0
0.0
0.0
1.29541
0.0
0.0
0.0
0.982229
0.0
0.523692
4.52467
0.0
0.0
0.0
0.533616
0.0
0.0
0.0
0.0
0.0
0.0
0.918133
0.0
0.0
0.0
0.0
0.0
0.0
0.0
0.0
0.0
0.0
0.0
0.0
0.0
0.0
0.0
1.13178
0.0
0.0
0.0
0.182179
0.0
3.68509
0.0
0.0
2.46035
0.0
0.0
0.0
1.90806
0.0
1.03334
0.0
1.45547
0.0
1.24817
0.0
0.0
0.0
0.832473
0.0
0.253259
0.0
0.0
0.0
0.0
0.0
0.9194
0.0
0.529774
0.751638
0.0
0.0
0.0
0.0
0.0
0.0
0.0
0.0
0.0
0.0
0.876182
6.25406
0.432866
0.0
0.0
0.0
0.0
4.02373
3.90493
0.0
0.0
2.17195
0.0
0.0
0.0
0.0
0.58041
0.0
0.0
0.0
0.0
0.0
0.0
0.152552
0.0
0.0
0.0
0.0
0.0
1.72215
0.0
0.0
0.0
0.0
0.65179
0.0
0.0
0.0
0.0
0.0
0.0
0.0
0.0
0.0
0.0
0.0
0.0
0.0
0.0
0.0
0.932817
0.0
1.80184
0.0
0.601485
4.21629
0.734899
0.0
0.0
0.87289
0.142593
0.0
0.0
0.0
0.0
0.0
0.0
0.0
3.57788
0.0
5.05294
0.0
0.0
0.0
0.0
0.0
0.0
0.0
0.0
0.0
0.0
3.03784
0.0
0.0
0.0
0.0
0.0
0.0
0.0
0.0
0.0
0.0702827
0.0
0.0
0.0
0.0
0.0
0.0
0.0
0.561063
0.0
0.0
0.0
0.0
1.97007
0.212915
0.0
0.0
0.0
0.0
0.0
0.741837
0.0
0.0
0.0
0.0
2.78316
0.473677
0.0
0.0
0.0661605
0.0
0.0
0.0
0.0
0.0
0.0
0.0
0.0
0.0
0.0
0.0
0.0
2.34995
0.934709
0.0
0.0
0.0
0.0
0.0
0.0
0.0
0.0
0.0
0.0
0.0
0.0
0.0
0.0
0.0
0.0
0.0
0.0
0.0
0.394957
0.0
0.0
0.0
0.0
0.0
0.0
0.0
0.0
0.0
0.0
0.0
2.0062
0.0
0.695078
0.0
1.63313
0.0
0.0
0.0
0.0
0.0
0.0
0.177117
0.0
0.0
0.0
0.263331
0.0
0.0
0.918589
5.09568
0.0
0.0
0.0
0.0
0.0
2.01316
0.0
1.06157
0.0
0.0
0.0
0.0
0.0
0.0
0.0
0.0
0.0
0.0
0.0
0.0
0.0
0.0
0.0
0.0
0.0
0.0
0.0
0.0
0.0
0.0
0.0
0.0
0.0
0.380992
0.0
3.63329
0.0
0.0
0.0
0.0
0.711212
0.0
1.86818
0.0
0.0
0.0
0.0
0.0
0.0
0.0
0.0
0.0
0.0
0.0
0.0
0.0
0.0
0.0
0.0
1.32483
0.0
0.844932
0.0
0.0
0.0
0.0
0.0
0.0
0.0
0.0
0.0
0.0
0.0
0.0
0.0
0.0
2.37629
0.0
1.70974
0.0
0.0
1.79225
0.0
2.0748
0.466424
0.0
0.0
0.0
3.10124
0.0
0.889188
0.0
0.508837
0.60753
0.0
0.0
1.03047
0.0
1.01086
0.0
0.0
0.0
2.28412
0.0
0.945691
1.42559
0.0
0.0
0.0
0.0
1.63372
1.83884
0.0
0.0
0.0
2.96744
0.0
0.0
0.0
0.0605914
0.541446
0.0
0.0
0.0
0.0
0.0
0.0
0.0
0.0
0.0
0.0
0.0
0.0
0.418917
0.0
0.0
0.0
0.530373
0.0
0.0
0.0
0.0
0.0
0.0
0.0
0.0
0.0
0.0
5.43428
0.0
0.0
0.0
0.0
1.63455
0.0
0.0
0.0
0.0
0.0
0.0
0.516929
0.0
0.0
0.0
0.0
0.0
0.0
0.388237
0.0
0.0
0.0
0.0
1.88764
0.0
0.0
0.613389
0.0
3.38784
0.0208918
0.0
1.48336
0.0
0.0
0.0
0.0
0.714469
0.0
0.0
0.0
0.0
0.0
0.0
1.31544
0.0
0.0
0.0
0.0
0.0
2.11912
0.0
0.0
0.0
0.0
0.0
0.0
0.0
0.0
0.0
0.0
0.0
0.0
0.0
0.0
0.0
1.83373
0.0
0.0
0.0
0.0
0.0
0.0
0.617548
0.0
0.0
0.0
0.0
0.0
0.0
0.0
0.0
0.0
0.0
0.922105
0.0
0.0
2.93217
0.0
0.0
0.0
0.0
0.0
0.0
0.0
0.0
0.0
0.0
0.0
0.129428
0.0
0.0
0.387998
0.0
0.0
0.0
0.0
0.0
0.0
0.0
0.0
0.0
0.0
0.0
0.0
0.0
0.0
0.0
0.0
0.0
0.0
0.0
0.0
1.10435
2.52073
0.0
0.0
0.0
0.213051
0.0
0.0
0.0
0.0
0.0
0.0
0.0
0.0
0.0
0.0
0.0
0.0
0.0
0.0
0.0
0.0
0.0
0.343576
0.0
0.0
0.822253
1.84929
0.0
0.0
0.0
0.0
0.0
0.0
0.0
0.0
0.0
0.0
0.0
1.31657
0.0
0.0
0.0
0.0
4.3283
0.0
0.0
0.0
0.0
0.0
0.0
0.0
0.0
0.0
0.0
0.0
0.0
0.0
0.0
0.0
0.0
1.41422
0.0
0.0
0.0
0.0
0.488672
0.0
0.988153
0.0
0.0
0.0
0.0
0.0
0.0
0.0
0.0
0.0
1.7011
0.0
0.0
0.0
0.0
0.0
0.0
0.0
0.0
0.0
0.0
0.0
0.0
1.17462
1.871
0.0
0.0
0.0
1.39209
0.0
1.77495
0.0
0.0
0.0
0.0
2.4294
0.0
4.19884
0.0
0.0
0.0
0.0
0.695617
0.0
0.0
0.0
0.0
0.0
0.691403
0.0
0.0
0.0
0.0
0.0720894
0.0
0.0
0.0
0.0
5.932
0.0
0.343694
0.0
0.0
1.86065
0.0
0.0
0.0
0.0
0.0
0.0
0.0
0.0
0.0
0.0
4.07511
0.0
0.0
0.0
0.0
0.0
0.0
0.0
0.0
0.0
0.0
2.23763
0.0
0.0
0.0
0.121825
0.0
0.98395
0.0
0.0
0.0
0.0
0.0
0.0
1.43535
0.0
5.67305
0.0
0.0
0.0
0.0
0.0
0.0
0.0
0.0
0.0
0.0
0.773235
0.0
0.0
0.0
0.0
0.676776
1.45909
0.0
0.0
0.0
0.0
0.0
0.0
2.09414
0.0
0.0
0.0
0.0
0.0
0.0
3.97697
0.0
0.0
0.963427
0.0
0.800112
0.0
0.0
0.0
0.0
1.70342
0.0
0.0
0.0
0.0
0.0
0.0
0.0
0.0
0.275302
0.0
0.0
0.0
0.0
0.0
1.02824
0.0
0.0
0.0153499
0.0
0.0
2.23922
0.0
0.0
0.0
0.0
0.0
0.0
0.0
1.21507
0.0
0.0
0.0
0.0
0.0
0.822887
0.0
0.0
0.0
0.0
0.0
0.0
0.0
2.72904
0.348707
0.0
0.0
0.0
0.0
0.0
0.0
0.0
2.67006
0.0
2.08971
0.0
0.0
0.0
0.0
1.31533
0.0
0.0
0.0
0.0
0.0
0.0
0.0
0.0
0.0
0.0
0.0
0.0
0.0
0.0
0.0
0.0
0.0
0.0
0.0
0.0
0.0
0.0
0.0
0.0
0.226045
0.0
0.0
0.0
0.0
0.0
0.0
0.0
0.0
0.904911
0.0
0.0
2.882
0.597791
0.0
0.0
0.0
0.0
0.0
0.0
0.828908
0.652163
0.0
0.0
0.0
0.255699
0.0
0.0
0.0
0.0
0.0
0.0
0.0
0.0
2.42575
0.0
0.0
0.0
0.0
0.0
0.0
0.0
0.0
0.0
0.0
0.0
0.0
0.0
0.0
0.0
0.0
0.0
0.0
0.0689639
0.0
0.0
0.0
0.0
0.0
0.592944
0.0
0.0
0.0
0.0
0.0
0.134608
0.0
3.25554
0.0
0.0
0.0
2.37201
0.0
0.0
0.0
0.0
0.0
0.0
0.0
0.0
0.0
0.0
0.0
0.0
0.0
0.0
0.0
0.672569
0.0
0.0
0.0
0.0
0.0
0.0
0.0
0.0
0.0
0.0
0.0
0.0
0.0
0.0
0.0
0.0
0.0
0.0
0.0
0.0
0.0
0.0
1.90042
0.0
0.0
0.0
0.0
1.22044
0.431241
0.0
0.0
0.0
1.13605
0.0
0.0
0.0
0.0
0.0
0.0
0.0
0.0
0.0
0.486893
2.0609
0.0
0.0
0.0
0.0
0.0
0.0
0.0
0.0
0.0
0.0
0.0
0.0
0.0
0.905302
0.108504
0.0
0.0
0.0
0.0
0.0
0.0
0.0
0.0
0.0
0.0
0.0
0.0
0.0
0.0
0.0
0.0
0.0
0.0
0.0
0.107617
0.0
0.0
0.0
2.37732
0.0
0.0
0.0
0.0
0.0
0.0
0.0
0.0
0.0
0.0
0.0
0.0
0.0
0.0
0.0
0.0
0.0
0.0
0.0
0.0
0.0
0.0
0.0
0.3774
0.0
0.0
3.98836
1.46021
0.0
0.795887
0.0
0.0
0.0
0.742932
0.0
2.77357
0.0
0.0
0.0
0.0
0.0
0.0655776
0.0
0.0
0.0
2.23442
0.0
0.0
0.0
0.0
0.0
0.11232
0.0
0.0
0.0
2.58234
0.0
0.0
0.0
0.0
0.0
0.0
0.0
0.0
0.0
0.0
0.0
0.0
0.0
4.16599
1.33832
0.0
0.0
0.0
1.34687
0.0
0.0
1.98318
0.0
0.0
0.142111
5.96185
1.09239
0.0
0.0
0.0
0.0
0.0
0.755065
1.27172
0.0
0.0
0.0
0.0
2.65404
0.0
0.0
0.118476
0.465662
0.0
0.0
0.0
0.0
0.0
0.0
0.0
0.0
0.0
0.0
2.31515
0.0
0.0
0.0
0.0
0.0
0.953136
0.0
0.551572
0.178455
0.346276
0.0
0.0
0.0
0.0
0.122138
0.0
0.0
0.0
3.45403
0.0
0.0
0.0
0.104735
0.0
0.0
0.0
0.0
0.0
0.0
0.0
0.0
0.0
0.0
0.0
0.327563
0.0
5.76847
2.59717
0.0
0.0
0.0
0.0
1.23286
0.0
0.0
0.0
0.0
0.0
0.205617
0.0
0.0
0.0
0.0
0.0
0.0
0.0
0.0
0.0
0.0
0.0
0.0
0.0
0.0
0.159864
0.0
0.112612
0.0
0.0
0.634587
0.0
0.0
0.0
0.0
0.0
0.0
3.83399
1.09487
0.0
0.0
2.29519
0.0
0.0
0.0
0.532163
0.0
0.0
0.0
0.0
0.0
0.0
0.0
0.0
0.0
0.736193
0.0
0.0
0.255354
0.0
0.0
0.438772
0.0
0.0
0.0
0.0
0.212396
0.0
1.849
0.724787
0.0
0.0
0.0
0.0
0.80371
0.0
1.98486
0.0
0.0
0.0
0.0
0.0
0.0
3.63402
0.0
0.0
0.0
0.0
0.0
0.139896
3.01068
0.0
0.0
0.0
0.0
0.0
0.0
0.0
0.0
0.0
0.0
0.0
0.0
0.0
0.0
0.0
0.0
0.0
0.0
0.0
0.0
0.0
0.0
0.0
0.0
0.0
0.0
0.0
0.0
0.0
0.0
0.0
3.09719
0.0
0.0
0.0
0.0
0.0
0.0
0.0
0.0
0.0
0.0
0.0
0.0
0.0
0.0
0.0
0.0466358
0.0
0.0
1.64683
5.06041
0.0
0.0
0.0
0.0
0.0
0.0
0.0
0.0
0.0
0.0
0.0
0.0
0.0
0.0
0.0
0.0
0.0
0.969386
0.0
0.0
0.0
0.0
0.0
3.38794
0.952415
0.0
0.0
0.0
0.0
0.0
0.0099477
0.0
0.0
0.0
0.0
0.0
0.789327
0.0
0.0
0.0
0.0
0.0
0.0
0.0
0.488275
0.0
0.0
0.0
0.0408597
0.0
0.0
0.0
0.0
0.0
0.0
0.346196
0.0
0.0
0.591281
0.0
0.0
0.0
0.0
0.0
0.0
0.575207
0.0
0.0
0.0
0.0
1.51874
0.0
0.0
0.0
0.0
1.69238
0.0
0.0
0.0
0.0
1.20638
0.0
1.22008
0.0
1.83729
0.0
0.0
0.114361
0.0
0.0
0.0
0.375359
0.0
0.0
0.0
0.0
0.0
0.0
0.0
0.0
0.0
0.0
0.0
0.0
0.0
0.0
0.0
0.0
0.0
0.0
0.0
0.469298
0.0
0.0
0.0
0.0
0.0
0.0
0.0
0.0
0.0
0.45467
0.0
0.0
0.776402
0.0
0.0
0.0
0.0
0.0
0.0
1.27072
0.460905
0.0
0.0
0.0
0.0
0.0
3.73533
0.0
0.0
0.0
0.0
0.0
0.0
0.0
0.0
0.0
0.0
0.0
3.97351
0.0
0.0
0.0
0.0
0.0
0.0
2.84519
0.0
3.51456
1.04916
0.0
0.0
0.0
0.0
0.0
0.0
0.0
0.0
0.0
0.0
0.0
0.0
0.0
0.0
1.06129
0.0
0.0
0.0
0.0
0.0
0.0
0.0
0.0
0.0
0.0
2.87367
0.0
0.0
0.0
0.0
0.0
0.0
1.32078
0.0
0.0
0.0
0.0
0.0
1.27443
0.0
0.0
0.0
0.0
0.0
0.0
0.673888
0.0409592
0.0
0.0
0.0
0.0
0.0
0.734167
0.0
0.0
0.0
1.67042
0.0
0.0
0.0
0.0
0.0
0.0
0.0
0.0
0.0
0.0
0.0
0.370329
0.0
0.0
0.0
0.0
0.0
0.0
0.0
0.0
0.0
0.0
0.0
0.0
0.0
0.0
3.14663
0.0
1.2743
0.0
0.295645
0.0
0.0
0.0
0.0
0.0
0.0
0.736977
0.0
0.0
1.92315
0.0
1.59402
0.0
0.0
0.0
0.0
0.0
3.05582
0.0
0.0
0.0
0.0
0.0
0.0
0.0
0.0
0.0
0.0
0.0
0.0
1.37098
0.0
0.0
0.0
0.0
1.4431
0.0
0.0
0.0
1.87227
0.0
0.0
0.0
0.0
0.0
0.0
0.0
0.0
0.0
0.0
0.0
2.20358
0.0
0.0
0.0
1.12346
0.0
0.0
0.286222
0.0
0.0
0.918414
0.51564
0.0
0.0
1.91819
0.0
0.0
0.196877
0.0
2.88122
0.0
0.0
0.0
0.0
2.82771
0.525773
0.0
0.0
0.0
0.0
0.0
0.0
0.0
0.0
0.0
0.0
0.0
0.0
0.0
0.0
0.0
0.0
0.0
0.0
0.0
0.0
0.0
0.0
2.51135
0.0
0.0
0.0
0.0
0.0
0.0
0.0
0.0
0.0
0.0
0.0
0.0
2.18448
0.0
0.0
4.16098
0.0
0.0
0.0
0.0
0.0
1.17319
0.0
3.44191
0.0
0.0
0.0
0.0
0.0
0.0341787
0.0
0.564675
0.0
0.0
0.0
0.0
0.0
0.0
0.0
0.0
0.0
0.0
0.0
0.0
0.0
0.0
0.0
0.0
0.589875
2.73936
0.0
0.0
0.0
0.480374
0.0
0.0
0.0
0.0
0.0
0.0
0.0
0.0
0.0
0.0
0.0
0.0
0.0
0.760233
0.0
0.0
0.0
0.0
0.0
0.0
0.0
0.262382
0.0
0.0
0.0
1.39825
2.21965
0.0
1.61263
0.0
0.0
0.0
0.0
0.0
1.84973
0.0
0.0
1.63595
0.3077
0.0
2.88179
0.0
0.0
0.0
0.0
0.0
0.0
0.0
0.0
0.0
0.0
0.0
0.0
0.0
0.0
0.0
0.0
0.0
0.0
0.0
0.0
0.647445
0.0
0.0
0.0
0.0
0.0
0.568708
0.0
0.0
0.0
2.17023
0.0
0.0
1.44119
0.0
0.0
0.0
0.3875
0.0
0.811863
0.0
2.95621
1.10142
0.0
0.0
0.559877
0.0
0.0
1.42415
0.0
0.415116
0.0
0.0
0.0
0.0
0.0
4.07241
0.0
0.0
0.0
0.0
0.0
0.0
0.0
0.0
0.0
0.0
0.0
0.0
0.0
0.0
0.0
0.0
0.530359
0.0
0.0
0.0
0.0
1.1895
0.0
2.6966
0.0
0.0
0.0
0.0
0.0
0.0
0.0
0.0
0.0
0.0
0.0
0.0
0.0
0.0
0.0
0.0
0.0
0.0
0.0
0.0
0.0
0.0
0.0
0.0
0.142751
0.0
0.0
0.0
0.0
0.0
0.0
0.0
0.0
0.0
0.0
1.50111
1.37878
0.0
0.0
0.216411
0.0
0.510484
0.0
0.0
0.0
0.0
0.0
0.0
2.16149
0.0
0.0
0.0
0.0
0.0
0.0
0.0
0.0
0.305293
0.0
0.0
0.0
0.0
0.0
0.0
0.0
0.0
0.0
0.0
0.0
0.0
0.0
0.0
0.0
0.0
0.0
1.19269
0.0
0.0
0.0
0.0
0.0
0.0
0.840418
0.744745
0.0
2.17106
0.0
0.0
0.546084
0.0
0.0
0.0104633
0.0
0.0
0.0
0.0
0.0
0.0
0.0463711
0.0
0.0
0.0
0.0
0.967521
0.0
0.0
0.0
0.219716
0.0
1.46095
0.0
0.0
0.0
0.0
0.0
0.188432
0.743826
0.0
0.0
0.284957
0.0
2.78453
0.0
0.21978
0.0
0.0
0.0
0.0
0.0
0.0
0.0
0.0
0.0
0.746558
0.0
0.438948
0.0
0.0
0.0
0.0
4.00489
0.658543
0.0
0.0
0.0
0.0
0.0
0.0
0.0
0.0
2.1162
0.0
0.0
0.0
0.0
0.0
0.0
0.0
0.0
1.11541
0.0
0.0
3.81539
0.0
0.0
0.0
0.0
0.0
0.0
0.0
0.0
0.220139
0.0
0.0
0.0
0.0
0.0
0.0
0.673401
0.0
0.0
0.0
0.0
2.88918
3.60843
0.0
0.0
0.0
0.0
0.46247
0.253517
0.0
0.0
0.0
0.0
0.947226
0.0
0.0
0.0
0.0
0.0
0.0
0.0
0.0
0.0
0.0
0.0
0.0
0.430275
0.0
0.0
0.0
0.0
0.0
0.0
0.0
1.0188
0.0
0.0
3.99891
0.0
0.0
0.0
0.276345
2.50927
0.543156
0.0
0.0
0.0
2.44226
0.0
0.0
0.0
0.0
0.0
0.0
0.0
0.0
0.0
0.0
0.791675
0.0
0.0
0.0
0.0
3.15614
1.91385
4.35896
0.0
0.0
0.0
0.0
0.0
0.0
0.0
0.0
1.76614
0.406903
3.13088
0.0
0.0
1.71709
0.0
0.0
1.47766
0.0
1.64005
0.0
0.0
5.06753
0.11518
0.0
0.0
0.0
0.0
0.0
0.0
0.0
0.0
0.0
0.0
0.0
4.53637
0.0
0.0
0.0
0.0
0.0
0.0
0.0
3.86621
0.0
0.0
0.0
0.0
0.0
0.828788
0.0
0.0
0.0
0.0
3.30909
0.0
0.0
0.0
0.0
0.0
0.0
0.0
0.0
0.0
0.0
0.0
0.0
0.0
0.0
0.0
0.0
0.0
0.0
0.0
0.849015
0.0
0.0
0.0
0.0
0.0
0.0
0.0
0.0
0.0
0.0
0.0
0.0
0.0
0.0
0.0
0.0
0.0
0.0
0.0
0.0
0.0
0.0
0.0
0.762173
1.09155
0.0
0.0
0.0
0.0
0.0
1.90294
0.0
0.0
0.0
0.0
0.0
0.0
0.0805897
0.0
0.0
0.0945009
0.0
0.0
0.608795
0.0
0.0
0.0
0.0
0.0
0.0
0.0
0.0
0.140821
0.0
0.0
0.0
0.0
0.0
0.0
0.0
0.391709
0.0
0.0
0.0
3.11584
1.13829
0.0
0.0
0.0
0.0
0.220226
0.0
0.0
0.0
0.414706
0.0
1.22903
0.0
0.0
0.0
0.0
0.0
0.0
0.0
0.0
0.0
0.0
0.0
0.0
0.0
0.287319
0.0
0.0
0.0
0.0
2.30828
0.0
0.0
0.0
4.53973
0.0
0.0
2.84512
0.0
0.0
0.0
0.0
0.0
0.0
0.0
0.568094
2.89949
0.0
0.0
0.0
0.0
0.0
0.162224
0.0
0.0
0.0
0.0
0.0
0.0
0.0
0.30937
0.0
0.0
0.0
0.0
0.0
0.0
0.0
0.18468
2.96584
0.0
0.0
0.0
2.15335
0.0
0.0
0.0
3.16477
0.0
0.0
0.0
0.0
0.86033
0.0
0.0
0.0
1.04772
0.0
1.82649
0.0
0.0
2.56352
0.0
0.0
0.0
0.0
1.14884
0.0
0.0
0.0
0.0
0.0
2.30462
0.0
0.0
0.0
0.0
0.0
0.0
0.0
0.0
0.0
0.0
0.0
0.0
0.639668
0.0
0.0
0.0
0.0
0.344858
0.0
5.7423
0.0
0.0
0.0
0.0
0.0
1.25156
0.0
0.0
1.35395
0.0
0.0
0.0
0.0
0.0
4.78051
0.0
1.31324
0.0
0.800091
2.50052
0.0
0.0
0.991038
0.0
0.0
0.0
0.0
0.0
0.0
0.0
0.0
0.765814
0.0
0.0
0.0
0.0
0.0
0.0
0.0
0.0
0.0
0.0
0.0
3.03558
0.0
0.829644
0.0
0.0
0.0
0.0
0.0
1.85226
0.0
0.458357
0.0
1.97243
0.0
0.0
0.0
0.0
0.0
0.0
0.0
0.0
0.0
0.0
1.20646
0.0
0.0
0.0
0.0
0.78867
0.0
0.0
0.251978
0.0
1.67217
0.497765
0.0
1.48071
0.0
0.0
1.93446
0.0
0.0
0.0
0.0
0.0
0.0
0.207339
0.0
0.0
0.0808493
0.0
0.0
0.0
0.0
0.0
0.0
0.0
0.0
0.0
0.0
0.183975
0.0
0.0
0.0
0.0
0.0
0.0
1.69202
0.0
0.0
0.0
0.0
0.0
0.0
1.95386
0.0
0.0
0.0
0.0
0.0
0.0
0.0
0.0
0.0
0.542975
0.0
1.50327
0.420829
0.0
0.0
0.0
0.0
0.0
0.0
0.0
0.0
