0.0887888
0.0
4.24092
0.0
2.35228
0.0
0.0
0.0
0.0
0.0
0.0
0.0
0.0
2.51744
0.0
0.0
0.0
1.06262
2.69947
0.286533
0.0
0.0
0.0
0.0
0.0
0.0
0.0
0.0
0.0
0.0
0.0
0.0
0.0
5.12453
0.0
0.0
0.0
0.0
0.0
0.0
0.0
0.0
0.399543
0.0
0.0
1.8708
0.0
0.0
1.83935
1.35743
0.0
0.0
0.0
0.0
0.0
0.0
0.0
0.0
0.0
0.0
0.0
0.0
0.0
3.45377
0.0
0.0
0.0
0.076161
0.0
0.0
0.0
0.0
3.03395
0.0
0.0
0.0
0.0
1.1912
4.11113
0.0
2.81725
0.0
0.0
0.0
0.0617218
0.0
0.0
0.0
0.0
0.0
0.0
0.0
0.0
0.0
0.0
0.0
0.0
0.0
3.95251
0.0
0.0
0.0
0.0
0.0
0.0
0.0
0.0
0.0
0.0
0.0
0.0
0.0
0.0
0.0
0.0
0.0
0.0
0.0
1.84231
0.0
0.0
0.0
0.0
0.0
0.0
0.0
0.0
1.70202
0.0
0.0
0.0
0.0
0.0
0.0
0.0
0.0
0.789861
0.0
1.47443
0.0
0.0
1.61567
0.0
0.0
0.0
0.0
0.0
0.0
0.075524
0.0
0.0
0.0
0.899936
0.0
0.0
0.0
0.0
0.0
0.0
0.0
0.0
0.0519356
0.0
0.0
0.0
0.64702
0.0
0.0
0.0
1.92978
0.0
0.0
0.0
0.0
0.0
0.0
4.96773
0.0
0.262632
0.0
4.2283
0.0
2.69314
0.0
0.0
0.0
0.0
0.0
0.0
0.894358
0.0
0.0
2.36804
0.828224
0.0
0.0
0.0
3.60717
0.0
2.48834
0.0
0.0
0.0
2.1622
0.0
0.58131
1.18865
0.0
0.0
0.0
0.0
0.0
0.0
3.21041
0.0
3.64169
0.0
0.0
0.0
0.0
0.0
1.73695
0.0
0.0
0.0
0.0
0.0
0.0
0.0
0.0
0.0
0.0
0.0
0.0
0.0
0.0
0.0
0.392077
0.0
0.0
0.0
0.0
0.0
0.0
0.339766
0.0384152
0.0
3.02812
0.0
0.0
0.0
0.0
0.0
0.0
0.0
0.0
0.0
0.045786
0.0
0.191284
0.0
0.0
0.0
0.0
0.0
0.0
1.49999
0.0
0.0
1.11658
0.0
0.0
0.0
0.0
0.0
0.0
0.0
0.241152
0.0
0.0
0.0
1.2934
0.185102
2.28818
0.0
0.0
0.0
0.0
0.0
0.0
0.0
0.0
0.0
0.0
3.35624
0.0
0.559472
0.54433
0.0
0.0
0.0
4.79029
2.88754
0.0
0.0
0.0
0.0
0.621722
1.91321
0.0
0.0
0.0
0.0
0.894489
0.0
0.0
0.0
0.0
0.0
0.0
0.0
0.0
0.0
0.0
0.0
0.0
3.02754
0.0
0.0
0.436521
0.0
0.0
0.0
0.0
0.0
0.0
1.99746
0.0
0.0
0.0
0.0
0.0
0.0
0.0
0.0
0.725349
0.0
0.0
0.0
0.0
0.0
0.0
0.127051
0.0
1.35707
0.0
0.0
0.630514
0.0
2.3814
0.0
0.0
0.0
0.0
0.0
0.0
0.0
0.0
0.0
0.0
0.0
0.0
0.0
0.0
0.0
0.0
0.0
0.0
0.0
0.873527
0.0
0.0
1.25868
0.0
0.0
0.0
0.0
4.47953
2.89175
0.0
0.0
0.0
0.0
0.0
0.0
1.99117
4.26682
0.0
0.0
1.31943
0.0
0.0
0.0
0.0
0.0
0.0
0.0
0.913634
0.0
0.0
0.0
0.0
0.0
0.0
0.0
0.0
0.0
0.0
0.0
1.00961
0.0
0.0
0.0
0.0
0.0
0.0
0.0
0.0
0.0
0.901575
3.45513
0.0
0.0
1.58689
0.0
0.0
0.0
0.0
0.903523
0.0
0.0
0.0
0.0
0.0
0.0
0.0
0.0
1.14628
0.0
0.00473729
0.0
0.0
0.0
1.991
0.0
0.0
0.0
0.0
0.0
0.0
0.0
0.232783
0.0951253
0.0
0.0
1.42465
0.0
0.0
0.0
3.46069
0.0
0.0
0.0
0.0
0.0
0.0
0.0
0.0
3.67797
0.0
1.29983
0.0
0.0
0.866439
0.0
0.0
0.0
0.0
0.0
0.167198
0.0
2.28822
0.0
0.0
0.0
1.89832
1.92356
1.26775
0.0
0.0
0.0
0.0
0.0
0.0
0.0
0.0
0.0
0.0
0.0
0.0
0.0
4.24139
0.0
0.0
0.0
0.0
0.0
1.87007
0.0
0.0
0.0
0.0
0.890741
2.83913
0.0
0.0
0.0
0.0
0.0
0.0
0.0
0.0
0.0
1.33377
0.0
0.0
0.0
0.0
0.0
0.0
0.0
0.0
0.972358
0.0
0.0
0.0
0.0
0.0
0.0
0.0
0.0
0.408643
0.0
0.0
0.0
0.0
1.57161
0.0
0.0
0.0
0.0
0.0
0.0
0.0
2.21361
0.0
0.755601
0.0
0.0
0.0
0.0
0.489992
1.17537
0.0
0.0
2.41283
1.13456
0.0
0.0
1.47805
0.0
0.0
2.02803
0.0
0.0
0.0
0.648528
0.0
0.0
0.0
0.0
0.0
2.19885
0.0
0.0
0.0
0.0
0.0
0.0
0.0
0.0
0.0
0.0
0.0
1.55369
0.0
1.43345
0.0
1.10392
0.0
1.6713
0.0
0.0
0.0
2.39675
0.0
0.0
0.0
0.0
1.25882
5.24536
0.0
1.10247
0.0
1.26975
0.0
0.0
0.0
0.0
0.0
0.0
0.0
0.0
0.0
0.0
1.63862
0.153064
0.0
0.318687
0.0
0.0
0.0
0.0
0.321936
0.0
0.0
0.0
0.0
0.0
0.0
0.0
0.0
0.0
0.0
0.0
0.0
0.0
0.0
0.0
0.0
3.00007
3.38968
0.0
0.0
0.0
0.0
0.0
1.26954
0.0
0.0
0.0
0.0
0.0
0.0
0.0
0.0
0.670924
0.0
0.0
0.0
0.0
0.0
0.0
3.42938
0.0
0.0
0.0
0.0
0.0
0.0
0.0
0.0
0.0
2.67877
0.366763
0.0
0.0
0.0
0.0
0.0
0.0
1.26536
0.0
0.0
0.183027
0.0
0.0
0.0
0.0
0.0
0.0
0.0
2.49362
0.0
0.0
0.0
0.0
0.0
0.0
0.0
0.0
0.936669
0.0
0.0
0.0
3.67979
0.0
0.0
2.33121
0.736825
0.0
0.0
0.0
0.0
1.75436
4.85356
0.0
0.0
2.10042
0.0
0.0
0.0
0.0
0.0
0.0
0.0
0.0
0.0
0.0
0.0
1.22749
2.94314
0.348103
0.710421
0.0
0.0
0.369511
0.0
1.36772
0.0
1.2016
1.799
0.0
0.0
0.0
0.0
0.0
0.0
0.0
0.0
0.0
0.0
0.0
0.0
0.0
0.0
0.263295
0.0
0.0
0.668251
0.0
0.0
0.0
0.0
0.0
0.0
0.0
0.0
0.0
0.0
0.0
1.72053
0.0
0.0
0.0
0.0
4.9397
0.0
0.0
2.34295
0.0
0.0
0.0
0.0
0.0
0.813565
0.0
0.0
0.0
0.0
0.0
0.671091
0.0
0.0
0.0
0.0
0.0
0.0
0.753995
0.0
0.0
0.0
0.0
0.0
0.0
0.107607
0.0
0.0
0.0
0.0
0.389085
0.0
0.0
0.0
0.0
0.0
0.0
0.0
0.0
0.0
0.0
0.125175
0.641427
0.0
0.0
2.78341
0.0
1.30126
0.0
0.0
0.0
0.0
0.341588
0.0
0.0
0.0
2.01567
0.0
0.0
0.0
3.74574
0.0
0.0
0.0
0.0
0.0
0.0
1.8569
0.0
0.0
0.0
0.0
0.0
0.0
0.0
0.0
0.0
0.0
0.0
0.0
0.0
0.0
0.0
0.0
0.0
0.379247
0.0
0.0
1.40371
0.0
0.0
3.37894
0.0
0.0
0.573508
0.0
0.0
0.0
0.0
0.0
0.0
0.925481
0.0
0.0
0.0
0.0
0.0
0.0
1.00618
0.0
0.0
0.0
0.0
0.0
0.0
0.0
0.0
0.0
0.0
0.0
0.0
0.0
0.0
1.56867
0.0
0.0
0.0
0.0
4.25422
0.0
1.43795
0.0
0.0
0.0
0.0
0.0
0.0
0.0
0.0
0.0
0.0
0.0
0.0
0.214488
1.7172
0.0
2.22353
0.0
0.0
1.73613
0.0
0.0
0.0
0.0
0.464152
0.0
0.0
0.0
0.0
0.0
0.0
0.0
0.0
0.0
0.179339
0.0
0.0
4.19859
0.0
0.0
0.261397
0.0
1.27225
0.0
0.250782
0.0
0.0
0.0
0.0
0.0
0.0
0.424677
1.76107
0.0
1.15476
0.769876
0.0
0.0
0.0
0.0
0.811692
0.0
5.12
0.285836
0.0
0.0
0.0
0.0
0.0
0.0
0.0
1.37113
0.437584
0.0
0.0
0.0
0.0
1.069
0.0
0.0
0.0
0.0
0.0
0.0
2.61092
0.0
0.0
0.0
0.0
0.0
0.0
0.0
0.0
0.637924
0.0
0.0
0.0
0.0
0.238181
0.0
2.61291
0.0
0.0
0.0
3.92231
1.34339
0.0
0.0
0.0
0.0
1.07002
0.0
0.236896
0.0
0.0
0.108074
0.0
0.0
0.0
0.0
0.0
3.11358
0.0
0.0
0.834475
0.0
0.0
2.0222
0.0
0.0
0.0
0.0
0.201737
0.0
0.0
0.0
3.33972
4.61133
1.72447
0.0
0.0
0.0
0.0
0.0
2.16152
0.0
1.89014
0.0
0.0
0.0
0.399272
0.0
0.0
1.05304
0.0
0.0
0.0
0.0
0.0
0.0
0.0
0.0
0.0
0.0
0.0
0.0
0.0
1.98714
0.0
2.09592
0.0
0.0
0.0
0.0
0.0
0.0
1.5401
0.0
0.0
0.0
0.0
0.0
3.97304
0.0
0.0
0.0
0.256513
0.0
0.0
0.0
0.0
0.0
0.0
0.0
0.0
1.86641
0.824118
2.22117
0.0
0.0
0.0
0.0
0.0
0.0
0.0
0.900595
0.0
0.0
0.0
0.0
0.0
0.0450403
0.0
3.2925
0.0
0.0
0.0
0.0
0.0
2.10705
0.0
0.0
0.0
0.0
4.1977
0.0
0.0
0.0371336
0.0
0.0
0.0
0.0
0.405106
0.0
0.0
0.0
0.0
3.48891
0.0
0.0
0.0
0.258915
0.0
0.0
0.0
0.0
2.06471
0.0
0.0
0.0
0.0
0.0
0.112166
0.0
0.0
0.0
0.0
0.0
2.1642
0.0
0.0
0.0
0.0
0.0
0.0
0.0
0.0
1.85439
0.0
0.0
0.0
0.0
4.28858
0.0
0.0
0.0
0.522557
0.0
0.0
0.0
0.0
0.0
0.0
0.0
0.0
0.0
0.104853
0.0
0.0
4.91276
0.0
0.0
0.0
0.0
0.523808
3.25445
0.0
3.44154
3.56421
0.0
0.0
0.0
0.0
0.0
0.0
1.10891
0.0
0.0
3.75584
0.0
0.0
0.0
0.0
0.435681
1.10705
0.0
0.0
0.0
3.10578
0.0
0.0
0.0
0.0
1.6168
0.0
0.0
0.0
0.0
0.0
0.290239
0.752206
0.0
0.0
0.0
0.0
0.0
0.0
0.0
0.0
0.0
0.0
0.0
0.0
0.0
0.0
0.583401
0.0
1.51577
0.0
2.51495
0.0
0.0
0.0
0.0
0.0
0.0
0.183885
0.0
0.0
0.849756
0.0
5.07564
0.0
0.875399
0.0979728
0.0
0.0
0.0
0.0
0.0
0.0
0.0
0.0
0.0
0.225169
0.0897152
0.0
0.0
0.0
1.38242
0.0
0.0
0.0
0.0
2.32725
0.0
0.0
0.0
0.0
0.0
0.0
4.05039
0.0
0.0
0.0
0.0
0.0
0.0
0.0
0.0
0.0
0.0
0.0
0.0
3.50917
0.37792
0.0
0.0
0.0
0.0
0.0
0.0
0.0
0.0
0.0
0.0
2.06162
0.0
0.0
0.0
0.0
0.0
0.0
0.0
0.0
0.0
0.0
0.0
0.763463
0.0
0.0
0.0
0.0
0.0
1.78474
0.0
0.0
0.0
0.0
0.0
0.0
0.174628
0.0
0.0
0.0
1.36298
0.0
1.46694
1.54283
0.0
0.0
0.0
0.457712
0.0
0.0
0.465346
0.0888068
0.73888
0.0
0.0
0.0
0.978941
0.0
0.0
0.0
0.0
1.00821
4.34901
0.0
0.0
0.617262
0.0
0.0
0.0
0.0
0.0
0.0
0.0
0.0
0.0
0.0
0.0
0.0
0.0
0.0
4.34147
0.0
0.0
0.0
3.30324
0.0
0.0
0.0
0.0
0.0
0.0
0.0
0.0
0.0
0.0
0.0
0.0
3.18305
0.0
0.0
0.0
0.0
0.0
0.0
2.65531
0.0
0.0
0.0
0.666356
4.28703
0.0
0.0
0.0
0.0
1.75319
0.0
0.191616
1.10976
0.0
0.0
0.0
0.0
0.0
0.0
0.0
0.0
0.0
0.293656
0.0
0.0
0.0
2.4471
0.0
0.0
0.0
2.77179
0.0
0.0
0.0
0.0
0.0
0.0
0.0
0.0
0.0
0.0
0.0
0.0
0.0
0.0
0.0
0.0
0.0
0.0
0.0
0.0
0.0
0.0
0.0
0.0961567
0.0
0.0
0.0
0.256889
0.0
0.0
0.0
0.0
0.0
0.0
2.18357
0.0
0.482973
0.62126
0.0
0.0
0.646995
0.0
0.0
1.48564
0.0
0.0
0.0
0.0
0.0
0.0
0.0
0.0
0.0
0.0
0.0
0.0
0.0
0.0
0.0
0.693441
0.0
0.479524
0.185973
0.0
0.0
0.0
0.0
0.0
0.0
0.0
0.69852
0.0
3.93365
0.0
0.0
0.0
0.0
0.0
0.0
0.0
1.18715
0.0
0.0
0.0
1.0263
0.0
0.0
0.105831
0.0
2.48689
0.678591
0.895975
0.440255
0.0
0.0
0.0
0.0
0.0
0.0305789
0.0
0.0
0.0
0.0
0.0
0.0
0.0
0.0
0.0
0.0
0.0
0.0
0.0
0.0
0.0
0.0
0.0
0.0
0.0
0.0
0.0
0.0
0.0
0.0
0.0
0.0
0.0
0.0
0.0
0.169054
0.0
0.0
0.0
0.0
0.0
0.0
0.0
0.242205
0.00901721
0.145001
0.0
0.0
0.0
0.0
0.0
0.0
0.0
0.0
0.0
0.0
4.51161
0.0
0.0
0.0
0.604836
0.0
0.0
0.0
0.0
0.0
0.0
0.0
0.0
0.0
0.0
0.180149
0.860179
0.0
0.0
0.0
0.0
0.0
2.18361
0.0
0.0
2.31704
0.0
0.0
0.0
0.0
0.0
0.0
0.0
0.0148349
0.0
0.0
2.32103
0.0
0.0
0.866043
0.0
1.18628
0.0
3.42614
0.155601
0.0
0.0
1.81662
0.0
5.10074
3.88739
0.0
0.0
0.0
1.90182
0.0
0.0
0.0
1.24297
0.0
0.0
0.0
0.0
0.0
2.50049
0.0
0.0
0.0
0.0
0.0
0.0
1.88532
0.0
0.0
0.0
0.0
0.0
0.0
0.911238
0.0
0.0
0.0
0.0
0.0
0.0
1.0745
1.77868
3.02941
0.0
0.0
0.0
1.24063
0.0
0.0
0.0
0.0
0.0
1.26273
0.0
0.0
0.0
0.0
0.0
0.0
0.0
0.0
0.0
0.0
0.0
0.0
0.782638
0.33117
0.0
0.0
0.100272
2.95411
0.0
0.0
0.0
0.0
0.0
0.239772
0.0
0.0
0.0
0.0
0.0
0.209215
0.0
0.0
0.0
0.0
0.0
0.0
0.0
0.0
0.0
0.0
0.0
0.676927
0.597489
0.0
0.0
0.00441256
0.0
0.0
0.0
1.80684
0.0
0.0
0.0
0.0
0.0
0.0
0.0
0.0
0.245412
0.0
1.20881
0.0
0.0
0.0
2.56704
0.0
0.0
0.0
0.0
0.0
0.0
0.0
0.0
0.0
0.0
1.34437
0.0
0.0
0.0
0.0
0.0
0.0
0.0
0.0
0.0
0.0
0.0
1.816
0.0
0.0
0.0
0.0
0.0
0.0
0.0
0.0
1.71953
0.0
0.0
0.0
0.0
0.0
0.0
0.0
0.0
0.0696418
0.0
0.0
0.662605
0.182853
0.0
0.0
0.0
0.0
0.0
0.020616
1.26393
0.0
0.0
0.0
0.0
0.0
0.0
0.0
2.96772
2.06602
2.25467
0.0
0.0
0.0
0.0
0.996896
0.0
0.0
0.0
0.0
0.0
0.0
0.0
0.0
3.83962
0.0
0.0
0.0
0.0
0.0
2.68463
0.0
0.0
0.0
0.0
0.0
0.0
0.0
0.0
0.0
0.26319
0.0
0.807376
0.0
0.0
0.0
0.0
0.0
0.685442
0.0
1.38734
0.0
0.0
0.0
0.0
0.0273982
0.0
0.0
0.0
0.0
0.0
1.43635
0.0
0.0
0.0
0.0
0.0
0.0
0.0
4.81617
0.0
0.0
0.0
0.0
0.0
0.291962
0.0
0.0
0.0
0.0
0.0
0.0
1.93153
0.0
0.0
0.0
0.0
0.0
0.0
0.0
0.0
0.0
0.0
2.20371
0.352338
0.0
0.0
0.0
0.0
1.01309
0.0
0.0
1.38091
0.0
0.0
5.63094
2.10463
0.0
0.0
0.0
0.0
3.8317
0.0
0.0
0.0
0.662161
0.0
0.0
0.0
0.0
0.0
0.0
0.0
1.86246
2.47056
0.0
0.0
0.0
0.0
0.0
0.0
0.0
0.0
0.0
0.0
0.0
0.0
0.0
4.9575
0.0
5.92653
0.188049
0.0
0.0
0.0
4.7771
0.568751
0.0
0.0
0.0
0.0
0.0
0.0
0.0
0.0
0.0
0.0
0.0
0.0
0.0
3.87734
1.25547
0.0
3.78357
0.0
0.0
1.83706
2.85663
0.0
0.0
0.0
0.0
0.0
3.00778
0.0
0.0
0.0
0.0
0.0
0.0
0.0
0.0
2.88651
2.21428
0.0
0.0
0.0
0.0
0.0
0.0
0.0
0.0
0.0
0.0
0.0
0.0
0.0
3.36895
0.0
0.0
0.0
0.0
0.0
0.0
0.0
0.0
0.0
0.0
0.0
0.494765
1.56771
0.0
0.0
0.0
0.0
0.862843
0.0
0.0
0.0
0.0
0.0
0.0
2.96588
0.0
0.0
0.0
0.0
0.0
0.0
0.319163
0.0
0.0
0.0
0.0
0.0
0.0
0.0
0.0
0.0
1.00598
0.0
0.0
0.0
0.0
0.0
2.04618
1.08144
6.40679
0.0
0.0
0.0
0.0
0.0
0.0
4.95541
0.0
0.0
0.0
0.0
0.0
1.68655
0.0
0.0
0.0
0.0
0.0
0.0
0.0
0.0
0.0
0.0
0.0
0.0
0.0
0.0
0.39348
0.780389
0.0
0.0
0.0
0.0
0.0
0.0
1.48908
0.0
0.0
0.0
0.0
0.0
0.0
0.0
0.0
1.48505
0.0
5.57704
0.0
0.0
0.0
0.0
1.41893
0.0
0.0
7.27523
0.0
2.47175
0.0
0.0
0.0
0.0
0.0
0.0
0.0
1.91458
0.0
0.0
0.0
4.33965
2.27993
0.0
0.0
0.0
0.0265687
2.55221
0.0
0.0
0.0
0.0
0.0
0.0
0.0
0.0
0.0
0.0
0.505214
0.539477
0.0
0.0
2.4283
0.0
0.0
0.0
0.0
0.0
0.0
0.0
0.0
0.0
0.0
0.0
0.0
0.0
0.0
0.771381
0.0
0.0
0.0
2.20003
0.0
0.0
0.0
0.0
0.0
0.902369
0.0
0.0
0.0
2.86425
0.0
0.0
0.0
0.0
0.0
0.0
0.0
0.0
0.0
0.0
0.0
0.0
0.0
0.0
0.0
0.0
0.0
0.0
0.0
0.0
0.0
0.0
0.0
0.0
0.0
0.0
0.0
0.0
0.0
0.0
0.574158
0.0
2.642
0.0
0.0
0.0
0.482237
0.0
0.0
4.36623
0.0
0.0
0.0
0.0
0.0
0.0
0.0
0.0
0.0
0.0
0.0
0.0
0.0
0.0
1.90581
0.0
0.0
0.936615
0.397614
0.0
0.0
0.0
3.07817
0.0
0.0
0.0
0.0
0.429242
0.0
2.64003
0.0
4.38096
0.0
0.0
0.0
0.12001
0.0
0.0
0.0
0.0
0.0
0.0
0.0
0.0
0.0
0.0
0.0
0.0
2.24433
0.0
0.0
0.0
1.55345
0.0
1.21177
1.34055
0.0
0.0
0.0
0.0
0.0
0.0
0.0
0.0
0.0
0.0
0.255704
0.319376
0.0
0.0
0.0
0.0
0.0
0.0
0.607352
0.0
2.34407
0.234374
0.0
0.0
0.0
0.0
0.0
0.163312
0.0
0.0
0.0
1.51097
0.0
0.0
1.1388
0.708265
0.437885
0.0
2.87201
0.0
0.276873
0.0
0.0
0.0
0.0573437
0.0
0.0
0.0
0.0
0.0
0.0
0.0
0.0
0.0
2.58541
0.0431167
0.0
0.0
0.0
0.0
0.0
0.0
1.67688
1.98677
0.0
0.0
0.0
0.684429
0.0
1.6571
0.0
0.0
0.0
0.0
0.240849
0.0
0.0
1.32904
0.0
0.0
0.0
0.0
2.98845
0.0
0.0
0.0
0.0
0.0
0.0
0.0
0.0
0.0
1.23534
2.90917
0.0
0.0
0.0
1.12688
0.0
0.0
0.0
0.0
0.0
0.0
1.25737
0.0
0.0
0.0
1.86375
0.0
0.0
0.0
0.0
0.0
0.55751
0.0
0.0
0.0
0.217859
0.70011
0.0
0.0
4.60415
5.23243
3.44711
1.77667
0.0
0.296122
0.0
0.0
0.0
0.0
0.0
0.0
0.0
0.0
0.0
0.0
0.0
0.0
0.0
0.0
1.84736
0.0
0.0
2.35937
0.0
0.0
0.371861
0.0
0.0
0.953419
3.90791
0.0217028
2.26614
0.0
0.0
0.0
0.211731
0.0
0.0
0.0
0.0
0.0
1.05939
0.0
0.0
0.0
0.0
0.0
0.0
0.0
0.0
0.0
0.0
0.0
0.0
0.0
0.0
0.0
0.0
1.60681
0.0
0.0
0.0
0.0
0.0
0.0
0.0
0.0
0.0
0.0
0.0
0.0
0.666271
0.0
0.0
0.0
0.0
0.0
0.0
0.0
0.0
0.302119
0.0
0.0
0.0
0.0
0.0
0.0
0.0
2.88577
0.0
1.42788
0.0
0.0
0.0
0.0
0.0
0.0
0.0
0.0
0.0
0.0
0.0
0.230581
0.0
0.75079
0.0
0.0
0.0
0.0
1.42625
0.0
0.327773
0.0
0.0
0.0
0.737133
0.0
0.0
0.0
0.0
0.376063
0.0
0.0
0.0
0.0
0.0
0.0
0.0
0.0
2.7151
0.938179
0.0
0.0
0.0
0.0
0.0702131
0.0
0.0
0.0
0.0
0.0
0.279319
0.0
0.0
0.0
0.0
0.0
0.0
0.0
0.0
0.0
0.0
0.0
0.0
0.0
3.25381
0.0
0.0
0.0
0.0
0.0
0.0
0.0
0.0
0.0
0.763559
0.0
0.0
0.0
0.0
0.0
0.723515
0.0
0.0
0.0
0.0
0.0
0.0
0.0
0.0
0.0
0.0
0.234436
0.0
1.43333
3.02597
0.0
0.0
0.0
0.0
0.0
0.0
0.0
0.0
0.0
0.0
0.0
0.0
0.0
0.0
0.0
0.0
0.0
0.0
0.0
0.0
1.13889
0.0
1.87963
0.0
0.0
0.0
0.0
2.49691
0.0
3.57629
1.25562
0.0
0.102874
0.0
0.0
0.0
0.0
0.319079
0.0
0.359223
1.24881
0.0
0.0
0.647216
0.0
0.270207
0.0
0.0
1.1616
0.0
0.0
0.0
0.0
0.0
0.0
0.0
0.0
0.0
0.0
0.0
1.47795
0.0151509
0.0
0.0
0.0
0.0
0.0
0.0
1.82383
0.0
0.0
0.0
1.36978
3.00322
0.0
0.0
0.0
0.0
0.444861
0.0
1.44827
0.0
0.0
0.0
1.85928
0.0
0.199635
0.0
0.0
0.0
0.0
0.0
0.0
0.0
0.0
0.979764
0.0
0.0
0.0
2.22492
0.0
0.0
0.0
0.0
0.0
0.0
4.81575
0.0
0.0
0.0
0.0
0.0
0.0
0.0
0.0
0.0
0.0
0.647098
0.0
0.799098
3.81639
0.0
0.968946
1.73362
0.0
2.54068
0.0
0.0
0.0
1.98524
0.0
0.0
0.0
0.0
0.0
0.0
0.0
0.0
0.0
0.0
0.661692
0.0
0.0
0.0
3.06945
1.9975
0.0
0.0
0.0
0.0
0.0
0.0
0.0
0.308965
3.38915
0.0
0.0
0.0
0.0
0.0
0.0
0.0
0.0
0.708511
0.0
0.0
0.136211
0.0
0.0
0.0
0.0
1.49926
2.07
0.0
1.74095
0.0
0.588182
0.0
0.0
0.0
0.0
0.0
0.0
0.0
0.0
0.0
0.0
2.01463
0.0
0.0
0.0
0.0
0.0
0.0
0.0
0.0
0.0
0.0
0.0
0.0
0.0
0.0
0.206377
0.0
0.631029
0.0
0.0
0.0
0.0
0.0
1.86217
0.960842
0.0
0.0
0.570665
0.0332764
0.0
1.01229
0.0
1.8155
1.54362
0.0
0.841329
0.0
0.0
0.0
0.0
0.0
0.0
0.0
0.0
0.0
0.0
0.0
3.65076
1.85326
0.0
0.0
0.0
0.0
0.0
4.17378
0.0
0.0
0.594163
0.0
0.0
0.0
0.0
0.0
2.18555
0.0
0.0
0.0
0.0
0.0
0.152448
0.0
5.34443
0.0
0.0
0.0
5.27068
0.027251
0.0
0.0
0.0
0.0
0.0
0.0
1.31135
0.0
0.0
0.0
0.0
0.0
0.0
0.0
0.0
0.0
0.0390159
0.0
0.0
0.0
0.0
0.0
0.0
0.0133794
1.53742
2.30321
0.0
0.0
3.34307
0.0
0.0
0.054194
0.0
0.0
0.0
0.0
0.0
3.59379
0.0
0.0
0.0
0.0
0.0
0.0
0.0
0.0
2.58378
0.0
0.0
1.41651
0.0
1.2664
3.29805
0.0566536
2.59362
0.0
0.0
1.4813
0.455709
0.0
0.0
0.0
0.0
0.0
0.0
0.0
0.0
0.0
0.0
2.0635
0.0
0.0
0.0
0.0
0.0
0.0
0.0
0.0
0.0
4.49095
0.0
0.0
0.0
0.0
0.0
0.0
0.0
0.0
0.0
0.653549
0.0
0.0
0.0
0.0
0.0
0.0
1.95316
0.0
1.0323
0.915025
0.314636
0.0
0.0
3.37149
0.680991
0.0
0.0
0.0
0.0989152
0.0
2.18456
0.0
5.40996
0.0
0.0
0.0
0.0
0.0
0.0
0.0
0.0
0.0
1.56683
0.0
0.0
0.0
0.0
0.0627107
0.0
0.0
0.0
0.125439
0.0
0.0
0.0
3.9128
0.652001
0.0
0.0
0.0
0.0
0.0
0.0
0.0
0.0
0.0
0.0
0.0
0.460574
0.0
0.0
0.0
0.0
0.0
0.0
0.0
0.0
0.0
0.0
0.0
0.0
3.28035
0.0
0.0
0.0
0.388844
1.8119
0.0
0.0
0.0
1.3263
1.88366
0.0
0.0
0.353742
0.0
0.0
0.0
0.0
0.0
0.0
0.0
0.0
0.485241
0.71265
2.44458
0.0
1.11781
0.0
0.0
0.0
0.0
0.0
0.0
0.0
0.0
0.0
0.0
0.0
0.0
0.0
0.0
1.42498
0.0
0.0
0.0
0.0
0.0
0.0
0.0
0.0
2.86838
0.0
0.0
0.0
0.0
0.0
0.0
0.0
0.0
1.72423
0.0
0.0
0.0
0.0444797
0.0
0.0
0.0
0.0
0.0
1.84973
0.0
0.0
0.0
0.0
0.0
0.0
0.0
0.580021
0.0
0.0
4.0172
0.0
0.0
0.704863
0.0
0.0
0.0
0.0
0.0
0.0111093
0.0
0.0
0.0
0.0
0.340503
0.0
0.0
2.82162
0.0
0.0
0.0
0.0
0.0
0.0
1.77749
0.0
0.0
0.0
0.0
0.0
0.0
0.0
0.568657
0.0
0.0
1.52536
0.145964
1.7692
0.0
0.0
0.0
0.0
0.0
0.0
0.0
0.0
0.0
0.0
0.0
0.0
0.0
2.80493
0.0
0.0
0.0
0.0
0.0264786
0.0
0.0
0.0
2.77224
0.0
0.0
0.0
0.0
0.0
0.0
0.0
0.0
0.655084
1.58373
0.0
0.0
0.0
0.0
0.0
0.0
0.168905
0.0
0.916964
0.0
0.0
0.0
0.256359
0.0
0.0
0.0
0.0
0.0
0.0
0.0
1.35092
0.0
0.0
0.327551
0.0
0.0
0.0
0.0
0.0
0.0
0.0
0.0
2.00363
0.0
0.0
0.0
0.0
0.0
0.0
0.0
2.69355
0.0
0.0
0.0
4.00539
0.0
3.63634
0.0
0.0
0.423922
0.0
0.0
0.0
0.0
0.187876
0.0
0.991157
0.0
0.0
0.0
0.0
0.0
0.0
0.0
0.0
0.0
0.0
0.0
2.28362
0.0
0.0
0.0
0.0
0.0
0.0
0.0
0.0
0.0
0.547067
0.0
0.0
1.92163
0.0
0.167741
0.0
0.0
0.0
0.790825
3.148
0.0
0.0
4.18684
0.0
0.874126
0.0
1.29208
0.0
0.0
0.0
0.0
2.11851
0.0
0.0
0.0
1.93068
0.0
0.0
0.0
0.0
1.25338
2.04528
0.0
0.0
0.0
0.0
0.0
0.0
0.0
0.0
0.705054
0.224815
0.0
0.0
0.0
0.0
0.0
0.0
0.0
0.0
0.0
0.0
0.0
0.0
0.0
0.0
0.0
0.0
0.3408
0.0
0.0
0.0
0.249004
0.0
0.0
0.0
0.0
0.0
0.0
0.0
0.0
0.0
0.0
0.0
0.0
0.0
0.0
0.0
0.0
0.0
0.0
6.0566
1.84801
0.0
0.0
0.0
0.0
0.0
0.0
0.0
2.10513
0.0
0.0
0.289921
0.0
0.380689
0.0
0.0
0.0
0.0
0.0
0.0
0.0
0.0
0.0
0.0
0.0
0.0
0.0
0.0
0.0
0.502912
0.0
0.0
0.0
2.31148
0.0
0.101116
0.0
3.96309
0.0
0.0
0.0
0.0
0.0
0.0
0.0
0.0
0.0
0.0
0.515962
0.360982
0.0
3.27097
0.681787
4.63323
0.0
0.0
0.0
0.0
0.0
0.0
0.0
0.0
0.0
0.0
0.0
0.0
0.0
0.0
1.32003
0.0
0.0
0.372777
0.0
0.0
0.0
0.0
0.0
0.0
0.0
0.0
0.0
0.0
0.0
0.0
0.0
0.0
0.0
0.0
0.0
0.422407
0.0
0.0
0.0
0.0
0.0
0.0
1.29134
0.0
2.48274
0.919895
0.0
3.04227
0.0
0.109765
0.0
0.0
0.0
0.0
0.0
0.0
1.1287
0.0
0.0
0.0
0.0
0.0
0.0
0.0
0.0
0.0
0.0
0.0
0.0
0.0
0.0
0.0
0.0
0.0
8.27906
0.0
6.80349
0.32557
0.0
0.0
0.0
0.0
0.0
0.0
0.0
0.0
0.0
0.0
0.0
0.0
0.0
0.0
0.0
0.0
0.0
0.0
0.0
0.0
0.0
0.0
0.0
0.0
0.0
0.0
0.0
0.0
0.0
0.0
0.0
0.0
0.0
0.0
0.0
0.852928
0.0
0.0
0.0
0.0
0.0
0.0
0.0
0.0
0.0
0.0
0.0
0.0
0.0
0.0
0.0838657
0.0
0.810845
0.0
0.0
0.0
0.0
0.0
0.0
0.0
0.0
0.248243
0.0
0.0
0.0
0.0
1.89717
0.0
0.0
0.0
7.04303
0.0
0.0
0.0
0.0
0.0
0.0
0.0
0.0
0.0
5.85528
0.0
0.0
0.0
0.0
0.0
0.0
0.0
0.0
0.0
0.0
0.658065
0.0
1.14462
0.0
0.0
0.0
0.0
0.0
0.0
1.01568
0.653435
0.0
0.0
0.0
2.71662
0.0
0.334867
0.0
0.0
0.0
0.0
4.68722
0.0
0.0
0.0
1.19927
0.0
0.0
0.0
0.0
0.0
0.0
0.0
0.0
0.0
0.0
0.0
0.0
0.0
0.0
0.0
0.0
0.0
2.00194
0.0
1.56359
0.0
1.88477
0.385014
0.0
0.0
0.0
0.0
0.0
0.0
0.0
1.00063
0.0
0.0
1.40462
0.0
0.0
0.0
0.0
0.0
0.0
0.0
0.0
0.0
0.0
0.0
1.86483
0.0
0.0
0.0
1.32621
0.00818443
0.0
0.0
0.0
0.0
0.0
0.0
0.0
0.0
0.0
0.0
0.0
0.0
0.0
0.0
0.0
0.0
0.0
0.628685
0.0
0.0
0.0
4.26318
0.0
0.460383
0.0
0.0
0.0
3.03373
0.191424
0.0
0.0
0.720013
0.0
0.0
0.0417078
0.0
0.0
0.0
0.0
3.49924
0.0
1.27437
0.0
0.0
0.0
0.0
0.0
0.0
0.0
4.78918
1.62753
2.90686
0.0
0.0
0.0
0.0
0.0449257
0.0
0.0
0.0
1.051
0.0
0.0
0.0
2.42641
0.0376068
0.0
0.0
1.18694
0.0
0.0
2.28825
0.0
0.0
0.0
0.0
0.0
0.0
1.65734
0.0
0.0
0.0
0.0
0.774924
0.0
0.0
0.555302
0.0
1.04852
0.0
0.0
0.0
1.20723
0.0
3.32001
0.0
0.0
0.0
0.0
1.44888
0.0
0.0
0.0
0.0
2.85456
0.0
0.0
0.0
0.0
0.0
0.0
0.0
0.0
0.0
5.0515
0.0
0.0
4.61939
0.0
0.0
0.0
0.0
1.84388
0.0
0.0
0.0
0.0
0.0
0.0
0.0
0.0
0.0
0.0
0.0
0.0
0.814665
3.31602
0.364286
0.0
0.195072
0.0
0.0
0.0
0.0
1.86176
0.0
0.0
0.0
0.0
3.48832
0.0
0.0
0.0
0.0
0.0
0.0
1.10205
0.0
0.0
0.0
0.0
0.0
0.0
2.77457
0.0
0.0
5.72462
0.0
0.0
0.0
0.0
0.0
0.0
1.10815
0.0
0.074133
0.0
0.611187
0.0
0.0
0.0
0.890121
0.0
0.0
0.0
0.0
0.0
0.0
0.0
0.0
0.0
2.49943
0.0
0.24219
0.0
0.378491
0.0
0.0
0.0
0.0
1.84864
2.04879
0.0
0.0
0.0755713
0.0
0.0
0.142261
0.0
0.0
0.0
0.0
0.0
0.0
0.0
0.501756
0.0
0.0
0.0
0.0
0.0
2.86002
0.0
0.0
0.0
0.946124
0.0
0.0
1.24161
0.0
2.29499
0.0
0.0
0.880972
0.0
0.0
2.11235
0.0
0.0
0.0
3.45377
0.0
0.0
0.0
0.0
0.0
0.0
0.0
0.0
0.0
4.05189
2.23438
0.0
0.0
0.0
0.0
0.0
0.0
0.0
1.83231
0.0
1.37531
0.0
0.0
0.0
0.0
0.0
0.0
0.0
0.0
2.84055
0.0
0.0
1.63258
0.0
0.0
0.0
3.71419
0.0
0.0
0.0401185
0.0
3.4277
0.0
0.706732
0.0
0.668889
2.19233
0.0
0.0
0.0
0.0
0.0
2.92856
0.0
0.0
1.8035
0.0
0.0
0.0
0.0
0.0
0.0
0.0
0.0
0.0
1.77934
0.0
0.0
0.0
0.0
0.162213
0.0
3.26464
1.29889
0.0
0.0
0.0
0.0
1.61581
0.0
0.0
0.0
0.0
0.0
0.0
0.0
0.0
0.0
0.0
3.46253
0.0
2.79277
0.0
0.0
0.0
1.46977
0.0
1.55144
0.0
0.0
0.0
0.0
3.08073
0.0
0.0
0.0
0.0
0.0
0.187361
0.0
0.0
0.0
0.0
0.0
0.0
0.0
0.0
0.0
0.172613
0.0
0.0
0.0
0.0
0.0
1.15265
0.0
0.0
0.0
2.31922
0.0
0.0
0.0
0.0
0.0
0.0
0.252637
1.42701
0.0
0.0
1.80547
0.0
0.0
0.0
0.0
0.0
0.0
0.0
0.0
0.0
3.84571
0.0
0.0
3.45088
0.0
0.0
0.0
0.0
0.0
3.05364
0.0
0.0
0.0
1.15723
0.0
0.0
0.0
0.0
0.0
0.0
0.0
0.0
0.0
0.0
0.0
1.79772
0.0
0.0
0.0
0.0
0.0
0.0
0.0
0.0
3.16807
0.0
0.0
0.0
0.39766
0.0
0.0
3.36151
0.0
0.0
0.0
0.0
0.0
0.0
0.0
0.0
0.0
0.0
0.0
0.0
0.0
0.0
0.998144
0.0
0.0
0.0
0.517337
0.0
0.0
