0.0
0.0
1.37483
0.0
3.30221
0.0
0.0
0.0
0.0
0.0
0.0
1.45352
0.0
0.0
0.0
0.0
0.0
0.0
0.298023
0.0
0.0
0.0
0.0
0.0
0.0
0.0
0.0
0.0
0.0
0.0
0.0
0.0
0.0
3.18906
0.0
0.0
0.0
0.0
0.0
0.0
0.0
0.0
2.28327
0.0
0.0
4.05399
0.329038
3.50651
0.0
1.37233
2.31789
0.0
0.0
0.0
1.1484
0.0
0.828549
0.0
0.0
0.0
0.0
0.0
0.0
0.131647
0.0
0.0
0.0
0.087936
1.76276
0.0
0.0
0.0
0.0
0.0
0.0
0.0
1.51465
0.979532
0.0
0.172995
2.15503
0.0
0.0
0.0
1.8291
0.0
0.0
0.714537
2.03507
0.0
0.0
0.0
0.0
0.0
0.0
0.0
0.0
0.0
0.579829
0.0
0.0
0.0
0.0
0.0
0.0
0.0
0.0
0.0
0.0
4.24564
0.0
0.0
0.0
2.23722
0.0
0.0
0.0
0.0
1.49405
0.0
0.0
0.0
0.0
0.0
0.0
0.0
0.0
6.31167
0.0
0.0
0.0
0.0
0.0
0.0
1.47129
0.0
0.0
0.0
1.14272
0.0
0.0
0.472051
0.0
0.0
0.0
0.0
0.0
1.09669
0.0
0.0
0.038408
0.0
0.0
0.0
0.0
0.0
1.10848
1.26748
0.0
0.0
0.0
0.0
0.0
0.0
0.0
0.0
0.0
0.0
0.0
0.0
0.0
0.0
1.0546
0.0
0.0
0.0
0.0
0.0
0.0
0.0
3.71121
0.0
0.0
0.0
0.0
1.13724
0.0
0.0
0.0
0.0
0.0
0.0
4.227
0.0
0.0
0.0
0.0
0.0
0.0
2.37072
0.0
2.32581
0.0
1.70547
0.0
0.0
0.0
0.0
0.0
0.0
0.0
0.422657
0.0
0.0
0.0
0.0
0.0
0.0
0.0
0.819548
0.0
1.08327
0.0
0.0
0.0
0.0
0.0
0.0
0.0
0.0
0.0
0.0
0.0
1.62471
0.0
0.0
0.0
0.0
0.0
0.0
0.0
0.0
0.0
0.0
0.0
1.29544
0.0
3.20245
0.0
0.0
0.0
0.0
0.0
0.0
0.0
0.0
0.0
0.0
0.0
0.0
0.0
0.0
1.96294
0.0
0.0
0.0
2.58508
0.0
1.3858
0.0
0.0
3.00259
1.73773
0.447434
0.0
0.741086
1.72331
0.0
0.367764
0.0
0.0
0.0
1.68326
0.627934
0.0
0.0
0.0
1.01132
0.0
0.0
0.0
0.0
0.0
0.0
0.0
0.0
0.0
0.0
0.0
0.0
0.0
0.156821
1.38276
0.0
0.0
0.0
0.0
0.0
0.0639199
0.0
1.77657
0.0
0.0
0.0277878
0.0
0.0
0.0
0.0
1.6757
0.0
0.0
0.0
0.0
0.0
0.0
0.0
0.711512
0.0
0.0
0.485573
0.875908
0.0
0.0
0.0
2.42129
0.0
0.0
0.0
0.0
0.0
2.71044
0.0
0.0
0.0
0.0
0.0
0.0
0.0
0.878784
0.0
0.0
0.0
0.0
0.0
0.0
0.0
0.0
2.45745
0.0
0.67749
0.0
0.0
0.0
0.0
0.0
3.57305
0.0
0.0
0.0
0.0
0.0
0.0
0.0
0.0
0.0
0.0
0.236153
0.0
0.0
0.0
0.0
0.0
0.0
0.0
0.0
0.0
0.0
5.01624
0.0
0.0
0.0
0.425582
1.10717
0.814947
0.0
0.859867
3.51837
0.0
0.0
0.0
0.0
0.0
0.0
0.0
0.458235
0.0
0.0
0.0
0.0
0.0
0.0
0.0
0.0
0.0
0.626369
0.0
0.0
0.0
0.0
0.318374
0.0
0.0
0.0
0.0
0.0
0.0
0.0
0.0
0.0
2.24096
2.53527
0.303282
0.0
0.0
0.0
0.0
0.0
0.0
0.0
0.0
0.0
0.0
0.0
0.0
0.0
0.688706
0.0
0.0
0.0
0.0
0.95979
0.0
0.0
3.43423
0.0
0.0
0.0
1.18706
0.0
0.0
0.0
0.0
0.0
0.0
0.0
0.452497
0.0
0.0
2.3079
0.0
0.0
0.0
0.0
0.0
0.0
2.6995
0.0
0.0
0.0
0.0
0.0
0.0
0.0
0.0
0.0
0.0
0.0
0.0
0.0
0.0
0.0
0.0
0.0
0.0
0.0
0.0
2.75916
0.0
0.204921
1.36028
0.0
0.793864
0.0
0.0
0.0
1.94102
0.0
0.0
0.0
0.0
0.0
1.23217
0.0
0.0
0.335222
0.0
0.0
0.0
0.0
0.0
0.0
0.407668
0.0
3.44693
0.0
0.743348
0.0
0.0
0.0
0.0
1.48496
0.0
0.0
3.57224
0.0
0.0
4.12529
0.0
0.859592
0.0
0.0
0.0
0.0
0.90807
0.0
0.0
0.0
0.0
0.0
0.0
0.0
0.0
0.0
0.0
0.0
0.239255
0.0
0.0
0.890017
0.0
0.0
0.0
0.0
0.0
0.0
0.0
0.0
0.0
0.0
0.0
0.0
0.0
0.137109
0.0
0.0
0.0
0.0
0.0
0.0
0.0
0.0
0.0
0.0
0.0
0.0
0.0
4.12506
0.0
0.0
0.0
0.0
0.0
1.09123
0.0
0.0
0.0
0.0
0.0
0.0
0.0
0.0
0.0
0.0
0.0
0.0
0.0
0.722054
0.0
0.0
0.0
0.0
0.0
0.0
0.0
0.0
0.0
0.0
0.991419
0.0
0.0
1.2642
0.0
0.0
0.0
1.18251
0.0
0.0
0.0
0.0
0.0
0.0
0.0
0.0
0.0
0.0
0.0
0.0
0.0
0.0
0.0
0.568605
0.0
0.0
0.865329
0.0
0.0
0.814399
0.0
1.59047
0.0
0.0
0.0
0.0
0.34412
0.0
0.0
0.0
1.03827
0.0
0.0
3.31455
5.14983
0.0
0.0
2.91601
0.173727
0.0
0.0
0.0
0.0
0.0
0.0
0.0
0.0
0.0
0.760745
0.835218
0.0
0.322339
0.0
0.0
0.0
0.0
1.44818
0.0
0.0
0.0
0.0
0.0
0.0
0.0
0.0
0.0
0.0
0.0
0.0
0.0
0.0
0.0
0.0
0.0
0.0
0.0
0.770734
0.0
0.0
0.0
0.0
0.0
1.28814
0.0
0.0
0.0
0.0
0.998709
0.0
0.0
1.26473
0.0
0.0
0.0
0.0
0.0
0.0
1.82217
0.0
0.0
0.0
0.0
0.324416
0.0
0.0
0.0
0.0
2.75108
0.0
0.0
0.0
0.0238568
0.0
0.0
0.0
0.0
0.0
0.0
0.795052
0.00276792
0.0
0.0
0.0
0.0
0.0
0.0
0.0
0.0
0.0743725
0.0
0.0
0.0
3.4823
0.330811
4.71165
0.0
0.0
0.0
0.0
0.0
0.0
0.0
0.0
0.0
0.0
0.0
0.0
0.0
0.0
2.36873
0.0
0.0
2.41771
0.0
0.0
0.0
4.49901
0.0
0.0
0.0
0.0
0.0
0.0
0.0
0.0
0.0
0.0
0.0
0.0
1.62529
0.0
0.0
3.72927
0.0
0.0
0.0
2.28367
0.0
1.142
0.0
0.0
0.0
0.0
0.0
0.0
0.0
0.0
0.369476
0.0
0.0
0.0
0.0
2.4061
0.102114
0.0
0.184898
0.0
0.0
4.0018
3.73539
0.0
0.0
0.642814
0.0
0.822744
0.0
0.0
0.0
0.0
0.0
0.0
1.06768
0.0
0.0
0.0
1.72669
0.232909
0.526292
2.49991
0.0
1.21256
0.0
2.44928
0.0
0.0
0.0
0.0
0.0
0.0
0.0
0.0
0.0
0.0
3.11319
0.0
0.0
0.0
1.85216
0.0
0.0
0.108509
0.0
0.0
0.0
0.0
0.0
0.0
0.0
0.0
0.0248308
0.0
0.0935557
0.412433
0.0
3.53917
0.0
0.0
0.0
0.0
0.0
0.0
0.0
0.0
2.91547
2.26621
0.0
0.0
0.845554
0.0
0.892581
0.0
0.0
0.0
0.783528
0.0
0.0
0.0
0.0
0.0
0.0
0.0
1.77705
0.0
0.0
0.0
0.0
0.0
0.0
0.0
0.0
0.0
0.0
0.0
0.0
0.954224
0.0
0.0
0.0
0.0
0.0
0.0
0.0
0.0
0.0
0.0
0.0
0.0
0.0
0.0
0.0
0.0
0.0
0.481859
0.0
0.0
0.0
0.900869
0.227315
0.0
1.43907
0.0
0.0
0.0
0.0
0.0
0.0
0.0
0.0
1.98843
0.0
0.266233
0.0
4.36709
0.0
0.0
0.0
0.0
0.0
2.30008
0.0
4.83255
0.0
0.420245
3.57772
0.0
0.0
0.0
0.0
0.0
0.0
0.0
0.0
0.0
0.0
0.0
0.0
0.0
0.0
3.51136
0.0
0.0
0.0
0.0
0.0
0.718477
0.0
0.0
0.0
0.0
0.0
0.0
0.0
0.0
0.0
2.82673
0.0
0.0
0.0
0.0
0.0
0.0
0.0
0.304446
0.0
0.0
0.0
0.0
1.71174
0.560554
3.74583
0.887647
0.0
0.0
0.716853
0.0
0.0
0.0
0.0
0.0
0.0
0.0
1.82623
0.232824
0.0
0.0
0.0
0.0
0.0
0.155081
0.0
0.0
0.0
0.0
0.0
0.0
0.0
1.87097
0.0
0.0
3.27753
0.0
0.0
0.0
0.0
0.0
0.0
1.97347
0.0
0.0
0.0
0.0388423
0.0
0.0
0.0
0.0
0.0
2.28116
0.0
1.44428
2.10438
3.1901
3.78612
0.0
0.665777
0.0
0.0
0.0
0.0
0.0
1.91612
0.0
0.0
0.0
0.0
0.0
0.0
0.036091
2.1479
0.286218
0.0
0.753167
0.0
0.0
0.0
0.0
2.0088
2.78327
0.0
0.0
0.0
1.45323
0.0
0.60277
0.0
0.0
0.0
0.0
0.0
0.0
0.0
0.0
0.0
0.0
0.0
0.0
2.85241
0.0
0.0
0.0
0.0
0.0
2.1753
0.0
0.0
0.0
0.0
0.0
1.06344
0.0
0.0
0.0
1.14431
0.0
0.0
0.0
0.0
0.0
0.0
0.0
0.0
0.0
0.0
0.0
0.0
1.47088
0.0
4.0128
1.34035
0.0
0.0
1.52297
0.0
1.75489
0.0
1.26536
0.0
0.0
5.28267
0.0
0.0
0.0
0.0
0.0
0.0
0.0
2.5751
0.0
0.0
0.0
0.0
0.0
0.534981
0.228402
0.0
1.1827
3.55391
0.0
0.153433
0.0
0.0
0.0
1.03486
0.317493
0.0
0.0
0.0
0.0
0.0
0.0
0.0
0.0
0.0
0.0
0.0
0.0
0.0
0.0
0.0
0.0
0.327047
0.0
0.0
0.0
0.0
0.0
0.794734
0.0
0.0
0.0
0.0
0.0
0.0
0.0
0.0
0.0
0.0
0.0
0.0
0.0
2.41043
0.0
1.28075
5.69134
0.0
0.310303
0.0
0.0
0.421561
0.386631
0.0
0.0
0.0
0.0
0.0
2.92358
1.62118
0.0
0.0
1.99194
0.0
0.0
0.414139
0.0
0.0
0.0
0.0
0.175552
0.0
0.0
0.0
0.0
0.0
0.0
0.0
0.0
0.0
1.82394
1.46548
0.612762
0.0
0.0
0.0
0.0
0.0
0.0
0.0
0.0
0.0
0.0
1.11522
0.0
0.0
0.504045
0.0
0.0
0.0
0.0
0.0
0.0
0.0
0.764354
1.60826
1.43044
0.0
0.0
0.0
0.0
0.0
1.83421
0.0
0.0
0.0
1.10696
0.0
5.55129
0.0
1.49574
0.0
0.0
0.0
0.0
0.0
0.0
0.0
0.0
0.0
1.52536
1.063
0.0
5.56524
0.0
0.0
0.990799
0.0
1.25817
0.0
0.0
0.0
0.0
2.19585
0.0
0.0
0.0
0.0
0.0
0.0
0.0
0.0
0.0
0.0
0.0
0.0
0.0
0.986656
0.0
0.0
0.0
0.339552
0.0
0.0
0.849916
2.56569
0.0
0.0
0.572733
0.0
0.0
1.44128
0.0
0.0
0.0
0.0
0.86833
0.0
0.0
0.0
0.0
0.0
0.0
0.0
0.0
0.0
0.0
0.0
0.0
0.0
0.0
0.0
0.0
0.0
0.0
0.0
0.0
3.3954
0.0
0.0
0.0
0.0
0.0
0.0
0.0
1.54319
2.34743
0.0
0.0
0.0
2.06828
0.0
0.166632
1.16608
0.0
0.0
0.0
0.0
1.86559
0.0
0.0
0.0
0.0
2.66116
0.0
0.0
0.0
0.0
0.0
1.73335
0.0
0.0
2.01108
0.0
3.15808
1.4555
0.0
1.7549
0.0
0.0
0.0
0.0
0.0
0.0
0.0
0.0
0.0
0.0
3.45355
0.0
0.0
0.0
0.0
0.0
0.0
0.0
0.0
0.0
0.0
3.01637
0.0
0.0729402
0.0
0.0
0.0
0.0
0.0
0.0
0.0
0.0
3.35365
2.45636
0.0
0.0
0.0
0.0
1.20501
0.0
0.540918
1.2995
0.0
0.0
0.0
0.0
0.0
0.0
0.0
0.0
0.0
0.0
0.0
0.0
0.0
1.34661
0.0
0.0
1.27619
0.0
0.0
0.0
0.0
0.0
0.889516
0.0
0.0
0.0
0.0
0.0
0.0
0.0
0.0
0.0
0.0
0.0
0.0
1.08297
0.0
0.0
0.0
1.90641
0.0
0.336873
0.0
1.28647
0.878232
0.0
0.0
0.0
0.0
0.0
0.858867
0.0
0.940846
1.66618
2.54015
0.0
0.861413
0.0
0.0
0.0
0.0
0.0
0.0
0.101373
0.517589
0.0
0.0
0.0
0.0
0.0
0.0
0.0
0.0
0.0
2.264
0.0
0.0
2.95742
0.0
0.0
0.0
0.0
0.0
0.0
0.639737
0.0
1.68303
0.0
0.190925
0.0
0.0
0.353544
0.0
0.0
0.0
0.0
0.0
0.0
0.0
0.0
0.356597
0.0
0.0
0.0
0.0
0.0
0.0
0.0
1.89104
0.0
0.0
0.0
0.0
0.0
0.0
0.0
0.617977
0.0
0.52196
0.0
5.65164
0.0
0.0
0.0
0.0
0.0
0.0
0.405209
0.0
0.0
0.0
0.0
0.0
0.0
0.0
0.0
0.0
0.0
0.0
0.0
0.0
0.0
0.0
0.0
0.0
0.0
2.49589
0.0
0.0
0.0
0.757591
0.0
0.0
0.0
0.0
0.0
0.0
0.0
0.0
0.95122
0.0
0.0
0.0
0.0
0.0
0.0
0.0
0.369102
0.0
0.0
0.0
0.0
0.0
2.4684
0.0
0.0
0.0
0.0
0.0
0.0
0.0
0.0
4.03644
0.0
2.89551
0.0
0.0
0.0
0.0
0.0
0.0
0.0
2.84002
0.0
0.0
0.941212
0.0
0.0
0.0
0.0
0.0
0.0
0.0
0.0
0.0
0.0257868
2.01389
0.0
0.0
0.0
0.0
0.179926
1.16931
0.0
0.123013
0.0
0.0
0.0
1.11578
0.0
2.11171
0.0
0.0
0.0
0.0
1.01714
0.0
0.0
0.602468
0.0
0.0
0.0
0.0
0.0
0.0
0.0
0.0
0.0
0.0
0.0
0.0
0.0
0.0
0.0
0.0
0.611652
0.0
0.0
0.0
0.0
0.0
0.0
0.0
0.0
0.440134
0.0
0.0
0.0
2.28629
0.0
0.0
0.0
0.0
0.0
4.22421
3.16716
0.0
0.0
0.0
0.0
0.0
0.0
0.0
3.47474
0.0
0.0
0.0
0.0
0.0
0.0
1.09111
0.0
0.0
0.0
0.0
0.0
0.0
0.0
0.232899
0.0
0.0
0.0
0.0
0.0
0.0
1.13289
0.0
0.0
0.0
0.0
0.0
0.0
0.0
0.284477
0.0
0.0
0.420337
2.90134
0.0
0.0
0.0
0.0
0.0
0.324843
3.50146
0.0
0.0
0.0
0.0
0.0
0.0
0.168788
0.0
2.65121
0.0
0.186759
2.74999
1.4772
0.0
0.0
0.0
0.0
0.0
0.0
0.0
0.0
0.0
0.0
0.0
0.0
0.0
0.0
0.0
0.0
0.0
0.0
0.0
0.0
0.0
0.0
0.0
0.0
0.0
0.0
0.0
0.0
1.4261
0.0
0.0
0.0
0.0
0.0
0.0
2.78944
0.0
0.0
0.634898
0.0
1.31914
0.0
1.15034
0.0
0.0
2.02786
0.0
0.815432
0.0
1.39322
0.0
0.0
0.0
1.37106
0.0
0.0
0.0
0.310662
0.0
0.0
1.53381
0.0
0.0
0.0
2.53454
0.0
0.0
0.0
0.0
0.0
0.0
0.0
0.0
0.0
0.0
0.0
0.0
1.34215
0.0
0.0
0.0
0.0
0.0
1.88757
0.917089
0.0
0.0
0.611334
0.0
0.0
0.0
0.0
1.63314
0.0
0.0
0.19246
0.0
0.0
0.0
0.0
0.0
1.48954
0.0
0.0
0.0
0.0
0.276298
4.86281
0.0
0.0
0.0
0.0
0.0
0.0
0.0
0.0
0.0
0.0
0.0
0.0
0.0
0.0
0.0
0.0
0.0
0.0
0.0
0.0
0.332581
0.0
0.0
0.0
0.0
0.0
0.0
0.0
0.0
0.0
0.0
0.0
0.0
3.52171
0.0
0.0
0.0
0.736685
2.07984
0.0
0.0
0.0
0.0
0.0
0.0
0.0
0.0
0.0
0.0
0.0
0.0
0.0
0.0
0.0
0.0
0.0
0.0
0.0
0.0
0.0
0.897847
0.94877
0.0
0.0
0.0
0.0
0.0
0.0
0.0
0.0
0.0
0.0
0.0
0.0
0.0
0.0
0.0
0.0
0.0
0.0
0.0
0.0
0.0
1.76979
0.0
1.67646
2.07693
0.559975
0.0
0.0
1.41276
0.0
0.0
1.33074
0.0
0.40058
0.539714
0.0
0.0
0.0
0.0
0.0
0.0
0.0
0.0
0.0
2.54211
0.0
1.7956
0.0
0.0
1.96099
2.30877
0.0
0.0
0.0
1.58021
0.0
1.12198
1.70192
0.0
1.39754
0.0
4.55365
0.0
0.0
1.66832
0.0
0.0
0.0
0.0
0.0
0.0
0.0
0.0
0.0
0.0
0.0
0.0
0.0
2.75645
0.0
0.0
0.0
0.0
0.0
0.0
0.0
0.0
0.0
0.0
0.552462
0.0
0.0
0.0
5.2259
0.0
0.0
0.0
0.0
0.0
0.447997
0.0
0.0
0.0
0.0
0.0
0.0
0.0
0.0
0.0
0.0
0.0
0.0
0.0
0.0
0.0
0.0
0.0
2.70068
0.0
0.0
0.0
0.0
5.86109
0.0
0.0
0.0
0.0
0.0
0.0
0.0
2.00697
0.0
0.0
0.0
0.0
0.0
0.0
3.48747
0.0
0.0
0.0
0.0
0.0
3.63702
0.779898
0.0
0.0
0.0
0.0
0.0
0.0
0.0
2.24842
0.0
0.0
0.0
0.0
0.0
0.0
0.0
1.08329
0.0
0.0
0.0
0.0
0.0
0.0
0.0
0.0
0.0
0.0
0.0
0.0
0.0
0.0
0.0
0.0
1.92108
0.0
0.0
0.0
0.0417741
0.0
0.0
0.0
6.00342
0.0
0.9285
0.0
0.0
0.0367961
0.0
0.0
0.0
0.0
2.4031
0.0
0.0
0.0
0.0
0.0
0.0
0.0
0.0
0.0
0.664777
0.0
0.0
0.0
0.0
0.0
3.36824
4.85978
0.0
0.0
0.568092
1.13714
0.0
1.27299
0.0
4.22413
0.0
0.0
0.0
0.0
0.391948
0.0
0.0
0.0
0.0
0.0
0.0
0.0
0.0
0.0
2.17572
1.63594
0.0
0.0
1.46984
0.0
0.217789
0.0
0.0
0.0
0.108132
0.0
0.0
0.0
0.268764
0.0
0.0
0.0
0.0
0.0
0.0
0.0
0.0
0.0
0.0
2.38547
0.0
0.0
0.0
0.361753
1.96624
0.0
0.0
0.0
0.0
0.878484
0.0
0.0
0.0
0.0
0.0
0.0
0.0
2.51511
0.0
0.0
0.0
3.24809
0.0
0.0
0.0
3.11718
0.0
1.39666
0.0
0.0
0.0
0.0
0.0
0.0
0.0
0.0
0.0
0.996677
0.948264
2.99316
1.02721
0.0
0.0
1.14789
0.0
0.0
0.177886
0.0
0.0
0.0
0.0
1.50052
0.0
0.0786149
0.0
0.0
0.349136
0.0
0.0
0.0
0.0
0.0
0.0
0.0
0.0
0.0
0.0
0.0
0.0
0.0
0.0
0.0
0.0
0.0
0.184376
0.424242
0.0
0.0
0.0
0.0
0.0
0.0532921
0.0
0.0
2.87713
0.0
1.64242
0.0
0.0
0.0
0.0
0.0
0.0
4.74373
0.0
0.0
0.0
0.0
0.0
0.0
0.0
0.0
1.49769
0.0
0.0
0.923517
0.0
0.0
0.0
0.963774
0.0
0.0
0.0
3.79
0.0
0.0
0.0
0.0
0.0
0.0
0.0
0.0
0.0
0.0
0.0
0.410294
0.0
0.0
0.0
1.11373
0.0
0.0
0.0
0.0
0.52796
0.0
0.0
0.0
0.0
0.0
0.0
0.0
0.0
0.0
0.0
0.0
0.0
0.0
0.0
0.0
0.128802
0.0
0.0
0.0
0.0
0.0
0.0
0.0
0.0
0.0
0.0
0.0
0.0
0.0
0.0
0.0
0.0
0.0
0.358039
3.06043
0.661837
1.70479
0.0
0.0
0.0
0.0
0.0
0.415586
0.116578
0.0
0.0
0.0
3.53101
0.0
1.96745
1.82276
0.0
0.0
0.0
3.04526
0.0
0.0
0.0
0.978969
0.0
0.0
0.0
0.0
0.0
2.55851
0.0
0.0
0.865992
0.471685
0.0
1.66252
0.0
0.0
1.27362
0.0
1.34026
0.0
0.0
0.0
0.0
0.0
1.33051
0.377115
0.0
0.0
0.0
0.0
0.0
0.0
0.0
1.77184
0.990941
0.0
0.0
0.0
0.808066
0.0
0.0
0.207137
0.0
0.0
0.868289
6.51022
0.0946182
0.0
0.0
0.0
0.596228
0.0
0.0
0.0
0.0
0.0
0.985588
0.361425
0.0
0.0
0.0
0.0
0.0
0.0
0.0
4.28771
0.0
0.0
0.0157764
0.0
0.0
0.0
0.0
0.0
0.0
0.0
0.0
0.0
1.46878
0.0
0.0
0.0
0.869452
0.0
0.0
0.0
0.0
0.0
0.0
0.0
2.32109
0.0
0.0
0.0
0.0
0.0
0.0
0.0
0.0
0.0
0.0
0.0
2.81194
0.0
0.106959
0.0
2.94967
0.0
0.0
0.0
0.0
0.0
0.0
0.0
0.0
0.0
0.0
0.0
0.0
0.0
0.0
0.0
0.0
0.0
0.0
0.448329
0.0
0.140562
0.0
0.0
0.0
2.26887
0.0
0.0
0.0
0.0
0.0
0.0
0.0
2.01945
1.2613
0.656145
0.0
0.692861
0.0
0.0
0.0
0.0
0.0
0.0
0.0
0.0
0.0
0.0
0.0
0.0
0.0
0.775008
0.0
0.0
0.0
0.0
0.0
0.0
0.0
0.0
0.0
0.0
0.0
0.0
0.0
0.0
0.0
0.0
0.0
0.0
0.0
0.421073
0.0
0.0
0.0
1.31766
0.509273
0.0
0.0
0.703617
0.0
0.0
0.0
0.0
0.0
0.0
0.0
0.0
0.0
0.0
0.0
0.0
0.0
0.0
2.34319
0.0
0.0
0.0
0.0
0.0
0.0
0.0
0.0
0.0
0.0
0.0
0.0
0.0
0.0
0.0
0.0
0.0
0.0
4.24288
0.0
1.37568
0.0
0.0
0.0
0.0
0.0
0.0
0.0
0.0
0.0
0.0
3.44843
0.908272
1.39821
0.0
0.0
0.0
0.0
0.0
0.0
0.0
1.19492
0.0
0.0
0.0
0.0
0.0
0.0
0.0
0.0
0.0
0.0
2.09961
0.0
0.0
0.0
0.0
0.0
0.0
1.78119
0.0
1.88018
1.11896
0.0
0.0
3.03325
0.0
0.0
0.0
1.54625
1.44136
0.0
0.0
0.0
0.0
0.0
0.0
0.0
0.0
0.0
0.0
2.81194
0.0
0.0
0.0
0.0
3.72198
0.349765
0.0
0.0
0.0
0.0
3.58954
0.0
1.37664
2.42355
0.0
0.248864
0.0
0.0
4.75762
0.0
0.0
0.0
0.0
0.0
0.0
0.0
0.603592
2.29495
0.895444
0.0
0.0
0.0
0.0
0.0
0.0
0.0
0.0
0.0
4.93977
2.79213
0.0
3.57982
0.0
0.0
1.37166
0.0
0.511028
0.0
0.0
0.0
0.0
0.89026
0.0
0.0
0.0
0.0
0.0
0.0
0.0
0.0
0.0
1.58727
2.54211
2.15364
0.0
0.0
1.44357
0.0
0.0
0.0
0.0
0.0
3.34365
1.89236
0.0
0.0
0.0
0.0365593
0.0
0.0
0.0
0.0
0.821252
0.0
0.0
0.0
0.0
0.0
0.0
0.0
0.0
0.0
1.85484
0.0
2.47008
1.43554
0.0
2.54842
0.0
0.0
0.180358
1.9812
0.0
0.0
0.0
0.980241
0.0
0.0
0.0
0.0
0.0
1.3977
0.0
0.0
0.0
0.0
0.0
0.0
0.0
0.0
0.0
0.0
0.0
0.0
0.0
0.0
0.0
0.0
0.0
0.0
1.12851
0.0
0.0
2.98347
0.0
0.0
0.0
0.0
0.0
0.0
0.0
7.16682
0.0
0.0
0.0
0.0374431
0.0
0.0
0.0
0.0
0.0
2.21138
0.195462
0.0
2.78502
0.0
0.0
0.753088
0.722159
0.0
1.51936
0.0
0.0
0.0
0.0
0.0
0.0
0.0
0.0
0.0
0.0
0.0
0.0
0.0
0.0
0.0
0.0
0.0
0.0
0.0
0.0
0.0
1.51299
0.0
1.01497
0.0
0.0
0.734576
0.0
0.904317
0.0
0.0
0.0
0.210082
0.0
0.0
0.0
0.0
0.0
0.0
0.0
0.0
0.0
0.0
0.0
0.0
0.0
0.0
0.0
0.0
0.0
0.0
0.0
0.0
0.0
0.0
0.0
0.0
0.0
0.0
3.05632
0.0
0.0
0.0
0.0
0.0
1.01556
0.0
0.0
0.142042
0.0
0.0
0.0
0.0
0.0
0.0
0.0
0.0
0.0
0.0
0.176634
4.71242
0.246382
0.0
0.0
0.0
0.0
0.0
0.0
0.652396
0.0
0.0
4.25422
0.0
0.0
0.0
3.6152
0.0
2.18059
0.402955
0.0
0.0
0.0
0.0
0.0
0.0
0.0
0.0
0.0
0.0
0.0
0.0
0.0
0.529371
0.0
0.0
0.0
0.0
1.38166
1.33015
0.0
0.0
0.0
0.0
0.0
0.0
0.0
0.0
0.0
0.0
0.0830069
0.226802
0.0
1.6262
0.0
0.556323
0.0
0.0
1.16409
0.0
0.0
3.5927
2.4058
0.0
0.0
0.0
0.0
0.0
0.0
0.0
2.53135
0.0
0.0
0.0
0.0
0.0
0.0
0.0
0.0
2.22551
0.0
0.0
0.0
0.0
0.0
0.0
0.0
0.632834
0.0
0.0
0.0
0.0
0.0
0.0
0.0
0.0
0.0
0.0
0.0
0.0
0.0
0.0
0.0
0.0
0.0
0.0
0.0
0.115818
0.0
0.0
0.406505
0.0
0.0
0.0
0.0
0.0
0.0
0.0
0.0
0.0
0.0
0.0
0.0
0.0
0.0
0.0
4.72539
0.553214
1.26488
0.0
0.684391
0.0
1.46805
1.58946
0.0
0.0
0.0
0.0
0.0
0.598755
0.0
0.0
0.0
0.0
0.842137
0.810389
0.0
0.0
0.174198
0.0
0.0
0.202034
0.0
0.0
0.0
3.90013
0.0
0.0
0.0
0.0
0.0
0.0
0.0
0.0
0.0
0.0
0.0
0.0
0.0
0.0
0.0
0.0
0.0
2.58973
0.0
0.0
0.0
0.0
0.0
0.0
1.51805
3.04546
0.0
0.0
0.0
0.0
0.0
0.0
0.0
0.0
0.0
0.0
0.0
2.67945
0.0
0.0
0.0
0.0
0.0
0.0483914
0.0
0.0
5.14456
0.0
0.0
0.0
2.17986
0.0
3.2867
0.0
0.0
3.6757
0.0
0.0
0.0
0.0
0.0
0.0
0.0
0.0
2.07148
0.0
0.0
0.0
0.0
0.518397
0.0
0.0
0.0
0.0
0.0
0.0
0.0
0.0
0.0
0.0
0.0
0.0
0.0
0.0
0.0
1.66133
0.0
0.0
0.0
0.0
0.0
0.0
0.0
0.0
0.0
0.0
0.0
2.16623
0.0
0.0
0.0
0.902163
0.529581
0.0
0.0
0.0
0.0
0.0
0.0
0.0
0.0
0.0
0.0
0.0
0.0
0.0
0.0
0.0
0.0
1.54776
0.0
0.0
0.0
0.922107
0.0
0.0
0.0
1.68119
0.0
0.0
0.0
2.14904
1.05004
0.0
0.0
0.0
0.0
0.0
0.0
4.90378
0.0
0.0
0.0
0.0
0.0
5.22933
0.0
0.0
3.47396
0.0
0.0
1.93664
0.0
0.0
0.0
0.949742
0.0
0.592476
0.0
0.0
0.0
0.0
0.0
0.0
0.0
0.0
0.0
2.1626
0.0
0.0
0.0
0.0
0.0
0.0
0.0
0.0
0.0
0.0
1.61669
0.0
0.0
1.37041
0.0
0.0
0.0
0.0
0.0
0.12017
0.0
0.0
0.0
0.0
0.0
0.0
0.875778
0.0
0.0
0.0
0.0
0.0
2.30472
0.786221
0.0
0.0
0.0
0.0
0.0
3.45487
0.0
0.00443262
0.0
0.837311
1.8617
0.0
0.0
0.0
0.0
0.0
0.0
0.0
0.0
0.0
0.0
0.0
0.0
0.632345
0.00323531
0.0
0.0
0.0
1.8462
0.589357
0.0
0.0
0.0
0.0
4.21588
0.0
1.79327
3.4894
0.0
0.0
0.0
1.37692
0.0
0.0
0.0
0.0
0.0
0.0
0.0
0.0
0.0
0.0
0.0
0.0
0.0
0.0
0.0
0.629683
4.82166
0.0
0.0
1.14628
0.0
0.0
0.0
0.0
0.208021
0.0
1.5963
0.0
0.0
0.0
0.0
0.0
1.10374
0.0
0.0
0.0
0.0
0.0
0.0
0.0
0.0
0.0
0.0
0.0
0.0
0.0
0.0
0.0
0.0
0.0
0.0
0.0
0.0
0.696827
0.0
0.0
0.0
0.0
0.0
0.0
1.84245
0.0
0.0
0.0
0.0
0.0
0.0
1.48664
0.0
4.41678
0.2539
0.0
0.0
0.0
0.0
0.0
0.0
0.0
0.0
0.0
0.665384
0.0
0.128568
0.0
0.0
0.0
0.0
0.0
0.0
0.0
0.0
0.0
0.0
1.18484
0.0
7.92928
0.0
0.0
0.0
0.0
0.0
0.0
0.0
0.0
0.0
0.0
0.0
0.131154
0.0
0.0
0.0
0.0
0.0
0.0
0.0
0.0
0.0
1.55233
1.83953
0.0
0.0
0.0
0.0
0.124353
0.0
0.0
0.0
0.908705
0.0
0.0
0.0
0.0
0.0
0.0
0.0
0.0
0.0
0.0
4.06917
0.0
0.0
0.0
0.0
0.0
0.0
0.0
0.0
0.0
0.0
0.0
0.0
0.0
0.0
0.0
0.0
0.0
0.0
0.0
0.0
0.0
0.0
0.0
0.0
0.0
0.134966
0.0
0.0
0.0
0.0
0.0
0.0
0.0
0.0
0.0
0.0
0.0
0.0
7.16171
0.0
0.0
0.0
0.0
0.0
0.0
0.0
0.0
0.0
0.0
0.0
0.0
0.0
0.0
0.0
0.0
0.413515
0.43952
0.0
0.0
3.21116
0.155035
0.0
0.0
0.0
0.0
2.61655
0.0
0.0
0.0
0.0
0.0
0.0
0.0
0.0
0.0
0.0
1.48135
0.0
0.0
5.37842
0.0
0.219805
0.0
0.0
0.442991
0.0
0.0
0.0
0.0
0.0
0.0
0.0
0.0
0.0
0.0
0.0
3.85326
2.88691
0.0
0.0
0.0724904
0.0
0.663389
0.0
0.0
0.0
0.0
0.0
0.0
0.0
0.0
0.0
0.0
0.0
0.0
0.0
3.14978
0.0
1.17078
0.0
0.0
2.99334
0.137897
0.0
0.0
0.670892
0.0
0.0
0.0
0.0
0.0
5.60091
0.0
0.0
0.0
0.0
0.0
0.0
0.0
0.0
0.0
0.0
0.0
1.94346
0.0
0.0
0.0
0.0
0.0
0.0
0.0
0.0
0.0
0.0
0.0
0.0
3.85508
0.0
0.0
0.0
0.0
0.0
0.0
0.0
0.0
1.14115
0.0
0.0
0.0
0.0
0.0
0.0
0.0
0.0
0.0
0.0
0.76679
0.0
0.2296
0.0
0.0
0.0
0.0
0.0
0.0
0.0
0.0
0.0
0.0
0.0
0.0
0.0
0.0
0.0
0.0
0.0
0.0
0.0
2.92922
0.0
0.291156
0.0
0.543006
0.0
0.0
0.0
0.0
0.502563
1.59864
0.0
3.33208
1.46389
0.0
0.0
0.0
0.0
2.75281
0.0
0.0
0.0
0.0
0.0
0.0
0.0
0.0
0.0
0.0
4.06793
3.63884
0.0
0.0
0.0
0.0
3.45007
0.271036
0.0
1.28433
1.75194
0.0
0.362281
0.0
0.0
0.0
0.0
0.0
0.0
0.0
0.371242
0.058999
0.0
0.0
0.0
0.0
0.0
0.0
0.0
0.0
0.0
0.0
0.0
0.0723355
0.0
0.0
0.0
0.0
0.0
0.0
0.0
0.0
0.0
0.0
1.91234
0.0
0.0
0.0
0.0
1.30609
0.0
1.72358
0.0
0.0
2.88283
0.0
0.0
0.0
0.0
0.529085
0.0
0.0
0.0
0.0
0.0
0.0
0.0
0.0
0.0
0.0
0.0
0.0
1.13929
0.0
0.895671
0.0
0.0
0.0
0.0
3.61974
0.0
0.0
0.0
0.0
0.0
0.0
2.89524
0.0
0.0
0.0
0.0
0.0
0.0
0.0
0.0
0.0
0.0
0.0
0.0
0.0
0.0
0.0
0.0
0.0
0.0
0.0
0.0
0.0
3.23391
0.0
0.0
0.138019
0.0
4.34689
0.0
0.0
2.26976
0.0
1.07916
1.56745
0.0
0.0
0.0
2.03997
2.77566
0.0
0.0
0.0
0.0
0.0
0.0
1.2898
0.0
0.0
0.0
0.0
0.0
0.0
1.06142
0.0
0.0
0.0
0.0
0.0
0.0
0.0
0.0
0.0
0.0
0.0
1.7369
0.0
0.0
0.0
0.92734
0.0
0.0
0.0
1.32988
0.0
0.0
0.0
0.0
0.0
0.0
0.288402
0.0
0.0
0.0
2.69179
0.0
4.28998
0.0
0.0
0.0
1.01875
0.0
0.0
2.04327
0.0
1.50535
0.0
0.0
0.0
0.0
2.21835
2.95409
0.0
0.0
0.0
0.0
0.0
0.0
0.0
0.175381
0.0
0.0
0.0
0.0
0.0
0.0
2.33035
0.0
0.0
0.0
0.0
0.0
0.0
0.0
0.0
0.0
0.0
0.0
0.0
0.0
0.0
0.0
0.0
0.0
0.0
1.05878
0.0
0.0
1.02802
0.0
0.0
0.0
2.95939
0.0
0.0
2.8924
0.0
0.0
0.229387
1.07224
0.0
0.0
2.05014
0.0
0.0
0.0
0.0
0.0
0.36502
0.0
0.0
3.15613
1.1932
0.0
0.0
0.0
0.0
0.0
0.0
0.0
0.0
0.539081
0.0
0.0
0.0
3.46894
1.40446
0.177878
0.81258
0.0
0.0
0.0
0.0
0.0
0.0
0.0
0.0
1.99743
0.0
0.0
0.0
3.49573
0.0
0.0
0.0
2.42228
0.0
2.74813
2.50047
0.0
0.0
0.0
0.0
0.0
0.0
0.0
0.0
0.0
0.0
0.0
0.982809
0.0
0.0
0.0
0.0
0.524229
0.0
0.0
0.0
0.0
0.0
0.0
0.0
0.0
0.0
0.0
0.0
0.0
0.629263
0.0
0.0
0.0
0.0
0.0
0.0360627
0.0
0.0
0.0
0.248185
0.0
0.0
0.0
1.53987
2.07815
0.0
0.0
0.0
0.0
0.0
0.35178
0.0
0.0
0.0
0.0
0.0
0.285483
0.0
0.0
0.541656
0.0
0.0
0.0
0.0
0.0
6.44349
0.0
0.0
0.0
0.669587
0.892507
0.0
0.0
0.0
0.0
0.0
0.0
0.0
0.0
0.0
0.0
0.0
0.0
0.0
0.0
0.0
0.0
0.0
0.0
0.0
1.99997
0.0
2.14638
0.0
0.0
0.655093
0.0
5.88605
0.0
0.0
0.0
0.0
0.0
0.0
0.0720858
0.0
0.0
0.0
0.0
1.74143
1.24583
0.0
0.0
0.0
0.0
0.241858
0.475135
0.0
0.0
