0.0
0.0
0.0
0.0
0.0
0.0
0.0
0.0
0.0
0.0
0.0
0.0
0.0
0.0
0.0
0.0
0.0
0.0
1.32284
0.0
0.0
0.0
0.0
3.73541
0.0
0.0
0.0
0.0
0.0
0.0
6.51357
0.0
0.0
0.0
0.0
0.0
0.462746
0.0
0.0
0.0
0.0
0.0
0.0
0.0
2.69449
0.0
0.0
1.90184
0.0
0.0
3.74396
0.0
0.0
0.0
0.0
0.0
0.0
0.929868
0.0
1.32543
0.0
1.47078
0.0
0.0
0.0
1.69506
1.11715
3.40033
1.90592
0.0
0.0
0.0
0.0
0.159285
0.0
0.0
0.0
0.0
0.0
0.906475
2.16376
0.897729
0.16793
0.0
0.0
0.0
5.16276
0.0
0.0
0.0
0.0
0.774657
0.0
2.85402
0.0
0.0
0.0
2.54525
0.0
1.19199
0.0
0.0
0.0
0.0
0.0
0.0
0.0
0.0
0.0
0.0
0.0
0.0
0.0
0.0
0.0
0.0
0.0
0.0
1.16556
0.0
1.10039
0.0
0.0
0.0486125
0.53675
0.0
0.0
0.0
0.0
2.49648
0.0
0.182579
0.0
0.0
0.0
0.0
0.0
0.0
0.284633
0.0
0.357365
0.0
0.0
0.0
0.0
0.0
0.0
0.0
0.0
0.0
0.0
4.43598
0.0
0.0
0.0
0.0
5.44789
0.0
0.0
0.0
0.0
0.0
0.0
0.0
2.04466
3.41589
0.489958
0.934191
0.494831
0.0
0.0
0.0
0.0
0.0
0.0
0.0
0.269874
0.0
0.0
0.0
0.0
1.30759
0.0
0.0
0.0
0.0
1.39488
2.56405
0.0
0.0
0.0
0.0
2.82839
0.0319602
0.0
0.0
0.0
0.0
0.0
0.0
0.0
0.0
1.55951
0.0
0.0
0.0
0.0
0.0
1.49456
0.0
0.0
0.0
0.0
0.0
0.491455
0.0
0.0
0.0
3.82704
1.86426
0.0
0.0
0.0
0.0
0.0
0.0
0.0
0.0
0.0
0.0
3.22093
0.212151
0.0
0.0
0.0
0.0
0.0
0.0
2.89134
0.0
0.0
0.0
0.0
0.0
0.0
0.0
0.0
0.273156
0.0
4.68844
0.0
0.0
0.0
6.11442
0.0
0.0
0.0
0.0
0.0
0.55893
0.0
0.0
0.0
0.0
0.0
0.0
0.0
0.0
0.458943
0.0
0.875162
2.18452
3.08824
0.0
0.0
0.0
8.6545
0.0
0.0
0.0
0.0
0.0
0.0
3.06241
0.0
0.573197
0.0
0.0
0.880866
0.0
0.0
0.0
0.0
0.0
0.0
0.0
0.0
0.0
0.0
0.0
0.0
0.887343
0.0
2.9822
0.0
0.0
0.0
0.0
0.0
0.0
0.0
0.0
0.0
0.0
0.0
0.0
0.0
0.0
0.0
0.0
0.0
0.0
0.0
0.0
0.0
0.0
0.0
1.40611
0.0
1.15892
0.0
0.0
0.0
0.0
0.0
0.0
0.0
0.0
0.0
6.13789
0.0
0.0
0.0
0.0
0.0
0.0
0.0
0.910928
0.0
0.0
0.0
0.0
0.517948
0.0
0.0
0.0
0.0
0.0
0.0
0.0
0.0
0.0
0.0
0.0
0.0
0.0
8.01698
0.0
1.77268
0.486606
0.0
0.0
0.0
0.0
0.0
0.0
0.213375
1.90135
0.0
0.0
0.0
1.37386
0.0
0.0
0.0
0.0
0.0
0.0
0.0
0.0
0.869542
1.94139
0.0
0.0
0.0
0.0
0.0
0.818917
5.73254
0.0
0.0
0.738444
0.0
0.0
3.24145
0.0
0.0
0.0
0.685775
0.0
0.0
0.0
0.0
3.25454
2.3972
1.69642
0.0
0.0
0.0
0.0
1.34259
0.0
0.0
0.0
0.0
0.0
0.0
0.0
0.0
0.0
0.0
0.0
0.0673059
0.0
0.546834
0.0
4.30939
0.0
0.0266402
0.0
0.0
0.0
0.0
0.0
0.285511
1.6932
0.0
0.0
0.0
0.0
0.0
0.0
0.0
0.937745
0.0
0.0
0.0
0.0
0.0
0.0
0.0
0.0
0.0
0.0
0.0
0.0
0.0
0.0
0.0
0.0
0.0
0.0
0.0
0.973264
0.0
4.34585
0.454548
2.08816
0.0
0.0
0.0
0.0
0.0
0.0
0.0
3.01229
0.0
0.0
0.0
0.0
0.0
0.0
0.0
0.248555
0.0
0.0
0.0
0.731078
0.0
0.624191
0.0
0.0
2.60991
2.36289
0.0
5.35774
0.0
0.0
1.19085
0.0
0.0
0.0
0.0
0.0
0.0
0.0
0.0
0.0
0.0
0.451183
0.0
0.102094
0.0
0.0
0.0
0.0
0.0
0.0
0.0
0.0
0.0
0.0
0.0
0.0
0.404821
0.0
0.0
0.0
0.0
0.0
0.0
1.02838
0.0
0.0
0.0
0.0
0.0
0.0
0.0
0.0
0.0
0.0
0.0
0.0
0.0
0.0
0.0
0.0
0.0
0.831533
0.65051
0.0
0.0
0.0
0.0
0.0
0.0
0.0
0.0
0.0
0.0
0.0
0.0
3.25298
0.0
0.0
0.0
0.0
0.271596
0.0
0.0
1.83989
0.0
0.0
0.0
0.0
0.0
0.0
0.0
0.0
0.23939
0.0
0.0
0.0
0.0
0.0
0.0
0.0
0.0
0.0
0.0
0.0
0.0
2.55372
0.0
0.526975
5.73101
0.0
0.0
0.0
0.0
2.24941
0.0
0.0
0.0
0.0
2.77867
0.0
4.25729
1.40448
0.120724
0.0
0.0
0.0
0.0
0.0
0.0
0.0
0.0
5.33414
2.48456
0.700319
0.0
0.0
0.615907
0.630867
0.0
0.0
0.217538
0.10161
0.0
0.876048
0.0
0.0
0.0
0.0
2.20171
0.0
1.24258
5.9056
0.0
0.0
0.0
0.0
0.0
1.53026
0.0
0.0
0.0
0.0
0.0
0.0
0.0
0.0
0.0
0.0
1.84147
0.73377
0.0
0.0
0.0
0.0
0.0
0.0
0.0
0.789197
0.0
0.0
0.0
5.5054
0.0
3.64578
0.0
0.0
0.0
0.0
0.0
0.0
0.0
0.0
0.0
0.0
0.0
0.0
0.0
0.0
0.0
0.0
0.0
0.0
0.0
0.100977
0.0
0.0
0.0
0.0
0.0
0.0
0.0
0.0
0.0
0.0
0.0
0.0
0.0
2.04443
0.0
0.0
0.0
0.0
2.30754
5.04341
0.0
0.0
0.0
0.0
0.0
0.0
0.0
0.0
0.0
0.0
0.0
0.0
0.0
0.0
1.17549
0.0
0.0
0.0
0.0
0.0
0.0
0.0
0.0
0.0
0.0
7.88613
0.0
0.0
0.0
0.0
0.0
0.0
0.0
0.0
0.0
0.0
0.0
0.0
0.0
0.0
0.0
0.0855128
0.0
0.0
0.0
0.747386
0.0
0.0
0.0
3.82629
1.07649
0.0
0.0
0.0
0.0
0.0
0.0
0.0
0.0
0.0
0.0
0.0
0.0
0.0
0.0
4.28611
6.19318
0.0
0.0
0.0
0.0
0.0
0.0
2.72788
0.0
0.0
0.0
0.0
0.0
2.13627
0.0
0.0
4.33086
2.95428
0.0
0.0
0.0
0.0
0.0
0.0
0.0
0.0
0.0
0.0
0.0526569
1.91678
0.0
0.0
0.0
0.0
0.0
0.0
0.0
1.18227
2.6754
0.0
2.53898
0.0
2.98462
0.0
0.44637
0.0
0.0
0.0
0.0
0.0
2.47333
0.0
0.0
5.2484
0.0
0.0
3.82819
0.0
0.0
0.0
0.0
0.0
0.0
0.561268
0.0182593
3.12363
0.0
2.95172
0.0
0.0
1.15896
0.0
3.41988
0.0
0.0
0.0
0.438712
0.0
0.0
0.0
0.0
0.0
0.0
0.0
0.0
0.0
0.0
0.0
0.0
0.0
0.0
0.0
0.0
0.0
0.0
0.0
0.0
0.0
0.0
0.0
0.0
0.0
0.914645
0.0
0.0
0.0
0.0
0.0
0.0
0.0
0.0
1.72522
0.0
0.0
0.0
1.03178
0.0
0.0
3.72159
0.0
0.0
0.0
0.0
0.293568
0.313625
0.326153
0.0
0.998932
0.0
0.0
0.895479
0.0
2.55
0.0
0.0
0.0
0.0
0.0
0.160539
0.0
0.0
0.0
0.0
0.0
0.0
0.0
0.42803
0.0
0.0
0.0
0.0
0.0
0.0
0.0
2.78707
2.20132
2.43225
0.0
0.0
0.556983
0.0
0.0
0.0
0.0
0.0
0.0
0.0
0.0
0.0
0.0
0.0
0.0
0.0
0.0
0.0
0.0
0.0
0.0
0.0
0.0
0.0
0.0
0.256331
0.0
0.0
3.38575
0.0
0.0
0.0
0.0
3.41473
1.00998
0.0
1.09001
0.0
0.0
2.32608
0.0
0.0
0.0
0.0
0.0
0.0
0.0
0.0
0.0
0.0
0.0
0.0
0.0
0.0
0.0
0.0
0.0
6.93554
0.0
3.59724
0.546716
0.0
0.0
1.57068
1.55635
0.0
3.15367
0.0
0.0
0.0
0.0
0.0
0.0
0.0
0.0
0.0
0.0
0.0
0.0
0.0
0.886589
0.0
0.0
2.14551
1.475
0.0
0.0
0.0
0.0
0.0
0.0
0.0
0.126425
0.0
0.0
0.0
0.0
0.0
0.437838
0.670718
0.0
0.0
0.0
0.0
0.0
0.0
0.0
2.63311
0.0
0.0
0.0
0.0
0.0
0.910835
0.0
0.0
0.0
0.0
0.0
0.0
0.0
0.0
0.237607
0.0
0.436435
0.0
0.0
0.0
0.0
2.17356
0.0
0.0
3.10629
1.08711
1.53799
0.0
0.0
0.0
0.0
0.0
0.0
0.0
0.0
0.0
0.0
0.0
1.19004
0.0
0.0
0.502159
0.0
0.0
0.0
2.91965
0.0
0.0
0.0
0.0
4.14267
0.0
0.0
0.0
0.768227
0.0
0.0
0.0
0.0
1.06185
0.0
0.0
0.0
2.87332
0.0376171
0.0
0.0
0.0
0.0
0.0
0.0
1.26879
0.0
0.0
3.53715
0.0
0.183716
0.0
0.0
0.0
0.0
0.0
0.0
4.51143
0.0
0.0
0.0
0.0
0.0
0.0
0.0
1.70607
0.0
0.0
0.0
0.0
0.110624
0.0
0.0
0.0
1.55806
0.0
0.0
0.0
0.0
1.64639
0.0
0.0
0.0
6.32214
1.1228
0.0
0.0
0.0
0.0
0.0
0.0
0.0
0.0
0.0
0.0
0.0
6.90253
0.0
0.0
0.0
0.0
0.0
0.0
0.0
0.0
0.0
0.0
0.0
0.0
0.0
0.0
0.0
0.0
0.0
0.0
1.25074
0.0
0.0
0.0
0.0
0.789005
0.0
0.0
0.0
0.0
0.0
0.0
0.0
0.0
0.0
0.919764
0.0
0.0
0.0
0.757839
0.0
0.0
0.0
0.0
3.83021
0.0
0.0
3.70379
0.0
0.0
0.0
0.0
0.0
0.0
0.0
0.0
0.0
0.0
0.0
0.0
0.0
0.0
0.0
1.53325
0.0
0.0
0.0
0.0
0.0
0.0
0.0
0.212549
4.54312
0.0
0.0
1.57065
0.0
1.17354
0.0
0.0
0.0
1.6052
0.0
0.0
0.0
0.0
0.0
0.0
0.0
0.0
0.0
0.0
0.0
2.11498
0.0
0.0
0.0
0.0
0.0
0.0794041
3.59077
0.0
0.0
0.0
3.71489
0.0
0.0
0.0
0.0848945
0.0
1.62195
1.54667
0.0
0.0
0.0
0.162979
0.0
0.0
0.0
0.0
0.0
0.0
0.0
0.0
0.0
0.0
0.0
0.0
0.0
0.0
0.0
0.0
0.0
0.0
0.907119
0.0
5.799
4.88836
0.0
0.0
0.0
0.0
0.0
0.496942
0.0
0.0
0.0
0.0
4.01397
1.07508
2.97974
0.0
0.0
0.0
0.0
0.0
0.0
1.9871
0.0
0.877702
0.0
0.0
0.0
0.0
0.0
0.0
0.0
0.0
0.0
0.0
0.0
0.0
0.0
0.0
0.0
0.0
0.0
0.0
0.0
0.0
0.41973
0.0
0.304258
0.0
0.0
0.0
0.0
0.0
0.0
1.01653
0.0
0.0
1.66931
0.0
0.0
0.0
0.0
0.973907
0.0
0.0
0.0
5.24453
0.0
0.0
0.0
0.0
0.0
7.8677
0.0
3.57486
0.0
4.33948
4.7205
0.0
0.0
0.0
0.0
0.0
0.0
0.0
1.7292
0.0
0.0
0.0
0.0
0.0
0.0
0.0
0.696136
0.0
0.0
0.0
0.0
0.0
0.0
0.0
2.51522
0.0
0.0
0.0
0.0
0.0
1.12996
0.0
0.0
0.0
0.0
0.0
0.0
0.0
0.0
3.82367
0.892397
0.0
0.0
0.0
0.0
0.0
0.0
5.70179
0.0
0.0
0.259005
0.995571
0.506623
0.0
0.0
0.0
2.47595
0.0
0.0
0.0
0.0
0.0
0.0
0.3606
0.0
0.0
0.0
0.0
0.0
0.0
0.0
1.39312
0.0
2.65395
0.0
0.0
0.0
1.2945
0.0
0.0
0.0
0.0
0.0
0.0
0.0
0.0
0.0
0.46564
0.0
0.0
0.0
1.37679
0.0
0.0
5.54644
0.0
0.0
0.0
0.0
0.0
0.0
0.0
0.0
0.0
0.0
0.0
0.0
0.0
0.640033
0.0
0.0
2.47784
1.27004
0.0
0.0
0.0
0.0
0.0
0.0
0.0
2.10898
1.15492
0.0
0.0
0.0
0.0
0.175615
0.0
0.0
0.223545
0.0
1.27869
0.0
0.0
0.633562
0.0
0.0
0.137787
0.0
0.0
5.13184
0.0
0.0
0.958494
0.342712
0.0
0.0
0.0
0.0
0.0
0.0
0.0
0.0
0.0
0.129028
0.0
0.0
0.0
0.0
0.0
0.0
0.0
0.0
0.0
1.09599
0.0
0.0
1.08125
0.0
0.0
1.00252
0.0
0.0
0.0
0.0
0.0
0.0
0.0
0.0
0.0
0.0
0.0
0.0
1.08367
0.0
0.0
0.0
1.7053
2.73929
1.22394
0.0
0.727314
1.07688
0.0
0.0
0.0
0.0
5.34844
0.335118
0.0423766
3.08017
0.0
0.0
0.0
0.0
0.231503
0.0
0.0
0.0
0.0
0.0
0.0
0.0
0.0
0.0
0.0
0.0
0.0
0.0
0.0
0.0
1.12096
0.143246
0.0
0.0
0.0
0.0
0.0
0.0
0.0
0.0
0.0
0.0
0.0
0.0
0.0
2.21554
0.0
2.45513
0.0
4.74567
0.0
0.0
0.0
0.0
0.0
0.0
0.0
0.0
5.15524
0.98191
0.0
0.0
0.0
0.0
3.43791
5.35976
0.0
0.418655
0.823473
0.0
0.0
3.1251
2.29577
0.0
0.0
0.0
0.0
0.0
0.0
0.0
0.0
4.10621
0.0
0.0
0.0
3.25367
0.0
0.115045
0.0
0.0
0.504929
0.0
0.0
0.0
0.0
0.0
0.0
1.43605
0.0
0.0
0.0
0.0
0.0
2.78102
0.0
0.0
0.0
0.0
0.0
0.0
0.0
0.0
0.0
4.52655
0.0
0.0
0.0
0.0
0.0
0.0
0.0
2.32183
0.0
2.07324
0.0
0.0
0.0
0.0
0.0
0.0
2.30343
1.50989
0.0
0.0
3.26823
0.0
0.0
0.0
0.0
0.0
0.0
1.27861
2.50874
0.0
0.0
0.0
0.0
0.0
0.0
0.0
0.0
0.0
0.0
1.21699
0.0
0.0
0.0
0.0
0.0
0.0
0.0
0.0
3.13116
0.0
0.0
0.0
0.0
0.0
0.0
0.0
0.0
0.0
0.0
0.0
0.0
0.0
0.0
0.0
0.0
6.11118
0.0
0.0
0.0
1.18786
0.0
0.0
0.0
0.983631
0.0
0.0
0.466956
0.0
0.0
0.0
0.0
0.0
0.554839
0.0
0.0
0.0
0.0
0.0
0.0
0.0
0.0
0.0
4.06777
0.0
0.0
0.0
0.0
0.0
0.0
0.0
0.0
0.0
1.04316
0.0
2.36384
0.0
0.0
0.0
0.0
0.0
0.0
0.0
1.90745
0.0
0.0
0.0
0.0
0.0
0.0
0.0
0.0
0.0
0.0
0.0
0.0
0.0
0.0
0.0
0.0
0.0
0.0
1.0564
0.0
0.0
0.0
0.0
0.350036
0.0
0.0
0.0
0.0
0.0
0.0
0.0
4.51434
0.722806
0.0
0.0
0.0
0.0
3.87692
0.0
0.0
0.0
1.33769
0.0
0.0
0.0
0.0
0.0
0.0
0.0
0.0
0.0
2.2623
0.0
0.0
0.0
0.0
0.0
0.0
0.0
0.0
0.0
3.22154
0.0
0.0
0.0
0.0
1.3427
0.0
0.0
0.0
0.0
0.0
0.0
0.0
0.0
0.0
0.0
0.0
2.05714
0.0
0.0
0.0
0.0
0.0
0.0
0.0
0.0
0.0
0.0
0.0
3.16636
0.0
0.0
0.0
0.0
0.0
0.060304
0.0
0.0
0.0
0.0
0.0
0.0
0.0
1.66216
0.0
1.48408
0.0
1.71479
0.0
0.0
0.0
0.0
2.10396
0.0
1.33954
0.0
0.0
0.0
0.0
0.0
0.0
0.0
1.65792
0.0
0.304445
0.0
5.93861
0.0
0.0
0.0
0.0
0.0
0.0
0.0
0.0
3.0486
1.20546
0.0
0.0
0.0
0.0
0.0
0.0
0.0
0.764317
0.0
0.0
0.0
0.0
0.0
0.0
0.0
0.0
0.0
0.0
0.0
1.33141
0.0
0.0
0.0
0.0
0.0
0.0
0.0
0.0
0.0
0.0
0.0
0.0
0.0
0.0
0.0
0.0
1.41387
0.869114
0.0
0.0
0.0
0.628331
0.0
0.0
0.0
0.0
0.0
0.0
0.0
0.0
0.0
0.0
0.0
0.0
2.62888
0.0
0.0
0.0
0.0
0.0
0.0
0.0
0.0
0.0
0.0
0.0
0.0
0.0
5.50196
0.0
0.524338
0.0
0.0
0.0
0.0
0.0
0.54528
0.0
1.18115
0.0
0.0
0.657853
0.315846
0.0
0.0
0.0
0.0
0.0
0.0
0.0
0.0
0.0
1.14654
0.0
0.0
0.0
0.0
2.14048
0.77606
0.0
0.0
0.0
0.0
1.36284
0.0
0.0
0.0
12.2981
1.36102
0.0
0.122297
0.0
1.48314
0.0
0.0
0.0
1.3985
1.4714
1.09774
0.0
0.0
2.15447
0.0
0.0
0.0
0.0
0.0
0.0
0.578462
0.507848
2.00425
0.0
0.0
0.209976
2.75923
0.0
0.0
0.0
4.72237
0.0
0.0
0.0
1.22222
0.0
0.0
5.46142
0.33831
0.0
0.0
0.0
0.0
0.0
0.0
0.0
0.0
0.0
0.0
1.5484
0.0
1.21066
0.0
0.0
0.0
0.0
0.0
0.0
0.0
0.0
0.0
0.0
1.80217
0.0
0.0
0.0
0.0
0.0
0.0
1.96814
0.0
0.0
0.0
0.0
0.0
0.0
0.0
0.0
0.0
0.0
0.0
0.0
0.0
0.0
0.0
0.0
3.47917
0.0
0.0
0.0
0.657847
0.0
0.446533
0.0
0.0
0.0
0.0
0.0
0.0
6.03392
0.0
0.0
0.0
1.95118
0.0
0.0
0.0
0.0
2.37711
0.0
0.0
0.0
1.32274
0.0
0.0
3.72455
0.0
0.0
2.50884
0.229837
0.0
0.0
1.90694
0.102758
4.33832
0.0
0.0
0.0
0.0
0.464103
0.0
0.0
0.0
0.0
0.0
0.0
0.0
0.0
0.0
0.0
0.0
0.0
0.0
1.15856
0.0
0.0
2.40772
0.0
0.0
0.0
0.0
2.95243
0.601537
0.0
1.84134
1.77068
0.0
0.0
0.0
1.46617
0.0
3.58383
0.0
0.0
0.0
0.0
2.24004
0.0
0.0
0.0
0.0
0.0
0.0
0.0
3.78118
0.0
0.0
0.0
0.0
0.147743
0.0
0.0
0.0
0.0
0.0
0.0
0.0
0.301142
0.0
0.0
0.0
0.0
0.0
0.508122
0.0
2.49232
0.0
0.0
1.8876
2.27764
0.0
7.08974
0.0
0.0
0.0
3.0998
0.0
0.0
0.0
0.0
2.03017
0.0
0.0
0.922588
0.0
0.549436
0.0
0.0
0.0
0.0
0.0
0.0
3.02634
0.0
0.0
0.0
0.0
0.0
0.0
0.0
0.036171
0.0
0.0
0.0
0.0
0.0
6.89409
0.0
0.0
0.0
0.0
0.0
0.0
0.0
0.0
0.0
0.0
0.0
0.0
0.0
0.0
0.0
0.0
0.0
0.0
0.306213
0.0
0.0
1.98975
3.45384
0.0
1.16171
1.377
3.81321
6.27556
0.0
0.0
0.0
0.0
0.0
4.65036
0.0
0.0
0.0
0.0
2.48369
0.0
0.0
0.0
0.0
0.0
0.0
0.0
0.0
0.0
0.0
0.0
0.0
0.0
0.0
0.0
0.0
4.90401
0.0
0.11969
0.0
0.0
0.0
0.226979
0.480093
0.138555
0.0
0.0
0.0
1.74123
0.349363
2.80434
0.0
0.0
0.829467
0.0
0.0
0.130866
0.0
0.0
0.0
0.0
1.9481
0.0
0.0
0.0
0.0
0.0
0.0
0.0
0.0
0.0
0.0
0.0
0.0
2.53033
0.0
0.0
0.0
0.0
0.0
0.0
0.0
0.0
0.0
9.24637
0.0
0.0
0.0
0.0
0.0
0.0
0.0
0.0
0.0
0.0
0.0
0.0
0.0
0.0
0.0
0.0
0.258683
0.0
0.164376
0.0
1.46657
0.0
0.0
0.0
0.0
0.0
0.0
0.0
0.0
0.0
0.0
0.463694
0.0
0.0
0.0
0.0
0.0
0.0
0.0
0.0
0.0
0.0
0.0
0.0
0.0
0.0
0.0
0.0
0.0
0.0
0.155638
3.91732
0.56742
0.0
0.0
0.0
0.0
0.0
0.0
0.0
0.0
5.17961
0.0
0.261007
0.0
0.0
0.0
0.975262
2.619
0.0
0.0
0.0
0.0
3.47837
0.0
0.0
0.0
0.0
1.20573
0.0
4.32435
0.0
0.0
0.0
0.0
0.0
0.0
0.0
1.1971
0.0
0.0
0.0
0.0
0.0
0.0
0.0
3.18177
0.0
0.0
3.6564
0.0
2.34434
0.0
0.578808
0.0
0.0
0.626673
0.0
0.0
0.0
0.648609
0.0
0.0
0.0
0.0
0.0
0.0
3.36362
0.0
0.0
0.0
3.0075
0.0
0.0
0.0
2.2113
2.20146
0.0
0.0
0.0
3.57428
0.0
2.29984
0.0
0.0
0.0
0.0
4.6716
3.14123
0.0
0.0
0.0
0.58382
0.0
0.0
0.0
0.0
0.0
0.406168
0.0
0.0
0.0
0.0
0.0
0.0
0.0
0.0
0.0
0.0
0.0
0.0
0.0
0.0
4.53334
0.0
0.0
0.0
0.0
0.0109138
0.0
0.0
0.0
0.0
0.241701
0.0
0.540763
1.87212
0.0
0.0
0.0
1.55057
0.0
0.0
6.19202
0.0
2.7248
1.40041
0.0
2.20673
0.0
0.0
0.0
0.0
2.05103
2.60349
0.572575
0.0
0.0
1.23254
0.0
0.0
0.0
0.0
0.0
0.0
0.0
0.0
0.0
0.0
0.0
0.0
0.0
0.0
0.0
0.0
0.0
0.0
0.0
0.36025
0.0
0.0
0.0
0.0
0.0
0.0
0.0
0.0
0.0
0.0
0.0
0.0
0.0
0.0
0.0
0.0
0.608325
5.48862
0.0
4.37137
0.0
0.819421
0.0
0.378834
0.0
0.0
0.0
0.0
0.0
0.0
0.0
0.0
0.623912
0.0
0.383708
1.09842
0.0
0.0
0.0
0.0
0.0
0.0
0.0
0.0
1.30523
0.0
0.0
0.0
0.0
0.0
0.0
1.54368
0.0
0.778898
0.0
3.12342
0.0
0.0
0.0
0.0
0.0
0.0
0.0
0.0525306
0.0
0.0
4.97845
0.0
2.53988
0.0
0.0
0.0
0.0
0.0
0.0
0.0
0.0
0.0
0.0
0.532674
0.0
0.0
0.0
0.0
2.43683
0.0
0.0
0.677417
0.0
0.0
0.0
0.37637
0.503831
0.0
2.8007
0.0
0.0
0.0
0.0
0.0
0.0
0.0
0.0
0.0
0.0
0.323052
3.03516
0.0
0.0
0.0
0.0
0.81218
0.0
1.44376
0.0
5.71622
0.0
0.669964
0.0
0.0
0.0
0.0
0.0
1.16443
2.92944
0.380433
0.0
0.0
0.0
0.0
0.0
0.0
0.0
2.50424
0.0
0.0
0.0
0.346464
0.0
1.24511
0.0
0.0
0.0
0.232604
0.373986
2.85949
1.38453
0.0
0.0
1.51522
0.0
0.538334
0.0
0.0
0.0
0.0
0.945683
0.0
0.0
1.12727
0.0
0.0
0.0
0.0870496
0.0
0.0465901
0.0
0.0
0.0
0.0
0.0
0.0
0.0
0.0
0.0
0.0
0.0
0.0
0.0
0.0
0.0
0.608393
0.0
0.0
0.0
0.0
0.0
0.0
6.10834
0.0
0.0
2.75392
0.0
0.0
0.0
4.27813
3.88594
0.0
0.0
0.0
1.5815
0.921301
0.0
1.16207
0.0
0.0
0.0
0.0
0.0
0.0
0.0
0.0
0.0
0.468097
3.98578
0.0
0.0
0.0
0.0
0.0
0.0
1.60383
0.0
0.0
0.0
0.0
0.0
0.0
0.894846
0.0
0.0
0.0
3.32267
0.0
0.0
0.0
0.0
0.0
0.0
0.0
4.2822
0.0
0.0
0.0
0.0
0.0
0.0
0.0
0.131594
0.0
0.0
0.0
0.0
0.0
0.0
0.0
0.0
0.0
0.0
0.0
0.0
0.0
0.253748
0.0
0.0
0.0
0.0
0.131522
0.0
0.0
0.0
0.0
1.81787
1.57429
0.0
0.600118
0.0
0.0
0.0
0.756511
0.0
0.0
0.0
0.0
0.0
0.0
0.0
0.0
0.0
0.0
0.0
0.0
0.0
0.0
0.0
0.0
0.0
2.21198
0.0
2.74377
0.0
0.0
0.0
0.0
0.0
0.0
1.27954
0.0
0.0
4.87757
0.0
1.80193
0.0
0.0
0.0
3.34908
1.52124
0.0
0.0
0.0
8.97572
0.0
0.0
0.0726126
0.0
0.0
0.0
0.0
0.0
0.0
0.0
0.0
1.06936
0.0
0.0
9.1516
0.0
0.0
3.88502
2.6811
0.0
0.0
0.0
0.0
0.0
0.0
0.0
0.0
0.55998
0.0
5.33699
0.0
1.16541
1.56369
0.0
0.0
0.0
0.181502
0.0
0.0
0.0
0.0
0.0
0.0
1.07056
0.0
0.0
0.779568
0.0
0.0
0.212579
0.0
0.0
0.0
0.0
0.0
0.0
1.11143
0.0
1.59564
0.0
0.0
3.24223
0.0
0.0
0.0
0.0
2.70601
1.50674
0.0
0.0
0.0
0.839123
0.0
0.0
0.0
1.97364
0.0
0.0
0.0
0.0
0.0
6.13204
0.0
0.0
0.0
0.0
0.0
0.350313
0.0
0.0
2.37038
0.0
1.44598
0.0
0.0
0.0
3.36705
0.0
0.0
3.33412
0.0
0.0
0.0
0.0
2.64234
0.0
0.0
0.0
1.35125
0.0
0.0
4.99252
0.0
0.0
0.0
0.0
0.0
0.0
0.0
0.0
0.0
0.165712
0.0
0.0
3.69183
0.0
0.0
1.15376
0.0
0.0
0.0
0.0
0.0311462
0.0
1.8445
0.0
0.0
0.0
0.0
0.0
0.0
0.0
0.0218414
0.417406
0.0
2.64942
0.0
0.0
0.0
1.94164
0.0
2.03946
0.596537
0.0
0.0
0.0
0.9118
0.0
0.0
1.28532
0.0
0.0
0.0
0.0
0.0
0.0
0.0
2.32801
0.0
0.0
0.0
0.0
0.0
0.0
0.0
0.0
0.0
0.0
0.0
0.0
0.391257
0.0
0.0
0.0
0.0
0.0
0.746687
0.0
0.0
0.00233296
0.0
0.0
0.0
0.0
1.23924
0.0
0.0
0.0
0.0
0.0
1.55121
0.0
0.0
0.394869
0.968787
0.689804
2.12468
0.0
0.0
0.0
0.0
0.0
0.0
0.657781
0.0
0.0
0.0
0.0
0.0
0.0
0.0
1.96354
0.0
0.0
0.0
2.56214
0.0
0.0
0.0
1.69791
0.0
0.0
0.0
0.0
0.0
0.0
0.0
0.0
0.0
0.0
0.0
0.860317
0.0
0.0
0.0
0.0
0.322332
2.63277
0.0
0.0
0.0
0.0
0.0
1.04164
0.0
0.0
0.0
0.0
0.0
0.0
0.0
0.0
0.0
0.0
0.0
0.0
0.0
0.0
0.0
0.0
0.0
0.0
0.0
1.51711
0.0
0.0
0.0
4.02142
0.0
0.0
0.0
0.0
0.0
0.0
0.0
0.0
0.0
2.98945
0.0
0.0
0.0
0.0
0.0
0.0
0.0
0.0
0.0
0.832492
0.0
0.736854
0.0
3.33245
0.0
0.0
0.0
0.0
0.0
0.985253
0.0
3.80985
0.0
0.0
0.0
0.0
0.0
0.0
0.0
0.0
0.0
0.0
0.0
0.0
0.0
0.0
0.0
0.0
0.0
0.0
0.0
0.0
3.87562
0.0
0.0
3.52203
1.65713
0.0
2.93296
0.0
0.0
1.99884
6.29236
0.0
0.0
1.22145
0.0
0.0
0.0
0.0
0.0
0.0
0.0
0.0
0.0
0.781376
0.0
2.91842
0.0
0.0
0.202143
1.32248
0.0
0.0
0.0
0.0
0.983162
1.31005
0.0
0.0
2.94909
0.0
0.0
4.61767
0.0
0.0
0.0
0.0
1.18367
0.0
0.856977
0.0
0.0
0.0
0.0
0.0
0.0
0.0
0.0
0.0
0.0
0.0
0.0
0.0
0.691308
0.0
0.0
0.0
0.0
0.0
0.0
3.69082
0.0
0.0
0.0
0.0
0.0
0.0
0.0
0.0
0.0
4.35849
0.0
0.0
0.0
0.0
0.0
0.0
0.0
0.0
0.0
0.0
2.69266
0.0
0.0
0.0
0.0
0.0
0.0
0.0
0.0
0.0
0.0
0.0
0.0
0.0
0.0
0.0
0.0
5.8259
0.0
0.0
0.0
0.0
2.53781
0.0
0.0
0.0
0.0
0.0
0.0
0.0
0.0
0.595886
0.0
0.0
0.0
1.84223
0.0
0.0
0.0
4.58214
0.0
0.0
0.0
0.359232
0.0
0.0
0.0
1.55422
0.0
0.0
0.0
3.26039
0.0
0.0
0.0
0.0
0.0
0.0
0.0
2.641
0.184166
0.0
0.0
0.0
0.0
0.0
2.19637
0.0
0.0
0.0
0.0
0.0
1.5213
0.0
0.191392
0.0
0.0
0.0
0.0
0.186372
0.0
0.0
0.0
0.0
0.0
0.0
0.0
0.0
0.0
0.0
0.936594
0.170606
3.28714
0.0
0.0
0.0
0.0
0.0
0.0
0.0
0.0
0.0
0.0
0.0
0.0
0.0
1.80189
0.0
0.0
2.99664
1.96311
0.0
0.0
0.0
0.0
0.0
0.0
0.0
0.0
0.0
4.96684
0.0
0.0
0.0
0.0
3.35451
2.10372
0.0
0.0
0.0
0.0
0.0
0.0
0.0
0.0
0.0
0.0
0.0
0.0
0.0
0.0
0.0
2.70563
5.64573
0.0
0.0726726
0.0
0.0
0.0
1.13156
0.0
0.55725
0.0
0.0
0.0
0.0
0.0
0.0
1.31693
0.0
0.0
0.0
0.0
0.0
0.0
0.0
0.0
0.0
0.0
2.47773
0.546115
4.16242
0.0
0.0
0.0
0.438488
0.0
0.0
0.0
2.0721
0.0
0.0
3.94824
0.0
0.0
0.0
0.0
5.76023
0.0
0.0
0.0
0.0
0.0
0.0
0.40315
0.0
0.0
0.0
0.0
0.0
0.0
0.0
0.0
1.6693
0.0
0.0
6.69098
0.745475
0.0
0.0
0.0
0.0
0.0
0.0
0.0
0.0
0.0
0.0
0.0
0.0
1.12131
0.0
0.0
0.0
0.0
0.0
0.0
0.0
0.0
0.0
2.76616
0.0
0.0
0.0
3.46989
4.72383
0.0
0.0
0.0
0.0
0.0
0.0
0.0
0.0
0.0
0.0
0.0
0.5737
0.0
0.0
0.0
0.0
0.0
6.71128
0.0
3.22774
0.0
0.398801
0.0
0.0
1.71507
0.0
0.0
0.0
0.0
0.0
0.0
0.0
0.0
0.0
0.0
0.0
0.0
0.0
0.0
0.0
2.4873
0.0
0.0
0.0
5.98192
0.0
0.0
0.0
0.0
0.0
0.0
0.0
2.03396
1.5999
1.67261
0.0
0.0
0.0
0.0
0.0
0.0
0.0
1.53531
0.0
0.0
0.0
0.0
0.0
0.0
0.0
0.0
3.71256
0.732144
0.0
0.0
0.0
0.0
1.77834
0.0
0.0
0.0
0.0
0.0
0.553192
1.63284
0.0
1.66752
0.0
0.0
0.0
0.0
0.0
0.0
0.0
0.0
0.0
0.0
0.0
0.0
0.0
3.03178
0.0
0.0
0.0
0.0
0.0
0.0
0.0
0.0
0.0
0.0
0.0
0.0
0.0
0.0
0.783533
0.0
0.0
0.0
0.0
4.28181
0.0
0.0
0.0
1.08185
3.61767
0.0
0.0
0.0
0.511272
0.0
0.0
0.0
3.90563
0.0
1.01357
0.0
0.0
0.0
0.0
0.0
0.852551
0.0
0.0
0.0
0.0
0.0
0.0
0.0
0.0
0.0
0.0
0.0
0.0
0.0
0.0
0.0
0.0
1.60771
0.0
0.459445
0.0
0.0
0.0
3.81024
0.0
0.0
4.02258
0.0
0.0
0.0
0.0
2.70935
0.0
0.0
0.0
0.0
0.0379616
0.398224
0.0
0.0
1.28218
0.0
0.0
0.0
0.0
0.0
0.0
0.0
0.0
0.0
0.0
0.0
0.0
0.0
0.0
0.0
0.0
0.0
0.816319
0.0
0.0
0.0
2.15154
0.0
0.0
0.0
0.0
0.0
0.0
0.0
2.84341
0.0
0.252608
2.76454
0.0
0.0
0.0
0.0
0.0
0.0
0.0
0.0
0.0
0.0
0.375743
0.95878
0.0
0.0
0.0
0.0
0.0
0.0
0.0
0.0
0.0
0.0
0.0
0.0
0.0
0.0
0.0
0.0
0.0
0.0
0.0
0.0
0.508488
0.0
0.0
0.0
0.0
0.0
0.0
0.0
0.0
0.0200703
3.32718
0.0
0.0
0.0
2.89564
0.0
1.63585
0.0
0.041019
0.0
0.692895
0.0
0.391487
0.0
0.0189508
0.0
2.70025
0.0
0.0
0.0
0.0
0.0
0.0
0.0
2.18732
5.99139
0.0
1.41449
0.70068
0.0
0.0
0.0
0.0
0.0
0.46018
0.0
1.60183
0.0
0.0
0.0
0.0
0.0
1.78734
1.54091
0.619486
0.0
0.0
0.0
0.0
0.0
0.0
0.0
0.371614
1.69967
0.0
0.0
0.0
0.0
0.0
0.0
0.0
0.62036
3.47532
0.0
0.0
2.27967
0.0
0.0
0.0
0.102508
0.0
0.0
0.0
0.0
0.0
0.0
0.0
1.07406
0.0
1.84733
0.0
0.0
0.0
0.0
0.0
7.19811
0.0
0.0
0.0
0.0
0.0
0.0
0.500585
0.0
0.0
0.0
0.0
1.81433
3.1063
0.0
0.0
0.0
0.0
0.0
0.0
0.0
2.6222
0.0
1.80828
0.0
0.0
0.0
0.0
0.0
0.0
0.456349
0.0
0.0
0.0
0.0
0.0
3.43016
0.0
0.0
0.0
0.186751
0.0
0.173215
0.0
4.27457
0.0
0.0
1.04199
0.0
0.0
0.0
0.0
0.0
0.0
0.0756286
0.0
0.0
5.84967
0.0
0.0
0.0
0.903981
0.187558
0.0
0.0
0.0
0.0
0.0
0.0
0.0
0.997208
0.0
0.0
1.06605
0.0
0.0
0.0
0.867861
0.0
0.0
0.0
0.0493111
0.0
0.0
0.0
0.0
0.0
0.0
0.0
3.46342
1.95187
0.0
0.0
0.0
0.719646
0.0
0.0
0.0
0.0
3.30442
0.0
0.0
0.262433
0.0
0.0
5.94632
0.0
0.0
0.0
0.0
0.0
0.0
0.0
0.0
0.0
1.71603
1.7457
0.0
0.0
0.0
0.0
0.0
0.0
0.0
0.0
0.0
0.0
0.0
0.0
0.0
0.0
0.0
0.0
0.0
0.628085
0.0
2.61919
0.0
0.0
0.0
0.0
0.0
0.0
0.0
3.38207
0.0
0.0
0.0
0.0
0.0
0.0
0.0
0.0
0.0
0.0
0.713689
0.0
0.0
2.72325
0.0
0.0
0.0
0.0
3.3851
0.0
0.0
0.0
