0.0
0.0
6.46566
0.0
5.41356
0.0
0.0
0.0
0.0
0.0
0.0
0.0
0.0
3.48915
1.48927
0.0
0.0
0.0
0.0
0.0
0.0
0.0
0.0
0.0
0.0
0.0
0.0
0.0
0.0
0.0
0.0
0.0
0.0
9.91383
0.0
0.0
0.0
0.862689
0.530091
0.0
0.0
0.0
0.0
0.0
0.0
5.01941
0.0
0.0
0.416846
0.246389
2.5534
0.0
0.0
0.0
0.616255
0.0
0.0
0.0
0.0
0.0
0.0
0.0
0.0
1.61663
0.0
0.0
0.0
1.39476
0.0
0.0
0.0
0.0
0.0
0.266812
0.0
0.0
0.0
0.626671
1.98231
0.0
1.72965
0.0
0.0
0.0
0.0
0.0
0.0
0.0
0.0
0.0
0.0
0.0
0.0
0.0
0.0
0.0
0.0
0.0
0.0
0.0
0.0
0.0
0.0
0.0
0.0
0.0
0.0
0.0
0.0
0.0
0.0
0.0
0.0
0.0
0.0
0.0
0.0
2.64583
2.85736
0.0
0.0
0.0
0.0
0.0
0.0
0.0
0.0
1.38822
0.0
0.0
0.0
0.0
0.0
0.0
3.96846
0.0
0.051787
0.0
2.67174
0.0
0.0
1.44445
0.0
0.0
0.0
0.0
0.0
1.2425
1.96417
0.0
0.0
0.0
0.0
0.0
0.0
0.0
0.0
0.0
0.0
0.0
0.0
2.18275
0.0
0.0
0.0
0.0
0.0
0.0
0.0
0.0
0.0
0.0
1.11214
0.0
0.0
0.0
5.0956
0.0
0.0
0.0
6.56984
0.0
0.0
0.0
0.0
1.07859
0.0
0.0
0.0
0.0
0.326467
0.0
3.68685
0.0
0.0
0.0
0.0
0.0
0.0
2.74775
0.0
0.797788
0.0
2.53984
0.0
0.0
0.0
0.0
0.0
1.89539
0.0
0.0233135
0.0
0.0
0.0
1.76256
0.0
0.0
0.0
0.0
0.0
4.11363
0.0
0.0
0.0
0.0
0.0
0.0
0.0
0.0
0.0
0.0
0.0
0.0
0.0
0.0
0.0
0.0
0.0
0.0
0.0
0.0
0.0
2.15459
0.0
1.40992
0.0
0.350498
0.0
0.0
0.0
0.0
0.0
0.0
0.0
0.0
0.0
0.0
0.0
0.0
0.0
0.0
0.679958
0.0
0.0
0.0
0.236055
0.0
0.0
0.0
0.0
0.467693
0.0
0.0
0.0
0.0
0.169612
0.0
0.0
0.0
0.0
0.0
1.21335
0.0266367
0.0
0.0
0.0
0.0
0.389442
0.0
0.0
0.0
0.0
0.0
0.654726
0.0
0.0
0.0
0.0
0.0
0.0
2.54707
4.6185
0.0
0.0
0.0
0.0
0.0
1.91553
0.0
0.0
0.0
0.0
0.0
0.0
0.0
0.0
0.0
0.822249
0.0
0.312235
0.0
0.0
0.0
0.0
0.0
2.83209
0.0
0.0
0.0
0.0
0.0
0.0
0.0
0.0
0.0
0.0
0.0
0.0
0.0
0.0
0.0
0.0
0.0
0.0
0.0
0.0
0.0
0.0
0.0
0.0
0.0
0.0
0.615054
0.0
0.0
0.0
0.0
0.0
1.3077
0.0
0.0
0.0
0.0
0.0
0.0
0.0
0.0
0.0
0.0
0.0
0.0
0.0
0.0
0.0
0.0
0.0
0.0
0.0
0.0
0.0
0.0
1.39644
0.0
0.0
0.0
0.0
5.00994
0.0
2.96482
0.0
0.0
0.0
2.13691
0.0
1.83271
9.91
0.0
0.0
0.555085
0.0
0.0
0.0
0.0
1.39633
0.0
0.0
0.0
0.0
0.0
0.0
0.0
0.0
0.0
1.77641
0.0
0.0
0.0
0.0
3.43804
0.0
0.0
0.0
0.0
0.0
0.0
0.0731395
0.0
0.0
0.0
6.62928
0.0
0.0
0.0
0.0
0.0
0.0
0.0
0.0
0.0
0.0
0.0
0.0
0.0
0.0
0.0
0.0
0.0
0.0
0.0
0.0
0.0
0.0
0.0
0.0
0.0
0.0
0.0
0.0
0.5254
0.0
0.0
0.0819659
0.0
0.0
0.0
0.0
0.0
0.318678
1.05447
0.0
0.0
0.0
0.0
0.0
0.0
0.0
0.0
2.30352
0.0
0.0
0.0
0.0
1.60386
0.0
0.0
0.0
0.0
0.0
0.0
0.0
0.0
0.0
0.0
0.0
1.20325
4.9406
2.78697
2.69671
0.0
0.0
1.77496
0.0
0.0
0.0
0.791413
0.0
0.0
0.0
0.0
0.0
3.10116
0.0
0.0
0.0
0.0
0.0
1.32202
0.0
0.0
0.0
0.0
0.0
4.14426
0.0
0.181583
0.0
0.0
0.0
0.0
0.0
0.0
2.3254
3.16965
0.0
0.0
3.76208
0.0
0.0
0.0
0.0
0.0
0.0
0.0
0.0
0.0
0.0
0.0
0.0
0.0
0.0
0.0
0.0
0.0
0.0
0.0
0.692584
0.0
0.0
0.0
0.0
0.0
0.0
0.0
0.389894
0.0
1.70939
0.13825
0.0
0.0
0.0
0.0
0.0
0.865299
0.0
0.0
0.0
0.0
0.0
0.370596
0.0
0.0
2.29515
0.0
1.23675
0.0
0.405825
0.0
0.0
0.0
0.0
0.0
0.32687
0.0
0.0
0.0
0.0
0.0
0.0
0.0
0.0
0.0
0.0
0.0
0.0
0.0
0.0
0.0
0.0
0.0
0.0
0.0
0.0
0.0
2.69265
0.859902
0.0
0.0
0.0
1.32217
1.26313
0.0
1.7549
0.0
1.1232
0.0
0.0
0.0
0.0
0.0
0.0
0.0
0.0
0.0
0.0
0.0
0.0
1.48892
0.0
0.0
1.29433
0.0
0.0
0.916049
0.0
0.0
0.243929
0.0
0.0
0.0
0.0
0.0
0.0
0.0
0.0
0.0
0.0
4.65525
0.0
0.0
3.03394
1.65701
0.0
0.0
0.0
0.0
0.0
0.0
0.0
0.0
0.0
0.0
0.0
0.0
0.0
0.0
0.488309
0.0
0.0
0.0
0.0
0.0
0.0
1.16149
0.0
0.0
0.0
0.0
0.0
0.0
0.780249
0.0
0.0
0.0
0.0
0.0
0.0
0.0
0.0
0.0
0.0
0.237822
0.0
0.151577
0.0
0.0
0.0
0.0
0.0
0.0
0.0
0.0
5.10423
0.0
0.0
0.0
0.0
0.0
0.0
0.0
0.0
0.0
0.0
0.0
0.0
0.0
0.0
0.0
0.201841
0.0
0.0
0.0800058
0.0
0.0
2.30798
3.77164
0.0
0.0
0.473766
0.0
0.0
0.0
0.0
0.0
0.0
0.0
0.0
0.0
0.0
0.0
0.0
1.96122
0.544055
0.0
0.0
0.0
0.0
0.398107
2.19829
0.0
0.270606
4.11179
0.656634
0.0
0.0
0.0
0.0
0.0
0.0
0.037893
0.0
0.0
0.0
0.0
0.0
0.0
0.0
0.0
0.0
0.648437
0.0
0.0
0.0
0.0
0.0
0.0
0.0
0.0
0.0
0.0
0.0
0.0
0.0
0.0
0.0
0.0
3.43562
0.0
0.0
5.21774
0.0
0.0
0.0
3.9585
0.0
0.0
0.0
0.0
0.0
0.0
0.0
0.0
0.0
0.0
0.0
0.0
0.0
0.0
0.0
0.0
0.0
0.0
0.0
0.0
0.0
0.302621
0.0
0.0
0.0
0.894008
0.0
0.0
0.0
0.0
0.0
0.0
0.0
0.0
0.0
0.0
0.0
0.0
0.574917
0.0
0.0
2.12384
0.0
1.81715
0.0
0.551111
0.0
0.0
0.135142
0.0
0.0
0.0
0.0
0.0
0.0
0.0
3.36449
1.54182
0.0
0.0
0.247583
0.0
0.0
0.489339
0.0
0.0
0.0
0.0
0.0
0.0
0.0
0.0
0.0
0.0
0.0
0.0
0.0
4.14786
0.0
0.0
0.0
0.0
0.0
0.0
0.0
0.0
0.0
3.447
0.0
0.0
4.19342
0.0
0.0
0.0
0.0
0.0
0.70142
0.0
0.0
0.0
0.0
0.0
0.0
0.0
0.463774
0.0
0.0
0.167091
0.0
0.0
0.0
0.0
0.0
0.0
0.735834
0.0
0.0
0.0
0.0
0.697452
0.0
0.0
0.0
0.0
0.0
0.572328
0.746296
0.0
0.0
0.0
0.0
0.0
0.0
0.0
0.0
0.0
0.0
0.0
0.0
0.906616
0.0
0.0
1.33046
0.0
0.0
0.3611
0.0
0.514432
0.0
0.0
0.0
0.0
0.0
0.0
0.0
0.0
0.0
0.0
0.0
0.0
0.0
0.0
0.0
0.823006
0.0
2.09263
1.52841
0.0
0.0
0.0
0.0
0.0
0.0
0.0
0.0
0.542272
0.0
0.0
0.0
0.0
3.46867
0.0
0.0
0.0
0.0
0.0
0.0
0.0
0.0
0.0
0.0
0.0
0.0
0.0
0.0
0.0
0.0
1.38373
0.0
0.0
0.0
0.0
0.0
0.231638
0.0
0.0
0.0
0.0
0.0
0.0
0.0
0.0
0.0
2.19254
0.0
0.313468
0.0
0.0
0.0
0.0
0.0
0.0
0.0
0.0
0.0
0.0
0.869052
0.0
0.0
0.0
2.68725
1.79697
0.0
0.0
0.0
0.0
0.0
0.0
0.0
0.0
1.31376
0.0
0.0
0.0
0.0
0.0
0.0
0.641643
0.0
0.0
0.0
0.0
0.0
0.0
0.0
0.0
0.0
0.0
0.0
0.0
0.0
1.62552
2.51311
2.84636
2.75498
0.0
0.0
0.0
0.0
0.0
1.67939
0.0
0.0
0.0
0.0
0.0
0.451525
0.0
0.0
0.0
0.690851
0.0
0.0
1.00497
0.0
0.0
0.0
0.0
1.83559
0.0
0.0
0.0
0.0
2.00527
0.0
1.47533
0.0
0.0
0.0
0.0
0.0
0.0
0.0
0.0
0.0
0.0
0.0
0.0
3.04799
0.0
0.0
0.0
0.0
0.0
0.0
0.0
0.0
0.0
0.0
0.0
0.0
4.16712
0.0
0.0
1.64235
0.0
0.0
0.0
0.0
0.0
0.0
0.478548
0.0
0.0
0.0
0.0
0.0
0.0
0.0
7.66193
1.9368
0.0
0.0
0.0
0.0
2.33117
0.0
1.29725
0.0
0.0
3.45923
0.0
0.0
0.0
0.0
0.0
0.0
0.0738418
1.98793
0.0
0.901682
0.0
0.0
1.03592
0.701522
0.0
0.0
0.0
2.25865
0.0
0.0
0.0
0.0
0.0
0.89979
0.0
0.0
0.0
0.0
0.0
0.0
0.0
0.0
0.0
2.7589
0.0
0.0
0.0
0.0
0.0
0.0
0.0
0.0
0.0
0.0
0.0
0.0
0.0
1.62692
0.0
0.0
0.0
0.0
0.0
0.0
0.0
0.0
0.0
0.0
0.0
0.0
0.0
0.0
0.0
0.629757
5.3897
0.0
0.0
0.0
0.0
1.60398
0.183678
0.0
0.0
0.0
0.00847477
0.0
1.53496
1.85671
0.0
0.0
0.455416
0.0
0.0
5.67355
0.0
0.0677337
0.0
0.0
0.0
1.02894
0.0
0.0
0.0
1.61138
0.0
0.0
0.0
0.0
4.84823
0.0
0.0
0.0
0.0
0.0
0.0
0.0
0.0
0.0
0.0
0.0
0.0
0.0
0.0636982
0.0
0.24089
0.0
0.0
0.0
0.0
0.0
0.0
0.491188
0.957167
0.0
0.0
0.0
0.0
0.0
0.0
0.0
0.0
0.0
0.0
0.0
0.618431
0.0
2.0081
0.0
1.78168
3.53059
1.86639
0.0
0.0
0.0
0.0
0.0
0.0
0.0
0.0
1.4897
0.0
3.08511
0.0
0.0
0.0
0.0
0.0
0.0
0.0
0.0
0.678092
0.422038
0.0
0.0
0.0
0.0
3.62726
0.0
0.0
0.0
0.0
0.0
0.0
0.0
0.0
0.0
0.0
0.0
0.0
0.248416
0.0
0.0
0.0
0.0
0.0
0.0
0.0
0.0
0.0
0.0
0.0
0.0
0.981133
0.0
1.97982
0.0
0.0
0.0
0.0
0.0
0.0
0.0
0.0
0.317372
0.0
0.0
0.0
0.0
0.0
3.64562
0.0
0.0
0.0
0.0
0.0
1.29886
0.897132
0.0
0.0
0.0
2.00881
0.0
0.0
0.102865
0.339898
0.0
0.0
0.0
0.0
0.0
0.0
0.0
0.0
0.0
0.0
0.0
2.44469
0.0
0.0
0.0
0.0
0.292413
0.46995
0.0
0.0
0.0
0.0
0.0
0.0
0.0
0.0
0.0
0.0
0.70059
0.0
0.939294
0.0
0.0
0.0
0.0
1.48536
0.0
0.0
0.0
0.724238
0.0
3.63846
0.0
0.0
0.0
0.0
0.0
0.0
0.0
0.909526
0.0
0.0
0.0
0.0
0.0
0.0
0.0
0.0
0.0
2.14033
0.0
0.0
0.0
3.67078
2.01077
0.0
0.0
0.0
0.0
1.76845
0.0
0.0
0.0
0.0
0.0
0.0
0.0
0.0
0.0
0.0
0.0
0.0
0.0
0.0
0.0
0.0
3.263
0.0
0.0
0.0
1.83177
0.0
0.0
0.0
0.0
0.0158867
0.0
0.0
0.0
0.0
0.0
0.0
0.0
0.0
0.0
0.0
0.0
0.0
0.932638
0.0
0.0
1.17093
0.0
0.0
0.0
0.0
1.43469
0.0
0.0
0.0
0.0
0.0
0.0
0.0
0.0
4.49588
0.0
0.0
0.0
0.0
0.0
0.0
0.0
0.0
1.87576
0.0
0.0
0.0
0.0
0.0
0.0
0.212005
0.0
0.0
0.0
0.0
0.0
0.0
0.0
0.0
0.353239
0.0
0.0
0.385848
0.0
0.0
0.0
0.404396
0.0
0.0
0.447408
1.80052
0.0
2.88524
0.0
0.0
0.0
0.0
0.0
0.524305
0.0
0.0
0.0
0.0
0.0
0.00321028
0.0
0.0
0.0
0.0
1.26262
0.214044
0.0
0.444286
0.0
0.0
0.0
0.0
0.0
1.3317
1.25104
0.0
0.0
1.85583
0.0
0.0
0.0
0.0
0.0
0.0384822
0.0
0.0
0.0
0.0
0.0
0.0
0.0
0.0
0.0
0.0
0.0
0.0
0.0
0.0
0.0
0.0
0.0
0.0
0.0
0.158385
0.0
0.0
0.0
0.0
0.0
0.0
0.0
0.0
0.0
0.255915
0.0
0.0
0.0
0.0
0.0
0.0
0.0
0.0
0.0
0.0
0.924534
0.0
0.0
0.0
0.0
0.0
0.783687
0.0
0.0
0.0
0.0
0.0
0.0
0.0
0.0
0.875182
0.0
0.0
0.0
0.0
0.0
0.0
1.04782
0.0
2.21899
3.48214
0.0
0.0
0.0
0.0
0.0
0.0
0.0
0.0
0.0
0.0
0.0
0.0
0.0
0.168691
0.20447
3.10019
0.0
0.0
0.0258057
0.531419
0.564098
0.53828
0.0
1.36192
1.43053
2.58074
0.0
0.0
1.21123
0.0
0.0
0.0
3.17707
0.0
0.0
0.0
0.0
0.0
0.283248
0.0
0.0
0.0
0.0
0.0
0.0
0.0
0.0
0.0
0.0
0.0
0.0
0.0
0.494911
0.0
0.0
0.0
0.0
0.0
0.0
0.917546
2.04016
2.02515
0.0
0.0
0.0
1.54904
0.0
0.0
0.0
0.0
0.0
2.30535
0.855485
0.0
0.0
0.0
0.0
0.0
0.0
0.0
0.0
0.0
0.0
0.0
0.0
0.0
0.0
0.0
0.0
0.0
0.0
0.0
0.0
0.0
0.0
0.0
0.0
0.0
0.0
0.0
0.0
0.0
0.0
0.0
0.0
0.0
0.0
0.0
0.0
0.0
0.0
0.0
0.0
0.0
1.75226
0.0
0.0
0.0
0.0
1.21412
0.582411
0.230783
0.0
0.0
2.57943
0.0
0.0
0.0
0.0
0.0
0.0
0.0
1.45598
0.0
0.990086
0.0
2.39414
0.0
0.0
0.0
0.0
0.0
0.0
0.0
0.0
0.0
0.0
0.0
0.0
0.0
0.0
0.0
0.0
0.0
0.0
0.0
0.0
0.0
0.0
1.015
0.0
0.0
0.0
0.0
0.0
0.0
0.0
0.0
0.551352
0.0
0.17163
0.0
0.0
0.0
0.0
0.0
0.0
0.0
0.0
0.0
0.0
1.68485
0.0
0.0
0.131481
0.0
0.0
0.744077
0.0
0.0
0.0
0.0
1.27809
0.0
0.0
0.0
0.0144031
2.80728
1.40078
1.73591
0.0
0.0
0.0
0.898807
0.0
0.0
0.0
1.32695
0.0
0.0
0.0
0.0
3.71226
0.0
0.0
0.0
0.0
0.0
2.14997
0.251372
0.0
0.0
0.0
0.0
0.0
0.0
0.0
0.0
0.0
0.0
2.16565
0.0
0.0
0.0
0.0
0.0
2.54696
0.0
0.0
0.0
0.0
0.299809
0.452237
0.963265
0.0
0.0
0.0
0.0
0.0
1.01022
0.0
0.0
0.0
0.0
0.0
0.0
0.0
0.57919
0.0
0.0
0.0
0.0
0.0
0.0
0.0
0.0
0.0
0.0
0.0
0.0
0.0
0.0
0.0
0.0
0.0
0.0
2.45004
0.0
0.0
0.0
0.0
0.0
0.0
0.0
0.0
0.0
0.0
0.179525
0.0
0.0
0.0
0.0
0.0
1.4032
0.0
0.0
0.0
0.0
0.0
1.42945
0.0
0.0
0.0
0.0
0.0
0.0
0.0
0.0
0.0
0.0
0.0
0.0
0.641548
0.0
0.0
0.0
0.0
0.0
0.0
0.0
0.0
0.0
0.0
0.0
0.0
0.0
6.23632
0.0
3.85288
0.0
0.0
0.0
0.0
4.33156
0.0
0.0
0.0
0.0
0.515208
0.0
0.0
0.0
0.0
0.0
0.0
0.0
0.0
0.0
3.84467
2.02725
0.0
6.48607
0.0
0.0
3.00825
2.07997
0.0
0.0
0.0
0.0
0.0
3.47319
0.0
0.0
0.0
0.463372
0.0
0.0
0.0
0.70609
0.0
0.0
0.0
0.0
0.0
0.0
0.0
0.0
0.0
0.0
0.0
0.0
0.0
3.31451
0.0
2.35467
0.0
0.0
0.0
0.0
0.0
0.0
0.0
0.0
0.0
0.0
0.0
0.0
3.03619
0.0
0.0
0.0
0.0
4.11188
0.0
0.0
0.0
0.0
0.0
0.0
0.0
0.0
2.25546
0.0
0.0
0.0
0.0
0.0
0.0
0.0
0.0
0.0
0.907271
0.0
0.0
0.0
0.0
1.56389
0.0
0.0
0.0
0.0
0.0
1.83507
0.0
2.49059
0.0
0.0
0.0
0.0
0.0
0.0
3.81972
0.0
0.0
0.0
0.0
0.0
1.81253
0.0
0.0
0.0
0.0
0.0
0.0
0.0
0.0
0.97326
0.0
1.7813
0.0
0.0
0.0
0.0
0.0
3.33918
0.0
0.0
0.0
0.0
0.0
0.0744998
0.0
0.477861
0.0
0.0
0.0
0.0
0.0
0.0
0.485621
0.0
3.28378
1.53548
0.0
0.0
0.0
0.0
0.0
0.0
4.69413
0.0
0.0
0.0
0.0
0.172432
0.0
0.0
0.0
0.0
4.45206
0.0
0.0
0.0
2.09147
0.452351
0.0
0.0
0.0
0.0
0.941787
0.0
0.0
0.0
0.0
0.0
0.0
6.00376
0.0
0.0
0.0
0.701449
0.0110107
0.0
0.0
0.463213
0.0
0.0
0.0
0.0
1.0487
0.0
1.03004
0.0
0.0
0.0
0.0
0.742686
0.0
0.0
0.0
0.0
0.0
0.0
0.16078
0.0
0.0
0.0
0.213655
0.0
2.01101
0.0
0.0
0.0
4.65862
0.0
0.0
0.0
0.0
0.0
0.0
0.0
0.0
0.0
0.0
0.359765
0.0
0.0
0.0
0.0
2.32086
0.0
0.108393
0.0
0.0
0.0
0.0
0.0
0.0
0.0
0.0
0.0
0.0
0.0
0.0
0.996553
0.0
2.43605
0.0
0.0
0.0
1.61149
0.0
0.0
2.5762
0.0
0.0
0.0
0.0
1.92902
0.0
0.0
0.0
0.0
0.0
0.0694064
0.0
0.0
0.0
0.738618
0.0
0.0
1.47416
0.0
0.0
0.0
0.0
0.298559
0.0
0.0
0.0
0.0
0.835114
0.0
2.11826
0.0
3.5511
0.0
0.0
0.0
0.0
0.0
0.0
0.0
0.0
0.0
0.0
0.0
0.0
0.0
0.0
0.852523
0.0
0.0
0.0
0.0
0.0
0.0
0.0
0.0
2.14753
0.0
1.14509
0.0
0.0
2.53108
0.0
0.0
0.0
1.1825
0.0
0.697722
0.0
3.66696
0.0
0.0
0.0
0.0
0.0
1.07274
0.0
0.0
0.0564577
0.0
0.0
0.0
0.0
0.0
0.0
0.146249
0.0
0.0
0.0997917
0.0
0.574396
0.0
0.0
0.0
0.0
1.39829
0.0
4.25676
0.447521
0.0
0.0
0.553386
0.0
0.0
0.0
0.0
0.0
0.0
0.0
0.0
0.0
0.342201
0.0
0.0
0.0
0.0
0.0
0.0
0.0
0.0
0.0
0.0
0.0
0.0
0.0
0.0
1.55016
0.0
0.0
0.0
0.0
0.0
0.0
0.0
1.00967
0.0
0.148471
0.0
0.0
0.0
0.0
0.544591
0.0
0.0
0.0
0.0
0.0
0.0
0.0
1.50946
0.0
0.0
0.0
0.0
1.43512
0.0
0.0
0.0
0.0
0.0
0.0
1.70707
0.0
0.0
0.0
0.660704
0.0
0.0
0.0
0.0
0.0
3.40899
0.0
0.0
0.0
2.23617
0.0
0.0
0.0
0.884462
4.31991
2.2851
1.79928
0.0
2.15184
0.0
0.0
0.0
0.0
0.0
1.59323
0.0
0.0
0.0
0.0
0.0
0.0
3.71699
0.0
0.0
0.0
0.0
0.0
0.0
0.0
0.708864
0.0
0.0
0.0
3.99669
0.0
0.0
0.0
0.0
0.0
0.0
0.0
0.0
0.0
0.0
3.20085
1.16909
0.0
0.0
0.0
0.0
0.0
0.0
0.0
0.0
0.0
0.0
0.0
0.0
0.0
0.0
0.0
0.0
0.0
0.0
0.0
0.0
0.0
0.0
0.0
0.0
0.0
0.0
0.0
0.0
0.0
0.990083
0.0
0.0
0.705131
0.0
0.0
0.0
0.0
0.0
0.0
0.0
0.0
0.0
0.0
0.0
0.0
0.0
0.03733
0.0
4.09129
0.0
0.0
0.0
0.0
0.0
0.0
0.0
0.0
0.0
0.0
0.0
0.0
0.0
0.0
0.0
0.0
0.0
0.0
0.0
0.0
0.402988
0.0
0.0
0.0
0.0
0.0
0.0
0.0
0.0
1.80215
0.0
0.0
0.515878
0.0
3.40321
0.0
0.0866188
0.0
1.22697
1.45276
0.0
0.0
0.0
0.0
0.0
0.0
0.0
0.0
0.0
0.0
0.0
0.0
0.0
0.0
0.0
0.0
0.0
0.0
0.0
0.0
0.455621
0.0
0.0
0.929916
0.0
0.0
0.0
0.0
0.0
0.0
0.0
0.0
0.0
0.0
0.241833
0.0
0.0
0.0
0.0
0.0
1.68933
0.0
0.0
0.0
0.0
0.0
0.0
0.0
0.0
0.0
0.0
0.0
0.0
0.333461
0.0
0.0
0.0
0.0
0.0
0.0
0.0
0.0
0.0
0.0
0.0
0.0
0.0
0.0
0.0
0.0
0.0
0.0
0.0
0.0
0.0
0.0
0.0
0.504985
0.0
0.0
0.0
0.242993
1.74176
0.0
0.0
2.91897
0.0
0.657561
0.0
0.187213
0.0
0.0
0.0
0.0
0.0
0.460906
0.0
0.0
0.0
0.0
0.281698
0.0
0.0
0.0
0.0
0.0
0.0
0.0
0.0
0.0
0.0
0.0
0.0
0.0
0.0
1.69828
2.05622
0.0
0.0
1.64672
0.0
0.0
0.0
0.0
0.0
0.0
0.0
0.0
0.0
0.0
0.0
0.0
0.0
0.0
0.359256
0.661344
0.0
0.0
0.0
0.0
2.40615
0.0
0.0
0.0
0.0
0.0
0.0
0.0
0.0
0.0
0.4464
0.0
0.0
0.0
2.39904
0.0
0.0
0.0
0.00693882
0.0
0.0
0.641534
0.0
0.889026
0.0
0.0
0.0
0.0
0.0
0.0
0.0
0.0
0.997208
0.0
2.77993
3.01859
0.0
2.45631
0.0
0.0
0.208114
0.0
0.0
0.0
0.995865
0.0
0.0
0.0
0.0
0.0
0.0
0.0
0.0
0.0
0.0
0.0
0.0
0.0
2.30354
1.70786
0.0
0.0
0.0
0.0
0.0
0.0
0.0
0.0
0.401456
1.91285
0.0
0.0
0.0
0.0
0.0
0.0
0.0
0.0
0.0
0.0
0.0
0.0
0.0
0.0
0.0
0.0
2.59966
2.86125
0.194099
0.0
1.08843
0.0
0.0
0.0
0.0
0.0
0.0
0.762066
0.0
0.0
0.0
0.0
1.44059
0.0
0.0
0.0
0.0
0.0
0.0
0.242717
0.0
0.0
0.0
1.12004
0.0
0.0
0.0
0.0
0.0834692
0.140564
0.0
0.0
0.0
0.0
0.0
0.394351
1.09013
0.0
0.0
0.435843
0.0
0.0
0.0
0.0
0.0
0.607612
0.0
1.27994
0.0
0.0
0.0
0.0
0.0
0.0
0.0
0.0
0.0
0.0
0.0
1.73367
6.93878
0.0
0.0
0.0
1.92473
0.0
0.0
0.0
0.0
0.0
0.0
0.0
0.0
0.0
0.196166
0.0
0.0
0.0
0.0
0.0
0.0
0.0
0.0
0.588463
0.0
0.0
0.0
3.43808
1.87884
0.0
0.0
0.0430511
0.0
0.0
0.0
0.65399
0.0
0.0
0.0
0.0
0.0
0.0
0.0
0.0
0.0
0.0
0.0
0.0
0.0
0.0
0.0
0.0
0.0
0.0
0.0
0.0
0.0
0.589751
0.0
0.136899
0.0
0.0
0.0
0.0
0.0
0.0
1.33271
0.0
0.0
0.0
0.0
0.0
0.0
0.0
0.0
0.98433
0.0
0.0
0.475661
1.73778
2.54417
1.39084
0.0
0.0
0.0
0.0
0.0
0.0410417
0.0
1.51665
0.0
0.0
0.0
0.15785
0.0
0.0
0.0
0.0
2.75013
0.0
0.0
0.0
0.0
0.0
0.586524
0.0
0.0
0.0
0.25605
0.0
0.0
0.0
0.0
0.0
0.0
0.0
0.0
0.0
0.0
0.0
0.0
0.0
1.32996
0.0
0.0
2.57456
0.0
1.85428
3.45897
0.0
0.0
0.0
0.0
0.422002
0.0
0.0
0.0
0.0
0.0
1.37553
0.0
5.24176
0.0
0.0
0.0
0.0
0.0
0.0
0.0
0.0
0.0
2.79223
0.0
0.0
0.0
0.0
0.0
0.0
0.0
0.0
0.0
0.0
0.0
0.0764748
0.697603
0.263452
2.91221
0.0
0.0
0.0
0.0
0.0
0.0
2.57671
0.0
0.0
0.0
0.781331
0.80218
0.0
0.0
0.0
0.0
0.0
0.0
0.0
0.0
0.0
0.0
0.0
3.75839
0.0
0.0
0.0
0.0
0.0
0.0
0.0
0.0
0.0
0.596652
0.0
0.0
0.0
0.0
0.0
0.0
0.0
0.0
0.0
0.0
0.0
2.08125
0.0
0.0
0.0
0.972131
0.0
0.0
0.0
0.0
0.0
0.0
0.0
0.0
0.0
0.0
0.0
0.0
0.0
0.0
1.37074
0.0
0.0
0.0
0.0
0.0
0.0
1.31821
0.0
0.0
0.0
0.0
0.0
0.0
0.0
0.0
0.0
0.0
1.2012
0.0
0.0
0.0
1.17272
0.0
0.0
0.0
0.0
0.0
6.11532
0.0
0.0
0.0
0.0
0.0
0.0
0.0
0.0
0.0
0.0
0.0
0.0
0.0
0.0
0.0
0.0
0.0
0.0
0.0
0.0
0.0
0.0
0.0
0.0
0.0
2.53278
0.0
0.0
0.0
0.0
0.0
0.0
0.0
0.0
0.598748
0.0
0.0
0.0
0.0
0.0
0.0
0.0
0.0
0.0
0.0
0.0
0.0
1.53933
0.0
0.0
0.0
0.337731
0.0
0.0
0.0
0.0
0.0
0.0
0.0
0.0
0.0
0.0
0.0
0.423805
0.0
0.0
0.0
2.78839
0.0
0.0
0.0
0.0
0.0
0.0
0.0
0.0
0.0
0.0
0.0
2.87432
0.0
0.0
0.0
0.0
0.0
0.0
0.0
0.0
0.0
0.0
0.0
0.0
0.0
0.0
0.0
0.0
0.0
0.0
0.0
0.0
0.0
0.35892
0.0
0.0
0.916917
0.0
0.0
0.0
0.0
0.329582
0.0
0.0
0.0
2.34055
0.0
0.0
0.0
0.0
0.0
0.0
0.0585874
2.23175
0.0
0.0
0.0
0.0
0.0
1.59231
0.0
0.0
1.50083
0.0
0.145903
0.911988
0.0
0.0
0.0
0.571461
0.0
0.862791
0.0
0.0
0.0
0.0
0.0
0.0
0.0
0.0
0.0
4.22392
0.0
0.0
0.0
0.0
0.0
0.0
0.0
0.0
0.0
0.0
0.0693973
0.0
0.973537
0.0
1.03178
0.0
0.0
0.0
0.0
3.60119
0.0
0.0
3.48857
0.0
0.395053
0.0
1.84719
0.0
0.0
0.0
0.0
1.97806
0.0
0.0
0.0
0.0
0.0
0.0
0.0
2.38696
0.0
2.66614
0.0
0.0
0.0
0.0
0.0
0.0
0.0
0.0
0.0
0.0
0.0
0.0
0.0
0.0
0.0
0.0
0.0
0.0
0.0
0.0
1.57998
0.0
0.0
0.0
0.0
0.0
2.26331
0.0
0.0
0.0
0.875307
0.0
0.0
0.818247
0.0
0.0
0.0
0.0
0.25866
0.0
1.33181
0.0
0.0
0.0
0.0
0.0
0.0
0.0
0.0
2.65656
1.56523
0.0
0.0
0.381289
0.0
0.0
0.0
0.0
0.596448
0.0
0.0
0.0
0.0
0.0
0.0
0.0
1.221
0.0
0.0
0.0
0.0
0.0
0.0
0.0
0.0
0.0
0.0
0.0
0.0
0.0
0.0
0.0
0.0
3.31314
0.0
0.0
0.0
2.6783
0.0
0.0
0.0
0.0
0.0
0.367103
0.0
0.0
0.0
1.88715
0.0
0.0
0.0
3.74658
0.844385
2.24455
0.0
0.0
0.0
0.0
0.0
0.0
0.0
0.0
0.0
0.0
1.12801
0.0
0.0
0.0
0.0
0.0
0.0
0.0
0.0
0.0
0.0
0.0
0.0
0.0
0.0
0.694719
0.0
0.0
0.0
0.0
0.0
0.0
0.0
0.0
0.0
0.0
0.0
0.0
0.0
0.0
0.0
0.0
0.0
0.0
0.0
0.0
0.0
3.63195
0.0
0.0
0.0
0.0
0.10076
0.0
0.0
0.0
0.0
0.0
0.0
0.0
0.0
0.0
0.0
0.0
0.0
0.0
0.0
0.0
0.0
0.0
0.0
0.0
0.0
0.0
1.42017
0.0
3.84545
0.0
0.0
0.0
0.0
0.0
0.0
0.0
0.0
0.0
0.0
0.0
0.0
0.0
0.0
0.0
0.0
0.0
0.0
0.0
0.0
0.0
0.0
0.0
0.0
1.76189
0.0
0.0
0.0
0.0
0.0
0.648371
0.0
0.0
0.0
0.0
0.0
0.223511
0.0
0.0
0.0
0.0
2.99372
0.483739
0.0
0.0
0.0
0.0
0.0
0.809443
0.0
0.0
5.48578
0.0
1.37018
0.0
0.0
0.0
0.0
0.0
0.0
0.0
0.0
0.0
0.0
0.0
0.0
0.0
0.0
0.0
0.0
0.915003
8.15974
0.0
0.279178
0.0
0.0
0.0
0.0
0.0
0.0
0.0
2.43864
0.0
0.0
0.0
0.0
0.0
0.0
0.0
0.228969
0.0
0.0
0.0
0.0
2.81677
0.0
0.0
0.0
0.0
0.0
0.0
0.0
0.0
0.0
0.0
0.0
0.048832
0.0
0.0
0.0
2.3156
0.0
0.0
3.42709
0.0
0.0
0.0
2.37668
0.0
0.0
0.0
0.0
0.0
1.96053
0.0
0.0
0.674108
1.35549
0.0
0.0
0.0
0.0
0.0
0.0
0.0
2.34717
0.0
0.0
0.0
0.596236
2.85858
0.0
0.0560657
0.0
0.0
0.0
0.0
0.0
0.0
0.0
0.0
0.0
0.0
0.0
0.0
0.0
0.0
0.0
0.0
0.0
0.0
0.0
0.0
1.11945
0.0
0.0
0.0
0.0
0.0
0.0
0.0
0.0
0.0
0.0
0.0
0.0
0.0
0.0
0.0
0.0
0.0
0.0
0.0
0.0
0.0
0.0
0.0
0.0
0.0
0.0
3.27706
0.0
0.0
0.244899
0.0
0.0
0.0
0.285442
0.0
0.0
0.0
0.0
0.0
0.0
0.0
0.0
0.414827
0.0
0.0
0.0
0.46179
0.0
0.0
0.0
0.0
0.293583
0.0
0.0
2.08242
3.91042
4.07827
0.0
0.0
0.0
0.0
0.0
0.0
0.0
0.0
1.52747
0.0
0.0
0.0
2.53229
0.0
0.0
0.0
0.0
0.0
0.913717
0.0
0.0
0.0
0.0
0.0
0.0
0.0
0.0
1.08719
0.0
0.0
0.0
0.0
0.0
0.0
0.0
0.0
2.16404
0.0
0.0
0.0
0.0
0.0
1.25699
0.0
0.0
0.0
2.84843
1.45352
0.0
0.0
0.0
0.0383236
2.97513
0.0
0.0
0.350244
0.0
0.0490866
0.0
0.0
0.0
0.0
1.00145
0.0
0.0
3.79368
0.0
0.286107
0.0
0.0
2.21687
0.0
0.0
0.0
0.0
0.0
0.0
2.78171
0.0
0.0
0.0
0.0
0.0
0.0
2.132
0.511282
0.0
0.0
0.0
0.0
0.0
0.0
0.0
0.0
0.0
0.606831
0.0
2.51079
0.0
0.0
0.0
0.0
0.0
0.0
0.0530713
0.0
1.03998
0.0
0.0
0.0
0.0
4.00696
1.78399
0.0
1.73246
0.0
0.0
0.0
0.0
0.0
0.0
0.0
0.374163
0.0
0.0
0.0
0.0
0.0
0.0
3.51715
0.0
0.0
0.0
0.0
0.0
1.19188
0.0
0.0
0.0
0.0
0.0
0.0
0.0
0.572705
0.0
0.0
0.0
0.0
2.54856
3.37547
0.0
0.0
0.0
0.0
0.0
0.0
0.0
0.0
0.0
0.0
0.0
0.0
0.0
0.776757
0.0
0.0
0.0
0.0
0.0
2.55823
0.0
3.276
0.0
0.0
0.0
0.0
0.349271
0.0
1.14332
0.0
0.0
0.0
0.0
0.0
1.12398
1.38987
0.0
0.0
0.0
0.0
0.0
0.0
0.0
0.0
0.0329974
0.0
0.0
0.0
3.72896
1.48857
0.0
0.0
0.0
0.0
1.33181
0.0
0.0
1.54811
0.0
2.62633
0.0
0.0
0.0
0.0
0.0
0.0
0.0
0.0
5.76487
0.883484
0.0
1.08819
0.0
0.0
0.0
1.8277
0.0
0.0
0.0
0.0
3.88183
0.0
3.02606
0.0
0.302557
3.37565
0.0
0.0
0.0
0.0
0.0
3.77955
0.0
0.0
1.34876
0.327381
0.0
0.256718
0.0
0.0
0.0
0.0
0.0
0.0
1.74434
0.0
0.0
0.0
1.22387
4.49209
0.0
0.0
0.0
0.0
0.0
0.0
0.0
1.31579
0.0
0.0
0.282463
0.0
0.0
0.0
0.0
0.0
0.43609
1.38672
0.0
0.0
4.15001
0.0
0.484812
0.0
0.0
0.0
0.0272402
0.0
0.0
0.0
0.0
1.3661
0.0
0.0299607
0.0
0.0
0.0
0.0
0.0
0.0
0.0
0.0
0.0
0.0
0.0
0.0
0.0
0.0
0.0
0.0
0.0
0.259106
0.0
0.0
0.0
0.0
0.0
0.298539
0.0
0.0
0.0
0.0
0.0
0.0
0.0
3.3279
0.0
0.0
0.277352
0.0
0.0
0.0
0.0
0.0
0.0
0.0
0.0
0.0
1.49145
0.0
0.0
2.16153
0.0
0.0
0.0
0.0
0.0
6.32281
0.0
0.0
0.0
4.85924
0.0
0.0
0.0
0.0816202
0.0
0.0
0.125166
0.0
0.0
0.0
0.0
1.41261
0.0
0.0
0.0
0.66958
0.0
0.0
0.0
0.0
2.32457
0.0
0.0
0.0
0.0
0.0
0.0
4.73344
0.0
0.0
0.0
0.0
0.0
0.0
0.0
0.0
0.0
0.0
0.0
0.0
0.0
0.0
0.0
0.0
0.0
0.0
1.99164
0.0
0.0
