0.0
0.0
4.484
0.0
0.0
0.0
0.0
0.0
0.0
0.0
0.0
0.0
0.0
2.51721
0.0
0.0
0.0
0.0
1.65998
0.0
0.0
0.0956484
0.0
0.0
0.0
0.0
0.0
0.0
0.0
0.0
0.0
2.36994
0.0
3.62585
0.0
0.0
0.0
0.0
0.0
0.0
0.0
0.0
1.89369
0.0
0.0
1.66477
1.40438
0.0
0.0
1.56899
0.483609
0.0
0.0
0.0
0.0
0.0
0.0
0.0
0.0
0.0
4.67817
0.0
0.0
2.45486
0.031498
0.0
0.0
0.0
2.69578
0.0
0.0
0.0
0.0
0.0
0.0
0.0
0.0
0.484066
0.0
0.0
0.237781
0.0
0.0
0.0
2.83122
0.0
0.0
0.0
0.788218
0.0
0.0
0.0
0.0
0.0
0.0
0.0
0.0
0.0
0.0863243
0.0
0.0
0.0
0.0
0.0
0.0
0.0
0.560284
0.0
0.0
0.0
0.0
0.0
0.0
1.7005
0.839822
0.0
0.0
4.52484
2.46722
0.0
0.0
0.0
0.0
0.0
2.65572
0.0
0.0
3.61402
0.0
0.0
0.0
0.295568
0.0
0.0
1.11321
0.0
0.0
0.0
0.245821
0.0
0.0
0.0
0.0
0.0
0.0
0.0
1.14923
1.1072
0.896726
0.0
0.0
0.0
0.0
0.65327
0.0
0.0
0.0
0.0
0.0
0.0
0.620582
0.0
0.0
0.0
0.0
0.0
0.0
0.498676
0.0
3.06133
0.0
0.0
1.85807
0.815697
0.0
0.0
0.144314
0.0
0.0
0.0
2.46827
0.0
0.0
0.0
0.0
0.0
0.86675
0.0
0.0
1.23691
0.0
0.0
6.06862
1.49568
0.0
0.0
0.0
0.0
0.0
1.03531
0.0
1.56828
0.0
0.0
0.0
0.0
0.0
0.0
0.0
0.0
0.0
0.0
0.0
0.0
1.7775
0.0
0.0
0.0
0.0
2.08581
0.0
4.42138
0.0
0.0
0.0
0.0
1.31911
0.0
0.0
0.0
0.0
0.0
0.0
1.57949
0.0
0.0
0.0
1.89278
0.0
0.0
0.0
0.0
0.437532
1.14958
0.0
0.0
0.0
2.23501
0.0
0.0
0.0
0.0
0.0
0.0
0.0
1.85102
0.0
0.0
0.0
0.0
0.0
0.0
0.179966
0.0
0.0
0.0
2.01428
0.0
0.0
0.146825
0.0
0.00842646
0.0
0.0
0.0
0.0
1.34931
0.0
0.0
0.0
0.0
0.0
0.698305
5.33513
0.0
0.0
0.0
0.0
0.0
0.0
0.0
0.0
0.0
0.0
0.0
0.0
0.0
0.0
0.0
0.0
0.0
5.95122
0.0
0.0
0.0
0.0
0.0
0.0
0.0
0.0
0.0
0.0
0.0
0.0
0.0
0.0
0.0
0.0
0.0
0.0
0.0
0.0
0.0
0.0
0.0
0.0
1.03083
0.0
0.0
0.0
0.0
0.0
0.0
0.0
1.4429
0.0
0.0
0.0
0.0
0.0
3.11511
0.0758641
0.0
0.0
0.0
0.762543
0.0
0.0
0.0
0.0
0.0
0.0
0.0
0.0
0.0
0.0
0.0
0.0
0.0
0.0
0.0
0.0
0.0
0.0
0.0
0.245605
0.0
0.0
0.0
0.0
0.0
0.0
0.0
0.0
0.0
0.0
0.0
0.0695862
0.0
1.12685
0.0
0.0
0.0
0.0
0.0
0.0
0.0
2.63356
0.0
0.0
0.0
0.0
0.0
0.0
0.0
1.56515
2.76089
0.0
0.0
0.0
0.0
0.0
0.0
0.0
1.93978
0.0
2.58557
0.0
0.0
0.0
0.0
0.0
0.0
0.0
2.28576
0.0
0.0
0.0
0.0
0.0
0.0
0.0
0.0
0.0
0.0
0.0
0.0
0.0
1.64795
0.714772
7.57118
0.0
0.0
0.710514
0.0
0.0
0.0
0.0
1.19594
0.0
0.0
0.0
0.0
0.0
0.0
0.0
0.0
0.0
2.77431
0.0
0.0
0.0
0.0
2.89153
0.0
0.0
0.0
0.0
0.0
0.0
0.0
0.166507
0.0
0.0
0.0
0.879935
0.606308
0.0
0.0
4.60805
0.0
0.0
0.0
0.0
0.0
0.0
0.0
0.0
0.0
0.0
0.0
0.0
0.0
2.14759
0.0
0.0
0.0
0.0
0.0
0.0
0.0
0.0
0.0
0.0
0.0
0.868406
1.64938
2.42758
0.0
0.0
0.0
0.0
0.0
0.0
0.465661
1.01499
0.0
0.0
0.0
0.497028
0.0
1.0159
0.0
0.0
0.52913
0.0
0.0
1.05672
0.0
0.0
0.0
0.0
0.0
1.90294
0.0245409
1.44292
0.0
0.0
0.0
0.0
0.0
0.0
2.35179
0.264949
0.0
0.0
3.77185
0.0
0.0
0.0
0.0
0.0
0.0
2.94734
0.0
0.0
0.0
1.11064
0.0
0.0
0.0
4.26319
0.0
0.0
1.70445
0.0
0.500694
0.0
1.46323
0.0
0.0
0.0
0.0
0.0
0.0
0.0
0.0
0.0
0.0
0.0
0.0
0.04646
0.0
0.0
0.0
0.0
0.0
0.0
0.0
0.0
0.0
0.0
0.0
1.81782
2.97482
0.0
0.268526
1.21591
0.0
0.0
0.0
0.0
1.04254
0.0
0.0
0.0
0.0
0.0
0.0
0.0
0.0
0.0
0.0
0.0
0.0
0.0
0.0
0.0
0.0
0.0
1.37214
0.0
0.0
0.0
0.0
0.0
0.0
0.0
0.0
0.0
5.41016
0.0
0.0
0.0
1.24626
0.0
0.0
0.0
0.0
0.0
0.0
0.0
0.0
0.0
0.0
1.41856
2.5268
0.0
0.0
0.0
0.0
0.0
0.0
5.10922
0.0
0.0
0.0
0.0
0.0
0.0
0.0
0.0
0.0
0.0
0.0
0.0
0.0
1.03591
0.0
0.0
0.0
1.35604
0.0
0.0
0.0
0.0
0.0067926
0.0
0.0
0.0
0.0
0.0
0.0
0.0
1.75668
0.0
0.0
0.0
0.0
0.0
0.0
0.0
0.0
0.229002
0.0
0.0
0.0
0.0
0.589208
0.0
0.0
0.0
0.0
0.0
0.0
0.0
0.0
0.0
0.549498
0.0
0.0
3.19937
0.0
3.57535
0.0
0.0
0.0
1.74983
0.0
0.0
0.0
0.0
3.11681
0.0
0.429809
0.0
0.0
2.9802
0.0
0.0
0.0
0.0
0.0
0.0
0.0
0.0
1.60317
0.0
3.36039
0.0
0.0
2.00934
0.0
0.0
0.935689
1.01738
0.0
0.0
0.0
0.0
0.0
0.0
0.0
0.0
0.0
0.0
0.0
0.0
0.0
0.0
0.0700487
1.27917
0.0
0.0
0.0
0.0
0.0
0.200564
0.0
0.0
3.56667
3.76255
0.0
0.302357
0.0
0.0
0.0
0.0
0.0
0.0
0.0
0.0
0.0
1.36305
0.0
0.0
0.433213
0.0
0.0
5.48342
0.0
0.0
0.0
0.0
0.0
0.0
0.0
0.0
0.0
0.0
0.0
2.47232
0.0
0.0
1.26734
0.0
3.39843
0.0
0.0
3.71186
0.0
0.0
0.0
1.67864
0.0
0.0
0.0
0.0
0.0
0.0
0.0
0.0
0.0
0.0
0.0
0.0
2.37444
0.0
0.0
0.0
0.0
0.0
0.0
0.0
0.0
0.0
0.0
0.0162233
0.0
0.0
0.0
0.0
0.0
0.0
0.0
0.0
0.0
0.0
0.0
0.0
0.0
0.0
1.73049
0.0
2.32968
2.21973
0.923072
0.0
0.963804
0.0
0.0
0.0
1.20309
0.0
2.18032
0.0
0.0
0.0
0.0
0.0
1.29696
0.0
0.0
0.0
0.0
0.0
0.0
2.59524
0.0
0.0
1.57175
0.0
0.0
0.0
0.0
0.0
0.84524
0.0
0.0
2.43832
0.0
1.07173
0.0
0.0
0.0
0.0
0.0
0.0
0.0
0.0
2.43595
3.34397
0.0
0.0
5.99065
0.0
0.0
0.0
0.0
0.0
0.0
0.0
0.0
0.0
0.0
0.0
0.0
0.0
2.45473
0.0
0.0
0.0
0.0
0.0
0.0
0.0
0.0
0.0
0.0
0.0
0.0
0.0
0.0
0.0
0.0
0.0
0.0
0.0
0.0
0.0
0.808733
0.0
0.0
0.0
0.0
0.0
0.0
0.0
0.0
0.0
0.0
0.0
0.0
2.35359
0.0
0.0
0.0
0.0
0.0
3.15908
0.0
3.01091
0.0
0.0
0.0
0.0
0.0
0.0
0.0
0.158941
0.0
0.0
0.0
0.0
0.0
0.0
0.0
0.0
0.0
3.35474
0.0
0.0
0.0
0.0
0.0
0.440263
0.0
0.0
0.0
0.0
0.0
0.0
1.97694
0.0
0.0
1.4258
0.0
0.0
0.0
0.0
0.0
0.0
0.0
0.0
0.0
0.0
0.0
0.0
0.0
0.0
0.0
0.0
0.0
0.0
0.0
0.0
0.0
0.0
0.0
0.0
0.0
0.0
0.0
0.0
0.0
0.0
0.0
1.26319
0.0
1.77794
0.0
0.0
0.0
0.0
0.0
0.0
0.0
0.0
0.438815
0.0
0.210944
0.0
0.0
0.0
1.57506
0.0
0.0
0.0
0.0
0.0
0.0
0.0
0.0
1.37149
0.0
0.0
2.01582
0.0
0.0
0.377434
0.0
0.0
0.0
0.0
0.0
1.36239
0.0
0.0
0.0
0.0
0.0
0.0
0.0
0.676751
0.0
4.18791
1.86242
2.09094
5.6213
0.0
0.0
0.0
0.0
0.0
1.48024
0.0
0.453016
0.0
0.0
0.0
0.163709
0.0
0.303794
0.0
0.0
0.0
0.0
0.502948
0.0
0.0
0.0
0.0
0.0
3.04517
0.0
0.0
0.0
4.56766
0.0
0.160603
0.0
0.0
0.0
0.0
0.0
0.0
0.0
1.45996
0.0
0.0
0.0
0.0
0.0
0.0
0.0
0.0
0.0
0.0
3.3937
0.0
0.0
0.0
0.0
0.0
1.51248
1.93645
0.0
0.957174
0.0
0.0
0.0
0.0
0.0
0.0
0.0
0.0505173
0.0
0.0
0.0
0.0
0.0
0.0
0.218092
3.51705
0.0
0.0
0.406061
1.49023
0.0
0.800141
0.223251
0.0
0.0
0.0
3.96039
0.0
0.0
0.0
0.0
0.0
0.0
0.0
1.89359
0.263556
1.17201
0.0
0.0
4.38854
0.0
0.0
0.0
0.809389
4.68444
0.0
0.335804
0.0
0.0
0.0
0.0
0.0
0.0
0.0
0.0
0.0
0.0
0.0
0.0
0.0
0.396695
0.0
0.0
0.0
0.0
0.0
2.66171
0.0
0.0
0.790741
0.0
0.0
0.0
0.0
0.0
0.0
0.0
0.0
1.24601
0.0
0.0
0.0
0.0
0.0
0.0
0.0
0.0
0.0
3.43792
0.0
1.31878
3.83578
0.0
0.0
0.0
0.0
0.0
2.98312
0.0
0.0
0.0
0.0
0.0
0.0
0.954402
1.06971
0.0
1.17729
0.0
0.0
2.95046
0.0
0.0
0.0
0.0
0.0
1.45857
1.85664
0.0
0.0
0.30802
0.0
0.0
0.0
0.0
1.27362
0.0
0.0
0.0
0.0
0.0
0.0
2.07421
0.0
0.0
0.0
0.0
1.32133
0.0
0.0
0.0
0.0
0.0
0.0
0.0
0.0
0.0
0.0
0.0
0.0
0.0
0.0
0.0
0.0
0.0
0.0
0.0
0.0
0.0
0.0
0.0
0.0
0.0
6.03112
0.0
0.0
4.67628
0.0
0.0
0.0
0.333268
0.0
0.0
0.0
0.0
0.0
2.64325
0.0120904
2.77309
0.0
0.0
2.33076
0.0
0.0
0.0
0.0
0.277353
0.0
0.0
0.0
0.0
0.0
0.0
0.0
0.0
0.0
0.0
0.0
0.0
0.0
0.0
0.0
0.0
0.0
0.0
0.0
1.55521
0.0
0.0
0.0
1.27622
0.0
0.0
0.0
0.0
0.0
0.0
0.0
0.0
0.0
0.0
0.0
0.0
0.0
0.0
0.0
0.0
0.0
0.0
0.0
3.31688
0.0
0.0
0.0
0.0
0.0
0.77987
0.0
0.0
0.0
0.0
0.930795
1.11322
0.0
0.0
0.0
0.0
2.61512
0.0
2.45868
0.0
2.58895
0.0
0.0
0.0
0.0
0.0
0.438038
0.0
0.0
0.0
0.0
0.0
1.52996
0.0
0.0
0.0
0.0
0.447882
0.476167
0.0
0.0
0.0
0.0
0.461771
1.48249
0.0
2.58339
0.0
1.27749
3.02727
0.0
0.0
0.0
0.0
0.0
0.0
0.0
0.0
4.27146
0.0
0.0
0.0
0.0
0.0
0.0
0.0
0.0
0.0
0.0
0.0
0.0
0.0
0.0
0.0
0.0
0.0
0.0
0.0
0.165209
0.0
0.0
0.0
0.0
0.0
0.0
2.1628
0.0
0.0
0.0
0.0
1.74931
0.861177
0.0
0.0
0.0
0.0
0.0
0.0
0.0
0.0
0.0
0.0
0.0
0.0
0.0
0.0
0.0
3.32369
0.0
0.0
0.0
0.0516248
0.0
0.0
0.0
0.0
0.0
0.0
0.0
0.0
0.0
0.0
0.0
0.0
0.0
0.0
0.0
0.0
0.0
0.0
0.0
0.0
0.0
0.0
0.0
1.51843
0.0
0.0
0.0
0.0
0.0
0.0
0.0
0.0
0.0
0.0
1.42077
0.625088
0.0
0.0
0.0
0.0
0.94645
0.0
0.0
1.90172
0.0
1.57073
0.0
0.0
0.0
0.0
0.232432
0.0
0.0
0.0
0.0
0.0
1.43737
0.0
0.0
1.62263
0.0
2.45567
0.0
0.624367
0.0
0.0
0.0
0.0
0.0
0.0
0.0
0.0
4.2261
0.0
0.0
0.0
1.60981
0.0
0.0
0.0
0.0
0.0
3.8594
0.0
1.79985
0.0
0.0
0.0
0.0
0.855044
0.0
0.0
0.975099
0.0
0.0
0.0
0.0
0.0
0.0
0.0
0.0
0.0
0.0
0.0
0.0
0.0
0.0
0.0
0.0
0.0
0.0
0.0
0.0
0.0
0.0
0.0
0.0
0.0
0.0
0.0
0.0
0.0
0.0
0.0
0.0
0.0
0.0
0.0
1.33329
0.0
0.0
0.0
0.0
0.0
0.0
0.0
2.65529
0.0
1.15191
0.0
0.0
0.0
0.0
0.0
0.0
0.0
0.0
0.0
0.0
1.12745
0.444151
0.0
0.0
0.0
0.0
0.0
0.0
0.0
0.0
0.0
0.0
0.0
0.0
0.0
0.0
0.0
3.0499
2.76978
0.0
0.0
0.0
0.0
0.0
1.12484
3.62696
0.0
0.0
0.0
0.0
1.3197
0.0
0.0
0.0
0.0
0.0
0.0
3.06738
0.0
0.0
0.0
0.0
0.0
0.0
0.0
0.0
0.0
0.0
4.29292
1.05331
0.947099
3.33996
0.0
2.76328
0.0
0.0
0.0
0.0
3.613
0.0
0.0
0.882148
0.0
0.0
0.0
0.0
0.0
0.0
0.585921
0.0
0.0
0.47727
0.0
0.0
0.0
0.0
0.0
0.0
0.0
0.0
0.0
0.0
0.0
0.0
0.0
0.0
0.0
0.0
0.0
0.0
0.812481
0.783678
0.0
0.0
0.0
0.0
0.0
0.0
0.0
0.114073
0.0
0.0
0.0
0.0
0.0
0.0
1.43201
0.0
0.0
1.27688
0.0
0.0
0.0
0.0
0.0
0.226324
0.0
0.0
0.0
0.0
0.0
0.314181
0.0
0.0
0.0
0.0
0.0
0.0
0.036332
0.0
0.0
0.0
0.0
0.0
0.0
0.0
0.0
0.0
0.0
1.85505
1.30207
0.0
0.0
0.0
1.9742
2.50104
0.931267
2.87157
0.410347
0.0
0.0
0.0
0.0
0.0
1.78242
0.0115055
0.0
0.0
0.0
0.0
3.93025
0.0
3.35928
0.0
0.0
0.0
0.0
0.0
0.0
0.0
0.0
0.0
0.0
0.0
0.0
0.0
0.0
0.0
0.0
0.0
0.0
0.0
0.0
0.0
0.0
1.14266
0.0
0.0
0.0
0.0
0.0
0.0
0.0
0.0
0.0
0.0
0.0
0.0
0.0
0.0
0.0
0.313738
0.0
1.7014
0.0
0.0
0.0
1.22529
0.0
0.0
2.4652
0.0
0.0
0.0
2.38897
0.0
0.0
0.0
0.0
0.0
1.76093
0.0
0.212977
0.0
0.0
1.65685
0.0
0.0
0.0
0.0
0.0
0.372957
0.0
0.0
0.0
0.0
0.0
0.0
4.41377
0.0
0.0
0.0
0.0
0.0
2.02938
0.0
0.0
0.0
0.0
1.36885
0.0
0.0
0.0
1.20687
0.0
0.0
0.0
0.560484
0.0
0.0
0.0
0.0
0.49054
0.0
0.609151
0.0
0.0
0.0
3.02239
0.0
0.0
0.0
0.0
2.1299
0.0
5.29876
0.0
0.0
0.0
0.0
0.0
0.0
0.0
0.0
0.0
0.0
0.0
0.0
0.0
1.94761
0.0
0.0
0.0
0.0
0.0
0.0
0.0
0.0
0.0
0.0
0.0
0.0
1.17415
0.0
0.0
0.0
0.0
0.0
1.79618
0.0
0.0
0.0
0.0
0.0
0.0
0.0
0.102616
0.0
2.01364
0.0
1.34698
0.0
0.0
0.0
0.0
0.0
0.0
0.0
0.0
0.0
0.0
0.0
0.0
0.0
0.0
0.0
0.0
0.0
0.0
0.0
0.0
0.0
0.0
0.0
0.0
0.0
0.0
0.0
0.0
0.0
0.0
0.0
1.92355
0.0
3.42985
1.24247
0.0
0.0
0.0
0.773589
0.0
0.0
1.03255
0.0
0.0
0.0
0.0
0.0
0.0
4.35084
0.0
0.0
0.208286
0.0
0.0
5.26464
2.88796
2.59334
1.5984
0.0
7.25347
2.63478
0.0
0.0
0.0
0.0
0.0
1.21448
0.0110723
0.0
0.0
2.36795
1.31119
0.0
0.0
0.722437
0.0
3.09014
0.0
0.0
0.0
0.0
0.0
2.71771
0.0
0.0
0.0
0.0
0.0
0.0
0.0
2.57896
5.88558
0.0
3.22466
0.0
0.0
0.0
0.0
0.0
0.0
0.0
0.0
0.0
1.68581
0.0
0.0
0.0
0.0
1.02308
0.0
0.0
0.0
0.0
0.0
0.0
2.14705
0.0
0.0
0.0
0.0
0.0
0.0
0.0
0.0
0.0
0.0
0.0
4.27252
0.0
0.0
0.0
1.77469
3.25949
0.0
0.0
0.0
0.0
0.0
2.64877
0.0
0.0
0.0
0.0
0.0
0.0
0.0
0.0
1.65225
0.0
0.0
0.0
0.0
0.0
3.33396
0.0
0.0
0.0
1.20832
0.0
0.0
0.0
0.0
1.0364
0.0
0.0
0.0
0.0
0.0
0.0
0.0
0.0
0.0
0.0
0.0
0.0
0.0
1.91348
0.0
0.0
0.0
0.0
0.0
0.0
0.0
0.0
0.0
0.0
0.321014
2.20231
0.0
2.01722
0.0
0.0
0.0
0.0
7.56335
0.0
1.70421
0.0
0.0
0.0
0.0
0.0
0.0
0.0
0.0
0.0
0.0
0.0
0.0
0.0
0.0
0.0
0.0
0.0
1.39151
0.0
0.0
0.0
0.0
0.0
0.0
1.89736
0.0
0.0
0.0
2.41268
0.0
0.0
0.0
1.08424
0.0
0.0
0.0
0.0
0.0
0.0
0.0
0.0
0.0
0.0
0.0
0.0
0.0
0.0
0.0
1.56552
0.0
0.0
0.218124
0.0
0.0
0.0
0.0
0.0
1.43717
0.0
0.0
0.0
0.0
0.0
0.0
0.0
0.0
0.0
0.0
0.0
0.0
0.0
0.0
2.93551
0.0
0.0
0.0
0.0
3.06487
0.0
0.0
0.0
0.0
0.0
0.0
0.0
0.0
0.0
0.0
0.0
0.0
0.0
0.0
0.0
0.0
0.0
0.0
0.0
0.0
2.93464
0.0
0.0
0.353102
0.0
0.0
0.0
0.0
0.0
0.0
0.0
0.0
0.0
0.0
0.0
0.0
0.0
0.0
0.0
0.0
0.0810572
3.22641
0.0
0.0
0.0
0.0
0.129347
0.0
0.0
0.0
0.0
0.238511
0.0
2.46332
0.0
4.82272
0.0
0.0
0.0
0.0
0.0
0.0
0.0
0.0
0.0
0.0
0.0
0.0
0.0
0.0
0.0
0.0
0.0
0.0
0.0
0.0
4.11224
0.0
0.0
3.4681
0.0
4.32723
0.0
0.0
0.0
0.0
0.0
0.0
0.603796
0.0
0.0
0.0
1.19175
0.0
0.0
0.0
0.0
0.0
0.509423
0.0
0.0
1.04489
0.0
0.617823
0.0
0.0
0.0
0.0
0.424983
2.60102
0.0
3.92372
0.0
0.419839
0.0
0.0
0.0
0.0
2.46941
0.0
0.35522
0.4937
0.0
0.0
2.37247
0.0
0.0
0.0
0.0
0.0
0.0
0.0
0.0
0.0
3.38989
0.0
0.0
0.0
0.0
0.0
0.0
0.0
0.138349
1.95801
0.242995
0.73412
0.0
2.48286
0.0
3.74227
0.0
0.0
0.0
0.0
0.0
0.0
0.0
0.0
0.0
2.04492
0.0
1.96814
0.0
0.0
0.0
0.0
0.0
2.7152
0.645851
0.0
0.0
0.0
0.0
0.0
0.0
0.0
0.0
3.32263
0.0
0.0
1.24152
1.06719
0.0
0.0
0.0
0.0
0.0
0.0
0.280984
0.0
0.0
0.0
0.0
0.0
3.321
0.0
0.0
0.0
0.0
0.0
0.0
0.0
0.0
2.9392
0.0
1.80863
0.0
0.0
0.430867
0.0
0.0
0.0
1.28352
0.312252
0.0
0.0
0.0
0.0
0.0
0.0
0.619528
1.97949
0.0
0.0
0.0
2.47099
0.0
0.0
1.60894
0.0
0.0
0.182001
0.0
0.0
4.46999
0.0
0.0
0.0
0.0
0.0
0.0
0.0
0.0
0.303673
0.0
0.0
0.0
0.0
0.0
0.0
0.0
0.0
2.35347
0.0
0.0
0.0
0.0
0.0
0.0
0.0
0.0
0.0
0.0
0.0
0.0
0.0
0.0
0.0
0.0
0.0
0.0
0.0
0.0
0.0
0.0
0.0
0.0
0.0
0.0
0.0
0.0
2.81183
0.0
0.0
0.0
0.0
0.0
0.0
0.0
0.0
0.0
2.58342
0.0
4.58741
0.0
0.0
0.0
0.0
0.0
0.0
0.0
0.0
0.933732
0.0
0.0
0.0
0.0
0.0
0.662071
0.0
0.0
0.0
3.11736
0.0
3.13174
0.0
0.0
0.0
0.0
0.0
0.0
0.0
0.0
1.03606
0.0
0.698685
0.0
0.0
0.0
0.0
4.0731
0.0
0.0
0.0
0.0
0.0
0.0
0.0
1.70845
0.0
0.0
0.0
0.0
0.0
1.93013
0.0
0.0
0.0
0.0
0.533043
0.0
0.0
0.0
0.0
0.0
0.0
0.0
0.0
2.27675
0.0750746
0.0
0.0
0.0
1.00698
0.0
0.0
0.0
0.0
0.0
0.0
0.0
0.0
0.0
0.0
0.0
0.0
0.0
0.0
0.0
0.0
0.0
0.0
0.0
0.0
0.0
0.0
0.0
0.0
0.0
0.0
0.0
0.0
0.0
0.0
0.0
0.0
0.0
0.0
0.0
0.0
0.0
0.0
0.0
0.0
0.0
0.0
1.69964
1.04464
0.0
0.0
0.0
0.0
0.0
0.0
0.0
0.154749
0.0
0.0
0.823894
0.0
0.0
0.667979
1.2741
0.00478697
0.0
0.0
0.0
0.0
0.0
0.0
0.0
0.0
1.24281
0.0
0.0
0.0
0.0
0.0
0.0
0.0
0.0
0.0
0.0
0.0
0.0
0.0
0.0
3.47305
0.0
4.24552
0.0
0.0
0.0
4.92182
0.0
2.14567
0.0
0.0
0.187223
0.0
0.0
0.0
0.0
0.0
0.0
0.0
0.0
0.0
0.0
0.0
0.0
0.0
0.0
0.0
0.0
0.0
0.0
0.0
0.0
0.0
0.0
1.22867
0.0
3.39432
3.166
0.0
0.0
0.0
4.41992
0.0
0.0
0.0
3.20671
0.0
0.0
3.49971
0.0
0.0
0.0
0.0
0.0
0.0
0.0
0.0
0.0
0.0
0.0
0.0
3.4359
0.0
0.0
0.0
0.899318
0.0
0.683692
0.0
0.0
0.0
0.0
0.0
0.463754
0.0
0.0
5.27564
0.0
0.0
0.0
0.0
0.0
0.0
0.0
0.0136263
0.0
1.06565
0.0
0.0
0.0
0.0
1.45039
0.0
0.0
0.0
1.94279
0.0
0.0
0.0
0.0
1.1991
0.0
0.0
0.0
0.0
0.0207319
0.0
1.91676
0.0
0.0
0.0
0.0
0.0
4.00187
4.07565
0.0
0.950804
0.0
0.0
0.0
1.95531
0.0
0.0
0.0
0.0
0.0
0.0
0.544075
0.0
0.0952381
0.0
0.0
0.0
0.771622
0.0
0.0
0.177358
0.0
0.0
0.0
0.0
0.0
0.0
0.0
0.0
4.59477
0.0
0.0
0.0
0.0
0.0
0.0
1.48903
0.0
0.0
0.0
1.01575
0.0
0.0
0.0
0.0
0.0
0.0
0.672803
0.0
0.0
0.0
0.0
0.0
0.458632
0.0
0.0
0.0
0.0
0.0
0.83444
0.0
4.09112
0.0
0.0
0.0
0.0
0.0
3.46601
0.0
0.0
0.0
1.33463
0.0
0.0
0.0
1.51154
0.959605
0.0
0.0
0.0
0.0
0.0
0.0
0.0
0.0
0.0
0.0
0.0
1.69033
6.05708
0.0
0.0
0.0
0.0
0.0
0.0
3.81367
0.0
0.0
0.0
0.0
0.0
0.0
0.0
0.0
0.0
0.0
0.0
0.0
0.0
0.0
0.0
0.0
0.0
0.0
0.0
0.0
0.0
0.0
0.0
0.0
3.08411
0.0
0.0
0.0
0.0
0.0
0.0
0.0
0.0
0.0
0.0
0.0
0.0
0.0
0.0
0.0
0.0
0.0
0.0
2.33054
2.36722
0.0
0.981382
0.0
0.0
0.0
0.0
1.13159
0.0
0.0
0.0721881
0.0
0.0
0.0
0.0
0.395
0.0
0.0
0.0
0.0
0.0
0.0
0.0
0.0
1.09431
0.0
0.0
0.0
1.19882
0.0
0.0
0.0
0.0
0.0
0.0
0.0
0.0
0.0
0.0
0.0
0.0
0.0
0.0
0.0
0.0
1.69793
0.0
0.0
0.0
0.0
0.0
0.0
0.0
0.0
0.0
0.0
0.0
0.0
0.0
2.33602
0.0
2.52469
0.0
0.0
0.0
0.0
0.0
0.0
0.0
0.0
0.0
0.0
0.0
0.0
0.0
0.0
3.74478
0.0
0.0
0.0
0.0
0.0
0.0
1.98284
0.594152
1.35707
2.66843
0.338967
0.0
0.0
0.0
0.0
0.0
1.63711
0.0
0.0
0.0
0.0
0.0
0.0
0.0
0.0
0.0
0.0
0.0
0.0
0.0
0.0
0.0
0.0
0.0
0.0
0.0
0.0
0.0
0.0
0.0
0.0
0.0
0.0
1.09474
0.0
0.0
0.0
0.509256
0.0
0.0
0.0
0.0
0.0
0.0
0.0
0.835337
0.976472
0.0
0.0
1.05619
0.0
0.0
0.597106
0.0
0.0
0.0
0.0
0.0
0.0
0.0
0.0
0.0
0.0
2.50384
2.98435
0.0
0.0
2.26185
0.0
0.0
0.0
0.0
0.0
4.52876
0.480493
0.0
0.0
0.0
0.0
0.0
0.0
0.0
1.63561
0.0
0.0
0.0
0.0
0.0
0.0
0.0
0.0
0.0
1.11616
0.0
0.0
0.0
0.0
0.0
0.0
0.0
3.00637
0.0
0.0
0.0
0.0
0.0
0.0
0.0
0.0
0.0
0.0
0.0
0.0
0.0
0.0
0.0
0.0
0.0
1.49025
0.0
0.365733
2.78634
0.0
0.0
0.0
0.0
0.0
0.0
0.0
0.0
0.593028
2.86043
0.0
0.0
0.0
0.0
0.0
0.0
2.53823
1.35597
0.738912
0.0
0.0
0.0
0.0
0.0
0.0
0.835648
0.0
0.0
0.0
0.0
0.0
0.0
0.0
0.0
0.0
0.0
0.0
0.199596
3.45807
0.0
0.0
0.0
0.0
0.0
0.0
0.0
0.0
0.0
0.0
0.0
1.75281
0.0
0.187143
0.0
0.0
0.0
0.0
0.0
0.0
0.0
0.0
0.0
0.0
0.0
0.362436
0.0
0.762731
0.0
0.0
0.0
0.0
0.0
2.3899
0.355947
0.0
2.06918
0.0
0.0
0.0
0.0
0.0
0.0
0.0
0.0
1.94464
0.0
0.0
0.0
0.0
0.0
0.0
1.01311
3.8495
0.0
0.0
0.0
1.27638
1.83951
2.17094
0.0
0.0
0.0
0.0
0.0
0.0
0.0
1.51836
0.0
0.0
0.0
0.0806279
0.689815
0.0
0.0
0.0
0.0
0.240332
0.0
0.0
0.0
1.5272
1.66543
0.0
0.0
0.0
0.0
0.0
0.0
0.0
0.0
0.0
0.0
0.0
0.588323
0.0
0.0
0.0
0.0
0.0
1.23028
6.60475
0.0
0.0
0.0
0.0
0.0
0.0
0.0
0.0
0.0
0.0
0.0
2.20158
0.0
0.0
0.0
2.35275
0.0
0.0
0.0
0.0
0.0
0.307747
0.0
0.0
0.0
0.0
0.0
0.0
0.0
0.0
0.0
0.0
0.0
0.0
0.0
0.0
0.0
0.0
0.0
0.0
0.0
0.0
3.71392
0.0
0.0
0.0
0.0
0.0
2.78762
1.65208
0.0979434
0.692453
0.864355
0.0
0.0
0.0
0.0
0.712148
0.0
0.0
0.0
0.0
0.000339106
0.0
3.20959
0.0
0.0
1.35973
0.0
0.0
0.0
1.98703
0.0663339
0.0
0.0
2.38833
0.0
0.0
0.0
0.0
0.0
0.0
0.0
0.0
0.0
0.0
0.0
0.0
0.0
0.0
0.0
0.39656
0.0
0.0
0.0
0.0
0.0
0.0
0.0
0.0
0.0
0.0
0.0
0.0
0.0
2.16529
0.0
0.0
0.0
2.13121
0.0
0.0
0.0
0.0
0.0
0.0
0.643692
0.0
0.677422
0.0
0.0
0.0
0.0
4.63059
0.0
6.07912
0.0
0.0
0.0
0.0
0.0
0.0
0.0
0.0
0.0
0.0
0.6629
0.0
0.0
0.0
0.0
0.0
0.373299
0.0
0.0
0.0
0.0
0.0
0.0
0.0
3.35184
0.0
0.0
0.0
0.0
0.0
0.0
0.0
0.0
0.0
0.0
0.0
0.0
0.0
0.0
0.0
0.0
0.0
1.08527
0.0
0.0
0.0
0.132785
4.34335
0.0
0.0
0.0
0.0
0.874585
0.0
0.0
0.0
1.90163
0.0
0.0
0.0
0.0
0.0
0.0
0.0
0.0
0.526414
0.0
0.0
0.0
0.0
0.0
0.0
0.0
0.0
1.95205
0.0
0.0
0.618547
0.0
0.0
1.09596
0.0
0.0
0.0
0.0
0.0
0.956219
0.0
0.0
0.0
0.0
0.0
0.0
0.0
0.0
0.0
1.18527
0.0
0.663959
0.0
0.0
4.84975
0.0
0.0
0.0
0.879822
0.0
3.09968
0.0
0.0
0.0
0.0
0.0
0.0
0.0
0.0
0.0
0.0
0.0
0.0
0.0
0.0
0.0
0.0
0.0
0.0483273
0.0
0.0
2.33255
0.0
0.0
0.0
0.0
0.0
0.0
0.295973
0.0
0.0
0.0
1.35835
0.0
0.0
0.0
0.0
0.0
0.0
0.0
0.0
4.70147
0.0
0.0
0.0
0.0
3.99016
0.0
0.0
0.0
0.0
0.0
0.0
0.444292
0.0
0.0
0.0
0.0
5.7121
0.698955
0.0
0.3923
0.0
0.0
0.0
0.0
0.0
0.0
0.0
0.0
0.0
0.886782
0.0
0.0
0.0
0.0
0.0
0.0
0.0
2.03026
0.0
0.0
0.0
4.12987
0.11459
0.0
0.0
0.0770955
0.0
0.0
0.0
0.0
0.0
1.29601
0.0
0.0
0.0
0.0
0.0
0.0
0.0
0.0
0.758964
0.0
0.0
3.01371
0.0
0.0
0.0
0.966855
0.0
0.0
0.0
0.0
0.453773
0.0
0.0
0.0
0.468325
0.0
0.0
4.15738
0.0
0.0
0.0
0.0
0.501653
0.0
0.0
0.0
0.0
0.0
0.0
0.0
0.0
0.0
0.0
0.598514
0.0
0.0
0.214439
0.0
0.0
0.0
0.0
0.0
0.0
0.0
0.0
0.0
0.0
0.743185
0.0
0.0
0.0
0.0
1.04204
0.0
0.0
1.74196
7.52489
0.0
0.0
0.0
0.0
0.0
0.797429
0.716361
0.0
0.0
0.0
0.0
0.0
0.0
0.0
0.0
0.975822
0.0
0.0
0.0
4.13644
0.0
0.0
0.0
0.0
0.0
0.0
0.0
1.37463
1.94684
6.39488
0.0
0.0
0.0
0.0
0.0
0.0
0.0
0.0
1.55116
0.0
0.62638
0.0
0.0
0.0
0.0
0.0
2.3302
0.0
0.894687
0.0
0.0
5.38227
0.0
0.0
0.0
0.0
1.2101
0.0
0.0
0.0
0.0
0.0
0.0
0.0
0.701621
0.0
0.654365
0.0
0.0
0.0
0.0715451
0.0
3.63823
0.0
0.0
0.0
0.0
3.4449
0.0
0.0
0.0
0.0
2.59295
1.58644
0.0
0.0
0.0
2.85508
0.0
1.01466
0.0
0.0
1.43464
0.0
0.0
0.0
0.0
0.0
0.0
0.0
3.88541
0.0
1.91657
0.0
0.0
0.872702
0.0
2.64601
0.0
0.0
0.0
0.0
0.0
0.0
0.0
0.0
0.0
0.0
0.0
0.0
0.0
0.0
0.0
0.0
0.0
0.0
0.0
0.0
2.60004
0.0
0.0
0.0
0.0
0.0
2.66101
0.0
0.0
0.0
0.0
0.0
0.0
2.93428
0.405998
0.0
0.437985
0.0
2.09052
1.87677
0.0
0.0
0.0
0.0
0.0
0.0
0.0
0.0
0.0
0.0
0.0
0.417749
1.54382
0.0
0.0
0.0
0.0
0.0
2.50948
0.0
0.0
0.0
0.0
0.0
0.0
0.0
0.0
0.0
0.0
0.0
0.280526
0.0
0.0
0.0
2.38609
0.0457644
0.0
0.0
0.0
0.0
0.0
0.0
0.0
0.0
0.0
0.0
0.0
0.0
0.0
0.870621
0.0
1.02678
0.0
2.87798
0.0
3.81015
0.202552
0.0
5.65837
0.0
0.0
0.0
0.0
0.0
0.0
0.0
5.29429
0.0
0.0
0.0
0.0
0.0
0.0
0.0
0.0
0.0
0.0
0.0
0.0
0.0
0.0
2.2162
0.0
0.0
0.0
0.0
0.0
0.0
0.0
0.0
2.21233
0.0
0.0
1.00083
0.0
1.04807
0.309211
0.0
3.68358
0.0
2.29625
0.496249
0.0
3.48901
0.0
0.0
0.0
5.36593
0.0
0.0
0.0
0.0
3.97959
0.0
0.0
0.0
0.0
0.0
0.0
0.0
0.0
0.0
0.0
5.20615
0.0
0.0
1.04957
0.937339
0.0
0.782701
0.0
0.0
0.0
0.0
0.0
0.0
3.09188
0.0
0.0
0.0
0.0
2.5438
0.0
3.11118
0.0
0.0
0.0
0.0
0.0
0.0
0.0
0.0
2.76698
0.0
0.0
0.0
0.0
0.481584
0.0
0.472544
0.0
0.0
4.02366
0.0
0.0
0.0
0.0
0.0
0.0
0.0
0.0
0.0
0.0
0.858067
0.0
0.0459562
0.0
0.0
0.0
0.269451
0.0
0.0
0.0
0.0
0.0
0.0
0.0
0.0
0.0
2.06248
0.0
0.0
0.0
0.0
0.0
0.0
0.0
0.0
0.0
2.01385
0.0
0.0
0.0
0.0
0.0
0.0
0.0
0.540608
0.377374
0.0
0.63454
0.99587
0.0
0.0
0.0
0.0
0.0
0.841639
0.632172
0.0
0.167823
0.0
0.0
0.0556207
0.0
0.0
0.0
0.0
0.0
4.94105
0.0
0.0
0.0
0.210544
0.0
0.0
2.85997
0.0
0.0
0.0
0.0
0.0
0.0
0.0
0.0
0.0
0.0
0.0
0.0
0.0
0.0
0.0
0.0
0.536532
2.34589
0.0
0.0
0.0
0.0
0.0
0.0
0.0
0.0
0.0
0.0
0.0
0.0
0.0
0.0
0.0
0.0
0.214738
0.0
0.0
0.0
0.0
0.0
0.0
0.0
0.0
0.0
0.0
0.0
