0.0
0.0
3.51374
0.0
0.183519
0.0
0.0
0.0
0.0
0.0
0.0
0.0
0.0
2.67014
0.220724
1.03466
0.0
0.0
0.0
0.0
0.0
0.0
0.0
0.0
0.0
0.0
0.0
0.0
0.0
0.0
0.0
1.72376
0.0
3.66831
0.0
0.0
0.0
0.0
1.30806
0.0
0.0
0.0
3.30962
0.0
0.0
2.22212
2.31193
0.911698
0.0
0.0
0.991502
0.0
0.0
0.0
0.200025
0.0
0.0
0.016849
0.0
0.0
0.0
0.0
0.0
0.461062
0.845122
0.0
0.0
0.0
0.0
0.0
0.0
0.0
0.0
0.0
0.0
0.0
0.0
0.0
0.0
0.0
2.63317
0.0
0.0
0.0
0.0
0.0
0.0
0.0
0.848909
0.0
0.0
0.0
0.0
0.0
0.0
0.0
0.0
0.0
0.655801
0.0
0.0
0.0
0.664611
0.0
0.0
0.0
0.0
0.0
0.0
0.95931
0.0
0.0
0.0
2.10683
0.0
0.0
0.0
0.336235
0.411016
0.0
0.0
0.0
0.0
0.0
0.940226
0.0
0.0
2.75903
0.0
0.0
0.0
0.0
0.0
0.0
1.76627
0.0
3.21399
0.0
2.11874
0.0
0.0
0.0
0.82397
0.0
0.0
0.0
0.0
0.0
0.562592
0.0
0.0
0.0
2.33334
0.0
0.0
0.0
0.0
0.0
0.0
0.0
0.0
0.0
0.136702
0.0
0.0
0.0
0.0
1.45093
0.0
0.0
0.0
2.02024
0.0
0.0
0.0
0.0
0.0
0.0
0.0
0.0
0.399497
0.0
0.0
0.0
0.0
0.870836
0.334456
0.0
0.0
0.0
0.0
0.0
2.78639
2.16844
0.0
0.0
0.0
0.0
0.0
1.51788
0.0
0.0
0.0
0.0
0.0
0.0
0.0
0.0
0.0
0.0
0.0
0.376536
0.0
0.0
0.678161
0.322651
0.0
0.0
0.0
0.0
0.0
0.0
0.0
0.0
1.21175
0.0
1.14825
0.749689
0.0
0.0
0.0
0.0
0.0
0.0
0.0
0.0
0.411268
0.0
0.0
0.0
0.0
0.0
0.0
1.47654
0.0
0.0
0.131094
3.26397
0.0
0.0
0.487325
0.0
0.0
0.0
0.0
0.0
0.0
0.0
0.0
0.0
0.0
0.0
1.51603
0.0
0.0
0.0
0.0
0.0
0.0
1.20932
1.75362
0.0
0.0
0.0
0.0
0.0900975
0.861993
0.0
0.659274
0.0
0.0
0.82897
1.30065
0.620125
0.0
0.0
0.0
0.0
0.0
0.0
0.0
0.0
0.0
0.0
0.0
0.0
0.0
0.0
0.0
0.0
0.0
6.00634
0.308484
0.0
0.0
2.85497
0.0
0.0
0.0
0.0
0.0
0.0
0.0
0.0
0.0
0.0
0.0
0.0
0.0
0.0
0.0
0.0
0.0
0.0
0.0
0.0
0.188846
0.0
0.0
0.0
0.0
0.0
0.0
0.0
0.0
0.0
0.0
0.0
0.0
0.0
0.0
0.0
0.0
0.0
0.0
0.0
0.0
0.0
0.0
0.0
1.10076
0.0
0.0
0.0
0.0
0.0
0.0
2.68139
0.0
1.52729
0.0
0.0
0.0
0.0
0.0
0.0
0.0
0.0
0.0
0.0
0.0
0.0
0.0
0.0
0.0
0.0
0.0
0.0
0.0
0.175632
0.0
0.0
0.281015
0.0
0.0
0.0
0.0
1.55215
0.406111
0.0
0.0
0.0
0.0
1.41124
0.0
3.30593
1.93179
0.0
0.598845
0.0
0.0
0.0
0.0
0.0
0.548059
0.0
0.0
0.0
0.0
0.0
0.470856
0.0
0.0
0.0
0.0
0.0
0.0
0.0
0.0
0.0
0.0
0.0
3.6035
0.0
0.0
0.0
0.0
0.0
0.0
0.138737
0.0
0.0
0.0
0.0
0.0
0.0
0.0
0.0
2.71951
0.0
0.0
0.0
0.0
0.0
0.0
0.0
0.0
0.0
0.599868
0.0
0.0
1.15373
1.37786
2.93249
0.0
0.0
0.0
0.0
0.0
0.0
0.0
0.0
1.12591
0.0
0.0
0.0
0.0
0.0
0.0
2.34981
0.0
0.0
0.0
0.0
0.0
0.0
0.0
0.0
1.50978
0.0
0.120182
0.0
0.0
5.25078
0.0
1.4874
0.0
0.0
0.0
0.0
0.0
0.0
0.0
0.0
0.0
0.0
1.64089
0.0
3.24249
1.62728
0.0
0.0
0.0
0.647591
2.49682
0.0
0.0
0.0
0.0
0.615227
0.0
0.052181
0.0
0.0
0.0
0.0
0.0
1.70073
0.0
0.0
0.0
0.184676
0.0
0.0
0.0
0.187232
0.0
0.0
0.0
0.0
0.0
0.0
1.57371
0.834437
0.0
0.0
2.07775
0.0
0.0
0.0
0.0
0.0
1.9807
0.62624
0.0
0.0
0.0
0.0
0.0
0.0
0.0
0.0
0.0
0.0
0.0
0.0
0.0
0.0
2.10816
0.0
0.0
0.0
0.0
0.0
0.0
0.0
4.31417
0.0
0.0
0.0
0.0
0.964119
0.0
0.0
0.0
0.0
0.0
0.0
1.62643
0.0
0.0
0.0
0.0
0.0
0.0
0.0
0.0
0.0
0.0
0.0
0.0
0.0
2.22434
0.0
0.0
0.0
3.52866
0.0
0.0
0.0
0.0
0.0
0.0
0.0
1.83996
0.0
0.0
0.0
0.0
0.0
0.0
0.0
1.54877
0.0
0.0
0.0806494
0.0
0.0
0.0
0.0
2.47462
0.0
0.0
0.0
0.582924
0.0
0.0
0.0
0.0
0.0
0.0
0.0
0.0
0.0
0.0
0.0
2.19255
0.0
1.04287
0.0
0.0
0.0
0.0
0.516463
0.0
0.0
0.0
0.0
1.51808
0.0
0.2802
0.295005
0.0
0.0
0.0
0.0
0.0
0.497506
0.0
0.768907
3.62943
0.0
0.0
0.0
0.0
0.0
1.03344
0.0
0.0
0.0
0.0
0.0
0.0
0.0
0.0
0.0
0.310406
0.150769
0.500563
0.0
0.0
0.0
0.0
1.57155
0.0
0.0
0.0
0.0
0.0
0.0
0.0
0.0
0.0
0.0
0.12197
0.0
0.0
0.0
0.0
0.0
0.0
0.0
0.0
0.0
0.0
0.0
0.0
0.0
0.0
0.0
0.0
0.0
1.35934
0.0
0.0
0.0
0.0
0.0
0.0
0.0
0.0
0.0
0.0
0.0
0.349233
1.8285
0.0
0.0
5.34785
0.0
0.0
0.329344
0.0
0.0
0.0
2.53898
0.0
0.0
1.41443
0.0
2.73945
0.0
0.0
0.0
0.86513
1.73225
0.0
0.0
0.0
0.0
0.0
2.32861
0.0
0.0
0.0
0.0
0.0
0.0
0.0
0.0
0.0926793
0.0
0.0
0.0
0.0
0.0
0.0
0.0
0.0
0.0
0.0
0.0
0.0
1.27411
0.0
0.0
0.243588
1.96875
0.0
1.97013
0.0
0.0
0.0
0.248439
0.0
0.0
0.0
0.0
0.0
0.0
0.0
0.0
0.0
0.715629
0.0
0.0
2.50111
0.0
0.0
1.50977
0.0
0.0
0.0
0.0
0.0
0.0
0.0
0.0
0.0
0.0
0.0
0.0
0.0
0.0
0.0
0.0
0.0
0.0
0.0
0.0
0.0
0.0
0.0
0.0
0.0
1.19587
0.0
0.0
0.0
0.532509
0.0
1.2615
0.0
0.0
0.0
0.0
0.0
0.0
0.0
0.0
0.0
3.09896
0.0
0.0
0.0
0.0
0.0
0.678493
1.10443
1.15213
0.0
0.0
0.664988
0.0
0.984339
0.0
0.0
0.0
0.0
0.0
2.68327
0.717416
0.0
0.0
0.0
0.0
0.0
1.06215
0.0
0.0
0.20901
0.0
0.0
0.0
0.0
0.0
0.0
0.0
3.0884
0.0
0.0
0.34904
0.0
0.0
0.0
0.0
0.0
0.0
0.0
0.0
0.0
1.62326
1.55218
0.0
2.38542
0.0
0.0
0.0
0.0
0.0
0.0
0.0
0.0
0.0
0.153706
0.0
0.0
0.0
3.45627
0.0
0.0
0.0
0.0
0.0
0.0
0.0
0.0
1.11905
1.87715
0.0
0.0
0.0
0.0
1.52699
2.61434
0.0
0.0
0.0
0.0
0.0
0.0
0.0
0.0
0.0
0.0
0.0
0.0
0.0
0.0
2.34491
0.0
0.0
0.0
3.4092
0.0
0.0
0.0
0.0
0.0
0.0
0.0
2.72357
0.0
0.0
0.0
3.57386
0.0
1.98823
0.0
0.0
0.0
0.0
0.0
0.0
0.0
0.0
0.0
1.5375
1.74078
0.0
0.0
0.0
0.0
0.0
0.0
0.0120164
0.0
0.0
0.0
0.0
0.0
0.0
0.880325
0.0
0.0
3.2813
0.0
0.0
0.0
0.0
0.0
0.0
0.390391
0.0
0.0
0.0
0.0165232
0.0
0.0
0.0
0.0
0.0
0.0
0.0
0.0
0.0
0.0
0.0
0.0
0.0
0.0
0.0
0.0
0.0
2.25403
0.0
0.0
0.370991
0.0
0.0
0.0
0.0
0.0
0.631971
0.0
0.0
0.0
0.0
2.33389
0.0
0.0
0.0
0.0
0.0
0.0
0.18549
1.13127
0.0
0.0
0.0
0.0
0.0
0.0
2.41747
0.0
0.0
2.39577
0.0
0.0
0.0
0.0
0.0
0.0
0.0
0.0
0.0
0.0
2.6777
0.0281194
0.0
0.0
0.0
0.0
0.0
0.0
0.649786
0.0
1.06529
0.0
0.0
0.0
0.0
0.0
0.0
0.828976
0.0
0.0
0.0
0.0
0.0
0.0
2.50709
0.0
0.0
0.0
0.0
0.0
0.0
0.0
0.0
0.0
0.0
0.0
0.0
0.0
0.0
0.0
1.74072
0.0
0.0885596
0.0
0.0
0.553798
0.0
0.0
0.0
0.0
0.0
0.0
0.0
0.59328
0.0
0.0725472
0.0
0.0
0.0
0.0
0.0
1.69297
0.0
0.0
0.0
0.0
0.0
0.0
0.0
0.0
0.216634
0.0
0.0
0.0
0.0
0.0
0.0
0.0
0.0
0.0
0.0
0.0
0.0
0.0
1.92189
0.0
0.838853
0.0
0.0
0.0
0.0
0.0
0.0
0.0
0.0
0.0
0.0
5.47218
0.0
0.0
0.0
0.0
0.0
0.0
0.945342
1.6041
0.0
1.2655
0.0
0.0
1.69948
0.0
0.0
0.0
1.60135
1.56561
0.0
0.0
0.0
0.0
0.0
0.0
0.433779
0.0
0.0
0.0
0.0
0.0
0.0
0.0
0.0
0.0
0.0
0.0
0.0
0.0
0.0
0.386196
0.0
0.0
0.0
0.0
0.0
0.0
0.0
1.07416
0.0
0.0
0.0
0.614786
0.0
0.0
0.0
1.16132
0.0
0.0
0.0
0.0
0.0
0.504959
0.0
0.0
4.87165
0.0
1.14003
0.0
0.0
0.789344
0.559011
0.0
0.0
0.0
0.0
0.0
2.22373
0.236674
0.0
0.0
2.16816
0.0
0.0
3.24335
0.0
0.0
0.0
0.0
0.0
0.546761
0.962621
1.8633
0.0
0.0
0.0
0.0
1.21746
0.0
2.38781
0.0
0.0
0.0
0.0
0.0
0.0
0.0
0.0
0.0
1.08678
0.0
0.0
0.0
0.0
0.0
0.0
0.0
0.329759
0.0379691
0.0
0.0
0.0
0.0
0.0
0.0
0.88206
0.0
0.0
0.0
0.0
0.0
0.0
0.0
0.0
0.0
0.746734
0.0
4.38028
0.0
0.0
2.06966
0.209735
0.0
0.0
1.71722
0.0
0.0
0.0
0.0
0.0
0.0
0.0
5.79375
0.0
0.0
0.0
0.0
0.0
0.0
0.0
0.0
0.0
1.18508
0.0
0.0
0.0
0.0
0.0
0.0
0.0
0.0
0.0
0.0
0.0
0.0
0.0
0.0
0.0
0.0
0.0
0.0
1.23593
0.0
0.0
0.588947
0.0
0.0
0.0
0.0
0.0
0.0
2.12167
1.19059
0.0
0.0
0.0
0.0
0.0
0.0
0.0
0.0
0.0
0.0
0.0
3.11236
0.0
0.0
0.333282
0.0
0.0
0.0
0.0
0.0
0.0
1.39103
1.57027
0.937896
0.0
0.0
0.0
0.0
0.0
1.37793
0.893391
0.0
3.263
0.0
0.979274
0.0
0.0
0.0
0.0
0.0
0.0
0.0
0.0
0.0
0.0
0.0
0.0
0.0
0.0
1.57848
2.06482
0.0
0.0
0.0
0.0
0.789945
0.0
0.0
0.0
0.0
2.20098
2.06826
0.0
0.0
0.0
0.0
0.0
0.0
1.00672
0.0
0.0
0.0
0.899095
0.0
0.0
0.0
0.0
0.613628
0.0
0.0
0.0
0.0
1.05906
0.0
0.0
2.09477
0.0
0.0
0.0
0.0
0.0
0.0
0.0
0.843737
0.0
0.0
0.0
0.169754
0.0
0.0
0.0
0.0
2.66751
0.0
0.0
3.42553
0.0
0.0
2.04519
0.0
0.0
0.0
0.0
0.0
0.0
0.233055
0.0
0.0
0.0
1.45555
0.0
0.0
0.0
1.81703
0.0
0.0
0.0
0.0
0.0
0.0
0.0
0.0
0.0
0.0
0.0
0.0
0.0
0.345031
0.0
0.0
0.0
0.0
0.0
0.0
0.0
0.0
0.0
0.292361
0.0
1.8761
0.0
0.0
0.0
0.0
0.0
0.0
0.900955
0.0
2.77847
0.0
0.0
0.297671
0.0
0.0
0.0
0.0
0.0
0.0
0.0
0.892241
0.0
0.0
0.0
0.0
0.0
0.0
0.0
0.0
0.0
0.0
0.0
0.0
0.0
1.83135
0.0
0.0
0.743007
0.0
0.0
0.0
0.0
0.0
0.374682
0.0
0.506308
0.0
4.49481
1.2877
1.88583
0.0
0.571236
0.0
1.05938
0.0
0.0
0.0
0.0
0.728002
0.0
0.0
0.0
1.95506
0.0
1.33512
1.07146
0.480185
0.869092
0.0
0.0
0.0
0.0
0.0
0.0
3.64691
0.0
0.0
0.0
0.0
0.0
0.0
0.0
0.0
0.0
0.0
0.0
0.0
0.0
0.0
0.0
0.0
0.0
0.0
0.0
0.0
0.0
0.0
0.0
0.0
0.319879
0.0
0.0
0.0
0.0
0.0
0.824584
0.0
0.0
0.0
0.0
0.0
0.0
0.0
0.0
0.0
0.0
0.0
0.0
0.0
0.0
0.622221
0.0
0.0
0.0
3.39644
0.0
0.0
0.0
0.0
0.0
0.921945
0.0
0.0
0.0
0.0
0.0
0.0
0.0
0.0
2.98517
0.0
0.289024
1.51481
0.0
0.0
0.0
0.534915
0.0
0.0
3.63234
0.0
0.0
0.0
0.0
0.0
0.0
0.0
0.0
0.0
0.0
0.874538
0.0
0.0
1.75834
0.0
0.0
0.0
0.0
0.0
0.0
0.0
0.0
0.0
4.06995
0.0
0.575635
0.0
2.74005
0.619796
0.0
0.0
0.0
2.66604
0.0
0.0
0.0
0.123886
0.0
0.913789
0.0
0.0
0.0
0.0
0.0
0.0
0.0
0.0
0.0
0.0
0.0
0.55232
0.0
1.79453
0.0
0.874889
0.0
0.0
0.0
0.0
0.0
0.181063
0.0
0.0
0.0
0.0
0.496052
0.0
0.0
1.52675
0.0
0.0
1.30495
0.0
0.0
0.0
0.0
0.0
0.30824
0.0
0.0
0.0
0.0
0.0
0.0
1.9218
0.0
0.0
4.26547
0.0
0.0
0.0
0.0
0.0
0.0
0.0
0.0944971
0.0
0.0
1.72914
0.0
0.0
0.0
0.0
0.0
0.0
0.0
0.0
0.0
0.0
0.0
1.80631
0.0
0.0
3.94604
3.29057
0.0
0.0
0.0
0.0
0.894512
2.92661
2.09902
0.0
0.0
0.0
0.0
0.0
0.0
0.0
0.0
1.95686
0.0
5.36129
0.0
0.0
0.0
0.0
0.0
0.0
0.0
0.0
0.0
0.0
0.0
0.0
0.0
0.0
0.0
0.0
0.0
0.0
0.0
0.0
0.0
0.0
0.0
0.0
0.0
0.0
0.0
0.0
0.0
0.0
0.0
0.0
0.0
0.0
1.42019
3.92215
0.0
0.0
0.0
2.20814
0.36202
0.0
0.122812
0.0
0.0
0.0
0.0
3.43961
1.30315
0.0
0.0
0.0
0.0
0.0
0.0
0.0
0.0
0.0
0.0
0.0
0.0
0.0
0.0
0.0
0.0
0.0
0.0
1.53119
0.0
0.0
0.394392
0.0
0.0
0.0
0.0
0.0
0.0
0.0
0.0
0.0
0.0
0.0
0.0
0.0
0.0
0.97705
0.0
0.0
0.0
1.34192
0.0
0.0
0.0
0.0
1.45831
0.0
0.0
5.69816
0.0
0.47497
0.0
0.0
0.0
0.0
0.0
0.0
0.0
0.0
0.259003
1.10239
0.0
0.0
0.0
0.0
0.0
0.0
2.99535
0.0
0.0
0.0
0.0
0.0
0.0
0.0
3.30095
0.0
0.0
0.0
0.0
0.0
0.0
0.0
0.0
0.0
0.0
0.0
0.0
0.0
2.33765
0.0
0.0
0.0
0.0
0.0
0.0
0.0
1.72723
0.0
0.910874
0.0
0.0
0.0
3.49559
0.0
0.0
0.0
0.0
0.218112
0.0
0.0
1.255
0.0
0.0
0.0
0.0
0.0
0.0
0.0
0.0
0.0
0.3414
0.0
0.912746
0.0
0.0
0.0
0.0
0.0
0.0
0.0
0.0
0.0
0.0
0.00704487
1.44557
0.0
0.0
0.0
0.0
0.0
0.0
0.0
1.28956
2.68908
0.0
0.0
0.0
0.137815
0.328448
0.0
0.698468
0.232914
1.86458
0.780031
0.0
1.76496
0.0418541
0.14416
0.0
0.0
0.543506
0.0
0.0
1.82065
0.0
0.0
2.87953
0.69325
0.0
0.0
0.0
1.53734
0.0
0.0
0.0
0.0
0.0
0.0
2.10014
0.0
0.0
0.278454
0.827953
0.0
0.0
0.0
0.0
1.64577
0.0
0.0
0.325351
0.0
0.0
0.0
0.0
0.0
0.0
0.0
0.0
0.0
0.255048
0.0
2.0254
0.0
0.0
2.53815
0.0
0.0
0.0
0.0
0.0723052
0.0
0.0
0.0
0.0
0.571325
0.0
0.0
0.0
1.24072
0.711138
0.0
0.0
0.0
0.0
0.0
0.0
0.229126
0.0
0.0
0.0
0.0
0.0
0.0
0.0
0.0
0.0
0.0
0.0
0.0
0.0
0.0
0.0
0.0
6.1686
0.0
0.0
0.131399
0.0
0.0
0.0
0.0
2.62841
0.0
0.0
0.0
0.0
0.0
0.0
4.06155
0.0
0.0
0.0
0.0
0.0
2.42642
0.0
0.0
0.0
0.0
0.0
0.0
0.0
0.0
0.0
0.0
0.0
0.0
0.0
0.0
0.0
2.68148
0.0
0.355332
0.0
0.0
0.0
0.0
0.0
0.0
0.0
0.0
1.40097
0.0
0.0
0.0
0.0
2.76279
0.0
4.01468
1.92312
0.0
2.24876
0.0
0.0
0.0
0.0
0.940678
1.22737
1.23577
0.0
0.0
0.0
0.0
0.0
0.0
0.0
1.59334
0.0
0.0
0.0
0.0
1.58492
0.0
0.0
0.0
0.0
0.0
0.0
0.0
0.0
0.0
0.0
0.0
1.2244
0.0
0.0
0.0
0.407034
3.07271
0.406429
0.0
4.37221
0.0
0.454129
0.0
0.0
1.0329
0.0
0.0
0.0
0.0
0.0
0.0
1.22824
0.0
1.55879
0.0
0.0
0.0
0.0
0.539947
0.0
0.0
0.0
1.9229
0.0
0.829429
0.0
0.0
1.12089
1.81257
0.0
0.0
0.0
0.0
0.0
0.0299907
0.0
0.0
0.0
0.0
1.27045
0.0
0.0
0.0
0.0
0.0
0.0
0.0
0.0
0.0
0.0
0.0
0.0
0.0
0.0
0.0
0.219111
0.0
0.0
0.0
0.0
0.0
1.66176
0.0
0.0
0.0
0.0
0.0
0.0
0.0
0.0
0.0
0.980875
0.0
0.0
0.0
0.0
0.0
0.0
0.0
0.0
0.0
0.0
0.0
2.3905
0.0
0.0
0.0
0.0
0.0
0.0
2.08279
4.1403
0.0
0.546769
0.0
0.0
0.0
0.0
0.960191
0.0
0.986703
0.0
0.0
0.0
0.0
0.0
0.0
0.0
0.0
0.0
0.0
0.0
0.0
0.0
0.0
0.0
2.12688
0.373742
0.0
0.0
0.0
5.35891
0.0
0.0
2.16255
0.0
0.0
0.0
0.0
0.0
0.0
0.0
0.0
0.499177
0.0
0.0
0.0
1.17866
0.0
0.0
0.0
0.0
0.0
0.0
0.0
0.42428
0.0
0.0
0.0
0.0
0.0
0.0
0.0
0.0
1.65081
0.0
0.0
0.0
0.0
1.9295
0.0
0.0
0.0
3.10228
0.0
2.74147
0.0
0.0
0.0
0.0
0.0
0.0
0.0
0.0
2.3816
0.0
0.0
0.0
0.0
3.23616
0.0
0.0
0.0
0.0
0.0
0.0
0.0
0.0
3.79603
0.0
0.0
0.0
0.0
0.157067
0.0736716
0.0
0.0
0.0
0.0
0.0
0.0
0.0
0.0
0.0
0.0
0.0
0.131257
0.0
0.0
0.0
2.52827
0.0
0.0
3.9068
0.0
0.0
0.0
0.0
0.298003
0.0
0.0
0.0
3.24381
1.38132
0.520434
2.89651
0.0
0.0
0.0
0.841111
0.0
0.0
0.0
0.992869
0.0
0.0
0.0
0.0
0.0
0.868495
0.0
0.0
0.0
1.2433
0.0
0.924672
0.0
0.517619
1.68875
1.20573
0.569402
0.0
1.41129
1.37744
0.0
0.0
0.0
0.0
0.0
0.0
0.0
0.0
0.0
0.0
0.0
2.46927
0.0
0.0
0.0
0.0
0.317419
0.0
0.0
0.0
0.0
0.0
0.0
0.149041
0.15949
0.0
0.0
0.0
0.0
0.0
0.0
0.0
0.0
0.0
0.0
0.402917
0.0
0.0
0.0
0.0
0.0
0.0
0.0
0.147397
0.0
0.0
0.0
0.0
0.0
0.0
0.0
0.0
1.10888
0.0
1.23946
0.0
0.0
0.0
0.0
0.0
0.0
0.0
0.0
0.0
0.0
0.0
1.38364
0.0
0.0
0.0
0.0
0.0
0.0
0.0
0.0
0.0
0.0
0.0
0.0
0.0
0.0
0.0
0.0
0.0
0.0
1.62721
0.0
0.0
0.0
0.0
0.0
0.0
0.0
0.0
0.0
0.0
0.0
0.0
1.41104
0.0
0.0
0.0
0.0
0.0
0.0
0.0
0.0
0.0
0.0
0.769986
0.0
0.0
0.0
0.0
0.0
0.0
0.0161344
0.972988
0.0
0.0
0.0
0.212444
0.0
0.0
1.0535
0.0
0.0
0.0
0.0
0.284308
0.0
0.0
0.0
0.0
0.0
0.0
0.0
0.0
0.0
0.0
0.0
0.0
0.0
0.0
2.14341
0.0
0.0
0.0
0.0
0.0453309
0.0
0.0
0.0
0.0
0.0
0.0
0.0
0.0
0.0
0.0
0.0
1.62281
0.0
0.0
0.0
0.0
0.0
0.0
0.0
0.0
0.0
0.0
0.0363031
0.0
0.0
0.0
0.0
0.0
2.34787
0.0
0.0
0.0
0.0
0.0
0.0
1.62523
0.0
0.0
0.0
0.0
0.0
0.0
0.0
0.0
0.0
0.0
0.0
0.0
3.38943
0.0
0.0
0.0
0.0
0.0
0.0
0.0
0.0
1.96473
0.0
0.225511
2.46201
0.0
0.0
0.0
0.0
0.0
0.0
0.0
0.0
0.0
0.0
0.0
0.0
1.64129
1.49057
0.0
0.0
0.0
0.0
0.0
0.0
2.2554
0.0
0.0
0.0
0.0
0.0
0.0
1.3393
0.0
1.27549
1.36783
0.0
0.0
0.0
0.0
0.0
0.0
0.0
0.0
0.0
0.0
0.0
0.765379
0.0
1.3282
0.0
0.0
1.60777
0.0
1.51035
0.0
0.0
0.0
0.0
0.0
0.390323
0.0
0.0
0.0
0.848929
0.0
0.157389
0.0
1.46126
2.19191
0.0
0.0
0.0
3.85136
0.0
0.0
0.0
0.489984
0.0
0.0
0.68079
0.0
3.55996
0.0
0.0
0.0
0.0
0.0
0.0
0.0
0.0
0.0
0.0
1.11041
0.0124623
0.0
0.0
0.770611
0.0
0.0
0.0
0.0
0.0
0.0
0.0
0.0
0.0
0.0
2.09897
0.0
0.0
0.0
0.0
0.0
0.0
0.0
0.0
0.0
4.72041
1.45582
0.0
0.0
0.0
0.0
0.0
0.0
0.0
1.84241
0.0
0.0
0.0
0.0
0.0
0.0
0.0
0.0
0.0
1.19441
0.0
0.0
0.473993
0.0
0.0
0.0
0.0
3.00061
3.43163
0.0
2.6579
1.23368
0.0
0.0
1.34767
0.0
0.0
0.0
0.0
2.05773
0.0
0.0
0.0
1.12897
0.0
0.0
0.0
1.09669
0.0
0.0
0.0
0.0
0.0
0.0
0.358335
0.0
0.0
0.0
0.0
0.0
0.0
0.0
0.0
0.0
0.0
0.0
0.0
0.999951
0.0
0.0
0.80167
0.0
0.0
0.0
0.0
0.0
0.0
0.0
3.46269
0.0
0.0
0.0
0.0
1.13266
0.0
0.0
0.0
0.0
0.0
0.794273
5.20982
0.702749
0.0
0.0
0.0
0.0
0.0
1.8885
0.0
0.0
0.366379
1.57533
0.0
0.0
0.0
0.246526
4.25919
0.0
0.0
0.0
0.0
0.0
2.92316
0.0
0.801856
0.0
0.0
0.0
0.641494
1.22716
0.0
0.0
0.0
0.0
0.0
0.0
0.0
0.0
0.0
0.0
0.0
0.886464
0.0
0.0
0.0
0.0
0.0
0.0
0.0
0.0
0.0
0.276722
0.0
0.0
0.0
0.0
0.0
0.0
0.246295
0.0
0.896168
0.0
0.0
0.0
0.0
0.0
1.7884
1.15554
0.0
0.0
0.0
0.0
0.0
0.0
0.0
0.0
1.79847
0.0
0.0
0.0
5.5526
0.598598
2.49461
0.0
4.42961
0.0
0.0
0.0
0.0
0.0
1.46461
0.0
0.0
0.0
0.0
0.0
0.0
0.0
0.0
0.0
0.0
0.0
0.0
0.0
0.0
1.41269
0.0
0.915034
0.0
0.55985
0.0
0.0
0.0
0.0
0.0
0.0
0.145148
0.0
0.0
0.0
0.0
0.0
0.0
0.0
0.0
0.0
1.06726
0.0
0.0
1.82068
0.754247
0.0
0.0
0.0
0.0
0.0
0.0
0.0
1.51405
0.0
3.65118
0.475137
0.0
0.0
0.0
0.0
0.0
1.48283
0.0
0.0
0.0
0.0
0.0334883
0.0
0.0
0.0
0.0
0.0
0.0
0.0
0.0
0.0
0.0
0.0
0.0
0.314427
0.0
0.0
0.0
0.0
0.0
0.0
0.0
0.0
2.03742
0.0
0.0
0.0
1.58154
0.0
0.0
0.810728
0.0
0.0
0.0679556
0.0
0.0
0.0
0.0
0.0
0.0
0.0
0.0
0.0
0.0
0.0
0.0
0.0
0.0
0.0
0.0
0.0
0.0
0.0
0.0
0.0
0.0
0.0
0.0
0.0
0.0
0.0
0.0
2.06034
0.0
0.839131
0.0
0.0
0.0
0.0
0.624412
1.04841
0.0
0.0
0.0
0.0
0.0
0.0
0.0
0.0
0.0
1.25595
0.0420828
0.0
0.0
2.34473
0.0
0.0
0.0
1.16497
0.0
2.09734
1.46329
0.0
0.0
0.0
0.0
0.0
0.0
0.0
0.0510499
0.0
0.0
0.0
0.0
0.0
0.0
0.97039
0.0
0.0
1.98085
0.0
0.0
0.142026
0.0
0.0
0.0
0.0
0.895397
0.0
0.0
0.0
0.0
0.0
0.525968
0.0
0.0
0.0
0.0
0.0
0.0158022
0.0
0.0326771
0.0
0.0
1.42702
0.0
1.29059
1.52637
0.0
0.0
0.0
0.0
0.0
0.0
2.96541
0.0
0.0
0.0
1.16957
0.0
0.0
0.0
0.0
0.791275
0.0
0.0
0.0
0.0819735
0.0
0.0
0.0
0.0
0.0
0.0
2.92512
0.0
0.0
0.0
0.0
0.0
0.0
0.0
0.0
0.0
0.0
2.21777
0.0
0.558459
0.0
2.42422
0.0
0.0
0.0
0.0
0.0
0.0
0.0
0.0
0.0
0.292428
0.0
0.0
0.0
0.0
0.0
0.0
0.0
1.33885
0.0
0.0
0.0
0.0
0.0
0.0
0.0
0.0
0.0
0.0
0.0
0.0
0.0
0.142753
0.0
0.0
2.77884
0.0
0.0
0.0
1.77107
3.61204
0.0
0.0
0.0
1.41745
0.0
0.0
0.0
0.0
0.0
0.0
0.0
0.741562
0.0
0.0
0.0
0.892111
0.0
2.96068
0.0
0.0
0.0
0.20166
0.0
0.0
0.0
0.0
0.0
0.0
3.88699
0.0
0.405588
0.0
0.0
0.0
0.0
0.0
0.0
0.0
0.0
0.0
0.0
0.0
0.0
0.0
0.0
0.0
0.0
0.0
0.0
0.0
0.0
0.0
0.424944
0.0
0.0
0.0
0.0
0.0
0.0
0.302186
0.0
0.0
0.767378
0.0
0.0
0.0
0.0
0.0
0.0
0.0
0.0
0.0
0.0
0.0
0.0
3.08162
0.0
0.0
0.0
2.7907
0.0
0.0
0.0
0.292616
0.0
0.0
0.0
0.0
0.0
0.0
0.0
0.262961
0.0
0.0
0.0
0.0
0.0
0.0
0.0
0.0
0.433393
0.0
0.0
0.0
0.0
0.0
0.0
0.0
0.521742
0.962903
0.0
4.15955
0.0
0.0
0.0
1.96792
0.0
0.0648556
0.0
0.0
0.0
0.0
0.959117
0.0
1.45165
0.0
0.0
0.0
0.0
0.0
0.0
0.0
3.13549
0.0
0.0
0.115169
0.0
0.0
0.0
0.0
3.95924
0.0
1.01838
0.22744
0.0
0.0
0.0
0.0
4.15814
0.0
0.0
0.0
0.330064
0.0
0.0
0.244723
0.0
0.0
0.166449
0.0
0.0
1.35802
0.0
0.0
0.0
0.0
0.0
0.0
0.0
2.22581
0.0
0.0
0.0
0.0
0.0
0.0
0.0
0.0
0.0
0.00738579
0.0
0.0
0.0
0.0
0.0160409
5.24852
0.0
0.0
1.17938
0.0
0.0
0.0
0.500893
0.0
0.0
0.0
0.647449
1.28956
2.66531
0.0
0.377499
0.0
0.0
0.0
0.0
0.0
0.0
0.0
0.0
0.0
1.0581
0.00079459
0.0
0.0
0.0
0.0
0.0
0.0
0.0
0.0
0.0
0.0
0.0
0.0
0.0
0.0
0.0
0.0
1.95879
0.0
0.0
0.0
0.0
1.14967
0.993976
3.43068
0.293127
0.0
1.10767
0.596585
0.0
0.0
0.0
0.693072
0.0
0.0
0.0
0.0
0.0
0.0
0.0
0.0
0.0
0.0
0.0
0.0
0.0
0.0
0.37084
0.0
0.812641
0.0
3.42932
0.55575
0.0
0.0
0.0
0.0
0.0
0.0
0.138792
0.0724398
1.09432
0.0
0.0
0.0
0.0
0.0
0.0
0.0
0.0
0.0
0.0
0.0
1.62684
0.0
1.14479
0.834482
0.0
0.0
0.0
0.0
0.0
2.5479
0.0
0.0
0.0
0.0
0.0
0.0
0.0
0.0
0.0
0.379604
0.0
0.0
0.284284
0.0
0.0
0.0
0.0
0.0
0.0
0.0
2.07518
0.0
0.0
0.0
0.0
0.0
0.0
1.53367
0.188517
0.0
0.0
0.0
0.0
0.0
0.0
0.0
0.0
1.44666
0.0
0.0
2.74962
0.602914
0.0
0.0
0.0
0.0
0.0
0.0
0.0
0.0
0.0
0.0
0.0
0.0
0.0
0.537032
0.0
1.12909
0.0
0.0
0.0
0.170336
0.0
1.14267
0.835918
0.0
0.0
0.0
0.0
0.0
0.0
1.7556
0.0
0.0
0.0
1.77181
0.0
4.58807
0.0
0.0
0.0
0.0
2.79948
2.94768
0.0
0.0
0.0
0.0
0.0
0.0
0.0
0.0
0.531721
0.0
0.0
0.0
0.0
2.76529
0.0
0.0
0.0
1.67001
0.0
0.0
2.33944
0.0
0.0
0.0
0.0
0.0
0.0
0.0
0.0
1.27727
0.0
0.0
0.0
3.82094
0.0
0.0
1.06798
0.0
0.0
0.0
0.0
0.441393
0.0
0.0
0.0
0.0
0.0
0.0
0.0
0.0
0.0
0.0
4.48541
0.0
0.0
0.0
0.0
0.0
0.0
0.0
0.0
0.0
0.0
0.0
0.0
0.0
1.80695
0.0
0.0
0.0
0.0
0.0
0.0
0.0
0.0
1.32318
1.30592
4.44999
0.0
0.477768
0.0
0.0
0.0
0.0
0.0
0.0
0.0
0.20367
0.0
0.0
0.0
1.39797
0.0
2.33778
1.01749
2.7234
0.0
0.0
0.0
0.0
0.0874413
0.0
0.0
0.550437
2.43077
3.07851
3.57396
0.0
0.0
0.0
4.88557
0.0
0.0
0.0
0.0
0.0
2.07059
0.0
0.0
0.248513
0.0
0.0
0.0
0.0
0.551162
0.0
0.0
0.136174
0.155397
0.0
0.0
0.0
0.0
0.0
0.0
0.0
0.0
0.0
0.0
0.0
0.0
0.0
1.52156
0.0
0.0
0.0
0.324097
0.582461
7.65116
0.0
0.0
0.0
0.0
0.0
0.0
0.0
0.0
0.0
4.12471
2.5033
0.0
0.0
0.0
0.0
0.0
0.0
0.0
0.0
2.62503
0.0
0.0
3.92086
0.0
0.0
0.0
0.0
1.62869
0.0
0.0
0.0
0.0
0.0
0.0
0.45657
0.0
0.0
0.0
0.0
0.0
0.0
0.0
0.0
0.0
0.0
0.0
0.0
0.0
0.0
0.0
0.0
0.0
0.0
0.0
0.0
0.999614
0.0
0.0
0.0
0.0
0.0
0.0
0.0
0.0
0.0
0.0
0.317457
0.0
3.84753
0.0
0.0
2.31302
0.0
0.0
0.0
2.55763
0.0
0.0
0.0
0.0
1.45629
0.0
0.0482819
0.0
0.0
0.0
1.37639
0.0
0.0
0.0
0.0
0.0
0.0
0.0
0.0
0.0
1.88935
0.0
0.0
0.0
0.0
0.0
0.0
0.0
0.0
0.40407
0.0
0.0
0.0
0.0
0.0
0.287908
0.0
0.0
0.0
0.0
0.0
0.0
0.0
0.0
0.0
0.0
0.0
0.0
0.0
0.0
1.87535
0.0
0.0
0.0
2.01909
0.0
0.0
1.30138
0.0
0.0
0.0
0.0
0.0
0.0
0.58301
2.33988
0.0
0.0
0.0
4.16932
0.0
0.0
0.0
0.0
0.0
0.0
0.0
0.0
0.0
0.601968
0.740351
0.0
0.0
0.0
0.0
0.0
0.0
0.0
0.0
0.464034
0.371883
0.0
0.0
0.0
0.0
0.0
0.0
1.61895
0.0
2.19663
0.0
0.0
0.0
0.0
0.0
1.15682
0.0
0.0
0.0
0.0629881
0.0
0.0
0.0
1.98556
0.0
0.0
3.26029
0.0
0.0
2.5058
0.801614
0.0
5.83361
0.0
0.0
1.06032
0.0
0.0
0.0
0.0
0.0
0.0
0.0
0.0
0.0
1.93678
0.0
0.0
0.0
0.0
0.972854
0.0
3.3273
1.0494
0.545815
0.0
0.0
0.0
0.0
0.0
0.0
1.17398
0.0
0.0
0.0
0.0
0.0
1.44914
0.0
0.766501
0.0
3.48544
0.0
0.0
0.0
0.0
0.0
0.931878
0.0
0.0
0.0
0.0
0.0
0.0
0.0
0.0
0.0
0.0
0.0
0.0
0.0
0.0
0.0
0.0
0.0
0.0
0.0
0.0
0.0
0.0
0.0
0.0
0.0
0.0
2.5253
0.0
0.0
0.0
0.813654
0.0
0.0
0.0
0.0
0.81068
0.0
0.0
0.949474
0.0
1.35025
0.0145857
0.0
0.0
0.0
0.0
1.03961
0.0
0.0
0.0
0.0
1.72671
0.0
0.0
2.29973
0.0
0.0
0.0
0.0
0.0
0.874126
0.0
0.0
0.0
0.0
0.0
0.0
0.0
0.0
0.0
0.0
0.0
0.0
0.0
0.0
0.0
0.0
0.0
0.0
0.0
1.02337
0.0
0.0
0.0
0.0
0.0
0.0
1.70541
0.0
2.93354
0.957508
0.0
1.95252
0.0
0.0
0.0
0.0
0.0
0.0
1.69145
0.0
0.0
2.65614
0.0
0.0524282
0.0
0.0
0.0
0.0
0.0
0.0
2.29613
0.0
0.0
