0.0
0.0
0.0
0.0
1.26472
0.0
0.0
0.0
0.0
0.0
0.0
0.754025
0.0
0.0906752
0.0
0.325864
0.0
0.0
2.23012
0.0
0.0
0.0
0.0
0.0
0.0
0.0
0.0
0.0
0.0
0.0
0.0
2.89199
0.0
4.12932
0.0
0.0
0.0
0.0
0.0
0.0
0.0
0.0
2.93497
0.0
0.0
2.25616
1.69627
0.0
0.0
2.29098
1.23539
0.0
0.0
0.0
0.0
0.0
1.30467
0.0
0.0
0.0
0.96918
0.0
0.0
1.73216
0.188031
0.0
0.0
0.0
2.35036
0.0
0.0
0.0
0.0
0.0
0.0
0.0
0.0
0.621457
0.0
0.0
1.71254
0.0
0.0
0.0
0.0
0.0
0.0
1.67106
0.865892
0.0
0.0
0.0
0.0
0.0
0.0
0.0
0.0
0.0
2.52336
0.0
0.0
0.0
0.0
0.0
0.0
0.0
0.0
0.0
0.0
0.0
0.0
0.0
0.0
5.67502
0.0
0.0
0.0
0.678622
0.0
0.0
0.0
0.0
0.0
0.0
0.0
0.0
0.0
6.56902
0.0
0.0
0.0
0.0
0.0
0.0
0.0
0.0
0.0
2.39223
1.73627
0.0
0.0
0.716064
0.0
0.0
0.0
0.0
0.0
0.0
0.0
0.0
0.0
0.0
0.0
0.0
0.0
0.0
0.0
0.0
0.0
0.0
0.729982
0.0
0.0
0.0
0.0
0.0
0.0
0.0
0.52387
2.27078
0.0
0.0
1.09493
0.0
0.0
0.0
0.0
0.0
1.76586
0.0
1.77045
0.0
0.0
0.0
0.0
0.0357597
1.5077
0.0
0.0
0.0
0.0
0.0
4.01813
3.3056
0.0
0.0
0.0
0.0
0.0
2.19643
0.0
1.94425
0.0
0.0
0.0
0.0
0.0
0.0
0.0
0.0
0.0
0.0
0.0
0.0
1.01758
0.0
0.0
0.0
0.0
1.16745
0.0
0.301843
0.0
0.0
3.26802
0.0
0.552674
0.0
0.0
0.697013
0.0
0.0
0.0
0.0
0.0
0.0
0.0
0.0
0.0
0.0
0.0
0.0
0.0
0.80742
1.1872
0.0
0.0
2.78952
0.0
0.0
0.0
0.0
0.0
0.0
0.0
0.0
0.0
0.186172
0.0
0.0
0.0
0.0
2.19151
0.0
0.0
0.0
2.70836
0.0
0.0
1.95711
0.0
2.87561
0.0
0.0
0.0
0.0
1.03216
0.0
0.0
0.0
0.0
1.75164
1.98928
2.99326
0.0
0.0
0.0
0.0
0.0
0.0
0.0
0.0
0.0
0.0
0.0
1.46656
0.0
0.0
0.0
0.0
0.0
4.10648
1.28348
0.0
0.0
0.0
0.0
0.0
0.738957
0.0
0.0
0.0
0.0
0.0
0.0
0.0
0.0
0.0
0.0
0.0
0.0
0.0
0.0
0.0
0.0
0.0
0.0
0.0
0.0
0.0
0.0
0.0
0.0
0.0
0.133291
0.0
0.0
0.0
0.0
0.0
0.0
0.0
0.0
0.0
0.0
0.0
0.0
0.0
1.61473
0.0
0.0
0.0
0.0
0.0
0.0
0.0
0.0
0.0
0.0
0.127545
0.0
0.0
0.0
0.0
0.0
0.0738048
0.0
0.0
0.0
0.0
0.0
0.0
0.0
0.0
0.0284046
0.0
0.0
0.0
0.0
1.50795
0.0
0.0
0.00703435
0.0
0.0
0.0
0.0
2.52863
0.0
0.0
0.0
0.0
0.0
0.0
0.0
4.0096
3.88303
0.0
0.0
0.0481735
0.0
0.0
0.0
0.0
0.0
0.0
0.0
0.0
0.0
0.0
0.0
0.0
0.0
0.0
0.16123
0.0
0.0
0.0
0.0
1.86882
0.0
0.0
0.0
0.0
0.0
0.0
0.0
0.0
0.0
0.598997
3.6926
0.0
0.0
0.0
0.0
0.0
0.0
0.0
1.33848
0.0
0.0
0.0
0.0
0.0
0.0
0.0
0.0
0.0
0.948076
0.0
0.0
0.0
0.0
4.77897
0.0
0.0
0.0
0.0
0.0
0.0
0.0
0.157106
0.0
0.0
0.533701
0.288287
0.0
0.0
0.0
4.45435
0.0
0.638522
0.0
0.0
0.0
0.0
0.0
0.0
1.21296
0.0
0.0
0.0
0.0
0.0
0.0
0.311404
0.0
0.0
0.0
0.0
0.0
0.0
0.0
0.0
0.0
0.281008
0.0
0.0
0.0
1.25273
0.0
0.0
0.0
0.0
0.186106
0.0
0.0
0.0
0.0
0.0
0.0
0.0
0.0
0.0
0.0
0.0
0.0
0.139848
0.0
0.0
0.0
0.575383
0.0
2.31921
0.0
0.0
0.0
0.0
0.0
0.0
0.0
0.0
2.43315
1.7141
0.0
0.0
4.51983
0.0
0.864705
0.0
0.0
0.0
3.07731
0.0
0.0
0.0
0.0
0.0
0.0
0.0
0.0
0.0
0.0
0.0
0.0
0.0
0.0
0.0
0.0
0.0
0.0
0.0
0.0
0.880789
0.0
0.0
0.0
0.0
0.0
0.0
0.0
0.0
0.273563
0.0
1.10197
0.0
0.0
0.0
0.0
0.0
0.0
0.0
0.0
0.135621
0.0
0.0
4.6523
0.0
0.0
0.0
0.0
0.0
1.26268
0.0
0.0
0.0
0.676032
0.0
0.0
0.0
0.0
0.0
0.0
0.0
2.55206
0.0
0.0
0.0
1.61053
0.0
0.278768
0.0
0.0
0.0
0.0
2.9798
0.0
0.0
0.0
0.0
5.52263
0.0
0.0
0.0
4.78468
0.0
0.0
0.0
0.0
0.0
0.0
0.0
0.0
0.0
0.0
2.56616
1.21366
0.0
0.0
0.0
0.0
0.0
0.0
2.40817
0.0
0.0
0.0
0.0
0.0
0.0
0.0
1.28717
0.0
0.0
0.0
0.0
0.0
0.0
0.0
0.0
0.470645
5.31539
0.0
0.0
0.0
0.0835989
0.0
0.0
0.0
0.0
0.0
0.0
0.0
0.0
0.643636
0.0
1.74848
0.0
0.0
0.0
0.0
0.0
0.0
0.0
0.0
0.0
0.0
0.0
0.0
0.0
0.0
0.0
0.0
0.0
0.0
0.0
0.0
0.0
0.0
0.0
0.0
0.968046
0.0
0.555875
0.0
0.0
0.0
0.0
0.0
0.0
0.0
0.0
0.0
0.0
0.0
0.0
0.0
0.0
0.0
0.0
0.0
0.0
0.0
0.0
0.0
0.0
0.0
0.277353
3.56357
0.0
0.0
1.71512
0.0
0.0
4.33816
0.0
0.0
0.0
2.68579
0.0
0.0
0.0
0.0
0.0
0.0
0.0275776
0.0
0.0
0.0
0.0
0.797831
0.0
0.62316
0.0
0.0
0.0
0.277543
0.916498
0.0
0.0
3.96184
0.35807
0.0
0.0
0.0
0.0
0.0
0.0
0.0
0.0
0.0
0.0
0.0
3.3269
0.0
0.00546035
3.52858
1.03822
0.0
1.07178
0.0
0.0
0.0
0.0
0.0
0.0
0.0
0.0
0.0
0.0
0.0284134
2.62699
0.0
0.0
0.0
0.0
3.64208
0.0
0.0
1.66258
0.0
0.0
0.0
0.0
0.0
0.0
0.0
0.0
0.0
0.0
0.0
0.0
0.0
0.0
0.0
0.0
0.0
0.0
0.0
0.0
0.0
0.0
0.0
0.0
0.0
3.69237
0.0
0.0
0.0
0.0
0.0
1.01171
0.0
0.0
0.0
0.0
0.0
0.0
0.0
0.0
0.0
0.0
2.33614
0.0
1.97631
0.0
0.0
0.0
0.913174
0.867606
0.0
0.0
0.0
0.0
0.0909176
0.0
0.0
0.0
0.0
0.0
0.0
1.60511
0.0
0.556026
0.0
0.0
0.0
1.11742
0.0
0.0
1.52622
0.0
0.0
0.621539
0.0
0.0
0.0
0.0
0.661403
0.238105
0.0
0.0
0.0
0.0
0.0
0.0
0.0
0.0
0.0
0.0
0.0
0.0
0.400629
0.0
1.16047
0.0
0.0
0.0
0.0
0.0
0.0
0.0
0.0
0.0
0.0
0.0
0.0
0.0
5.96689
0.0
0.0
0.0
0.0
0.0
0.0
0.0
0.0
0.0
0.0
0.0
0.0
0.0
0.0
0.0
0.0
0.0
0.0
0.0
0.0
0.0
0.0
0.0
0.0
0.0
0.0
0.0
0.0
0.0
0.0
0.0
0.0
0.0
0.0
2.58682
0.0
0.0
0.331561
0.0
0.0
0.0
0.0
0.443771
0.0
0.0
0.0
1.3987
0.0
2.7446
0.0
4.06162
0.0
0.0
0.0
0.0
0.0
0.0
0.0
1.97491
0.888982
0.0
0.0
0.0
0.0
0.0
0.0
0.0
0.0
0.0
0.0
0.0
0.0
0.0
5.29509
0.0
0.0
3.45638
0.0
0.0
0.0
0.0
0.0
0.0
0.0
0.0
0.0
0.0
0.0
0.0
0.0
0.0
0.0
1.40105
0.0
0.0
0.0
0.437301
0.0
0.0
0.0
0.0
0.0
0.0
0.0
0.0
0.0649347
0.0
1.12159
0.786834
0.0
0.0
0.0
0.0
0.0
0.0
0.0
0.0
1.71221
0.0
0.0
0.0
0.228027
0.0
0.0
0.0
2.75542
0.762055
0.0
0.0
0.0
0.0
0.0
0.0
0.0
1.73957
0.0
0.0
0.0
0.0
0.0
0.0
0.0
0.0
0.0
0.0
0.0
0.0
0.0
0.0
0.0
0.0
0.0
0.0
0.0
1.15769
0.0
1.46122
0.549502
2.44958
0.749668
0.0
0.0
0.0
0.0
0.0
1.1193
0.0
1.77807
0.0
0.0
0.0
0.0
0.0
0.0
0.0
0.0
0.0
0.0
0.0648321
0.0
0.0
0.0
0.0
0.0
0.0
0.0
0.0
0.0
4.52763
0.0
0.0
0.0
0.0
0.0
0.0
1.21666
0.0
0.0
0.0
0.0
0.0
0.0
0.0
0.12311
0.0
0.0
0.0
0.0
0.0
1.25859
0.0
0.0
0.0
0.0
0.0
0.0920752
0.0
1.2137
1.17377
0.0
0.0
1.11014
0.0
0.0
0.0
0.0
0.0
0.0
0.0
0.0
0.0
0.0
0.568777
0.0
2.16205
0.0
0.0
0.283891
0.0
0.0
0.244854
0.0
0.0
0.0
0.0
3.20876
0.0
0.0
0.0
0.0
0.0
0.0
0.0
1.07938
0.0
0.626361
0.0
0.0
2.61972
0.0
0.0
0.0
0.553657
2.31027
0.0
1.10559
0.0
0.0
0.0
0.0
0.0
0.0
0.997564
0.319562
0.0
0.0
0.0
0.0
0.0
0.465428
0.0
0.0
0.0
0.0
0.0
0.798514
0.0
0.0
0.0
0.0
0.0
0.0
0.0
1.82884
0.0
0.0
0.0
0.0
0.0
0.0
0.0
0.301239
0.0
0.0
0.0
0.0
0.0
2.01127
0.0
0.0901174
3.66463
0.0
2.28795
0.0
0.0
1.86207
1.96599
0.0
0.0
0.0
0.0
0.0
0.0
0.0
0.0
0.0
5.34869
0.0
0.0
3.04262
0.0
0.29628
0.0
0.0
0.0
1.7275
0.357521
0.0
0.0
0.0
0.0
0.0
0.0
0.0
1.25885
0.0
0.0
0.0
0.0
0.0
0.0
1.46193
0.0
0.0
0.0
0.0
1.62677
0.0
0.0
0.0
0.0
0.0
0.0
0.0
0.0
0.0
0.0
0.472294
4.96399
0.0
0.0
0.0
0.0
0.0
0.0
0.0
0.0
0.0
0.0
0.0
0.227126
0.0
3.23661
0.0
0.558544
4.22516
0.0
0.0
0.0
0.0
0.0
0.0
0.0
0.0
0.0
0.242847
0.0
4.56249
0.0
0.0
0.343878
0.0
0.0
0.0
0.0
0.0
0.0
0.0
0.0
0.0
0.0
0.0
0.0
0.0
0.0
0.0
0.0
0.0
0.0
0.0
0.0
0.0
0.0
0.0
0.0
0.335483
0.0422068
0.0
0.0
3.38599
0.0
0.0
0.0
0.0
0.0
0.0
0.0
2.30649
0.0
0.0
0.0
0.0
0.0
0.0
0.0
0.0
0.0
0.0
0.0
5.01993
0.0
0.0
0.0
0.0
0.0
0.0
0.0
0.0
0.0
0.0
0.240719
1.68904
0.0
0.450397
0.0
0.0
0.0
0.0
0.0
0.0
0.309995
0.0
0.738128
0.0
0.0
0.0
0.0
0.125237
0.0
0.0
0.0
0.0
0.857063
0.0
0.0
0.0
0.0
3.75258
0.0
0.0
0.0
0.0
0.0
1.05823
1.89311
0.0
0.0
0.0
1.30243
0.0
0.0
0.0
0.0
0.0
0.0
0.0
0.0
0.0
0.525838
0.0
1.9698
0.0
0.0
0.0
0.0
0.0
0.0
1.53743
0.0
0.0
0.890063
0.0
0.0
5.21014
0.0
0.0
0.0
0.0
0.0
0.637311
0.0
0.0
0.0
0.0
0.0
0.0
0.0
0.0
0.0
0.0
2.27468
0.0
0.0
0.0
0.0
0.0
0.0
0.0
0.0
0.0
0.0
0.0
0.0
0.0
0.0
0.0
0.0
2.66913
0.0
0.0
0.0
0.0
0.0
0.0
0.0
0.0
0.0
0.0
0.0
0.0
0.0
0.0
0.0
0.0
0.0
0.0
0.0
0.0
0.0
1.13639
0.0
0.0
0.0
0.899969
0.0
2.67645
0.0
1.16783
0.0
0.0
0.0
0.0
0.0
0.0
0.0
0.0
3.60263
1.34609
0.0
1.01705
0.0
0.0
0.0
0.870417
0.0
0.0
0.0
0.429414
0.0
0.0
0.0
0.0
0.0
0.0
0.0
0.0
0.0
0.0
0.0
0.0
0.0
4.30062
0.0
0.0
0.536907
0.0
0.0
0.0
0.933429
0.0
0.0
0.222674
0.0
0.0
5.90567
0.0
0.0
0.0
0.0
0.0
0.0
0.0
0.0
0.0
0.0
0.145074
0.0
0.0
1.2893
0.0
0.0
1.50094
1.0846
0.0
1.16097
0.0
0.0
0.0
0.0
0.0
0.0
3.10123
0.0
0.0
0.0914465
0.0
0.0
0.0
0.0
0.0
0.0
0.0
0.0
0.0
0.0
0.0
0.0
0.0
0.0
0.0
0.0
0.0
0.0516317
0.0
0.0
1.94229
0.0
0.0
0.0
0.0
0.60478
0.0
1.33952
0.0
0.0
0.0
0.0
0.0
0.941558
0.0
0.0
0.0
0.0
0.0
1.63081
0.0
0.0
0.17281
0.0
0.0
0.0
1.05154
0.0
0.0
0.0
0.0
0.0
0.0
0.0
0.0
0.0
0.0
0.0
0.0
0.0
0.0
0.0
0.023765
0.479229
0.0
0.0
0.0
0.0
0.0
0.0
0.183249
8.24348
0.0
0.0
0.0
0.0
0.0
0.350594
0.0
0.0
0.0
0.0
0.0
0.0
0.818862
0.0
0.0
0.0
0.0
0.0
2.14474
0.0
0.0
1.67774
2.76379
3.40165
0.0
0.952801
0.0
2.73514
0.0
0.0
0.0
2.77321
0.406333
0.0
0.0
0.0
0.0
0.0
0.342427
0.0
0.0
0.0
0.0
0.0
0.0
0.0
0.0
0.0
0.0
0.0
0.0
0.0
0.0
0.0
0.0
0.0
0.0
0.0
0.0
1.82464
0.0
0.443387
0.0
0.362665
0.0
1.42838
0.0
0.0
0.0
0.0
0.0
3.23002
1.20999
0.0
0.0
0.0
0.0
0.0
0.0
0.0
2.90263
0.0
0.0
0.0
0.216798
0.0
0.0
0.0
0.0
0.0
0.0
0.0
0.0
0.0
0.0
0.259787
0.0
0.0
0.0
0.0
0.0
0.0
0.0
0.0
0.0
0.0
0.0
0.0
0.0
0.0
0.0
0.0
0.0
0.343383
5.39023
0.0
0.0
0.0
0.0
0.0
0.0
3.03855
1.13155
0.0
0.0
0.0
0.0
0.0
0.0
0.0
0.9322
0.0
0.0
0.0
1.61252
0.0
0.130924
0.0
0.0
0.0
0.0
0.0
0.0
0.0
0.0
0.0
0.0
0.0
0.0
0.0
0.0
0.0
0.0
0.0
0.0
0.0
0.0
0.0
0.0
0.0
0.0
0.0
0.0
0.0
0.0
0.0
0.0
2.09596
0.0
0.0
0.0
0.0
0.276207
0.0
0.0
0.671805
0.0
0.0
0.0
0.0
0.892828
0.0
0.0
0.0
0.0
0.0
0.0
0.0
0.0
0.0
0.0
1.44477
0.0
0.0
0.0
0.0
0.0
0.285653
0.0
0.0
0.0
0.0
0.0
1.50986
0.0
0.0
0.0
0.0
0.0
0.0
0.0
0.0
1.72712
0.0
0.0
0.0
0.0
0.0
2.83111
0.0
0.0
0.0
0.0
1.25961
0.0
0.0
0.0
0.0
0.0
0.0
0.0
0.335467
0.0
0.0
0.0
0.0
0.0
0.0
0.0
0.0
0.0
0.0
3.5802
0.0
0.0
0.0
0.0
0.0
3.1679
1.81693
0.0
0.0
0.0
0.0
0.0
0.0
0.0
0.0
0.0
0.0
0.0
0.0
0.0
0.0
0.0
0.0
0.0
0.0
0.0
0.0
0.0
0.0
0.0
0.0
0.0
0.0
1.86362
0.0
0.0
0.0
0.0
1.69479
1.50347
0.0
0.0
0.0
0.0
0.0
0.0
0.0
1.90922
0.0
1.10079
0.0
0.578664
0.0
0.0
0.0
0.0
0.0
0.0
0.0
0.555446
0.0
0.0
0.0
0.0
0.0
0.0
0.0
0.0
0.187643
0.0
0.0
0.0
0.0
0.0
0.0
0.0
0.0
0.0
0.0
0.0
0.488138
0.0
0.0
0.401206
0.0
3.45159
2.88522
0.0
0.0
0.0
0.0
0.0
0.0
2.71471
0.0
0.0
0.0
0.0
0.0
0.0
0.651487
0.0
0.0
2.03105
0.0
0.0
0.0
0.0
0.0
0.0262552
0.0
5.20978
0.0
0.0
0.0
0.0
0.0
0.0
1.60902
0.0
0.0
0.0
3.07769
3.56708
0.0
0.0
3.44662
0.0553403
2.74826
0.0
1.14672
1.24803
0.0
0.0
0.0
0.0
0.0
0.0
0.0
0.0
0.0
0.0
1.19769
1.87675
0.0
1.51266
0.0
0.0
0.0
0.0
0.0
0.0
0.0
0.0
0.0
2.29478
0.0
0.0
0.0
0.0
0.0
0.0
0.0
0.0
0.0
0.0
0.0
4.46853
2.3069
0.0
0.0
0.0
0.0
0.0
0.0
0.0
0.0
0.0
0.0
2.08325
0.0
0.0
0.0
0.0
2.65505
0.0
0.0
0.0
0.0
0.0
0.0
0.0
1.83851
0.0
0.0
0.0
0.0
0.0
0.0
4.65166
0.0
0.0
0.0
0.0
0.0
5.47335
0.0
0.0
0.0
0.0
0.0
0.0
0.0
0.0
0.0
0.0
0.0
0.0
0.0
0.0
0.0
0.0
0.0
0.0
0.0
0.0
0.0
0.0
1.20076
0.0
0.0
0.0
0.0
0.0
0.899063
0.802766
0.0
0.0
0.0
1.99386
0.0
0.0
1.28593
0.0
0.0
0.0
0.0
8.61436
0.0
0.663283
0.0
0.0
0.0
0.0
0.0
0.0
0.0
0.0
0.0
0.0
0.0
0.0
1.36532
0.0
0.0
0.0
0.0
1.26864
0.0
0.0
0.0
0.0
0.0
2.3423
1.5934
0.0
0.0
0.0
0.0
0.948072
0.0
0.0
2.55144
0.0
0.0
0.0
0.0
0.0
0.0
0.0
0.0
0.0
0.0
0.0
0.0
0.0
0.0
0.0
0.0
0.0
0.0
1.90173
0.0
0.0
0.0
0.0
0.0
0.0
0.0
0.0
0.0
0.0
0.0
0.0
0.0
0.0
0.0
0.0
0.0
0.0
0.0
2.09436
2.56253
0.0
0.0
0.0
0.0
0.796736
0.0
0.0
0.0
0.0
0.0
0.0
0.0
0.0
0.0
0.0
0.56631
0.0
0.0
0.0
0.0
0.0
1.61713
0.0
0.0
0.0
4.66609
0.0
0.0
1.08921
0.0
0.0
0.0
0.0
0.0
0.0
0.0
0.0
0.0
0.0
0.0
0.0
0.0
0.0
0.0
0.0
1.41866
2.34362
0.0
0.0
0.0
0.0
3.166
0.0
0.0
0.0
0.0
0.0
0.0
0.282193
0.0
4.60517
0.0
0.0
0.0
0.0
0.0
0.0
0.0
0.0
0.0
0.0
0.0
0.0
0.0
0.369938
0.0
0.0
0.0
0.0
0.0
0.0
2.42831
0.0
0.0
1.6467
0.0
3.11501
0.0
0.0
0.0
0.0
0.0
0.0
0.0
0.0
0.0
0.0
1.59074
0.0
0.0
0.0
0.0
0.0
0.0
0.0
2.65953
1.53585
0.0
0.0
0.0
0.0
0.0
0.0
0.517001
5.12475
0.0
2.08496
0.0
0.0
0.0
0.0
0.0
0.0
2.59997
0.0
0.287593
0.0
0.0
0.0
0.0
0.0
0.0
0.0
0.0
0.0
0.0
0.0
0.0
0.0
3.2414
0.0
0.0
0.0
0.0
0.0
0.0
0.0
0.0
0.0
0.0
0.0
0.0
0.0
0.0
1.80864
0.0
0.0
0.0
0.0
0.0
0.0
0.0
0.0
0.0
0.951123
0.0
0.752475
0.0
0.0
0.0
0.0
0.0
0.0
0.360937
0.0
0.0
0.0
0.0
2.72093
0.0
0.0
0.0
3.56573
0.0
0.0
5.46605
0.0
0.0
0.0
2.42083
0.0
0.0
0.0
1.30101
0.0
0.0
0.0
0.0
0.0
0.0
0.0
0.0
0.0
0.0
0.0
0.0
0.212881
0.0
2.22683
0.0
2.56067
0.0
0.0
0.0
0.0
0.0
0.0
0.0
0.0
0.0
0.0
0.0
0.0
0.0
0.0
0.0
0.0
0.0
0.0
0.0
0.930934
0.0
0.0
1.40286
0.0
0.0
0.0
0.799628
0.0
0.0
0.0
0.0
0.633181
0.0
0.0
0.0
0.0
0.0
0.0
3.62387
0.0
0.0
0.0
0.0
0.0
0.0
0.0
2.36867
0.0
0.0
0.0
0.0
0.0
0.0
0.0
0.0
0.0
0.0
0.0
0.0
0.0
0.0
0.0
0.0
0.0
0.0
0.0
0.0
0.0
0.0
0.0
0.0
2.18334
0.0
0.0
0.0
0.0
0.024246
0.0
0.0
0.0
0.0
0.0
0.0
0.0
0.0
0.0
0.0
2.07771
0.0
0.0
0.0
0.0
0.0
0.0
0.0
0.0
0.0
0.0
0.0
0.0
0.0
0.130332
0.0
0.0
0.214573
0.0
6.84601
0.0
0.0
0.0
0.0
0.0
0.127151
0.0
0.0
0.0
0.0
0.0
0.0
0.0
0.0
0.0
0.0
0.0
2.0813
0.0
0.0
0.0
0.0
0.0
0.0
0.0
1.00783
0.0
0.0
0.0
0.0
0.0
0.485036
0.0649691
0.0
0.0
0.0
0.0
0.0
0.0
0.0
0.0
0.0
0.0
0.0
0.0
3.64574
0.0
0.0
0.0
0.0
0.0
2.16021
0.0
0.0
0.0
0.0
0.0
0.0
0.0
0.0
0.0
0.0
0.0
0.0
0.0
0.0
0.0
0.0
0.0
0.0
0.0
0.0
0.0
0.0
0.0
0.0
0.0
0.0
0.0
0.0
0.0
0.0
0.0
0.0
0.0
0.0
0.0
0.0
0.0
0.0
0.0
0.0
0.0
0.0
0.613948
0.0
0.0
0.0
0.0
0.0
0.0
0.0
0.512177
1.12722
0.0
0.94195
1.08505
0.0
3.35794
0.0
0.0
0.0
0.0
0.0
0.0
0.59868
3.09849
0.0
0.0
0.0
0.0
0.0
0.0
0.0
0.0
0.0
0.0
0.0
0.0
0.0
0.0
0.0
0.0
0.0
0.128221
0.0
2.78578
0.0
0.0
0.0
1.62737
0.0
0.0
0.0
0.276575
0.741723
0.0
0.0
0.0658307
0.0869289
0.0
0.0
0.0
0.0
0.0
0.0
0.649859
0.0
0.0
0.0
0.0
0.133092
0.0
0.0
0.0
0.0
0.0
0.0
0.0
0.0
2.22995
1.11912
0.0
0.0
0.0
8.23263
0.0
0.0
0.0
1.00142
0.0
0.0
3.72761
0.0
0.0
0.0
0.0
0.0
0.0
0.0
0.0
0.0
0.0
0.0
0.0
3.46516
0.0
0.0
0.411483
0.0
0.0
0.0
0.0
0.0
0.0
0.0
0.0
1.75632
0.0
0.0
1.69074
0.0
0.0
0.0
0.0
0.0
0.0
0.0
0.0
0.0
1.77969
0.0
0.0
0.0
0.0
0.0
0.0
0.0
0.0
5.18754
0.0
0.0
0.0
0.0
0.0
0.0
0.0
0.0
0.0
0.0
0.0
0.0
0.0
0.0
0.0
0.0
0.0
1.24151
4.39801
0.0
0.0
0.948397
0.0
0.0
3.94471
0.0
0.0
0.0
0.60576
0.0
0.0
0.0
0.0
0.0
0.0
0.0
0.0
1.06329
0.0
0.0
1.47891
0.0
0.0
0.0
0.0
0.0
0.0
0.0
0.0
0.0
0.0
0.0
0.0
0.0
0.0
0.0
0.0
0.0
0.0
0.0
0.0
0.0
0.0
0.0
0.0
0.0
0.43478
0.0
0.0
0.0
0.0
0.0
0.0
0.0
0.0
0.0
0.0
0.0
0.672092
0.0
4.09014
0.964822
0.889224
0.0
0.0
0.0
0.0
4.56663
0.0
0.0
0.0
0.0
0.0
0.0
0.0
0.859515
4.42529
0.0
0.0
0.0
0.0
0.0
3.93201
0.0
0.0
0.0
0.0
0.0
0.179248
4.32718
0.0
0.0
0.0
0.0
0.0
0.0
3.75268
0.0
0.0
0.0
0.0
0.0
0.0
0.0
0.0
0.0
0.0
0.0
0.0
0.0
0.0
0.930157
0.0
0.0
0.0
0.0
0.0
0.0
0.0
0.0
0.0
1.63251
0.0
0.0
0.0
0.0
1.3313
3.41846
0.0
0.0
0.0
0.0
0.0
0.0
0.0
0.0
0.284554
0.0
0.0
0.0
5.26077
0.0
0.0
0.0
1.24903
0.0
0.0
0.0
0.660477
0.0
0.128724
0.0
0.0
0.0
0.0
0.0
0.0
0.0
0.0
0.0
0.0
0.0
0.0
0.0
0.0
1.09777
0.0
0.0
0.0
0.0
0.0
0.0
0.0
0.0
0.0
0.0
0.729999
0.0
0.0
0.0
0.0
0.0
0.0
0.0
0.0
0.0
2.73146
0.0
0.0
0.0
0.0
0.0
0.0
2.41364
0.0713321
0.0
0.0
0.0
2.43157
0.0
5.81467
0.0
1.90243
0.0
0.0
0.0
0.0
0.0
0.0
1.50517
0.0
0.0
0.0
0.0
0.0
0.0
0.0
5.45947
0.0
0.0
0.0
0.0
0.0
0.0
0.0
0.0
1.20343
0.0
0.0
0.0
0.0
0.0
0.0
0.0
1.25131
0.0
0.0
0.0
0.0
0.0
0.0
0.0
0.0
0.0
0.0
0.0
0.0
0.0
1.06337
0.0
0.0
0.0
0.0
0.0
0.0
0.0
0.0
1.21391
0.0
0.0
0.631603
0.0
0.0
0.0
0.106817
0.74702
0.0
0.0
0.0
0.0
0.0
0.0
0.0
2.73468
2.55343
0.778452
0.0
2.238
0.0
2.47157
2.29006
0.0
0.0
0.0
0.0
0.0
0.0
0.0
0.0
0.0
0.0
0.0
3.11201
0.0
0.0
0.0
0.0
0.0
0.0
0.0
0.0
4.87814
0.0
0.0
0.0
0.0
0.0
0.0
0.0
0.0
0.0
0.0
0.0
0.0
0.0
0.0
0.0
0.0
0.0
0.0
0.983348
0.0
0.0
0.0
0.0
0.0
0.0
0.0
1.1265
0.0
0.0
0.0
0.0
0.0
0.0
0.0
0.0
0.0
0.0
0.0
2.8424
0.0
0.0
0.0
0.0
0.0
0.0
0.0
0.828667
0.484559
0.508351
0.0
0.0
0.0
0.0
1.30701
0.0
0.0
0.0
1.81775
0.0
0.0
0.0
0.0
0.0
0.0
0.0585096
1.96509
0.0
0.0
0.0
0.0
0.0
0.0
0.0
0.24476
0.0
0.0
0.0
0.0
0.0
0.0
1.96256
0.0
0.0
0.0
2.27232
0.0
2.15923
0.0
0.134265
0.0
0.0
0.0
0.0
0.0
0.0
0.0
0.0
0.0
3.56239
0.0
0.0
0.0
0.0
0.0
0.0
0.0
0.0
0.0
0.0
0.0
0.0
0.0
0.0
0.0
0.0
0.0
0.0
0.0
0.0
0.0
4.86156
0.0
0.0
0.0
0.0
0.0
0.0
0.0
1.13479
0.0
0.0
0.0
3.69218
0.0
0.0
0.00371465
0.0
0.0
0.0
0.0
2.37417
0.0
0.0
0.0
0.617405
0.0
3.70748
0.0
0.0
0.0
0.0
0.0
0.0
0.0
0.0
0.0
1.29497
0.0
0.564539
0.0
0.0
0.0
0.0
0.0
0.0
0.0
0.0
0.0
0.0
0.0
0.0
0.0
0.0
0.0
0.0
0.0
0.0
0.0
0.0
0.0
0.0
3.60417
0.0
0.0
0.0
0.0
0.0
0.0
0.340718
0.0
0.0
0.0
0.0
0.0
0.0
0.0
0.0
0.0
0.0
0.0
3.68928
0.0
0.0
0.0
2.86931
0.0
0.0
0.0
2.977
0.420084
0.0
0.0
0.0
0.0
0.0
0.0
0.0
0.0
0.0
0.0
0.0
0.0
0.0
0.0
0.217148
0.0
0.0
0.0
0.0
0.0
0.0
1.65484
0.0
0.0
0.0
0.0
0.0
0.375754
1.56485
0.0
2.65332
0.0
0.0
0.0
0.852326
0.0
0.0
0.0
0.0
1.88733
0.0
0.0
0.0
4.50151
0.0
0.0
3.08746
0.0
0.0
0.0
0.0
0.0
0.0
0.0
0.0
0.0
0.0
0.0
0.0
1.47442
0.0
0.0
0.0
0.0
0.0
0.0
0.0
1.13014
0.0
0.0
0.0
0.0
0.0
0.0
0.0
0.0
0.0
0.0
0.0
0.0
0.0
0.0
0.0
0.0
0.0
0.0
0.0
0.0
1.01496
0.0
0.0
0.0
0.0
0.0
0.0
5.03139
0.0
0.0
0.0
0.0
0.0
0.0
0.240794
0.0
7.27153
0.0
0.0
0.0
0.0
0.0
0.157964
0.0
0.0
0.0
0.0
0.0
1.47856
0.0
0.0
0.0
0.0
0.0
0.0
0.0
0.0
0.0
0.0
0.0
0.0
2.02954
0.0
0.0
0.0
0.0
0.0
0.0
0.0
0.0
0.0
0.0
0.925218
0.0
0.0
0.0
0.0
0.0
0.0
0.836531
0.0
0.737499
0.0
0.0
3.90312
0.0
0.0
0.0
0.0
2.21477
0.590546
0.0
0.0
0.288484
0.0
0.0
0.0
0.0
0.0
0.0
0.0
0.0
0.0
0.0
0.0
0.0
0.0
0.0
0.0
0.0
0.0
4.97921
0.0
0.708316
0.394226
0.0
0.0
0.0
0.0
0.0
0.0
0.0
0.0
1.84886
0.102405
0.0
0.0
0.0
0.0
0.0
0.0
0.0
0.0
0.0
0.0
1.44255
0.0
0.0
0.540673
0.0
0.0
0.0
0.0
0.0
3.14463
0.0
0.0
0.0
0.0
0.0
0.0
0.0
0.0
0.0
0.0
0.0
0.0
0.0237268
0.0
0.0
0.0
0.0
0.0
0.0
0.0
0.0
0.0
0.0
0.0
0.0
0.0
0.0
0.0
0.0
0.0
0.0
0.0
0.0
0.0
0.0
0.0
0.0
0.0
0.0
0.0
4.00255
0.0
0.0
0.0
0.0
0.0
0.0
0.0
0.0
0.0
0.0
0.0
0.0
0.0
0.0
0.0
0.0
2.30375
0.0
0.0
0.0
0.0
0.0
0.0
0.0
0.0
0.0
0.0
0.0
0.0
0.156324
0.257701
0.0
0.0
0.0
0.0
0.0
1.79166
0.0
1.95395
0.0
0.0
5.15795
1.74172
0.0
0.0
0.0
0.0
0.0
0.0
0.0
0.0
0.0
0.0
0.0
0.0
0.0
1.80035
0.0
0.0
0.0
1.11936
0.0
0.0
4.31479
0.0
0.0
0.0
0.0
0.0
0.0
0.0
0.0
1.5815
0.0
0.0
0.0
1.40748
0.0
0.0
1.82337
0.0
0.0
0.0
0.0
0.0
0.0
0.0
0.0
0.0
0.0
0.0
0.0
0.0
0.0
0.0
0.0
2.2395
0.0
0.0
0.0
0.0
0.0
0.0
0.0
0.0
0.0
0.0
0.0
0.0
2.98608
0.0
0.0
0.0
0.0
0.0
0.0
0.0
0.0
6.27785
0.0
3.40229
0.0
3.16794
1.27869
0.0
0.0
0.0
0.0
2.80062
0.0
0.148884
0.137936
0.0
0.0
0.0
0.0
0.0
0.0
4.19378
0.0
0.0
0.0
0.0
0.0
0.0
0.0
0.0
0.478658
3.42272
0.0
0.0
0.0
0.0
1.62156
0.0
0.0
0.0
0.0
0.0
2.46595
0.0
0.0
0.0
0.0
0.0
1.07736
0.0
0.708353
0.0
0.0
0.0
0.0
0.0
0.0
0.0
0.0
0.0
0.0
0.0
0.0
0.125813
0.0
0.0
0.0
0.0
0.0
0.0
0.0
0.0
0.510706
0.0
5.27519
0.0
0.0
0.0
0.0
0.381097
0.0
0.0
0.0
0.0
3.59225
0.0
0.0
0.0
0.0
1.37894
0.0
0.0
0.0
0.0
0.0
0.0
0.0
3.998
0.0
0.0
0.0
0.0
4.53776
0.0
0.0
0.0
0.0
0.0
0.0
0.669627
0.0
0.0
0.0
0.0
0.0
0.0
2.07718
0.0
0.0
0.0
0.0
0.0
0.0
0.0
0.898804
0.0
0.0
0.0
0.0
0.0
0.970471
0.0
0.0
0.0
0.0
0.0
2.44167
0.0
0.0
0.0
0.0
0.0
0.0
2.714
0.0
0.0
1.51384
0.0
1.81964
0.15754
1.22871
0.0
0.0
0.0
0.0
1.19265
0.0
0.0
0.0
0.0
0.0
0.0279693
0.0
0.0
0.0
0.0
0.0
0.0
1.02604
0.0
0.0
0.0
0.0
0.0
0.0
0.0
0.0
0.0
0.0
0.0
2.66247
0.0
0.0
0.0
0.0
0.0
0.0
0.0
0.0
0.0
0.0
0.0
0.0
0.0
0.0
0.366134
0.0
0.0
0.0
0.0
0.0986337
0.460808
0.0
0.86092
0.0
6.43203
0.0
0.0
5.04056
0.0
1.01411
0.0
0.0
0.0
0.0
2.61764
2.22501
1.69234
0.0
0.0
0.821305
0.0
0.0
0.0
0.0
0.0
0.0
0.0
0.0
0.148062
0.0
0.846394
0.0
0.0
0.0
0.0
0.0
0.0
0.0
0.0
0.0
0.0381395
0.0
0.0
0.0
0.0
0.0
0.0
2.08746
0.0
2.05713
0.0
0.0
4.49812
0.0
0.0
0.0
2.28162
0.0
0.0
0.580652
0.0
2.59496
0.0
0.726684
0.0
0.0
1.6085
0.0
0.0
0.0
0.0
0.0
4.04637
0.0
0.0
0.0
0.0
0.0
0.0
0.0
1.25452
0.0
0.0
0.0
0.0
0.0
0.0
0.0
0.0
0.0
0.0
0.0
1.81556
0.0
0.0
0.0
0.0
0.0
0.314193
0.0
0.0
0.0
0.0
0.0
0.0
0.0
0.0
0.599434
0.0
0.225074
0.0
3.75721
2.71711
0.0
0.0
0.0
0.0
0.0
0.0
0.0
0.0
0.0
0.688502
0.0
2.47425
0.0
0.0
0.0
0.0
0.0
0.0
0.0
0.0
0.0
0.0
0.0
0.0
0.0
0.0
0.0
0.0
0.0
0.0
0.0
0.439903
0.428979
0.0
0.0
2.25536
0.0
0.0
0.0
0.0
0.0
0.0
0.109265
0.0
1.8799
0.0
0.0
0.0
0.0
0.0
0.0
0.0
0.0
0.0
0.0
0.0
4.33904
0.0
0.0
4.76028
0.0
0.0
0.0
0.0
0.0
1.36264
0.0
0.0
0.0
0.0
0.0
0.0528776
0.0
0.0
0.0
0.0
0.0
0.0
0.0
0.0
0.0
0.0
0.0
0.0
0.0
0.0
0.0
0.0
0.0
0.161019
0.0
0.0
0.0
0.0
0.0
2.00781
0.0
0.753644
0.0
0.0
0.0
0.0
0.0
0.0
0.0
0.0
0.0
0.612052
0.0
0.0
0.0
0.0
0.0
0.0
0.617878
0.0
0.0
0.0
0.0
