0.0
0.0
3.86658
0.0
0.620805
0.0
0.0
0.0
0.0
0.0
0.0
0.0
0.0
0.0
0.0
0.0
0.0
0.0
0.0818887
0.0
0.0
0.0
0.0
0.0
0.0
0.0
0.0
0.0
0.0
0.0
0.0
0.349341
0.0
6.37021
0.0
0.0
0.0
0.0
0.0
0.0
0.0
0.0
2.13028
0.0
0.0
2.57985
0.912786
0.0
0.0
2.71202
0.0
0.0
0.0
0.0
0.0
0.0
0.0
0.0
0.0
0.0
1.30411
0.0
0.0
3.03718
0.0
0.0
0.0
0.0
2.85957
0.0
0.0
0.0
0.0
0.0
0.0
0.0
1.82333
0.0742356
0.0
0.0
0.944639
0.0
0.0
0.0
1.77711
0.0
0.0
0.0
0.290833
0.0
0.0
0.0
0.0
0.0
0.0
0.0
0.0
0.0
0.684451
0.0
0.0
0.0
0.203643
0.0
0.0
0.0
0.0
0.0
0.0
0.0
0.0
0.0
0.0
1.3421
0.0
0.0
0.0
1.07687
0.917835
0.0
0.0
0.0
0.0
0.0
0.249456
0.0
0.0
5.93224
0.0
0.0
0.0
0.271544
0.0
0.0
2.11637
0.0
0.0
0.150127
0.733407
0.0
0.0
0.0
0.0
0.0
0.0
0.0
0.0
0.0
0.738149
0.0
0.0
0.0
0.0
0.0
0.0
0.0
0.0
2.07467
0.0
0.0
0.0
0.0
0.0
0.0
0.0
0.0
0.0
0.0
0.0
2.06622
0.0
0.0
5.39709
1.20765
0.0
0.0
0.0
0.0
0.0
0.0
0.22088
0.0
0.0
0.0
0.0
0.35078
1.44324
0.0
0.0
0.0
0.0
0.0
4.25888
1.8502
0.0
0.0
0.0
0.0
0.0
0.0
0.0
0.199074
0.0
0.0
0.0
0.0
0.0
0.0
0.0
0.0
0.0
0.0
0.0
0.0
0.199999
0.0
0.0
0.0
0.0
0.0
0.0
0.138426
0.0
0.0
0.0
0.0
0.0
0.0
0.0
0.0
0.0
0.0
0.0
2.17131
0.0
0.0
0.0
0.0
0.0
0.0
0.0
0.0
0.0
0.0
0.0
0.480322
0.0
3.54124
0.0
0.0
0.976139
0.0
0.0
0.0
0.0
0.00855218
0.0
0.0
0.0
0.0
0.0
0.0
1.78575
0.0
0.0
0.0
1.45829
0.0
0.0
0.318802
0.0
0.435942
0.0
0.0
0.0
0.0
1.94825
0.0
0.0
0.0
0.0
0.0
1.62435
4.58835
0.0
0.0
0.0
0.0
0.0
0.0
0.0
0.0
0.0
0.0
0.0
0.0
0.0
0.0
0.0
0.0
0.0
6.0189
0.0
0.0
0.0
1.28322
0.0
0.0
0.0
0.0
0.0
0.0
0.0
0.0
0.0
0.0
0.0
0.0
0.0
0.0
0.0
0.0
0.0
0.0
0.0
0.0
0.0
0.0
0.0
0.0
0.0
0.0
0.0
0.0
3.29198
0.0
0.0
0.0
0.0
0.0
1.13949
0.0
0.0
0.0
0.0
0.0
0.0
0.0
0.0
0.0
0.0
0.0
0.0
0.0
0.0
0.0
0.0
0.0
0.0
0.407299
0.0
0.0
0.0
0.0
0.0
0.0951934
0.0
0.0
0.0
0.0
0.0
0.0
0.0
0.0
0.0
0.0
0.0
0.0
0.0
0.647308
0.0
0.0
0.0
0.0
0.0
0.0
0.0
4.13632
0.0
0.0
0.0
0.0
0.0
0.0
0.0
1.07756
4.02762
0.0
0.0
0.0
0.0
0.0
0.0
0.0
1.23258
0.0
0.548518
0.0
0.0
0.0
0.0
0.0
0.0
0.0
1.87037
0.0
0.0
0.0
0.0
0.0
0.0
0.0
0.0
0.0
0.0
0.0
0.0
0.0
1.58059
0.0
3.66611
0.0
0.0
1.13162
0.0
0.0
0.0
0.0
0.0
0.0
0.0
1.10437
0.0
0.0
0.0
0.0
0.0
0.0
2.29688
0.0
0.0
0.0
0.0
2.52134
0.0
0.0
0.0
0.0
0.0
0.0
0.0
1.27481
0.124035
0.0
0.0
0.746798
0.0
0.0
0.956547
3.65013
0.0
0.0
0.0
1.46262
0.0
0.0
0.0
0.0
1.14428
0.0
0.0
0.0
0.0
2.1048
0.0
0.0
0.0
0.0
0.0
0.0
0.0
0.0
0.0
0.0
0.0
0.0
2.21218
1.41476
1.04823
0.0
0.0
0.0
0.0
0.0
0.0364207
0.0
0.0
0.0
0.0
0.0
0.0
0.0442867
0.0
0.0
0.0
0.0
0.0
0.824387
0.0
0.0
0.0
0.0
0.143376
0.24134
0.291835
0.0154997
0.0
0.0
0.0
0.0
0.0
0.0
1.8335
1.6106
0.0
0.0
3.7202
0.0
0.11255
0.0
0.0
0.0
0.943271
1.17115
0.0
0.0
0.0
0.0
0.0
0.0
0.0
1.49619
0.0
0.0
0.0
0.0
0.0
0.0
0.0
0.0
0.0
0.0
0.0
0.0
0.0
0.0
0.0
0.0
0.0
0.0
0.0
0.0
0.0
0.0
0.0
0.883359
0.0
0.0
0.0
0.0
0.0
0.0
0.0
0.877039
0.628243
0.0
2.56232
1.28977
0.0
0.0
0.0
0.0
0.0
0.0
0.0
0.0
0.0
0.0
0.0
0.0
0.0
0.0
0.0
0.0
0.0
0.0
0.0
0.0
0.0
0.0
0.0
0.0
0.0
0.0
0.0
0.0
0.0
0.0
0.0
0.0
5.89291
0.0
0.0
0.0
0.0
0.0
0.0
0.0
0.0
0.0
0.0
0.0
0.0
0.0
0.0
0.651022
1.79569
0.0
0.0
0.0
0.0
0.0
0.0
1.40098
0.0
0.0
0.0
0.0
0.0
0.0
0.0
0.987922
0.0
0.0
0.0
0.0
0.0
0.0
0.0
0.0
0.974668
3.02135
0.0
0.0
0.0
0.0
0.0
0.0
0.0
0.0
0.0
0.0
0.980532
0.0
0.0290297
0.0
2.7093
0.158693
0.0
0.0
0.0
0.0
0.0
1.40232
0.0
0.0
0.0
0.0
0.0
0.0
0.0
0.0
0.0
0.0
0.0
0.0
0.0
0.0
0.048772
0.0
0.0
1.45279
0.0
1.23613
0.0
0.0
0.0
0.529812
0.0
0.0
0.0
0.0
1.02554
0.0
0.0
0.0
0.0
0.0
0.0
0.0
0.0
0.0
0.0
0.0
0.907632
0.0
0.0
0.0
1.89971
0.0
0.0
2.45247
0.0
0.0
0.0
0.0934027
0.0
0.0
0.0
0.0
0.0
0.0
0.0
0.0
0.0
0.0
0.0
0.0
0.0
0.0
0.0
0.0
0.0
0.0
0.0
0.0
0.0
2.125
0.0
0.0
4.21252
4.07081
0.0
0.841778
0.0
0.0
0.0
0.0
0.0
0.0
0.0
0.0
0.0
1.93134
0.0
0.0
0.0
2.51868
0.0
9.84899
0.0
0.0
0.0
0.0
0.0
0.0
0.0
0.0
0.0
0.0
0.0
0.0
0.0
0.0
0.0
0.0
2.96675
0.0
0.0
2.32369
0.0
0.0
0.0
2.17642
0.0
0.0
0.0
0.0
0.0
0.0
0.0
0.0
0.0
0.0
0.0
0.0
0.0
0.0
0.0
0.0
0.0
0.0
0.0
0.0
0.0
2.43005
0.0
1.82245
0.0
0.0
0.0
0.0
0.0
0.0
0.0
0.0
0.0
0.0
0.0
0.0
0.0
0.0
2.50568
0.0
1.94821
1.61892
0.0
0.0
0.0
0.0
0.0
0.0
0.0
0.0
0.0
0.0
0.0
0.0
0.0
0.0
0.0
1.56056
0.0
0.0
0.0
0.0
0.0
1.52143
0.0
0.0
0.0
0.0
0.0
0.107277
0.0
0.0
0.0136501
0.0
0.0
2.66053
0.0
0.154659
0.0
0.0
0.0
0.0
0.0
0.0
0.0
0.0
2.9837
2.04184
0.0
0.0
0.751648
0.0
0.0
0.0
0.0
0.0
0.0
0.0
0.0
0.0
0.157893
0.0
0.0
0.0
5.32345
0.0
0.0
0.0
0.0
0.0
0.0
0.0
0.0
0.0
0.0
0.0
0.0
0.0
0.0
0.0
0.0
0.0
0.0
0.0
0.0
0.0
0.0
0.0
0.0
0.0
0.0
0.0
0.0
0.0
0.0
0.0
0.0
0.0
0.0
3.62447
0.0
0.0
0.0
0.0
0.0
1.01516
0.0
1.83476
0.0
0.0
0.0
0.0
0.0
0.0
0.0
2.42943
0.0
0.0
0.0
0.0
0.0
0.0
0.0
0.433982
0.911137
0.13711
0.0
0.0
0.0
0.0
0.0
0.0
0.0
0.0
0.0
0.0
0.0
0.0
3.54333
0.0
0.0
1.64644
0.0
0.0
0.0
0.0
0.0
0.0
0.0
0.0
0.0
0.0
0.0
0.0
0.0
0.0
0.0
0.0
0.0
0.0
0.0
0.0
0.0
0.0
0.0
0.0
0.0
0.0
0.0
0.0
1.6399
0.0
0.0
2.29802
0.0
0.0
1.7171
0.0
0.0
0.265759
0.0
0.0
0.0
0.0
0.0
0.0
0.0
0.0
0.0
0.0
4.0459
0.0
0.0
0.0
0.0
0.0
0.0
0.0
0.0
4.4105
0.0
0.0
0.455028
0.0
0.0
0.0
0.0
0.0
0.0
0.0
0.0
0.0
0.0
0.0
0.0
0.0
0.0
0.0
0.0
2.20239
0.0
1.35175
0.0
0.0
2.34269
0.0
0.0
0.562454
0.0
0.0
1.15139
0.0
0.512924
0.0
0.0
0.0
0.0
0.0
0.0
0.0
0.0
0.0
0.0
1.63074
0.0
0.0
0.0
0.0
0.0
0.469175
0.0
0.0
0.0
2.50364
0.0
0.0
0.0
0.0
0.0
0.0
0.0
0.0
0.0
0.0
0.0
0.0
0.0
0.0
0.0
0.0
0.0
0.0
0.0
0.0
2.05442
0.0
0.0
0.0
0.0
0.0
0.815791
0.0
0.0
0.828664
0.0
0.0
0.0
0.0
0.0
0.0
0.0
0.0
0.0
0.0
0.0
0.0
1.02725
0.604313
0.0
2.10998
0.0
0.0
0.0
0.0
0.0
1.87167
0.0
0.0
0.0
0.0
3.81594
0.0
0.0
0.0
0.0
0.0
0.0
0.0
2.27522
0.124055
0.89563
0.0
0.0
5.89233
0.0
0.0
0.0
0.269696
6.74013
0.0
0.550019
0.0
0.0
0.0
0.469034
0.888562
0.0
0.0
0.0
0.0
0.0
0.0
0.0
0.0
0.0
0.0
0.0
0.0
0.0
0.0
0.0
0.0
0.0
0.640221
0.0
0.0
0.0
0.0
0.0
0.0
0.0
0.0
2.54342
0.0
0.0
0.0
0.0
0.0
0.0
0.0
0.0
0.0
0.950181
0.0
0.198178
2.33567
0.0
0.0
0.0
0.0
0.0
3.8531
0.0
0.0
0.0
0.0
0.0
0.0
1.05719
0.0
0.0
4.65725
0.0
0.0
1.78795
0.0
0.0
0.0
0.0
0.0
0.0104002
0.0
0.0
0.0
0.0
0.0
0.0
0.0
0.0
1.70114
0.0
0.0
0.0
0.0
0.0
0.0
1.93294
0.0
0.0
0.0
0.0
0.22369
0.0
0.0
0.0
0.0
0.0
0.0
0.0
0.0
0.0
0.0
0.0
0.0
1.51513
1.71852
0.0
0.0
0.0
0.0
0.0
0.59595
0.0
0.0
0.0
0.0
0.0
4.86336
0.0
0.0
4.41711
0.0
0.0
0.0
0.611385
0.0
0.306419
0.0
0.0
0.0
0.0
0.0
0.456896
0.0
0.0
2.86484
0.0
0.0
0.0
0.0
0.0
0.0
0.0
0.0
0.0
0.0
0.0
0.850051
0.0
0.0
0.0
0.0
0.0
0.0
0.0
0.0
0.0
0.0
0.0
0.0
0.264161
0.0
0.0
0.0
2.12279
0.0
0.0
0.0
0.0
0.0
0.0
0.0
0.0
0.0700497
0.0
0.0
0.0
0.0
0.0
0.0
0.0
0.0
0.0
0.0
3.73293
0.0
0.0
0.0
0.0
0.0
0.0
0.0
0.0
0.0
0.0
2.8624
2.94016
0.0
0.0
0.0
0.0
1.55893
0.0779451
0.0
0.396661
3.44263
0.0
0.0
0.0
0.0
0.0
0.534138
0.0
0.0
0.0
0.0
0.0
2.41732
0.0
0.0
0.0
0.0
1.98794
0.0
0.0
0.0
0.0
0.0
2.41461
6.77376
0.0
0.811207
0.0
0.977971
0.0
0.0
0.0
0.0
0.0
0.0
0.0
0.0
0.0
1.92695
0.0
0.12113
0.0
0.0
0.0
0.0
0.0
0.0
0.0
0.0
0.0
0.0
0.0
0.0
0.0
0.0
0.0
0.0
0.0
0.0
0.0
0.0
0.0
0.0
0.0
0.342557
0.0
0.0
0.0
0.0
0.0
1.97551
0.0
1.20361
0.0
0.0
0.0
0.0
0.0
0.0
0.0
0.0
0.0
0.0
0.933279
0.0
0.0
0.0
1.92649
0.0
0.0
0.0
0.239194
0.0
0.0
0.0
0.0
0.0
0.0
0.0
0.0
0.0
0.0
0.0
0.0
0.0
0.0
0.0
0.0
0.0
1.37041
0.0
0.0
0.0
0.0
0.0
2.37811
0.0
1.14013
0.0
0.0
0.0
0.0
0.0
0.0
0.0
0.0
5.06787
2.18835
0.0
0.0
0.0
0.0
0.0
0.0
0.0
1.8865
0.0
2.53388
0.0
0.0
0.0
0.0
0.0
0.0
0.0
0.0
0.0
0.0
0.0
0.0
0.0
1.46312
0.0
1.95267
0.0
0.0
0.0
0.0
0.0
0.0
0.0
0.0
0.0
0.0
3.73366
0.0
0.0
0.0
0.0
0.0
0.0
0.0
0.0
0.0
0.0
0.0
0.0
0.0
0.0
0.0
0.0
0.0
0.0
0.0
0.0
0.0
0.0
0.0
0.0
0.0
0.0
0.0
0.0
0.0
0.0
0.0
0.0
0.0
0.0
0.0
0.0
0.0
0.0
0.0
0.0
0.0
0.0
0.0
0.0
0.0
0.0
0.0
0.0
0.0
0.0
0.356446
0.0
0.0
0.0
0.0
0.762133
0.0
1.10013
0.0
0.0
0.0
0.0
0.0246492
0.0
0.0
0.0
0.0
0.0
0.302198
0.9742
0.0
0.0
0.0
0.0
0.0
0.0
1.04999
0.0
0.0
0.0
0.0
0.0
0.0
0.0
0.0
0.0
0.0
0.0
0.0
0.0
0.0
0.0
0.0
3.41114
2.65764
0.0
0.0
0.0
0.0
0.0
0.0
3.99179
0.0
0.0
0.0
0.0
0.0
0.0
0.0
0.0
0.0
0.0
0.0
0.0
0.0
0.0
0.0
0.0
0.0
0.0
0.0
0.0
0.0
0.0
0.441241
0.371343
0.225656
1.77247
0.0
4.74463
0.0
0.0
0.0
0.0
4.55138
0.0
0.0
0.208616
0.0
0.0
1.21564
0.0
0.0
0.0
0.0
0.0
0.0
0.0
0.0
0.0
0.0
0.0
0.0
0.0
0.0
0.0
0.0
0.0
0.0
0.0
0.0
0.0
0.0
0.0
0.0
0.0
0.098531
4.49798
0.0
0.0
0.0
0.0
0.0
1.17262
0.0
0.0
0.0
0.0
0.0
0.0
0.0
0.0
4.18973
0.0
0.0
0.0
0.0
0.0
0.0
0.0
0.0
0.0
0.0
0.0
0.0
0.0
0.0
0.0
0.0
0.0
0.235512
0.0
0.0
0.0
0.0
0.0
0.0
0.0
0.0
0.0
0.0
0.0
0.0
0.0
0.0
1.32734
5.52052
0.0
0.0
0.0
1.61001
1.31063
0.862602
3.20522
0.0
0.0
0.0
0.0
0.0
0.0
0.0781969
0.0
0.0
0.0
0.0
1.11375
3.85884
0.0
0.0
0.0
0.0
0.0
0.0
0.0
0.0
0.0
0.0
0.0
0.0
0.0
0.0
0.0
0.0
0.0
0.0
0.0
0.0
0.0
0.0
0.0
0.0
0.0
0.0
0.0
0.0
0.0
0.0
0.0
0.0
1.18534
0.0
0.0
0.0
0.0
0.0
0.0
0.0
0.304351
0.0
0.0
0.0
0.0
0.263274
0.703803
0.0
0.0
1.70134
0.0
0.0
0.0
0.84511
0.0
0.0
0.0
0.0
0.0
0.0
0.0
0.0
0.0
0.0
2.54912
0.0
0.0
0.0
0.0
0.0
0.0
0.0
0.0
0.0
0.0
0.0
0.0
1.15882
0.0
0.0
0.0
0.0
0.0
2.04957
0.0
0.0
0.0
1.17181
1.38512
0.0
0.0
0.0
0.0
0.0
0.0
2.48469
0.395781
0.0
0.0
0.0
0.0
0.0
0.0
0.0
0.0
0.0
0.0
3.47153
0.0
0.0
0.0
0.0
0.650485
1.55068
5.13752
0.0
0.0
0.0
0.0
0.0
0.0
0.0
0.851025
0.0
0.0
0.0
0.0
0.0
0.0
0.0
0.0
0.0
0.0
0.0
0.0
0.0
0.0
0.0
0.0
0.0
0.0
0.314577
0.0
0.0
0.0
0.0
0.0
0.0
0.0
0.0
0.769959
0.0
0.0
0.0
0.0
1.19875
0.0
0.0
0.0
1.81624
0.0
0.0
0.0
0.0
0.0
0.0
0.0
0.0
0.0
0.0
0.0
0.0
0.0
0.0
0.0
0.0
0.0
0.0
0.0
0.0
0.0
0.309412
0.0
0.0
0.0
0.0
0.0
0.0
0.0
0.0
0.0
0.0
0.0
4.96726
1.4919
0.0
0.273668
0.0
0.0
0.0
0.0
1.50064
0.0
0.0
0.0
0.0
0.0
0.0
1.65551
0.0
0.0
0.0
0.0
0.30926
4.60291
0.0
0.187058
0.0
0.0
5.5994
2.339
0.0
0.0
0.0
0.0
0.0
0.430764
0.0
0.0
0.0
2.35
1.25754
0.0
0.0
0.0
0.0
0.515098
0.0
0.0
1.11257
0.0
0.0
0.0
0.0
0.0
0.0
0.0
0.0
0.0
0.0
0.114771
3.32818
0.0
0.650275
0.0
0.0
0.0
0.0
0.0
0.0
0.0
0.0
0.0
2.81496
0.0
0.0
0.0
0.0
0.805009
0.0
0.0
0.0
0.0
0.0
0.0
2.83494
0.300397
0.0
0.0
0.0
0.0
0.0
0.0
0.0
0.0
0.0
0.0
0.0
0.0
0.0
0.0
0.133147
3.5584
0.0
0.0
0.0
0.0
0.0
0.0
0.0
0.372177
0.0
0.0
0.0
0.0
0.0
0.0
2.80545
0.0
0.0
0.0
0.0
0.0
4.8272
0.0
0.0
0.0
0.0
0.0
0.0
0.0
0.0
0.0
0.0
0.0
0.0
0.0
0.0
0.0
0.0
0.0
0.0
0.0
0.0
0.0
0.0
0.0
0.0
0.0
0.0
0.0
0.0
0.0
0.0
0.0
0.0
0.0
0.120224
0.00890049
0.0
1.63196
0.0
0.0
0.0
0.0
9.34641
0.0
1.83728
0.0
0.0
0.0
0.0
0.0
0.0
0.0
0.0
0.0
0.0
0.0
0.0
2.2136
0.476503
0.0
0.0
0.0
1.34892
0.820756
0.0
0.0
0.0
0.0
0.0
4.4816
0.0
0.0
0.0
0.0
0.0
0.0
0.0
0.813067
0.0
0.0
0.0
0.0
0.0
0.0
0.0
0.0
0.0
0.0
0.0
0.0
0.0
0.0
0.0
0.414053
0.0
0.0
2.64126
0.0
0.0
0.0
0.315105
0.0
0.0
0.0
0.0
0.0
0.764185
0.0
0.0
0.0239791
0.0
0.0
0.0
0.0
0.0
0.0
0.0
3.90009
0.0
0.0
0.0
0.0
2.2451
0.0
0.0
0.0
0.0
0.0
0.0
0.0
0.0
0.0
0.0
0.0
0.0
0.0
0.0
0.0
0.0
1.34628
0.0
0.0
0.0
0.712265
0.0
0.0
0.0
0.0
0.0
0.0
0.0
0.0
0.0
0.0
0.0
0.0
0.0
0.0
0.0
0.0
0.0
0.0
0.0
1.78151
4.04312
0.0
0.0
0.0
0.0
2.62211
0.0
0.0
0.0
0.0
0.0
0.0
2.1459
0.0872049
5.71627
0.0
0.0
0.0
0.0
0.0
0.0
0.0
0.0
0.0
0.0
0.0
0.0
0.0
0.0
0.0
0.0
0.0
0.0
0.0
0.0
5.13049
0.0
0.0
2.99654
0.0
1.89191
0.0
0.0
0.0
0.0
0.0
0.0
0.381932
0.0
0.0
0.0
2.88471
0.0
0.0
0.0
0.0
0.0
0.94974
0.0
0.0
0.914245
0.0
1.11605
0.0
0.0
0.0
0.0
0.0
1.87107
0.0
3.74389
0.0
0.566146
0.0
0.0
0.0
0.0
5.113
0.0
2.26517
0.0
0.0
0.0
2.77484
0.0
0.0
0.0
0.0
0.862008
0.0
0.0
0.0
0.0
3.91815
0.0
0.0
0.0
0.0
0.0
0.0
0.0
1.6427
1.24963
0.0
0.0
0.0
0.0
0.0
4.87263
0.0
0.0
0.0
0.0
0.0
0.0
0.0
0.0
0.0
0.0
0.0
0.0
0.0
0.0
0.0
0.0
0.0
0.0
0.638865
0.0
0.0
0.0
0.0
1.06058
0.0
0.0
0.0
5.32333
0.0
0.679961
3.04772
0.0
0.0
0.0
0.233675
0.0
0.0
0.0
1.67161
0.0
0.0
0.0
0.0
0.0
2.32112
0.0
0.0
0.0
0.0
0.0
0.0
0.0
1.10666
0.0
0.0
0.0
0.0
0.0
0.0
0.0
0.0
0.0
0.0
0.0
0.0
0.0
0.0
0.0
0.0
0.0
0.388383
0.200108
0.0
0.0
0.0
1.32931
0.0
0.0
0.0
0.0
0.0
1.85363
0.0
0.0
1.49975
0.0
0.0
0.0
0.0
0.0
0.0
0.0
0.0
0.575887
0.0
0.0
0.0
0.0
0.0
0.0
0.0
0.0
0.434294
0.0
0.0
0.0
0.0
0.0
0.0
0.0
0.0
0.0
0.0
0.0
0.0
0.0
0.0
0.0
0.0
0.0
0.0
0.0
0.0
0.0
0.0
0.0
0.0
0.360676
0.0
0.0
0.0
2.82334
0.0
0.0
0.0
0.0
0.0
0.0
0.0
0.0
0.0
0.0926959
0.0
0.0
0.0
0.0
0.0
0.0
0.0
0.0
0.0
0.0
0.0
0.0
0.0
0.0
0.0
0.0
0.531701
0.0
0.152771
0.0
0.503808
0.0
1.32536
0.0
0.0
0.0
1.75429
0.0
0.0
0.0
0.0
0.0
0.0
0.0
0.838267
0.0
1.23575
0.0
4.4076
0.0
0.0
0.0
0.0
0.0
0.0
0.0
1.54956
0.0
0.0
0.0
0.0
0.0
1.3671
0.0
0.0
0.0
0.0
0.0941213
0.0
0.0
0.0
0.0478347
0.0
0.0
0.0
0.0
3.80189
0.0
0.0
0.0
0.0
0.0
0.0
0.0
0.0
0.0
0.0
0.0
0.0
0.0
0.0
0.0
0.952621
0.0
0.0
0.0
0.0
0.0
0.0
0.0
0.0
0.0
0.0
0.0
0.0
0.855363
0.0
0.0
0.0
0.0
0.0
0.0
0.861561
0.0
0.0
0.0
0.0
0.0
0.0
0.0
0.0
0.0
0.0
0.0
2.10436
0.25318
0.0
0.0
0.0
0.0
0.0
0.0
0.0
0.0
0.0
0.0
2.74818
0.0
0.0
1.62911
0.0
0.0
0.0
0.0
0.0
0.0
0.0
0.0
0.0
0.0
0.490316
0.0
0.0
0.0
0.0
0.0
0.0
0.0
0.0
0.0
0.0
0.0
0.0
0.0
0.0
1.30023
0.0
4.32761
0.0
0.0
0.0
0.819607
0.0
1.36734
0.0
0.0
0.587739
0.0
0.0
0.0
0.0
0.0
0.0
0.0
0.0
0.0
0.0
0.0
0.0
0.0
0.0
0.0
0.0
0.378149
0.0
0.0
0.0
0.0
0.0
0.0
0.0
2.18006
3.86414
0.0
0.0
0.0
5.87075
0.0
0.0
0.0
0.0
0.0
0.0
6.08753
0.0
0.0
0.0
0.0
0.0
0.0
0.0
0.0
0.0
0.0
0.0
0.0
4.21221
0.0
0.0
0.827123
0.0
0.0
2.29432
0.0
0.0
0.0
0.0
0.0
0.0
0.0
0.0
5.5715
0.0
0.0
0.0
0.0
0.0
1.47562
0.0
0.0
0.0
1.29822
0.0
0.0
0.0
0.0
1.75024
0.0
0.0
0.0
3.8975
0.0
0.0
0.0
0.0
0.0
0.0
0.0
0.0
0.0
1.41311
0.0
0.0
0.0
0.0
0.0
0.0
0.0
1.38353
2.3467
0.0
0.981247
1.21689
0.0
0.0
1.6049
0.0
0.0
0.0
0.0
0.0
0.0
0.518841
0.0
0.0
0.0
0.0
0.0
0.0
0.0
0.0
0.0531063
0.0
0.0
0.0
0.0
0.0
0.0
0.0
0.0
0.573489
0.0
0.0
0.0
0.0
0.0
0.0
0.0
0.0
0.0
0.0
0.00404602
0.0
0.0
0.0
0.0
0.0
0.0
0.0
0.748578
0.0
0.0
0.0
0.0
0.0
0.0
0.0
0.0
0.0
0.0
0.0
0.163062
0.936953
0.0
0.0
0.0
0.0
0.0
1.41469
0.0
0.0
0.0
0.0
0.0
0.0
0.0
1.76077
3.34416
0.0
0.0
0.0
0.0
0.0
1.78573
0.0
0.0
0.0
0.0
0.0
0.0
9.51538
0.0
0.0
0.0
0.0
0.197335
0.0
1.6879
0.0
0.0
0.0
0.0
0.0
0.0
0.0
0.0
0.0
1.06328
0.0
0.0
0.0
0.0
0.0
0.0
0.0
0.431843
0.0
0.0
0.0
0.0
0.0
0.0
1.83613
0.0
0.0
0.0
0.0
0.0
0.0
0.0
0.0
0.0
0.0
0.0
0.0
0.0
0.0
0.15661
0.0
0.0
0.0
4.91743
2.8794
0.0
0.0
1.31853
0.0
0.0
0.0
2.4743
1.35097
0.0
0.0
0.08656
0.0
0.0
0.0
0.441033
0.0
0.0
1.31013
0.0
0.0
0.0
0.0
0.0
1.9955
0.0
0.0
0.0
0.0
0.0
0.0
0.0
0.0
0.0
0.0
0.210908
0.0
0.0
0.0
0.0
0.0
0.0
0.0
0.0
0.0
1.61616
0.0
0.0
0.0
0.0
0.0
0.0
0.0
0.0
0.0
0.0
0.0
2.15361
0.0
4.27513
0.0
2.89141
0.0
0.0
0.0
0.0
0.0
0.0
0.0
0.0
0.0
0.0
0.0
0.0
0.0
0.0
4.48117
0.0
0.0
0.0
0.0
0.0
0.0
0.0
0.0
1.25362
2.07697
0.0
0.0
0.0
0.0
0.0
0.0
0.422861
0.0
0.0
0.0
0.0
0.0
0.0
0.0
0.0
0.0
0.0
0.0
0.0
0.0
0.0
0.0
0.0
0.0
0.0
0.0
0.0
0.0
0.0
0.0
0.0
0.0
0.0
0.0
0.0
0.0
0.0
0.0
0.0
0.0
0.0
0.0
0.0
0.0
0.0
1.62085
0.569324
0.0
0.0
0.0
0.0
0.988711
0.802499
0.0
0.0
0.0
0.0
0.0
0.0
0.0
0.0
0.0
0.0
2.57816
4.0987
0.0
0.0
1.08102
0.0
0.0
0.0
0.0
0.0
4.12418
2.95525
0.0
0.0
0.0
0.0
0.0
0.0
0.0
0.0
0.0
0.0
0.0
0.0
0.0
0.0
0.951109
0.0
0.0
3.28062
0.0
0.0
0.0
0.0
0.0
0.0
0.0
2.64825
0.0
0.0
0.0
0.0
0.0
0.0
0.0
0.0
0.0
0.0
0.0
1.46741
0.0
0.0
0.0
0.0
0.405289
0.0
0.0
2.80225
1.45789
0.0
0.0
0.0
0.0
0.0
0.501378
0.0
0.0
2.19038
2.88263
0.0
0.0
0.0
0.0
0.0
0.0
0.705549
1.16646
0.0
0.0
0.0
0.0
0.0
0.0
0.0
0.0
0.0
0.0
0.0
0.0
0.0
0.0
0.0
0.0
0.0
0.0
0.721263
0.0
3.73003
0.0
0.0
0.0
1.76578
0.0
0.0
0.0
0.0
0.757729
0.0
0.0
1.21418
0.0
0.0
0.0
0.0
0.0
0.0
0.0
1.09882
0.0
0.0
0.0
0.0
0.0
0.0
0.0
0.0668927
0.0
0.0
0.0
0.0
0.0
4.00348
0.0
0.0
1.9766
0.0
0.0
0.0
0.0
0.0
0.0
0.0
0.0
0.0
0.0
0.0
0.0
0.0
0.0
0.0
0.0
0.744189
0.0
0.0
0.0
2.7824
0.0
2.10413
0.0
0.0
0.0
0.0
0.0716472
0.0
0.0
0.0
0.0
1.34764
0.0
0.0
1.14391
0.0
0.0
0.0
0.0
0.0
0.0
0.0
0.0
1.18144
0.0606954
0.0
0.0
0.536259
0.0
0.0
0.0
0.0
0.0
0.0
0.0
0.0
1.06701
0.0
0.0
0.0
0.0
0.0
0.0
2.62263
0.0
0.0
0.0
0.0
0.0
0.0
0.0
0.0
0.418443
0.0
0.0
0.0
0.315014
0.0
0.0
2.77768
0.0
0.0
0.0
4.18835
0.0
0.0
0.0
0.0
0.0
0.0
0.0
0.0
0.0
0.0
0.0
0.0
0.0
0.0
0.0
0.0
0.0
0.0
0.0
0.0
0.0
0.0
2.26364
0.0
0.0
0.0
0.0
0.0
0.0
2.92404
0.0
0.0
0.0
0.0
0.0
0.0
0.0
0.0
0.0
0.0
1.60589
0.0
0.9117
0.0
5.39373
0.0
0.0
1.00214
0.0
0.0
0.0
0.0
0.0
0.0
0.0
2.12676
0.0
0.0
0.0
0.0
0.539024
0.0
0.641659
0.0
0.0
0.0
0.0
0.0
1.03202
0.0
0.0
0.0
0.0
0.0
0.0
0.0
0.0
0.0
0.0
0.0
0.0
0.0
0.0
0.0
0.0
0.0
0.0
0.0
0.0
0.0
0.0
0.0
0.0
0.0
0.0
0.0
0.708269
0.0
0.901363
0.0
0.0
0.0
0.0
2.48492
0.0
6.49468
0.0
0.0
0.307376
0.0
0.0
0.0
0.0
0.0
0.0
0.0
0.0
0.0
0.0
0.0
0.140389
0.0
0.0
0.0
0.0
0.0
0.0
0.0
0.0
0.0
2.14729
0.0
0.0
0.0
0.0
0.0
0.0
0.0
0.0
0.0
0.0
0.0
0.0
0.0
0.0
0.0
0.0
0.0
1.20637
0.0
0.0
0.0
0.0
3.97072
0.0
0.0
0.0
0.0
2.272
0.0
0.0
0.0
0.300066
0.0
0.0
0.0
0.0
0.0
0.0
0.0
0.0
0.0
0.0
0.0
0.0
0.0
0.0
0.0
0.0
0.0
1.67044
0.0
0.0
1.4067
0.0
0.0
0.0
0.0
0.0
0.0
0.0
0.0
2.9002
0.0
0.0
0.0
0.0
0.0
0.0
0.0
0.0
0.0
0.0
0.0
0.0
0.0
0.0
2.94909
0.0
0.0
0.0
0.0
0.0
4.60169
0.0
0.0
0.0
0.0
0.0
0.0
0.0
0.0
0.0
0.0
0.0
0.102881
0.635182
0.0
0.0
0.0
0.0
1.08897
0.0
0.0
2.56984
0.0
0.0
0.0
0.0
1.32417
0.0
0.460934
0.0
0.0
0.0
0.0
0.0
0.0
0.0
0.0
0.0
0.0
0.0
0.0
3.42889
0.0
0.0
0.0
0.0
3.0736
0.0
0.0
0.0
0.0
0.0
0.0
0.0
0.0
0.0
0.269421
0.0
3.49033
0.0
0.0
1.00138
0.0
0.0
0.0
0.0
0.0
0.0
0.0
0.0818251
0.0
1.11019
0.0
0.0
0.0
0.0
2.51286
0.0
0.0
0.0
0.0
0.0
0.0
5.07952
1.21913
0.0
0.0
0.0
0.0
0.0
0.0
0.0
0.0
0.0
0.0
0.0
0.0
0.0
0.0
0.0
0.0
0.0
1.19342
0.0
0.0
5.82291
0.0
0.0
0.0
0.0
0.0
0.0
0.0
0.0
3.26837
0.0
0.0
0.0
1.15104
0.0
0.0
0.759441
0.0
0.0
0.0
0.0
0.0
0.0
0.0
0.0
0.0
0.0
0.0
0.0
0.0
0.0
0.0
0.0
0.0
0.0
0.0
0.0
0.0
0.0
0.0
0.0
0.0
0.0
0.0
0.0
0.0
1.5104
0.0
0.0
0.0
0.0
0.0
0.0
0.0
0.0
4.46682
0.0
2.68606
0.0
1.67095
0.0
0.0
0.0
0.0
0.0
0.0
0.0
2.72446
0.0
0.0
0.0
0.0
0.0
0.0
0.0
2.56767
0.0
0.0
0.0
0.0
0.0
0.0
0.0
1.91118
3.43403
4.64824
0.0
0.0
0.0
0.0
0.732748
0.0
0.0
0.0
1.81384
0.0
2.24687
0.0
0.0
0.0
0.0
0.0
1.87041
0.0
2.49119
0.0
0.0
4.4722
0.0
0.0
0.0
0.0
0.301924
0.0
0.0
0.0
0.0
0.0
0.0
0.0
0.314466
0.0
0.0
0.0
0.0
0.0
1.16588
0.0
6.28964
0.0
0.0
0.0
0.0
2.06936
0.0
0.0
0.0
0.0
2.02652
0.0
0.0
0.0
0.0
2.50924
0.0
0.0
0.0
0.0
0.0
0.0
0.0
0.612413
0.0
0.0
0.0
0.0
1.25947
0.0
0.0
0.0
0.0
0.0
0.0
3.31431
0.0
0.0
0.0
0.0
0.0
0.0
0.995754
0.0
0.0
0.0
0.0
0.0
0.0
0.0
0.0
0.0
0.0
0.0
0.0
0.0
2.41377
0.0
0.0
0.0
0.0
0.0
2.42696
0.0
0.0
0.0
0.0
0.0
0.0
2.76637
0.0
0.0
1.93611
0.0
1.75905
0.440583
0.0
0.0
0.0
0.0
0.0
3.80652
0.0
0.0
0.0
0.0
0.0
0.0
0.735147
0.0
0.0
0.0
0.0
0.0
0.339097
0.0
0.0
0.0
0.0
0.0
0.0
0.0
0.418893
0.0
0.0
0.0
2.00805
0.0
0.0
0.0
0.0
0.0
0.0
0.0
0.0
0.0
0.0
0.0
0.0
0.0
0.0
0.0
0.0
0.0
0.0
2.07272
0.0
2.57501
0.0
1.6912
0.0
2.27671
0.0
0.0
4.31083
0.0
0.0
0.0
0.0
0.0
0.0
0.0
4.50786
2.62433
0.0
0.0
0.0
0.0
0.0
0.0
0.0
0.0
0.0
0.0
0.0
0.0
0.0
1.92307
0.0
0.0
0.0
0.0
0.0
0.0
0.0
0.0
0.210146
0.0
0.0
0.0
0.0
0.0534331
0.0
0.422708
2.91687
0.0
1.90778
0.0
0.0
5.12953
0.0
0.0
0.0
0.809644
0.0
0.0
0.0
0.0
2.94683
0.7214
0.0
0.0
0.0
0.0
0.0
0.0
0.0
0.0
0.0
5.72705
0.0
0.0
0.0
0.0
0.0
0.0
0.0
0.0
0.0
0.0
0.0
0.0
4.18991
0.0
0.0
0.0
0.0
2.56419
0.0
1.2785
0.0
0.0
0.0
0.0
0.0
0.99143
0.0
0.0
2.49054
0.0
0.0
0.0
0.277417
0.171289
0.225768
0.0
0.0634436
0.0
5.06103
0.0
0.0
0.0
0.0
0.0
0.0
0.0
0.0
0.0
0.0
0.177575
0.0
1.31972
0.0
0.0
0.0
0.0
0.0
0.0
0.0
0.0
0.0
0.0
0.0
0.0
0.0
0.732472
0.0
0.0
0.0
0.0
0.0
0.0
0.0
0.0
0.0
3.75157
0.0
0.0
2.59303
0.0
0.0
0.0
0.0
1.29572
0.0
0.0
1.72755
0.0
0.0
0.0
0.0
0.0
0.0
0.0
0.0
0.0
2.49038
0.0
0.0
3.41605
0.0
0.0
0.0
0.0
0.0
1.62155
0.0
0.0
0.0
0.0
0.0
0.0
2.2856
0.0
0.0
0.0
0.0
0.0
0.0
0.0
0.0
0.0
0.0
0.0
0.0
0.0
0.0
0.0
0.0
0.0
1.91839
0.0
0.0
0.0
0.0
1.50572
0.0
2.57412
0.0
0.0
0.0
0.0
0.0
0.0
0.0
0.0
0.0
1.23639
0.0
0.0
0.0
0.0
0.0
0.0
0.0
0.0
0.0
0.0
0.0
