0.0
0.0
1.66598
0.0
1.11474
0.0
0.0
0.0
0.0
0.0
0.0
1.81575
0.0
1.64994
0.282632
1.29171
0.0
0.0
0.0
0.0
0.0
0.0
0.0
0.0
0.0
0.0
0.0
0.0
0.0
0.0
0.0
0.0
0.0
4.47314
0.0
0.0
0.0
0.0
0.0
0.0
0.0
0.0
4.88572
0.0
0.0
2.40866
0.386701
2.40414
0.704562
2.779
0.0
0.0
0.0
0.0
0.0
0.0
0.881011
0.0
0.0
0.0
0.0
0.0
0.0
5.21805
0.409051
0.0
0.0
0.0
0.0
0.0
0.0
0.0
0.0
0.0
0.0
0.0
0.0
0.0
0.0
0.0
2.87076
0.0
0.0
0.0
0.0
0.0
0.0
2.49444
0.938879
0.0
0.0
0.0
0.0
0.0
0.0
0.0
0.0
0.0
2.36837
0.0
0.0
0.0
0.0
0.0
0.0
0.0
0.0
0.0
0.0
1.10503
0.0
0.0
0.0
2.48537
0.0
0.0
0.0
0.288993
2.05974
0.0
0.0
0.0
0.0
0.0
0.0954651
0.276831
0.0
3.35119
0.0
0.0
0.0
0.0
0.0
0.0
0.0
0.0
2.02479
0.0
0.0
0.0
0.0
1.95533
0.0
0.0
0.0
0.0
1.74183
0.0
0.0
0.0
0.0
0.0
0.0
0.0
0.0
0.0
0.271288
2.52125
0.0
0.0
0.0
0.0
0.0
0.0
0.0
0.170306
0.0
0.0
2.47592
0.0
0.0
0.0
0.0
0.0
0.0
0.0
0.27548
0.0
0.677566
0.125402
5.36599
0.0
0.51337
0.0
0.0
0.0
0.0
0.0
0.0
0.0
0.0
0.310293
2.0139
0.0
0.0
0.0
0.0
0.0
0.0
4.87584
0.0
0.505163
0.0
2.11673
0.0
0.0
0.0
0.0
0.0
0.0
0.0
0.0
0.0
0.0
0.747364
0.765819
0.0
0.0
0.0699625
0.0940789
0.0
0.0
0.0
0.547591
0.0
0.0
1.11767
0.747111
0.0
0.0
0.0
0.0
0.0
0.0
0.0
0.0
0.0
0.340499
0.0
0.0
0.0
0.0
0.0
0.565198
0.508918
0.0
0.0
3.14023
0.0
0.0
0.0
0.0
0.0
0.0
0.0
0.0
0.0
0.0
0.0
0.0
0.0
0.0
1.03683
0.0
0.0
0.0
1.08638
0.0
0.725049
1.07809
0.0
0.688551
0.323634
0.0
0.0
0.0
1.24526
0.0
0.0
0.0
1.98646
0.0
0.0
1.71748
0.0
0.0
0.0
0.652593
0.0
0.0
0.0
0.0
0.0360843
0.0
3.59586
0.0
0.0
0.0
0.0
0.0
0.0
2.13003
0.806077
0.0
0.0
1.45128
0.0
0.0
1.20646
0.0
0.0
0.0
0.0
0.0
0.0
0.0
0.0
0.807244
0.486014
1.16442
0.0
0.0
0.0
0.0
0.0
0.0
0.993691
0.0
0.0
1.27002
0.959491
0.0
0.0
0.0
0.899308
0.0
0.528481
0.0
0.0
0.0
0.0
0.0
0.0
0.0
0.0
0.0
0.0
0.0
0.0
0.0
0.0
0.481631
0.0
0.0
0.0
0.0
0.0
0.279353
0.0
3.15566
0.0
0.0
0.0
0.0
0.0
4.22906
0.0
0.0
0.0
0.0
0.0
0.0
0.0
0.0
0.39493
0.0
0.0
0.0
0.0
0.0
0.0
0.352987
0.0
0.33115
0.426923
0.0
0.0
5.16583
0.0
0.281439
0.0
0.0
0.0
1.41644
0.0
2.04979
2.78976
0.0
0.0
0.0
0.0
0.0
0.0
0.0
0.0
0.0
0.0
0.0
0.0
0.0
0.0
0.0
0.0
0.0
0.406153
0.0
0.0
0.0
0.0
2.6296
0.0
0.0
1.1193
0.0
0.0
0.0
0.0
0.0
0.0
0.98134
2.09649
0.199238
0.0
0.0
0.0
0.0
0.0
0.0
0.0
0.0
0.0
0.743051
0.0
0.0
0.0
0.0
0.0
0.0
0.0
1.43505
2.83533
0.0
0.0
2.49163
0.0
0.0
0.0
0.0
0.0
0.0
0.0
0.0
0.0
0.0
0.0
0.718101
0.0
0.0
0.0
1.50192
0.0
0.0
0.0
0.0
0.0
2.86493
0.335432
0.0
0.0
0.0
0.945415
0.0
0.0
3.71856
0.0
0.0
0.0
0.0
0.0
0.0
0.0
0.0
0.0
0.0
0.0
1.6848
3.92678
1.46755
0.0
1.12698
0.0
0.0
0.0
0.0
0.0
0.0
0.0
0.0
0.0
0.0
0.0
1.93539
0.0
0.0
0.0
0.0
0.0
0.0
0.0
0.0
0.0
0.0
0.0935633
2.6468
1.59586
1.02351
0.0
0.0
0.0
0.0
0.0
0.0
0.0
4.52722
0.0
0.0
3.90279
0.0
0.0471784
0.0
0.0
0.0
1.10479
0.0
0.0
0.0
0.0
0.0
0.0
0.0
0.0
0.0
0.0
0.0
0.0
0.0
0.0
0.0
3.0595
0.0
0.0
0.0
0.0
2.3218
0.0
0.0
0.172865
0.0
0.0
0.0
0.0
0.0
0.0
0.0
0.0
0.0532609
0.0973725
0.0
0.0
0.0
0.0
0.0
3.24698
0.520654
0.0
0.0
2.55276
0.0
0.0
0.0
0.0
0.0
1.46343
0.0
0.0
0.0
0.0
0.0
0.0
0.0
0.0
0.0
0.0
0.0
0.0
0.0
0.0
0.0
0.136254
0.0
0.113413
0.0
0.0
0.0
0.0
3.43398
0.347389
2.04201
0.0
0.647359
3.01492
0.0
0.542333
0.0
4.13307
0.0
0.0
0.0
0.0
0.0
0.0
0.0
0.0
0.0
0.0
0.0
0.667327
0.0
0.0
0.0
0.0
0.0
0.0
0.0
0.0
0.0
0.238331
0.0
0.0
0.0
0.0
0.0
0.0
0.0
0.0
0.952351
0.0
0.432062
0.0
0.149142
3.48144
3.31981
0.0
0.0
0.0
0.0
0.0
0.0
0.0
0.0
0.0
0.0
0.0
0.0
0.0
0.0
1.79136
0.0
0.0
0.0
0.0
0.0
0.0
3.194
0.0
0.0
0.0
0.0
0.0
0.0
0.0
0.0
0.0
0.0
0.0
0.0
0.0
0.0
0.0
0.0
0.0
0.0
0.0
0.0
0.0
0.0
0.0
0.0
0.0
0.0
0.0
1.0846
1.2114
0.0
0.0
0.0
0.0
0.0
0.0
0.0
0.187545
1.13383
0.0
0.0
0.0
1.85903
0.0
0.0
2.38052
1.4995
0.0
0.0
0.0
0.0
1.98612
0.910218
0.0
0.0
2.95354
0.0
0.0
0.0
0.107859
0.0
0.0
0.96585
0.0
0.0
0.0
0.0
1.50223
1.45667
0.0
1.94077
0.928918
0.0
0.0
1.59685
2.93924
0.0
0.754951
2.51419
2.00828
0.0
0.0
0.0
0.0
0.0
0.0
0.0
0.0
0.0
0.0
0.676513
0.0
0.0
1.39306
0.0
0.0
1.29651
0.0
0.0
0.0
1.73353
0.0
0.0
0.0083766
0.0
0.0
0.0
0.0
0.0
0.0
0.0
0.0
0.0
1.61413
0.0
0.0
0.167299
0.0
0.0
0.0
0.844113
0.0
1.8017
0.0
0.0
0.0
0.0
0.0
0.0
0.0
0.0
0.0
0.0
0.0
0.0
1.26934
1.16525
0.0
0.0
0.0640839
0.0
0.0
1.56227
0.0
0.0
0.353158
0.0
0.0
0.421379
0.0
0.0
0.0
0.0
0.0
0.0
1.53293
0.0
0.0
0.243842
2.70994
0.0403373
2.46997
0.367393
0.0
0.226098
0.0
0.913918
0.110726
0.0
0.114506
0.0
1.28074
0.0
0.0
0.0
0.0
0.0
3.74808
2.96952
0.0
0.0
0.0
0.0
0.0
0.0
0.0
0.0
0.0
0.0
0.0
0.396224
0.0
0.0
0.0
0.0
0.408278
0.466232
0.0
1.43482
0.0
0.0
0.0
0.289414
0.0
0.0
0.0
0.0
0.0
2.6407
0.0
0.0
0.0
0.0
0.0
0.0
0.0
0.0
0.0
0.0
0.0
0.0
0.0
0.0
0.0
0.0
0.0
0.0
0.0
0.0
0.0
0.0
0.0
0.0
0.0
0.77796
0.0
0.0
0.0
0.57882
0.0
0.0
0.0
0.0
0.0
0.0
0.185299
0.0
0.0
0.0
0.304054
0.0
0.0
0.0
0.0
0.0
0.0
0.639642
0.0
0.0
0.0
0.653194
0.0
0.0
0.0
0.0
0.0
0.0
0.0
0.0
0.0
0.0
0.0
2.4602
0.0
1.78162
0.0
2.41438
0.949682
0.0
0.0
0.777676
0.0
0.0
0.0
3.55336
0.0
0.0
1.37197
0.0
0.0
0.0
0.0
0.0
0.0
0.0
0.0
0.0
0.0
0.609668
0.310826
0.0
1.25307
2.98969
0.0
0.0
0.0
1.05579
0.0
1.85742
0.185879
0.477931
0.0
0.0
0.0
0.0
0.0
0.0
0.0
1.65763
0.525767
0.0
0.0
0.0
0.0
0.703899
0.0
0.0
0.0
0.0
0.0
0.0
0.452895
0.0
2.4318
0.189579
0.0
1.51351
1.10845
0.0
0.0
0.0
0.0
0.0
0.0
0.0
0.0884245
0.0
0.0
0.0
0.0
0.0
1.01577
0.0
0.0
0.0
2.48932
0.0
0.0
0.0
2.00139
2.01615
0.0
0.0
0.423002
0.0
0.0
0.0
0.0
0.0
0.285026
1.96019
0.500356
0.0
0.0
0.217579
0.0
0.0
0.0
0.0
0.0
1.88485
0.0
0.0
0.684307
5.01471
0.98684
0.0
0.0
0.0
0.0
0.365545
0.0
0.0
1.24464
0.0
0.0
0.0
0.0
0.0
0.0
0.171324
0.0
1.65279
0.0
0.902764
0.0
0.0
0.0
0.0
1.11521
0.176196
0.0
0.0
0.0
0.63989
0.0
0.607166
0.0
0.0
2.14756
0.0
0.0
0.578153
0.0
0.0
0.0
0.0
0.0
0.0
1.96321
0.0
0.0
1.52587
0.64173
0.0
0.0405897
0.0
0.0
0.0
0.0
0.0
0.0
0.0
0.0
0.0
1.34933
1.02926
0.0
0.0
0.0
0.0
0.0
1.42849
0.0
0.0
0.65241
0.0
0.373967
0.0
0.0
1.50073
0.0
0.0
0.0
0.182167
0.0
1.02591
0.0
0.384844
0.0
0.0
0.9979
0.0
0.0
0.0
0.0
0.0
0.0
0.0
2.15599
0.0
0.567132
0.0
0.0
0.0
0.631421
0.0
0.0
1.48006
2.39377
0.0
1.56123
0.0
0.0
0.0
0.0434829
0.0
0.0
0.0541878
0.0
0.447314
0.0
0.243825
0.571866
0.0
2.04987
0.0
0.0
0.0
0.0
0.0
0.0
0.0
0.0
0.0
0.0
0.0
0.0
0.0
2.16529
0.0
0.0
0.0
0.0
0.0
0.0
0.0
0.0
0.0
0.0
1.45198
1.01539
0.0
1.77131
0.0
0.616933
6.36988
0.0
0.0
0.0
0.0
0.681447
3.04458
0.0
0.566819
0.065644
0.0
0.0
0.254749
0.0
0.0
0.0
1.06744
0.0
0.0
2.2013
0.0
0.0
0.0
0.0
0.387523
0.727042
0.0
0.0
0.0
0.108442
0.0
0.0
0.0
0.0
1.37844
0.0
0.0
0.0
0.0
0.0
0.0
1.735
0.0
0.0
0.192168
0.0
1.71878
0.0
0.0
0.0
0.73064
0.0
1.69302
0.0
0.0
0.0
0.0
0.0
2.18961
0.0
2.31255
0.0
0.0
0.0
0.0
0.0
0.0
0.0
0.0
0.0
2.8821
0.0
1.05684
0.0
2.38622
0.0
0.0
0.0
0.0
0.0
0.0
0.0
0.0
0.147846
0.0
0.809824
0.0
3.25399
0.0
0.0
0.839277
0.0
0.0
0.0
0.0
0.205124
0.0
0.0
0.0
0.0
0.0
0.0
1.39943
0.0
0.0
0.0
0.0
0.0
0.0
0.0
0.0
0.0
0.0
0.0
0.0
0.387553
0.0
0.0
0.0
1.55154
0.0
0.0
0.0
0.0
0.0
0.767788
0.0
1.13933
0.0
0.0
0.0
0.0
0.0
0.0
0.0
0.355557
0.0
0.0
0.0
0.219022
0.0
0.0
0.0
0.0
0.0
0.0
0.0
0.0
0.0
0.0
0.0
0.0
2.15921
0.0
0.0
0.0
0.0
0.0
0.288164
1.32534
2.32349
0.0
0.0
0.0
2.41073
0.0
2.0886
1.05716
0.0
0.0
0.0
0.0
0.0
0.0
0.0
0.0
0.765392
1.15458
1.06024
0.0
0.0
0.0
0.0
1.01863
0.0
0.0
0.0
0.0
0.329959
3.17185
0.0
0.0
0.0
0.0
0.0
0.0
0.0
0.0
0.355067
0.0
1.09913
0.0
1.77132
0.0640143
0.0
0.0
0.0
0.0
0.0
0.0
0.0
0.0
0.0
3.07255
0.0
0.637872
0.0
0.0
0.0
0.894464
0.0
0.0
0.0
0.0
0.0
0.409546
0.0
0.0
0.192805
0.0
2.61223
0.0
0.0
0.0
0.0
0.0
0.0
0.0
0.0
0.0
0.0
0.0
0.0
0.0
0.0
0.0
0.0
2.55719
0.0
0.0
0.0
0.0
0.0
0.0
0.0
0.0
1.18355
0.448381
0.0
0.0
0.0
0.0
0.0
0.0
0.0
0.0
0.0
0.0
0.0
0.323767
0.0
0.0
0.0
1.85229
0.0
0.0
0.0
1.87551
0.0
0.0
0.0
0.0
0.0
0.0
0.0
0.0
2.69447
1.33401
4.75504
1.9444
0.0
0.0
0.0
0.0
0.0
0.0
0.0
0.0
0.0
0.0
0.0
0.0
0.0
0.0
0.0
0.0
0.0
0.0
0.0
0.0
0.0
1.37029
0.0
0.0
0.0
0.0
0.0
0.0
0.955941
0.0
0.345248
0.640554
1.12038
0.0
4.82829
0.0
2.16272
0.0
0.0
0.0
0.0
0.0
0.218205
0.0
0.0
0.634338
0.0
0.0
0.0
0.0
0.0
1.57253
2.25289
0.0
0.0
0.0
0.0
0.0
0.0
0.0
0.0
0.00966777
0.0
0.0
1.11529
0.0
0.0
0.0
0.0
0.0
0.0
0.0
0.0
0.0
0.0
0.0
0.0
0.0
0.0
0.0
0.0
0.0
0.826015
0.0
0.0
0.0
0.0
0.0
0.0
0.392411
1.52732
0.0
1.41996
2.17044
0.0
0.0
0.0
0.0
0.0276732
0.0
0.0
0.0
0.0
0.551602
0.26688
0.0
0.0
0.0
0.0
0.0
0.0
0.277838
0.0
0.0
0.0
0.0690794
0.0
0.0
0.0
0.0
0.0
0.0
0.0
0.0
0.0
0.0
1.56709
0.0
1.23534
2.16348
0.0
0.0
0.0
0.0
0.0419821
0.0
2.89407
0.0
0.0
0.0
0.0
0.0
0.0
0.0
0.0
0.0
0.0
1.09189
0.0
0.730698
1.34711
0.0
0.0
0.0
0.0
0.669854
0.165636
0.328494
0.0
1.03581
0.931989
0.583654
0.543442
0.0
1.24304
1.12719
0.0
0.0
1.09488
0.0549598
0.0
0.0
0.0
0.0
0.0
0.0
0.0
0.0
0.0
0.0
0.0
0.0
0.0
0.0
1.84721
0.0
0.0
0.0
0.0
0.730158
0.0
0.0
0.0
0.0
0.0
0.0
0.0
0.0
0.0
0.0
0.0
0.0
3.77751
0.0
0.0
0.0
0.0
0.0
3.22611
2.55117
0.0
0.0
0.0
0.0
0.0
0.0
0.0
0.0
0.0
1.72955
0.0
0.155648
0.0
0.0
1.57815
0.524981
0.0
0.0
0.0
0.0
0.0
0.0
2.86608
0.0
0.0
0.0
0.0
0.0
0.0
0.0
0.0
0.0
0.0
0.0
0.0
0.107968
0.0
0.0
0.0
0.0
0.0
2.48888
0.0
0.0
0.617399
0.0
0.0
0.412382
2.84606
1.39208
0.0
0.391619
0.0
0.0
0.0
1.28416
0.0
1.14508
0.0
0.707972
0.74986
0.0
0.0
0.970727
0.0
0.0
0.0
0.0
0.0
0.0
0.0
0.0
0.0
0.0
0.813738
0.0
0.0
0.0
0.0
0.0
0.0
0.0
0.0
0.0
0.0
0.0
0.0
0.0
0.0
0.0
0.0
0.0
0.0
0.0
0.0
0.0
0.0
0.0
0.0
0.0
0.0
0.0
0.0
0.0
0.910405
0.0
0.0
1.30198
0.324775
0.0
0.0
0.392395
0.0
0.0
0.0
0.918981
0.0
0.0
0.0
0.0
0.0
0.0
0.0
0.0
1.11162
0.0
0.878587
0.0
0.0
0.0
2.06072
0.0945664
0.0
0.0
0.0
0.0
0.0
0.0
0.0
1.52923
0.0
0.0
0.0
1.37294
0.0
2.67567
0.0
0.0
0.0
0.0
0.0
0.0
0.0
0.0
0.0
0.0
0.0
2.80503
0.0
0.0
0.0
0.0
0.0
0.0
0.0
0.0
0.0
0.0
0.0
1.31079
0.0
0.0
0.0
0.0
0.0916632
0.0
2.84633
0.744496
0.0
0.0
0.0
0.0
0.0
0.774198
1.08381
0.0
0.0
0.0
0.0
0.0
2.54473
0.0
0.0
0.0
0.0
0.0
0.0
0.0
2.97689
0.0
0.0
0.0
0.0
0.0
0.0
0.0
0.0
0.0967026
0.707989
0.0
0.0
0.0
0.0
0.0
0.0
0.0
0.0
1.33535
0.0
0.0
0.0
0.229745
0.0
0.0
0.0
0.0
0.0
0.0
0.0
0.0
0.0
0.0
0.0
0.0
0.0
0.0
0.0
0.0
0.0
0.0
0.0
0.0
0.0
0.0
0.0
0.0
0.0
0.0
0.0
0.0
0.0
0.0
0.0
1.72353
0.0
3.02138
1.19011
0.296087
0.583517
0.0
3.62697
0.0
0.0
2.85591
0.0
0.0
0.0774938
0.0
0.0
0.0
0.0
0.0
0.0
1.47133
0.0
2.17546
2.85859
0.0
4.15864
0.0
0.0
3.15034
0.0
0.0
0.0
0.0
1.0293
0.0
0.802095
3.5223
0.0876909
0.296766
0.186989
0.0
0.0
0.0
2.92523
1.3241
0.154812
0.0
0.743261
0.0
0.0
0.0
0.300446
0.0
0.0
0.0
0.0
0.0
0.433819
0.0
1.29166
0.0
0.0
1.2437
0.0
0.0
0.0
0.0
1.44167
0.0
0.0
0.0
0.0
4.17057
0.0
0.0
0.0
0.0
0.544325
0.0
0.0
0.0
0.0
0.0
0.0
1.64256
0.0
0.0
0.0
0.0
0.0
0.0
0.0
0.0
0.0
0.0
0.0
0.126038
0.0
0.0
0.0
0.0
5.63182
0.0
0.0
0.0
0.0
0.0
0.0
0.0
3.17078
0.0
0.0
0.0
0.0
1.67104
0.0
5.46937
0.0
0.0
1.01632
0.0
0.0
3.51629
0.0
0.0
0.0
0.0
0.0
0.0
0.0
0.0
2.90081
0.0
0.0
0.0
0.0
0.0
0.425817
0.169111
0.985535
0.0
0.0
0.0
0.0
0.0
0.0
0.254042
0.670498
0.0
0.0
0.0
2.22108
0.0
0.0
0.0
0.0
4.68542
0.0
0.0
0.0
0.44781
1.01772
0.04104
0.0
5.58438
0.0
1.25438
0.0
0.0
0.0
0.0
0.0
0.0
0.0
1.49412
0.0
0.0
0.0
0.0
0.0
0.0
0.0
0.0
1.55512
0.0
0.0
0.0
0.0
2.05101
0.0
0.957281
3.472
0.0
0.0
0.0
0.784107
0.0
0.0
0.0
2.22889
0.0
0.269708
0.0
0.0
0.448812
0.0
0.0
0.0
0.0
0.0
0.0
0.0
0.0
0.0575531
0.0
0.0
0.0
0.0
2.51101
0.0
0.0
0.0
0.0
0.0
0.0
0.0
0.0
0.0
0.907039
0.0
0.0
0.0
0.0
0.0
0.0
0.0
0.0
0.0
0.0
2.57056
0.0
0.0
0.0
0.0
0.285198
0.0
0.0
0.0
0.0
0.0
0.0
0.0
0.0
0.0
0.0
0.0
0.0
0.900428
0.0
0.0
0.0
1.8859
0.0
0.0
0.0
2.40187
0.0
0.0
0.777962
0.267181
0.0
0.0
0.0
0.0
0.0
0.0
0.27076
0.0
0.0
0.677721
0.0
0.0
0.0
0.0
0.0
0.0
2.42902
0.0
0.0
0.0
0.0
0.965944
0.0
0.27691
0.26191
0.0
0.867337
0.0
3.04943
0.0
4.76007
0.0
0.0
0.0
0.0
0.0
0.0
0.0
0.0
0.0
0.0
0.0
0.0
0.0
0.0
0.0
1.38117
0.414468
0.0
0.0
0.0
0.523538
0.0
0.0
4.22169
0.0
0.0
0.0
0.0
1.06374
0.0
0.0
0.559257
1.17634
0.0
0.0
0.0
0.0
0.0
0.0
0.0
0.0
0.0
0.0
0.0
1.50722
1.45025
0.0
0.0
0.52446
0.0
0.0
0.0
2.05705
1.59735
0.0
2.55325
0.0
2.24225
1.50221
1.38884
0.0
0.0
3.01127
0.0
1.68622
0.0
0.0
0.0
0.0
0.0
0.0
0.0
0.0
2.42249
0.0
0.0
0.0
0.0
0.109163
0.0
0.0
0.0
0.0
0.0
0.0
0.0
0.0
1.79306
0.0
0.900316
0.0
1.61096
0.0
0.334144
0.0
0.386445
0.0
0.0
0.126458
0.0
0.0
0.0
0.0
0.0
0.0
0.0
0.432645
0.0
0.0
0.308304
0.0
0.253733
0.0
0.395443
1.8219
0.0
0.190234
0.297947
0.0
0.0
0.0
3.46142
0.0
0.158763
0.0693796
0.0
0.0
0.0
1.14213
0.0
0.0
0.0
2.46531
0.0
0.0
0.0
0.0
0.0
0.496128
0.0
0.0
0.0
1.25998
0.0
0.0
0.0
0.474755
3.75294
0.0
1.22679
0.0
1.14542
0.0
0.0
0.0
0.51467
0.0
0.0
0.0
0.0
0.0
0.0
0.0
0.0
1.09763
0.0
0.0
1.95317
0.0
2.26787
0.0
0.0
0.0
0.0
0.0
0.0
4.17905
0.0
0.0
0.0
0.0
0.0
0.0
0.0
0.0
0.0
0.0
2.95041
1.83887
0.0
0.0
0.834234
0.0
0.0
0.0
0.0
0.0
0.0
0.0
3.22314
0.0
0.0
0.0
0.0
0.0
0.0
1.36697
0.0
0.0
0.0
0.0
0.484914
0.0
0.0
0.0
0.0
0.0
0.0
0.0
0.0
0.0
1.60818
0.0
0.0
0.0
0.0
1.29528
2.14695
0.0
0.0
0.0
0.0
0.0
0.0
0.0
0.0
0.0
0.808595
0.0
0.0
0.0
0.0
0.0
0.0
0.0
0.0
0.0
0.0
0.0
0.0
0.0
0.0
0.0
0.0
0.0
0.0
2.89417
0.0
0.172799
0.0
0.0
0.0
0.0
0.0
0.0
0.0
0.0
0.411311
0.0
1.44514
0.329337
0.0
2.79114
0.0
0.0
0.0
0.162671
1.26505
0.0
0.0
0.0
0.0
1.74757
0.0
0.0
0.0
0.0
0.0
0.466949
0.0
0.0
0.0
0.0
0.0
0.0
0.0
0.0
0.0
0.945224
0.0
0.0
0.0
0.801687
0.0
0.0
0.0
0.0
0.0
0.0845393
0.0
0.0
0.0
1.09697
0.0
0.0
0.0
0.0
0.0
0.198517
0.0
0.0
0.0
0.0
0.0
0.123917
0.0
0.0
0.0
0.0
0.0
0.0
0.0
0.264732
0.127331
0.0
0.0
0.0
0.0
0.0
0.0
0.0
0.0
0.0
0.0
0.0
0.0
0.0
0.0
0.0
0.0
0.0
0.0
0.0
0.201044
0.0
1.09837
0.0
0.0
0.0
0.0
0.983488
0.0
2.80796
4.46781
0.0
0.0
0.233597
0.0
0.0
0.0
0.0
0.0
2.28553
1.35501
0.0
0.0
0.0643933
0.0
0.0
0.0
0.0
0.0525898
0.0
0.0
0.37918
0.0
0.0
0.0
0.0
0.0
0.0
0.0
0.0
0.0
0.0
0.0
0.0
2.28557
0.0
0.0
0.0
0.0
3.09597
0.0
0.0
0.0
2.17998
0.0
0.0
0.0
0.0
0.0
0.0
2.65071
0.0
0.0
0.0
0.631573
0.0
0.0
0.632677
0.0
0.0
0.0
0.456096
0.0
0.0
1.52517
0.684413
0.0
0.0
0.0
2.4948
0.0
0.0
0.182556
0.0
0.0
0.0
3.23808
0.0
0.157651
0.0
0.0
0.0
0.0
0.0
0.0
0.0
0.0
0.0
0.0
0.616212
2.20297
2.09001
3.0512
0.862265
0.0
2.23497
0.0
1.2999
0.0
0.0
0.0
0.0
0.0
0.0
0.551908
0.0
0.0
0.0
1.06086
0.0
0.0277746
0.0
0.0
1.19448
2.40702
0.0
0.0
0.0
0.0
0.0
0.0
0.0
0.332389
2.15326
1.97112
0.0
0.0
0.0
0.0
0.794475
0.0
0.0
0.0
0.722409
0.0
0.0
0.0
0.0
0.0
0.0
0.0
0.0
0.684989
0.0
1.99246
3.01867
0.118119
0.0
3.4681
0.0
0.0
1.07224
1.8468
2.36619
0.0
0.0
0.0
0.0
0.0
0.0
0.0
0.0
0.0696955
0.0
0.0156272
0.0
0.0
0.0
0.0
0.0
0.0
0.0
0.0
0.0
0.0725862
0.0
0.0
0.0
0.0
0.0
1.08973
2.90901
0.0
0.0
1.13672
0.0
0.0
0.0
0.0
0.0
2.77954
0.0
3.97835
0.0
0.0
0.0
0.0
0.0
0.374715
0.0
0.0
0.0
0.0
0.751632
1.00982
3.42485
0.0
0.0
0.0
0.0
0.0
1.42163
0.0
0.0
0.0458407
0.77842
0.0
0.0
0.0
0.210741
2.04992
0.0
0.0
0.0
0.0
0.0
2.43144
0.0
2.22297
0.0
0.0
0.498823
1.72275
0.0
0.0
0.0
0.0
0.0
0.707245
0.0
1.1897
0.0
0.0
0.0
0.0
0.0
0.0
0.0
0.0
0.0
0.0
0.0
0.0
0.0
0.0
0.0
0.0
0.0
0.0
0.0
0.0
0.0
0.426882
0.0
0.0
0.0
0.0
0.0
0.0
0.0
0.0
4.19719
0.0
0.0
0.0
0.0
0.0
0.0
0.0
0.0
0.0
0.0
0.0
0.0315621
0.0
0.0
0.0
0.690991
1.41257
0.0
0.0
0.0
1.63646
0.0
0.0
0.0
0.0
0.0
0.126086
0.0
0.0
0.0
0.0
0.910961
0.0
0.0
0.0
2.76167
0.0
0.0
0.0
0.0
0.0
1.78439
0.0
0.0
0.0
0.0
0.0
0.0
0.0
0.0
0.0
0.0
0.0
0.0
0.0
0.0
0.0
0.0
2.56238
0.0
0.434887
1.11847
0.0
0.0
0.0
0.256008
0.0
0.0
0.0
0.0
2.37023
0.0
4.93758
0.0
0.581148
0.0
0.0
0.0
0.0
0.0
0.0
0.294832
0.0
0.0
0.0
0.0
0.0
0.0
0.0
3.00073
0.0
0.0
0.0
0.0
0.0
0.0
0.0
0.623895
0.55172
0.0
0.0
0.0
0.0
0.0
0.0
0.0
0.0
0.0
0.0
0.0
0.524951
0.0
0.0
0.0
0.0
0.0
0.0
0.0
0.0
0.0
0.0
0.0
0.0
0.0
0.0
0.0
0.373238
0.0
0.0
0.0
0.0
0.0
0.547043
0.410457
0.0
0.0
2.6909
0.0
0.0
0.0
0.0
0.0
0.0
0.0
0.0
1.67979
0.0808013
0.639787
0.0
0.817208
0.0
0.452563
0.903548
0.0
0.0
0.0
0.0
0.0
0.0
0.0
0.220312
0.0
0.0
0.0
3.96836
0.0
0.0
1.12799
0.0
0.0
0.0
0.0
0.0
0.0
2.28353
0.0
0.0
0.0
0.0
0.0
0.0
0.0
0.399938
0.0
0.0
0.0
2.14503
0.0
0.0
0.0
0.0
1.907
2.6084
0.0
0.0
0.0
0.0
0.0
0.0
0.0
1.36801
0.0
0.0
0.0
0.0
0.0
0.0
0.0
0.0
0.0
0.0
0.0
0.0
0.0
0.0
0.0
0.0
0.0
0.710617
0.0
2.26765
2.19257
0.455925
0.0
0.0
0.449172
0.0
1.51662
0.0
0.0
1.24336
0.0
0.0
0.0
0.0
0.361101
0.0
0.0
0.588545
0.0
0.0
0.0
0.0
0.0
0.727796
0.0
0.0
0.0
0.0
0.323781
0.0
0.0
0.0
0.0
1.83278
0.0
0.0
0.0
0.0
0.0
0.0
0.0
0.0
0.0
0.0407921
0.0
0.0
0.0
0.0
0.0
0.0
0.0
1.14181
0.0
0.0
0.0
0.0
0.0
0.0
0.0
0.0
0.0
0.0
0.0
0.0
0.0
0.0
0.0
0.0
0.0
0.0
0.0
0.385144
0.0
0.749103
0.0
0.0
1.41681
0.0
0.0
0.0
0.0
0.943488
0.0
0.0
0.0
2.89708
0.0
0.0
0.0
0.0
0.0
0.0
0.0
2.56486
0.0
0.0
0.0
0.0
0.0
0.639037
0.0
0.0
1.48331
0.0
0.585093
0.40982
0.0
0.0
0.0
1.07306
0.0
0.362445
0.0
0.0
0.0
0.0
0.0
0.0
0.0
0.0
0.0
2.98265
0.0
0.0
0.0
0.0
0.407478
0.0
0.0
0.0
0.0
0.0
1.06708
0.419245
0.0
0.0
0.0
0.0
0.0
0.173591
0.0
1.96762
0.0
0.0
3.68207
0.0
0.54778
0.0
0.819432
0.0
0.0
0.230556
0.0
3.70654
0.514879
0.0
0.0
2.35542
0.0
0.0
0.0
0.0
1.48681
0.0
0.0
1.1194
0.0
0.0
0.0
0.0
0.0
0.0
0.0
0.565238
0.0
0.284218
0.0
0.0
0.0
0.0
0.401641
0.0
0.0
0.0
0.0
0.0
0.0
0.0
0.0
0.0
1.57875
0.0
0.0
3.26167
0.0
0.0
0.0
0.0
0.0
0.0
0.0
0.0
0.675133
0.0
0.0
0.0
0.0
0.0
0.0
0.0
0.0
0.0
0.0
1.27006
2.17287
0.0
0.0
0.0
0.113232
0.0
0.0
0.0
0.809596
0.0
0.0
0.0
0.0
0.0
0.0
0.0
1.39779
0.0
0.0
0.0
0.0655801
0.0
0.0
0.0
0.0
0.0
0.0
0.0
0.0
0.640892
0.0
0.0
0.0
0.762037
0.0
0.0
0.0
4.23165
0.0
0.0
0.0
0.0
0.0
0.0
0.0
0.0
0.344163
0.0
0.0
0.0
1.09365
2.83568
0.0
5.50646
0.194201
0.0
0.0
0.0681625
0.0
0.0
0.0
0.0
0.0
0.0
0.888894
0.0
1.99522
0.0
0.333981
0.0
0.0
1.73865
0.0
0.0
0.0
0.0
0.0
0.0467107
0.0
1.13802
0.0732605
0.0
0.0
0.0
0.569501
0.0
0.783808
0.493819
0.0
2.15693
0.0
0.0
0.0
0.0
0.0
0.0
0.493861
0.0
0.0
0.0
0.0
1.40474
3.00139
0.0
0.0
0.0
0.0
0.0
0.0
0.0
0.990072
0.0
0.0
0.0
0.525132
0.0
0.0
0.0
0.0
0.0
0.0
0.0
0.0
0.0
0.0
0.0
0.0
0.0
1.98722
0.0
2.91504
0.0
0.0
0.0
0.0
0.0
0.0
0.0
0.0
0.0
0.0
0.0
0.0
0.0
0.0
0.0
0.0
0.0
0.0
0.0
0.0
0.497174
0.0
0.0
0.0
0.0
0.0
1.82995
0.0
0.0
0.0
1.00894
0.0
0.0
0.0
0.0
0.0
0.0
0.0
0.0
0.672309
1.07835
0.0
0.0
0.535342
0.0
0.0
0.0
0.440073
0.0
0.0
0.0
2.35667
0.0
3.28905
0.0
0.0
0.0
0.796331
0.0
0.0
0.0
0.0
0.0
0.0
0.0
0.0
0.0
0.491953
0.0
0.0
0.0
2.24799
0.0
0.0
0.0
0.0
0.0
0.0
0.0
0.0
0.0
0.0
0.665941
0.0
0.0
0.0
0.0
0.0
0.0
0.0
0.0
0.0
2.70123
0.0
0.421102
0.0
0.503815
0.0
0.0
0.0
0.0
0.0
0.0
0.0
0.0
0.0
0.0
0.0
2.1031
0.0
0.0506402
0.0
0.0
2.4093
1.30478
0.0
0.0
0.0
0.0
0.0
0.0
0.0
0.0
0.0
0.0
0.0
0.0
0.0
1.56938
0.0
0.0
0.0
0.0
0.0
0.0
1.18014
0.0
0.0
0.0
0.0
0.0
0.0
0.0
0.0
1.97293
0.0
0.0
0.0
0.0
0.0
0.0
0.0
0.0
0.0
0.0
0.0
0.0
0.0
0.540907
0.0
0.311451
0.0
0.0
0.0
0.0
0.0225785
0.0
3.21098
1.82142
0.0
0.677024
0.0
0.0
0.0
0.0
0.0
0.0
0.0
0.0
0.0
0.397005
0.0927759
0.0
0.0
0.0
0.0
0.0
0.0
0.0
0.0
2.16247
0.183618
1.20297
0.0
0.358591
0.0
2.98539
0.0
0.0
0.0
0.0425765
0.0
0.0
1.71153
0.0
0.0
0.0
0.0
3.01268
0.439507
0.0
0.0
0.0
0.0
0.0
0.0
0.0
0.0
1.20164
1.12453
1.6811
0.0
0.0
0.158073
0.0
2.84861
0.0
0.0
0.0
1.64365
0.0
1.05575
0.300703
0.404491
0.0
0.0
0.0
0.559045
0.0
3.09185
0.0
0.0
1.16824
0.0
0.0
0.0
0.0
0.0
0.0
0.0
0.0
0.0
0.0
0.0
0.0
0.0
0.0
2.29692
0.0
0.0
0.0
0.924096
0.0
1.38736
0.0
0.0
0.0
1.25244
0.589451
0.0
0.0
0.0
0.0
4.81849
0.0
0.0
0.0
0.0
1.31905
0.0
0.0
0.0
0.0
1.37841
0.0
0.0
1.67357
0.0
0.0
0.0
0.0
0.0
0.0
0.0
0.0
0.0
0.0
0.891907
2.2484
0.0
0.0
0.0
0.0
0.0
0.0
0.823546
0.0
0.0
0.0
0.0
0.0
0.0
0.0
0.0
0.0
0.0
0.0
0.0
1.10719
0.0
0.0
0.109518
0.0
0.0
0.0
0.0
0.0
0.683892
0.0
0.0
0.0
0.0
5.06406
0.0
0.0
3.50373
0.0
0.0
1.8888
0.652684
0.0
0.0
1.39777
0.0
0.220654
0.0
0.0
0.0
0.0
0.0
1.23454
0.0
0.0
0.0
1.47078
0.0
0.0
0.0
0.0
0.0
0.0
0.0
0.0
0.0
0.0
0.0
0.0
0.0
0.0
2.81244
0.629129
0.0
0.0
0.0
0.0
0.0
0.0
0.0
0.0
0.0
0.0
0.0
0.0604931
0.0
0.726605
1.81411
0.0
0.0
0.0
0.0
2.1087
0.0
0.0
0.0
0.0
0.0
0.0
1.86185
0.0
2.91336
0.0
0.0
0.0
0.0
1.5541
2.54753
0.0
0.0
0.0
0.894748
0.0
0.0
0.0
0.0
0.0
0.0
0.0
0.0
0.0
0.106719
1.07393
0.0
0.0
0.0
0.0
0.0
0.0
0.0
0.906542
0.0
0.0
0.0
0.0
0.0
0.0
0.0
0.0
0.0597183
0.0
3.08966
0.0
0.0
3.91358
0.0
0.0
0.0
2.94216
0.0
0.0
1.32353
0.0
1.98722
0.193439
1.52825
0.0
0.0
2.61619
0.0
0.0965361
0.0
0.580114
0.0
0.0
0.0
0.0
1.58676
0.0
0.0
0.0
0.0
0.0
0.0
0.0
0.246296
0.0
0.0
0.0
0.0
0.0
1.04753
0.0
0.241775
1.21995
0.0
0.0
0.0
0.0
0.0
0.0
0.0
0.0
2.28916
0.0
0.0
0.0
0.0
0.0
0.0
0.0
2.89076
0.0
3.18874
1.70161
0.0
0.0
0.0
0.0
2.52602
0.0
0.0
0.0
0.0
1.99442
0.0
0.10902
0.0
0.0
1.54173
3.27091
0.0
0.0
0.0
0.0
0.0
0.0
0.0
0.0
0.0
0.0670439
1.23322
0.0
0.0
0.648986
0.0
0.0846155
0.0
0.0
0.0
1.13481
0.0
0.0
0.700243
0.0
0.0
0.0
0.0
0.685104
0.103444
0.0
1.6532
0.0
0.0
1.23752
0.0
0.0
0.0
1.88524
0.0
0.0
0.442789
0.0
0.0
1.70117
0.0
0.0
0.0
0.0
0.0
4.84
0.0
0.0
0.0
0.951666
0.544363
0.0
0.0
0.997664
0.0
0.0
0.0
0.0
0.0
0.0
0.0
0.0
0.0
0.0
0.0
0.0
0.0
0.0
0.0
1.38749
3.42144
0.0
0.0
0.0
0.0
1.29033
0.0
5.04961
0.0
0.0
0.0
0.0
0.0
0.0
0.0
0.0
0.0
0.0
0.0
0.0
0.0
0.0
0.0
0.0
0.0
0.0
2.14831
0.0
0.0
