0.0
0.0
3.60926
0.0
0.485359
0.0
0.0
0.0
0.0
0.0
0.0
2.47252
0.0
1.18383
0.0
1.50228
0.0
0.0
0.723778
0.0
0.0
3.50959
0.0
0.0
0.0
0.0
0.272904
0.0
0.0
0.0
0.0
1.81815
0.0
2.9027
0.0
0.0
0.0
0.0
0.0
0.0
0.0
0.0
4.08946
0.0
0.0
0.0
0.0
0.699219
0.0
1.91621
0.556838
0.0
0.0
0.0
0.0
0.0
0.0
0.0
0.0
0.0
3.18586
0.0
0.0
0.485487
0.0
0.0
0.0
0.0
4.04221
0.0
0.0
0.0
0.0
0.0
0.0
0.0
0.0
0.0
0.0
0.0
0.849872
0.0
0.0
0.0
0.0
0.0
0.0
0.0
0.0
0.0
0.0
0.0
0.0
0.0
0.0
0.0
0.0
0.0
1.22887
0.0
0.0
0.0
0.0
0.0
0.0
0.044475
0.0
0.0
0.0
0.639455
0.0
0.0
0.0
1.71934
0.0
0.0
0.0
2.87623
0.0
0.0
1.41247
0.0
0.0
0.0
0.0
0.0
0.0
3.11191
0.0
0.0
0.0
0.0
0.0
0.0
0.884888
0.0
0.0
0.0
1.03638
0.0
0.0
1.73964
0.0
0.0
0.0
0.0
0.378274
0.0
3.7472
0.0
0.0
0.0
0.579933
0.0
0.0
0.0
0.0388561
0.0
0.0
0.0
0.0
0.0
0.0
0.0
0.0
0.0
0.0
0.0
0.559686
1.3453
0.0
0.0
3.39011
0.0
0.0
0.0
2.30258
0.0
0.0
0.0
7.34553
0.0
0.0
0.0
0.0
0.0
1.68892
0.653027
0.0
3.02849
0.356816
0.129658
2.24376
3.63717
0.0
0.0
0.0
0.0
0.0
0.0
0.0
1.02751
0.0
0.0
0.0
0.0
0.0
0.0
0.0
0.0
0.0
0.0
0.0
0.0
2.19567
2.37267
0.0
0.0
0.0
1.3015
0.0
3.29247
0.0
0.0
0.0
0.0
0.0
0.0
0.0
0.0
0.0
0.0
0.0
2.51592
0.0
0.0
0.0
0.73197
0.0
0.0
0.0
0.0
0.0
0.876943
0.0
0.784805
0.0
6.47003
0.0
0.0
3.447
0.0
0.0
0.0
0.0
0.0
0.0
0.947582
0.0
0.0
0.0
0.0
0.576371
0.0
0.0
0.0
2.80708
0.0
0.0646576
0.0
0.0
0.716458
0.0
0.0
0.0
0.0
4.38106
3.1502
0.0
0.0
0.0
0.0
0.0
3.57679
0.0
0.0
0.0
0.0
0.0
0.0
0.0
0.0
0.0
0.0
2.11715
0.304686
0.0
0.0
0.0
0.0
0.0
4.96269
0.0
0.0
0.0
0.0
0.0
0.0
0.194968
0.0
0.0
0.0
0.0
0.0
0.0
0.0
0.0
0.0
0.742946
0.0
0.0
0.0
0.0
0.0
0.0
0.0
0.0
0.0
0.0
0.0
0.0
0.0
0.0
0.0
0.0
0.0
0.0
0.0
0.0
0.0
0.0
0.0
0.0
0.0
0.0
1.36415
0.0
0.0
0.0
0.0
0.0
0.0
0.0
0.0
0.0
1.3092
0.0
0.0
0.0
0.0
0.0
0.0
0.0
0.0
0.0
0.852154
0.0
0.0
0.0
0.0
0.0
0.0
0.0
0.0
0.0
0.0
0.0
0.0
0.0
0.288278
0.0
0.0
0.0
0.0
0.0
0.0
0.0
2.4583
1.45166
0.940122
0.0
0.0
0.0
0.0
0.0
0.906079
3.63616
0.0
0.0
0.0
0.0
0.0
0.0
0.0
0.0
0.0
2.92262
0.0
0.0
0.0
0.0
0.0
0.0
0.0
1.57608
0.0
0.0
0.0
0.0
0.0
0.0
0.0
0.799335
0.0
0.0
0.0
0.0
0.0
0.0
3.06104
2.51239
0.0
0.0
0.0
0.0
0.0
0.0
0.0
0.0
0.0
0.0
0.0
0.0
0.0
0.0
0.0
0.0
0.0
0.0
0.0
0.0
0.0
0.0
0.59972
0.0
0.0
0.0
0.0
0.0
4.95445
0.0
2.21175
0.0
0.0
0.0
1.68123
2.366
0.0
0.0
4.94757
0.0
0.0
0.0
0.0
0.0
0.0
0.0
0.0
0.128677
0.0
0.0
0.0
0.0
1.53273
0.0
0.0
0.0
0.995824
0.0
0.0
0.0
0.0
0.0
0.0
0.0
2.2024
1.13198
0.182914
0.634656
0.0
0.0
0.0
0.0
0.0
0.0
1.89701
0.0
0.0
0.0
0.0
0.0
0.454298
0.0
0.0
0.268237
0.0
0.0
3.01924
0.0
0.0
0.0
0.0
0.0
1.84187
0.0
0.0
0.0
0.0
0.0
0.0
0.0
0.0
3.42598
2.88422
0.0
0.0
2.2012
0.0
0.0629748
0.0
0.0
0.0
0.0
0.160245
0.0
0.0
0.0
0.0
0.0
0.0
0.0
2.51396
0.0
0.0
4.98447
0.0
1.56943
0.322175
0.0
0.0
0.0
0.0
0.0
0.0
0.0
0.0
3.90129
0.0
0.0
0.0
0.0
0.0
0.0
1.49082
0.0
0.388104
0.0
0.0
0.0
0.0
0.0
0.0
0.0
0.0
0.0
0.0
1.16223
0.972783
0.0
0.0
0.0
0.0
0.615935
0.0
0.0
0.0
0.0
0.0
0.0
0.0
0.0
0.0
0.0
0.803257
0.0
0.0
2.85276
0.0
0.0
0.0
0.0
0.0
0.0
0.0
0.0
0.0
0.0
0.0
0.0
0.0
3.63276
0.0
0.0
0.0
1.11037
0.0
0.0
0.0
0.0
0.0
0.0
0.0
0.0
0.0
0.0
0.0
1.98319
0.112958
0.0
0.0
0.0
1.95085
0.0
1.37617
0.0
0.0
0.998794
0.0
0.0
0.0
0.0
0.0
0.0
0.280714
0.0
0.0
0.0
0.0
0.0
0.0
0.0282238
1.85659
0.0
0.0
0.0
0.0
0.0
0.0
0.0
0.0
0.0
0.0
0.0
0.0
0.0
0.0
0.643802
0.0
0.0
0.0
0.0
0.0
0.0
2.56648
0.0
0.0
0.0
0.0
0.0
0.0
0.0
0.0
0.0
0.0
0.0
0.0
0.0
0.0
1.94165
0.0
0.0
0.0
0.0
3.50702
0.0
0.0
0.0
1.22703
0.0
0.0
0.0
0.421197
3.60931
0.0
0.270287
0.0
0.0
0.0
0.0
0.0
0.0
0.0
0.0
0.0
0.0
0.0
0.0
0.0
0.316563
0.0
0.0
0.572939
0.0
0.0
0.73304
0.0
0.0
0.0
0.0
0.0
0.0
0.0
0.0
0.0
0.0
0.512418
0.0
0.0
0.0
0.0
0.0
0.0
0.0
0.0
0.0
0.0
0.839403
2.01722
0.454063
0.0
2.82621
0.0
0.0
0.0
0.0
0.0
0.0
0.0
0.0
0.103432
0.0
0.0
0.0
2.11119
0.0
0.0
0.388293
0.0
0.0
3.56947
0.0
0.0
0.0
0.0
0.0
0.0
0.0
0.0
0.0
0.0
0.0
0.0
0.0
0.0
2.61854
0.0
2.96512
0.0
3.96609
2.10121
0.0
0.0
0.0
3.96242
0.0
0.0
0.0
0.0
0.0
0.0
0.0
0.0
0.0
0.0
0.0
0.0
5.39072
0.0
0.0
0.0
0.0
0.0
0.0
0.0
0.0
1.84025
0.0
0.0
0.0
0.0
0.0
0.0
0.0
0.0
0.0
0.0
0.0
0.0
0.0
0.0
0.0
0.0
0.0
0.0
1.43385
0.314809
0.0
0.0954464
0.0577723
0.0
0.0
0.0
0.0
0.0
1.09075
0.0
0.0
0.0
0.0
0.0
0.334751
0.0
0.0
0.0
0.0
0.0
1.94521
3.01538
0.0
0.0
0.709
0.0
0.413144
0.987845
0.0
0.0
0.866692
0.0
0.0
0.0
0.0
2.52602
0.0
0.0
0.0
0.20099
0.0
1.42403
0.0
0.0
0.490273
3.44598
0.0
0.0
6.5749
0.0
0.0
0.0
0.0
0.980789
0.0
0.0
0.0
0.0
0.0
0.0
0.0
0.0
3.85569
0.48846
0.0
0.0
0.0
0.0
0.0
0.243559
0.0
0.0
0.0
0.0
0.0
0.171848
0.0
0.0
0.0
0.0
0.0
0.0
0.0
0.139546
0.496134
0.0
0.0
0.0
0.0
0.0
0.0
0.0
0.0
0.0
0.0
0.0
0.0
3.27838
0.0
0.0
3.68138
0.0
0.0
0.152707
0.0
3.94681
0.0
0.0
0.0
0.0
0.0
0.0
0.0
1.36158
0.0
0.0
0.0
0.0
0.0
0.0
0.0
0.0
0.0
0.0
3.87669
0.0
0.0
0.0
0.0
0.0
0.0
0.0
0.0
0.0
0.0
1.27149
1.97501
0.0
1.00149
0.0
0.0
0.0
0.0
0.0
0.731143
0.0
0.0
0.0
0.0
0.0
0.0
0.0
0.0
0.0
0.0
0.0
0.0
0.0
0.0
0.0
0.0
0.0
0.0
0.0
0.23132
0.0
0.104541
0.0
0.0
0.0
0.0
1.51418
0.0
0.0
0.0
0.0
0.0
0.0
0.0
0.0
0.0
0.0
1.28498
0.0
3.39183
0.0
0.0
1.11889
1.606
1.29197
0.0
0.0
0.0
0.0
0.0
0.0
0.0
2.62282
1.79361
0.0
0.0
0.0
0.0
0.0
0.0
0.0
0.0
0.463982
0.0
0.22563
0.0
0.0
0.0
0.0
0.0
0.0
0.0
0.0
0.0
2.41086
4.2766
0.657068
2.4769
0.0
0.0
0.0
0.0
0.0
0.0
0.0
2.01893
0.0
0.0
1.64174
0.0
0.0
0.0
0.0
0.0
0.0
0.0
0.0
0.0441119
0.0
0.0
0.0
0.0
1.53916
0.0
0.0
0.0
7.78183
0.0
0.0
0.0
0.0
0.0
0.0
0.694911
0.0
0.0
0.411198
0.0
0.0
0.0
0.0
0.88436
0.0
0.0
0.0
0.0
0.0
1.6919
0.0
0.0
0.0
0.0
0.0
2.51767
3.34713
0.0
0.0
1.16152
0.0
0.0
0.0
0.00060901
0.0
0.0
0.0
0.0
0.0
0.0
0.0
0.0
0.0
0.829123
2.25098
0.0
0.0
0.0
0.0
0.0
1.66806
0.960322
0.0
0.0
0.314294
1.80693
0.0
0.0
0.0
0.0
0.0
0.0
0.0
1.16131
0.0
1.10353
0.0
0.0
3.24154
0.0
0.0
0.0
2.04496
3.00308
0.0
0.0
0.0
0.0
0.0
0.0
2.45992
0.0
0.0
0.0
0.0
0.0
0.341846
0.0
0.0
1.65289
0.0
0.0
0.0
0.0
0.0
1.52054
0.0
0.0
0.39296
0.0
0.0
0.0
0.0
0.99835
0.0
0.0
0.0
2.57201
0.0
0.0
0.0
0.0
0.0
0.0
0.0
0.0
0.0
3.23937
0.0
0.47946
6.19023
0.0
1.55587
0.0
1.07621
1.75061
4.41571
0.0
0.0
0.0
0.0
0.0
2.93219
0.0
0.401557
0.0
0.0
0.0
0.0
1.9788
0.0
0.0
0.0
0.0
0.0
0.425849
0.0
0.0
0.0
0.0
0.0
0.0
0.0
0.0
0.289944
0.0
0.956764
1.05275
0.0
1.49712
0.0
3.45732
0.0
0.0
0.0
0.0
0.0
0.0
0.0
0.0
0.0
0.0
0.0
0.0
0.0
0.0
0.0
2.78
0.0
0.0
0.0
0.0
0.0
0.0
0.0
0.0
0.0
0.0
0.0
0.0
0.0
0.0
6.38662
0.0
0.0
5.0675
0.0
0.0
0.0
1.36166
0.0
0.0
0.0
1.11668
0.0
3.12387
0.125934
0.0
0.0
0.0
1.63302
0.0
2.40154
0.0
0.0
1.77521
0.694147
0.0
0.0
0.0
0.0
0.0
0.436359
0.0
0.650377
0.389589
0.0
0.0
0.0
0.0
0.0
0.0
0.0
0.0
0.0
0.0
0.983216
0.0
0.0
2.09178
0.0
0.0
0.0
0.0
0.0
0.0
0.0
0.962566
0.0
0.0
0.0
0.0
0.0
0.0
0.0
0.233071
0.0
0.0
0.0
0.0
0.0
0.0
0.0
0.0
0.0
0.0
0.0
0.0
0.0
0.0
0.0
0.0
1.65168
0.0
0.0
0.0
0.0
0.0
0.446357
0.0
2.72544
0.0
0.0
0.0
0.0
0.0
0.971616
0.0
0.984429
0.0
0.0
0.0
4.65561
0.0
0.0
0.0
0.0
0.0
0.0
0.0
0.0
0.340602
0.0
2.4624
0.0
0.0
0.34429
0.0
0.0
2.12622
0.0
0.0
0.0
0.0
0.0
0.0
0.0
0.0
0.145105
0.0
1.73826
0.0
1.55406
0.0
0.0
0.0
0.0
0.0
0.0
0.0
0.154294
0.0
0.0
0.0
1.23115
0.163499
0.0
0.0
0.0
1.36382
0.0
0.0
0.0
0.0
0.0
4.09527
0.0
0.0
0.0
0.0
2.58658
0.0
2.84562
0.0
0.0
0.0
0.0
0.0
0.0
0.0
0.0
0.0
0.0
0.0
0.0
0.0
0.0
5.70132
0.0
0.407667
0.0
0.0
0.0
0.0
0.0
0.0
0.0
0.0
0.0
0.0
0.0
0.0
0.0
0.0
0.0
0.0
0.0
0.0
0.0
0.0
0.0
0.0
0.0
0.0
0.0
1.68263
0.0
0.0
0.0
0.158207
0.0
0.0
0.0
0.0
0.0
0.0
0.207384
1.32374
0.0
0.0
0.0
0.0
0.0
0.0
0.0
2.36424
0.0
0.0
0.0
0.0
1.35194
0.0
0.0
2.2326
0.0
0.0
0.0
0.0
0.914662
0.0
0.0
1.29884
0.0
0.972202
0.0
0.0
0.0
0.0
0.0
0.0
0.0
0.0
0.0
0.0
1.42485
0.0
0.0
0.0
0.0
0.0
0.0
0.0
0.0
0.0
0.447546
0.0
0.0
0.0
0.0
0.0
0.0
2.78951
0.0
1.92646
0.0
0.0
0.0
0.0
0.0
0.0
0.0
0.0
0.0
0.0
0.0
0.0
0.0
0.0
0.0
0.0
0.0
0.0
0.0
0.0
0.0
0.0
0.0
0.0
0.0
0.0
0.0
0.0
0.0
0.0
0.0
0.86925
0.0
0.0
0.0
0.0
0.236188
0.0
0.0
0.0
0.319028
0.0
0.0
0.0
1.48904
0.0
0.0
0.0
0.0
0.0
0.0
0.0
0.0
0.0
0.0
0.0
0.0
0.113808
1.66692
0.0
0.0
0.0
0.0
0.0
0.0
0.0
0.0
0.0
2.87298
0.0
0.0
0.0
0.637596
0.0
1.75434
0.376757
0.399997
0.0
0.0
0.0
0.208307
1.39434
2.54795
0.0
0.0
0.0
0.918388
1.4799
0.613888
0.0
0.0
0.0
0.0
0.0
1.84201
0.0
0.664902
0.0
0.0
0.0
0.0
0.0
0.0
0.0
0.0
2.3494
0.0
0.65322
6.5096
0.0
2.41822
0.404717
0.0
0.0
0.363579
3.13068
0.0
0.0
0.0
0.0
0.477032
0.209401
0.0
0.0
0.0
0.0
0.0
0.0
4.44748
0.0
0.0
0.0
0.0
0.0
0.0
0.0
0.0
0.0
0.0
0.0
0.0
0.0
2.32526
0.0
0.0
0.0
0.0
0.0
4.11116
0.0
0.0
0.0
0.0
0.0
0.179006
0.0
0.0
0.0471021
0.0
0.0
0.0
0.0
0.0
2.36956
0.0
0.0
1.16007
0.656084
0.0
0.0
0.0
0.0
1.55471
0.0
0.0
0.0
0.0
0.0
1.99059
0.0
0.0
0.0
0.0
0.0
0.0
0.0
0.0
0.0
0.0
0.0
0.0
0.0
0.0
0.0
0.0
0.0
0.0
0.702086
0.0
0.0
0.0
0.703719
5.36853
2.24692
1.5595
0.0
0.0
0.0
0.0
0.0
0.0
2.53349
3.00874
0.0
0.0
1.14278
0.750855
6.30028
0.0
3.20505
0.0
0.0
0.0
0.0
0.0
0.0
0.0
0.0
0.0
0.0
0.0
0.0
0.0
0.0
0.0
0.0
0.0
0.0
0.769809
0.0
0.0
0.0
1.16421
0.0
0.0
0.0
0.0
0.0
0.0
0.0
1.94874
0.0
0.0
0.0
0.0
0.0
0.0
0.0
0.0
0.0
0.0
0.0
0.0
1.43002
0.0623242
0.0
0.0
0.568601
0.0
0.0
0.0
1.33871
0.0
0.0
0.0
0.0
0.0
2.65325
0.0
1.2678
1.04933
0.0
3.98825
0.0
0.0
0.0
2.06992
0.0
2.51044
0.0
0.0
0.0
0.0
0.0
0.0
4.49703
0.0
0.0
0.0
0.0
0.0
0.730365
0.0
0.0
0.0
0.0
1.59033
0.0
0.0
0.0
0.0
0.0
0.0
2.81732
0.0
0.173928
0.0
0.0
0.0
0.0
0.0
0.0
0.0
0.0
0.0
0.055059
0.0
0.0
0.0
0.0
3.41207
0.0
4.93652
0.0
0.0
0.0
0.0
0.0
0.0
0.0
0.0
0.0
0.0
0.0
0.0
0.0
0.0
0.0
0.0
0.0
0.0
0.0
0.0
0.0
0.0
0.0
0.0
0.0
0.0
1.67763
0.0
0.0
0.0
0.199321
0.866924
0.217744
0.0
0.0
0.0
0.0
0.0
0.0
0.0
2.83846
0.0
0.0
0.0
0.0
0.0
0.0
0.0
0.0
0.0
0.0
0.0
0.0
0.0
0.0
0.0
0.0
0.0
0.0
0.0
0.0
0.594251
0.0169795
0.911717
0.0
0.0
0.0
0.517627
0.0
0.0
0.0
0.0
0.0
1.19648
0.0
0.0
0.49155
0.0
4.52023
2.43586
0.0
0.479555
0.0
2.39353
0.0
0.0
0.0
0.0
2.01433
0.0
0.0
0.0
0.750677
1.96691
0.0
0.0
1.27373
0.0
2.78411
0.455245
0.0
2.03291
2.94384
0.0
6.92249
1.2476
0.0
0.0
0.0
0.0
1.60466
1.25861
0.0
0.0
0.0
2.49505
0.0
0.0
0.0
1.8704
0.0
0.517974
0.0
0.0
0.0
0.404727
0.0
1.52104
0.0
0.0
0.0
0.0
0.0
0.0
0.0
0.0369466
3.38507
0.0
2.50336
0.0
0.0
0.0
0.0
0.0
0.0
0.0
0.0
0.240972
0.0
0.0
0.0
0.0
0.0
0.197289
0.0
0.0
0.0
0.0
0.0
0.0
3.03145
0.0
0.79543
0.0
0.0
0.0
0.0
1.83423
0.0363773
0.0
0.0
0.0
3.28004
0.0
0.0
0.0
0.0
2.90322
0.0
0.0
0.0
0.0
0.0
0.0
0.0
0.0
0.0
0.0
0.0
0.0
0.0
0.0
0.0
0.0
0.0
0.0
0.0
0.0
1.88106
0.0
0.0
0.0
0.827582
0.0
0.0
0.0
0.0
1.62639
0.0
0.0
0.0
0.00350752
0.0
0.0
0.0
1.15573
0.0
0.0
0.0
0.0
0.0
0.0
0.0
0.0
0.0
0.470659
0.0
0.0
0.0
0.0
2.01331
0.0
0.0
2.43407
0.0
0.0
0.0
0.0
0.467641
0.0
7.23314
0.0
0.0
0.0
0.0
0.0
0.0
0.0
0.491125
0.0
0.0
0.0
0.0
0.0
0.0
1.34364
0.0
0.0
0.0
0.0
0.124666
0.0
0.0
1.44262
0.0
0.0
0.0
1.04396
0.0
0.0
0.0
2.558
0.0
0.200628
0.0
0.0
0.0
0.0
0.0
0.0
0.0
0.0
0.0
0.0
0.456416
0.0
0.0
0.0
0.0
0.0
0.0
0.0
0.0
0.0
0.0
0.0
0.0
0.0
0.42225
0.0
0.18451
0.0
0.0
0.0
0.0
0.0
0.0
0.0
1.43656
0.0
0.571771
0.0
0.0
0.0
1.00066
4.46087
0.0
0.0
0.0
0.0
4.22876
0.0
0.0
0.0
0.0
0.0
0.0
0.0
0.0
0.0
0.0
0.0
0.0
0.0
0.0
2.30305
0.0
0.0
0.0
0.0
0.0
0.0
0.0
0.0
2.81862
0.191028
0.0
0.0
0.0
6.22413
0.0
0.0
0.0
0.0
0.0
0.0
0.0
0.0
0.0
0.0
0.0
0.0
1.63947
0.0
0.0
0.0
0.0
3.14812
0.0
0.54453
0.0
0.0
0.120669
0.0
0.999421
0.0
7.18844
0.0
0.0
0.0
0.0
0.154341
0.0
0.0
0.0
0.0
0.0
0.0
0.0
0.0
0.0
0.0
0.0
0.0
0.0
0.0
0.0
5.97637
0.0
0.0
2.22262
0.0
2.92884
0.0
0.0
0.0
0.0
0.0
0.0
0.0
0.0
0.0
2.13709
0.0
0.0
0.0
0.0
0.0
0.0
0.910678
0.0
0.0
2.67154
0.0
0.0
0.0
0.0
0.0
0.203592
1.20028
0.502276
0.0
1.97163
0.0
0.0
0.0
0.0
0.0
0.0
6.08456
0.0
1.44944
0.0
0.0
0.0
4.09269
0.0
0.0
0.0
0.0
2.35204
0.0
0.0
0.0
0.0
1.72259
0.244136
0.0
0.0
0.0
0.0
0.0
0.0
0.0
1.8118
1.84332
0.0
0.0
0.0
0.0
6.64693
0.0
0.0
0.0
0.0
0.0
0.0
0.0
0.0
0.0
0.712222
0.0
1.58702
0.380895
0.0
0.0
0.0
0.0
0.0
2.19602
0.0
0.0
0.0
0.0
1.76144
0.379916
0.0
0.0
1.45616
0.0
0.0
0.0
0.688186
0.0
0.0
0.0
0.0
0.0
0.0
0.266635
0.0
0.0
0.0
0.0
0.0
2.26765
0.0
0.0
0.0
0.0
0.0
0.0
0.0
2.01865
0.0
0.0
0.482526
1.84266
0.751511
0.0
0.0
0.0
2.26789
0.0
0.0
0.0
0.0
0.0
0.0
0.0
0.0
0.0
0.0
0.0
0.0
0.0
1.08425
0.0
0.0
0.509493
0.0
0.0
0.0
0.0
0.0
4.22371
0.0
0.0
0.0
0.0
0.0
0.0
0.0
0.0
6.20666
0.0
0.0
0.0
0.0
0.0
0.0
0.0
0.0
0.675386
0.0
0.0
1.04196
0.0
0.0
0.0
0.0
0.0
0.0
0.0
0.0
0.0
0.57337
0.0
0.0
0.0
0.0
0.0
0.0
0.0
0.0
0.0
0.0
0.0
0.0
0.0
0.0
0.0
0.235612
0.0
0.0
0.0
0.0
0.0
0.0
0.0
0.0
0.0
0.0
0.0
4.93117
0.0
0.0
0.0
2.34753
0.0
0.0
0.0
0.0
0.0
0.0
0.0
0.0
0.0
0.0
0.0
0.0
0.0
0.0
1.33712
0.0
4.08669
0.0
0.0
0.0
0.561391
0.0
0.0
0.0
0.0
0.0358819
0.0
0.0
0.0
0.0
0.219017
0.0
3.23728
0.0
0.0
0.0
0.0
0.0
0.0
0.0
0.41129
0.0
0.0
0.0
0.0
0.0
4.32515
0.0
0.0
0.0
0.0
0.0
0.0
0.0
0.0
0.0
0.0
0.0
0.0
0.0
3.42107
0.0
0.0
0.0
0.0
0.0
0.0
0.0
0.0
1.44239
0.0
0.0
1.76815
0.0
0.0
0.0
0.0
0.0
0.0
0.0
0.0
0.0
0.0
0.0
0.0
0.0
0.0
0.0
0.0
0.0
0.0
0.0
0.0
0.0
0.0
0.0
0.0
0.0
0.0
0.0
0.0
0.0
0.0
0.0
0.0
0.0
0.0
0.0
0.932106
0.0
0.0
0.0
0.0
0.0
0.0
0.0
0.0
1.54742
0.0
0.0
3.56791
0.0
1.15576
0.0
2.26523
0.0
0.0
0.0
0.0
0.0
0.0
0.0
0.0
0.0
3.21186
0.0
0.0
0.0
0.0
0.453392
0.0
0.0
1.3255
0.0
0.0
0.0
0.0
0.0
0.0
0.585845
0.0
6.91126
0.0
1.8409
0.0
3.14774
0.0
1.82879
0.0
0.178428
0.630028
0.0
0.0
0.0
0.0
0.0
0.328252
0.0
0.0
0.0
0.0
0.0
0.0
0.0
0.0
0.0
0.0
2.7947
0.0
0.0
0.0
0.0
0.0
0.0
0.0827364
2.45015
3.20847
0.0
0.0
0.0
3.7741
0.0
0.0
0.0
0.475747
0.0
0.0
4.93947
0.0
0.0
0.295216
0.0
0.0
0.0
0.0
2.41407
0.0
0.0
0.195297
0.0
4.03037
2.34636
0.0
0.0
0.0
0.0
2.39716
0.0
0.0
0.0
0.0
0.0
0.0
0.0
0.0
2.73937
0.0
0.0
0.0
0.0
0.0
0.0
0.0
0.584233
0.0
0.0
0.0
0.0
0.0
0.0
1.5395
0.0
0.0
0.0
0.871153
1.20645
0.0
0.0
0.0
0.0
0.0
0.0
0.0
0.0
0.0
0.0
0.0
0.0
0.0
0.0
0.0
0.0
5.68457
5.95672
0.0
0.0
1.552
0.928261
0.0
1.07157
0.0
0.0
0.719048
0.0
0.0
0.0
2.18886
0.0
0.0
0.0
0.0
0.0
0.0
0.353672
0.0
1.28737
0.0
0.0
0.0
0.0
0.0
0.0
0.0
0.0
2.98462
0.0
0.0
0.0
0.0
0.0
0.0
1.83907
0.0
0.0
0.0
1.67809
0.0
2.39854
0.0
0.0
0.0
0.0
1.69299
0.0
0.0
0.0
0.0
0.0
0.0
0.0
0.0
0.0
0.0
0.0
0.0598271
2.39115
3.74559
0.0
0.0
0.0
0.0
0.0
3.09254
0.0
0.0
0.0
0.0
0.0
1.23576
0.0
0.0
0.0
0.0
0.0
0.0
0.0
0.0
0.0
0.0
0.0
0.0
0.0
0.0
0.0
3.47858
0.0
0.0
2.02531
0.0
0.0
0.0
1.25614
0.0
0.0
0.0
0.0
0.0
0.0
0.0
0.0
0.0
0.0
0.0
0.0
1.07527
0.0
1.53912
0.0
0.0
0.0
0.0
0.0
0.0
0.0
0.0
0.0
3.55493
0.0
0.0
0.0
0.0
0.0
0.0
0.0
0.0
0.0
0.0
0.0
0.0
0.0
0.0
0.0
0.0
0.0
0.0
4.27356
0.673652
0.0
2.30038
0.0
0.187605
0.0
0.0
0.0
0.0
0.0
0.0
0.0
0.0
0.0
0.0
0.538957
0.0
0.0
0.0
0.0
0.0
0.0
0.0
0.0
0.0
0.0
0.0
0.0
2.30967
0.0
0.0
0.0
0.0
0.0
0.0
1.02942
0.0
0.0
0.0
0.0
0.0
0.0
0.0
1.35691
0.0
3.45866
0.0
0.0
0.0
0.0
0.0
0.0
0.0
0.0
0.0
0.0
0.285048
0.0
0.0
2.72759
0.0
6.77073
0.0
0.0
0.0
0.0
0.0
0.0
0.0
0.0
0.0
0.0
0.0
0.0
0.0
0.0
5.64484
0.0
0.0
0.0
0.0
0.0
0.0
2.30974
1.10106
0.114494
4.07638
0.0
0.0
0.0
0.0
0.0
0.0
0.646227
0.0
0.0
0.0
0.439763
0.0
0.0
0.0
0.0
0.0
0.0
0.0
0.0
0.0
0.0
0.0
0.0
0.0
0.0
0.0
0.0
0.0
0.0
0.0
0.0
0.0
0.0
0.0
0.0
0.0
0.0
0.0429765
0.0
0.0
0.0
0.0
0.0
0.0
0.0
0.0
3.63109
0.0
0.0
1.13151
0.0
0.0
0.865633
0.0
0.0
0.0
0.0
0.0
0.0
0.0
0.0
0.0
0.0
4.15749
4.47926
0.0
0.0
0.0
0.0
0.0
0.0
0.0
0.0
1.37852
0.186863
0.0
0.0
0.0
0.0
0.0
0.0
0.0
3.8165
0.0
0.0
0.0
0.0
0.0
0.0
0.0
0.0
0.0
0.0
0.0
0.0
1.31754
0.0
0.0
0.0
0.0
4.60697
0.0
0.0
0.0
0.0
0.0
0.0
0.0
0.0
0.0
0.0
0.0
0.0
0.0
0.0
0.0
0.0
3.44849
0.0
0.0
0.0
3.66622
0.0239415
0.555982
0.0
0.0
0.0
0.0
0.0
0.0
0.0
0.0
0.0
0.0
0.0
0.0
0.0
0.0
0.52278
0.0
1.16078
0.0
0.0
0.0
0.0237683
0.0
0.0
0.435727
0.0
0.0
0.0
0.0
0.0
0.0
4.68964
0.0
0.0
0.0
0.0
0.0
1.06624
0.0
0.0
0.0
0.0
0.0
0.0
0.0
0.0
0.143191
0.0
0.0
0.221549
0.0
0.0
0.0
0.0
0.0
0.0
0.0
0.0
0.644536
0.0
0.0
0.0
0.0
2.78105
0.0
1.27498
0.0
0.0
0.0
0.0
0.0
1.86546
1.66887
0.0
0.0
0.0
0.205801
0.0
0.0
0.289588
0.0
0.0
0.0
0.0
0.0
0.0
0.0
0.0
0.0
0.0
0.0
2.39209
0.0
0.0
0.0
0.7029
0.0
2.99926
0.0
0.0
0.0
0.0
0.0
0.0
0.0
0.0
0.0
2.5132
0.497881
0.0
1.36434
0.0
0.0
0.0
0.0
0.484742
0.853683
0.0
0.0
1.51637
0.0
0.0
0.0
0.0
0.0
0.0
0.0
0.0
0.0
0.0
0.0
0.0
1.6309
0.0
0.0
0.0
0.0
0.0
0.0
4.01664
0.0250806
0.0
0.0
0.0
0.0
0.0
0.0
0.0
0.0
0.0
0.0
0.49275
0.0
0.0
0.0
2.49628
0.0
0.0
0.0
1.73832
0.0
0.0
0.0
0.0
0.0
0.0
0.0
0.0
0.0
0.0
0.0
0.0756893
0.0
2.74121
0.0
0.0
0.0
0.0
0.0
0.0
0.0
4.16046
1.00311
0.0
0.0
0.0
0.0
0.0
1.90301
0.570521
0.0
0.0
0.0
0.0
0.0
0.0
0.0
0.0
0.0
0.0
0.0
0.0
0.284452
0.0
1.50652
0.0
0.0
1.47411
0.0
0.0
0.0
4.6921
0.0
0.0
0.0
0.0
0.0
0.0
0.0
0.0
0.335002
0.0
0.588635
0.0
0.0
0.0
0.0
0.0
0.181758
0.0
0.0
0.0
0.0
0.0
0.0
0.0
0.0
0.0
0.0
0.0
0.0
0.0
0.0
2.28363
0.0
0.424106
0.0
0.0
0.0
0.0
0.0
0.0
0.0
0.0
0.0
0.0
1.06478
0.0
0.0
0.0
0.0
0.0
0.0
3.03552
0.0
7.1867
0.344013
0.0
0.0
0.0
0.0
0.0
0.0
0.0
0.0
0.0
0.0
0.0
0.0
0.0
0.0
0.0
0.0
0.0
0.0
0.0
0.0
0.0
0.0
0.0
0.0
0.0
0.0
0.0
0.0
0.0
0.0
0.0
0.0
0.0
0.0
0.192226
0.0
0.240552
0.0
0.0
0.0
2.65395
1.27925
0.0
0.0
1.36668
0.0
4.30246
0.0
0.0
0.0
0.0
7.17781
0.0
0.0
0.0
3.09241
0.00611365
0.0
0.0
0.283173
0.0
0.0
0.0
0.0
0.0
0.0
0.0
0.0
0.0
0.0
0.0
0.0
0.0
5.122
0.0
0.0
0.0
0.0
0.0
0.0
0.0
0.0
0.0
0.0
0.0
1.34873
1.53664
0.0
1.25195
0.0
0.0
0.0
0.0
0.0
0.0
0.0
0.0
0.0
0.0
0.0
3.28593
0.0
0.0
0.0
0.0
0.0
0.0546678
0.0
0.0
0.0
0.0
0.0
0.0
0.0
0.0
0.0
0.0
0.0
0.0
0.0
0.0
0.0
0.0
0.458115
0.218552
0.0
0.0
2.55949
0.0
0.0
0.0
0.0
0.0
0.0
0.0208562
0.0
0.0
0.0
0.0
0.0
0.0
0.0
0.0
0.0
0.0
0.0
0.0
2.47405
0.0
0.0
0.0
0.0
1.72076
0.0
0.0
0.938555
0.0
0.0
0.0
0.0
0.0
0.0
0.0
0.0
5.47951
0.0
0.0
0.0
0.0
0.0
1.49315
0.0
0.0
0.0
0.0
0.0
0.0
0.342562
0.0
0.0
1.36423
0.0
0.114146
0.0
0.0
2.6572
0.0
0.0
0.0
3.00409
2.71513
0.0
0.0
0.0
0.0
0.0
0.0
0.0
0.0
3.36836
0.0
0.0
0.0
0.0
0.0
0.0
0.0
0.0
1.3895
0.0
0.0
5.09448
0.0
0.0
0.0
0.325253
0.0
0.0
0.0
0.0
0.0
0.0
0.0
0.0
1.15011
0.0
0.0
0.420571
0.0
0.0
0.0
0.0
1.0429
2.68196
0.0
0.0
0.0
0.0
0.0
1.11368
0.0
0.0
0.0
0.0
0.0
0.0
0.208567
0.0
0.0
0.0
0.0
0.0
0.0
0.0
0.0
0.0
0.000402153
1.69936
0.0
0.0
0.430573
0.0
0.0
0.0
0.0
0.255485
4.66076
0.0
0.0
0.0
0.0
0.0
0.304414
0.0
0.0
0.0
0.0
0.0
0.0
0.0
0.0
0.0
1.09725
0.0
1.34445
0.0
1.8979
0.0
0.0
0.0
0.0
0.0
1.2188
0.0
0.0967086
2.16316
5.34931
0.0
0.0
0.0
0.0
0.9459
0.0
0.0
0.0
0.498019
0.0
0.0
0.0
0.0
0.0
0.0
0.0
0.0
0.0
0.0
1.33795
0.0
3.15944
0.759971
0.0
0.0
0.0
1.49868
0.0
0.0
0.0
0.0
1.2886
0.0
0.0
0.0
0.0
2.19757
0.0
0.0
0.0
1.255
0.0
0.430155
0.0
0.0
0.0
0.0
1.02093
0.0
0.0
0.0
0.855075
3.98329
1.21207
0.0
0.0
0.0
1.75213
0.0
0.0
0.0
0.0
3.53916
0.0
0.0
0.0
0.0
0.0
0.0
0.0
3.20486
0.0
0.668143
0.0
0.0
0.0
1.83315
0.0
0.0
0.0
0.0
0.0
0.0
0.0
0.282139
0.0
0.0
0.0
0.0
0.0
0.0
0.0
0.0
0.0
0.0
0.0
0.0
0.25748
3.00557
0.0
0.0
0.0
0.0
0.0
4.60879
0.0
0.0
0.0
0.0
0.0
0.0
1.20588
0.0
0.0
1.73297
0.0
2.46047
0.331746
0.0
0.0
0.0
0.146618
0.0
0.0
0.0
0.0
0.852308
0.0
0.0
0.0
1.17074
0.0
0.0
0.0
2.36079
0.0
3.59112
0.0
0.0
0.0
0.0
0.0
0.0
0.0
3.40921
0.0
0.0
0.0
1.56886
1.40821
0.0
0.0
0.0
0.0
0.0
0.0
0.0
0.0
0.0
0.0
0.0
0.0
0.0
0.0
0.0
0.0
0.0
0.0
0.0
2.42404
0.0
2.18122
0.0
1.81999
0.0
0.0
3.82085
0.0
1.75805
0.0
0.0
0.0
0.0
2.48454
0.587775
0.18706
0.0
0.0
0.897391
0.0
0.0
3.97906
0.0
0.0
0.0
0.0
0.0
0.0
0.0
3.39378
0.0
0.0
0.0
0.0
0.0
0.234102
0.0
0.510787
0.906131
1.70296
0.0
0.0
0.0
0.92408
0.0
0.0
0.0
0.0
0.0
0.0
0.0
5.02593
0.0
0.0
0.0
1.19156
0.0
0.0
0.0
0.0
5.38758
0.0
0.0
0.0
0.0
0.0
0.153026
0.788342
0.0
0.0
0.0
4.67439
0.0
0.0
0.0
0.0
0.0
0.0
0.141184
0.0
0.0
0.0
0.0
0.0
0.212937
0.0
0.0
0.0
1.63735
0.909949
0.0
4.40302
0.0
0.0
0.0
0.0
0.0
0.0
0.0
0.0
0.0
0.0
0.0
0.0
0.0
2.06184
5.32699
0.0
0.0
0.876696
5.67122
0.0
0.0
0.0
0.0
0.0
0.0
0.0
0.0
0.0
0.0
0.595734
0.0
0.817994
0.0
0.0
0.0
0.0
0.0
0.0
0.0
0.0
0.0
0.0
0.0
0.0
0.0
1.60827
0.0
0.0
0.0
0.0
0.0
0.0
0.0
0.0
0.0
1.73223
0.0
0.0
0.0
0.0
0.0
0.0
0.0
1.69151
1.36128
0.0
0.0
0.0
0.0
0.0
0.0
1.07867
0.0
0.0
0.473491
0.0
0.983012
0.0
0.0
2.28153
0.0
0.0
0.0
0.0
0.0
2.14872
0.0
0.0
0.0
0.0
0.0
0.0
0.0
0.0
0.0
0.0
0.0
0.0
0.0
0.0
0.0
0.0
0.0
0.0
0.0
0.0
0.0
0.0
0.0
0.0
2.55686
0.0
0.0
0.0
0.0
0.0
0.0
0.0
0.0
0.0
0.0
0.0
0.0
0.0
0.0
0.0
0.0
0.0
0.0
0.0
0.0
0.0
0.0
0.0
0.0
0.0
0.0
0.0
0.0
