0.0
0.0
2.90051
2.38135
0.0
0.0
0.0
0.0
0.0
0.0
0.0
0.0
0.354314
2.94136
0.661924
1.01593
0.0
0.0
2.07746
0.0
0.0
0.0
0.0
0.0
0.0
0.0
0.0
0.0
0.428503
0.0
0.0
0.483779
0.0
0.838305
0.0
0.0
0.0
0.0
0.0
0.0
0.0
0.0
5.43925
0.0
0.0
1.47133
0.256914
1.28093
0.0
2.61266
0.0
0.890985
0.0
0.0
0.0
0.0
0.0
0.0
0.0
0.0
1.92121
0.0
0.0
4.31259
3.88192
0.0
0.0
0.0
1.63947
0.0
0.0
0.0
1.48204
0.0
0.0
0.0
0.0
0.0
0.0
0.0
0.0
0.0
0.0
0.0
0.0
0.105058
0.0
0.0
0.25831
0.0
0.0
0.0
0.0
0.0
0.0
0.0
0.0
0.0
2.15079
0.0
0.0
0.447318
0.0
0.0
0.0
0.0
1.07636
0.0
0.0
0.0
0.0
0.0
0.0
1.15172
0.0
0.0
0.0
1.64457
0.709092
0.0
0.0
0.0
0.0
0.0
3.38928
0.0
0.0
1.09825
0.0
0.358366
0.0
0.0
0.0
0.0
0.0
0.0
0.0
0.0
2.83486
0.0
0.0
0.550998
0.0
0.0
0.0
0.455004
0.0
0.0
1.68444
0.0
0.0
0.0
1.39373
0.0
0.0
0.0
0.156421
0.0
0.0
0.0
2.10236
0.0
0.118754
0.0
0.0
0.71694
0.0
1.35342
0.323701
0.0
0.0
0.0
0.0
0.0
0.0
0.0
1.05226
0.0
0.0
0.0
4.51178
0.0
0.0
0.0
0.0
0.0
0.0
0.0
0.0
3.65455
0.0
0.0
0.0159827
0.0
0.0
0.0
0.0
0.0
0.0
2.895
0.0
0.172188
1.60653
0.0
0.633089
0.0
0.0
0.0
0.0
0.0
0.0
0.441885
0.0
0.0
2.8875
1.8584
0.0
0.0
0.0
0.0
0.0
2.66818
0.0
0.0
0.0
0.0
0.777112
1.68248
0.0
0.0
0.0
0.0
0.0
0.0
0.0
0.0
0.0
1.25395
0.0
0.0
0.0
0.0
0.0
0.854501
0.0
0.0
0.973139
4.89981
0.0
0.0
0.567236
0.0
0.0
0.0
0.0
0.0
0.0
0.458595
0.0
0.0
0.0
0.0
2.3619
0.0
0.0
0.0
0.786187
0.0
1.42092
0.0
0.0
0.0
0.0
0.0
0.512819
0.0
0.88477
1.63914
0.0
0.0
0.0
0.883045
0.0
4.32654
0.0
0.0
0.0
0.804999
0.0
0.0
0.184818
0.0
3.31386
0.0
2.86644
0.0
0.0
1.47112
0.0
0.0
0.0
5.1707
0.0
0.0
0.468427
0.0
0.0
0.0
0.0572363
0.0
0.0
0.0
0.0
0.841646
0.0
0.0
0.0
0.0
0.186179
0.0
0.0
0.0
0.0
0.0
0.0
0.0
2.70014
0.0
0.0
0.0
1.44469
0.0
0.0
0.0
0.0
0.0
0.0
0.0
0.576769
0.0
1.17493
0.0
1.38465
0.0
1.34726
0.70744
0.0
0.0
0.0
0.0
0.887077
0.0
0.0
0.0
0.0
0.548261
0.0
0.0
0.0
0.311401
0.0
0.0
0.0
0.0
0.0
4.58629
0.0
0.0
0.0
0.0
0.0
0.0
0.0
0.0
0.0565568
0.0
0.0
0.0
0.0
0.0
0.0
0.0
0.0743486
0.0
0.0
0.0
0.0
3.12732
0.693252
3.95849
0.0
0.0
0.0
2.12247
0.0
4.00827
2.36446
0.0
0.0
0.248482
0.0
0.0
0.362632
0.0
0.0
0.0
0.0
0.0
0.0
0.0
1.5979
0.0
0.0
0.0
1.35153
0.0
0.0
0.0
0.0
0.324992
0.0
0.0
1.9988
0.0
0.0
0.0
0.0
0.0
0.0
1.27493
2.74781
0.648032
0.0
0.936736
0.0
0.0
0.0
0.0
0.952314
0.494772
0.0
0.715739
0.0
0.0
0.0
1.86962
0.0
0.0
0.0
0.0
0.0
0.0
0.0
4.33747
0.0
0.0
0.0
0.0
0.0
0.559868
0.0
0.253642
0.0
0.0
0.0
2.29873
0.195939
0.0
0.0
2.88449
0.0
0.249185
0.0
0.0
0.0
2.45038
0.0
0.0
1.53522
0.0
0.0
0.0
0.0
3.16139
0.0
0.0
0.392226
0.0
0.0
0.0
0.0
0.0
0.0
0.0
0.0
0.0950311
0.0
0.0
0.0
0.0
0.0
0.0
0.0
0.0
2.19893
0.240012
0.0
0.0
0.0
0.0
0.0
1.01284
0.0
0.604557
0.0
0.0
0.0
3.47832
0.0
0.0
0.0
0.0
0.630839
1.12934
1.63226
0.0
0.0
0.0
0.0
0.0
0.0
0.0
0.0
1.63712
0.0
0.0
2.40622
0.0
0.0
0.0
0.0
0.0
2.46605
0.0
0.0
0.0
0.0
0.0
0.0
0.0
0.0
2.35514
0.0
0.0
0.47932
0.0
3.20795
0.0
0.0
0.0
0.0
0.0322334
0.0
0.0
0.0
0.0
3.44352
0.0
0.0
0.0
0.0
1.05958
0.0
0.168412
0.0
0.196841
0.0
0.0
0.0
0.0
0.170029
0.0
0.0
0.0
0.116446
0.0
0.0
0.0
0.0
0.0
0.452478
0.0
0.392989
0.0
0.0
0.0
0.0295288
0.0
0.0
0.0
0.0
0.0
0.0
0.215674
0.0
0.0
0.0
0.0
0.0
0.0
0.0
0.0
0.185595
0.0
0.0
0.0
0.0
0.0
0.0
0.0
5.07834
0.0
0.0
0.0
2.25814
0.0
0.0
0.0
0.0
0.0
0.0
0.0900308
0.0
0.0
0.0
0.0
1.44351
0.0
0.936598
0.0
0.0
0.0
0.0
3.83169
0.0
0.691158
0.626255
1.39798
0.0
0.0
0.0
0.0
0.0
0.293177
0.0
0.0
0.0
0.0
0.0
0.0
0.0
0.268445
0.0
0.0
0.0
0.0116766
3.89402
0.0
0.0
0.0
0.0
0.0
0.0679446
0.0
0.875879
0.0
0.0
0.0
0.0
0.0
0.0
0.0
0.0
1.78632
0.0
0.0
0.0
0.0
0.744361
0.0
0.0
0.0
0.0
0.0
0.0
0.0
0.0
0.0
0.0
0.0
0.0
0.0
0.0
0.314579
1.94039
0.0
0.0
2.824
0.0
0.0
0.0
2.00334
4.0756
0.0
0.0
1.94602
0.0
1.98112
0.0
0.0
0.0
0.0
0.0
0.0
0.958427
3.16847
0.0
0.0
2.70565
1.35053
0.0
0.0
0.0
0.0
0.584713
0.0
0.0
0.0
0.0
0.0
0.0
0.0
0.0
0.0
0.0
0.648171
0.0
0.0
0.0
0.0
0.425311
2.68274
0.0
0.0
0.0
0.0
0.0
0.192267
4.94091
1.09765
1.38569
1.08376
0.301208
0.0
0.0
0.0
0.0
0.0
0.0
0.122663
0.0
0.0
0.0
0.0
0.0
0.0
0.0
0.0
0.0
1.57199
0.213296
0.191775
0.0
2.05004
0.0
0.0
0.0
0.0
0.0
0.0
0.0
0.0
0.0
0.0
0.984236
0.0
3.25296
0.0
0.709357
3.10379
0.0
0.0
1.25122
0.0593507
0.0
1.99031
0.0
0.0
0.0
0.0
0.0
0.57506
0.0
0.0
0.0
0.0
2.67888
0.0
1.564
0.34417
0.0
0.0
0.0
0.0
0.0
0.0
0.0
1.41461
0.210672
0.0
0.0
0.0
0.0
0.0
0.0
0.0
0.0
0.0
0.0
0.0
0.0
0.028624
0.0
0.0
1.66204
0.0
0.0
4.64085
3.00314
0.476177
0.0
0.0
0.729392
0.0
4.02447
0.0
0.0
0.0
0.0
0.0
4.47864
0.0
0.0
0.0
0.0
0.0
0.0
0.954945
0.0
0.607446
1.75191
0.0
0.371073
0.0
0.0
0.0
0.0
0.0
1.28726
0.0
0.0
0.3768
0.0
0.0
0.0
0.0
0.0
0.0
0.47377
0.0
0.0
0.744097
0.0
0.0
5.17445
0.0
0.0
0.0
0.0
0.0
0.0
0.0
0.0
0.0
0.0
0.0
0.0
0.0
2.22246
0.0
0.0
0.0
0.167579
0.0
0.0
0.0
0.0
0.325569
4.04275
0.0
0.0
0.476759
0.0
0.79054
0.0
0.0
0.0
0.0
0.0
0.0
0.762032
0.0
0.0
0.0
0.0
0.0
0.0
0.0
0.0
0.0
0.0
0.0
0.0
2.19706
0.0
0.0
0.0
0.0
0.0
0.0
0.0
0.0
0.0
0.0
0.0
0.948328
0.0
1.56053
0.0
0.577465
0.0
0.0
0.0
0.206334
1.62787
0.0
0.0
1.3332
0.0
0.0
0.968207
0.0
0.0
0.0
0.133517
0.0
0.0
0.0
0.0
0.0
0.0
0.49732
1.50368
0.0
0.0
0.368395
0.0
1.04106
0.0
0.0
0.0
0.339048
2.85215
0.0
0.0
0.0
0.0
0.0
0.0
0.0
0.0
0.0
0.00284626
0.0
0.0
0.172984
0.0
0.352849
0.0
0.0
0.0
0.0
0.0
0.0
4.54516
0.624778
0.0
0.0
0.0
0.0
0.0
0.0
0.0
0.0
0.0
0.0
0.0
0.0
0.0
0.0
0.0
0.0
0.0
0.0
2.02159
1.98908
0.0
0.0
0.087162
0.0
0.0
0.0
0.0
2.71159
0.0
0.0
1.41543
0.0
2.06537
1.54275
0.0
2.29751
0.0
1.08994
0.0
2.49709
0.0
0.627034
0.476624
0.0
0.0
0.0
0.0
0.0
0.0
2.13914
0.396324
2.16111
1.47306
0.0
0.0
0.0
0.0
0.0
0.0
0.0
3.31159
0.0
0.0
0.0
0.0
1.34971
0.0
0.0
0.0
0.0949486
0.0
2.24977
0.0
0.0
0.0
0.0
2.18282
0.380839
0.0
0.0
0.0
4.82474
0.0
1.20598
0.0
0.0
1.54168
0.210417
0.0
0.0
0.27002
0.0
0.0
0.0
0.0
0.0
0.0
0.0
0.0
0.342345
0.0
0.0
0.0
0.0
0.0
0.0
0.0
0.0
0.0
0.956766
0.0
0.0
0.0
0.0
0.0
0.0
0.0
0.0
0.0
1.6375
0.0
0.0
0.678582
0.0
0.0
0.0
0.0
3.06851
0.0
0.0
0.61749
0.0
0.0
0.0
0.0
0.0
0.0
1.07361
2.78411
0.0
0.0
0.0
0.0
0.0
0.0
0.0
0.0
0.0
0.0
0.0
0.0
3.09224
2.51694
0.0
0.732969
4.32789
3.08855
0.0
0.0
0.0
0.0
0.0
0.0
0.0
0.0
0.0
0.683196
0.0
0.0
0.0
1.83811
0.0
0.588766
0.0
0.250441
0.0
0.0
0.0
4.36352
0.0
0.0
0.0
0.0
0.0
0.0
0.0
0.00569278
0.0
0.0
0.211478
3.0972
0.0
0.0
0.652194
0.0
0.0
0.0
0.0
0.0
0.0
0.0
1.12365
0.0
7.03066
0.0
0.0
0.0
0.0
3.36915
3.64742
0.0
3.42224
0.0
0.0
1.07683
1.06192
0.0936694
1.2708
0.0
0.0
0.0
0.0
2.98065
0.0
0.0
0.0
0.0
0.0
0.0463042
0.472687
0.0
0.0
0.0
0.0
0.0
0.0
0.0
3.72214
0.0
0.0
0.446012
0.0
0.961139
1.01024
0.0
0.0
0.0
0.0
0.0
0.0
0.0
0.0
0.0
0.406856
0.0
0.0
0.0
0.0
0.0
0.0
2.26572
1.32343
0.0
2.88147
0.0
0.0
0.0
0.0
0.0
0.0
0.0
0.0
0.728637
1.57531
0.0
7.16497
0.0
0.0
0.284772
0.0
0.0
0.0
1.50521
0.0
0.0
0.0
1.15377
0.0
1.20763
0.0935538
1.08005
0.0
0.0
1.62558
0.0
0.0
0.769386
0.0
1.31863
1.10535
0.0
0.0
0.0
0.0
0.0
0.0
0.0
0.0
0.977784
0.540255
0.0
0.0
0.0
0.0
0.0
0.0
0.0
0.0
0.751158
1.7377
0.0
0.0
0.123901
2.22008
0.0
0.0
0.0
0.0
0.410452
1.18472
1.53151
0.0
0.0
0.0
0.0
0.0
0.0
0.0
0.0
0.0
0.0
0.0
0.0
0.0
0.0
2.68275
0.748886
0.0
0.0146229
0.0
0.0
0.0
0.771508
0.0
0.35344
2.26365
0.0
0.0
0.136435
0.0
0.00291508
3.79852
0.0
3.20332
0.0
0.0
0.0
0.0
0.077563
0.407254
1.84725
1.71277
0.0
0.0
0.0
0.0
1.12924
0.157837
0.0
0.0
1.37462
3.52315
0.0
0.0
0.38997
0.0
0.731823
0.0
0.0
0.0
0.0
2.12826
2.79794
0.0
0.0
0.0
0.0
0.0
0.0
1.20652
0.0
1.92686
0.0
0.455442
0.0
0.0
0.0
0.0
0.0791056
0.0
0.0
0.487916
1.4918
0.0962755
0.0
0.0
0.0
0.0
1.13542
0.0
0.0
0.0
0.32334
0.0
0.0105238
0.0
0.0
0.0
3.24843
0.0
0.0
0.0
0.0
1.33329
0.0
1.6063
0.991561
0.0
0.0
0.0
0.0
0.0
0.0
0.0
0.0
0.0
2.7342
0.509381
0.0
0.0
5.12399
0.0
1.53664
0.0
1.49217
0.0
0.0
0.0
0.0
0.0
0.0
0.0
0.0
0.0
0.0
0.0
0.0
0.0
0.0
0.2213
0.0
0.0
0.0
0.0
0.0
0.0
0.0
0.0
0.712299
0.0
0.0
0.919975
0.0
0.0
0.0
0.0
0.0
1.03342
0.0
0.603279
0.0
0.0
0.345133
0.0
0.0
1.09625
0.0
0.0
0.462732
0.0
0.0
0.0
0.0
0.0
0.0
0.0
2.42214
0.0
0.0
0.0
0.0
1.42572
0.0
0.0
2.53806
0.0
0.374155
2.22376
0.308688
0.0
0.0
0.0
0.0
3.28743
0.0
2.82281
0.0
1.01814
0.0
2.51672
0.0
0.0
0.0
0.720157
0.0
0.0
0.0
0.326687
0.0
0.0
0.0
0.0
0.00812268
0.0
1.96573
0.0
0.0
0.0
0.0
0.0
0.0
1.0556
0.0
1.36341
1.44119
0.0
0.0
0.0
0.0
0.62601
0.0
0.0
0.0
0.0
0.0
0.0
0.0
0.0
0.0
0.0
0.0
0.0
0.0
0.0
0.0
0.0
0.0
0.0
0.385956
0.0
0.0
0.0
0.0
2.40752
0.0
0.0
1.86082
0.0
0.0
0.0
0.0
0.0
1.14544
0.0
0.0
0.0
0.0
0.0
0.0
0.0
0.0
0.0
0.0
0.0
2.17015
1.06073
0.0
0.0
2.26261
0.0
0.0
0.0
0.0
0.0
0.0
0.0
0.0
0.0
0.0
1.16893
0.0
0.120583
0.54633
0.0
0.0
0.0
0.0
0.0
1.81775
4.13884
0.0
0.0
0.0
0.830239
0.259519
0.0
0.0
0.0
0.0
0.0
0.0
2.19846
0.0
1.56357
0.0
0.0
0.0
0.0
0.0
0.0
0.0
0.107294
1.01733
3.40271
2.52744
2.24866
0.0
1.99716
2.80159
0.0
0.0
0.0
3.84531
0.0
0.0
0.0
0.374281
0.0
0.0
0.0
0.0
0.0
0.233115
0.0
0.0
0.672535
0.0
1.56241
0.0
0.0
0.0
0.0
1.35165
0.0
0.0
0.0
0.0
0.0
0.0
0.0
1.27075
4.20852
0.0
0.0
0.483195
1.54487
0.0
0.0
0.0
0.0
0.0
0.0
0.0
0.0
0.0
0.0
0.0
0.0
0.0
0.0
0.169545
0.0
0.0
1.16223
1.72245
0.0
0.0
2.19111
0.0
5.33125
0.0
0.0
0.0
0.0
0.0
1.39306
0.0
0.0
0.0
0.0
0.0
0.0
0.0
0.0
0.149923
0.0
0.0
0.0
0.0
0.0
0.0
0.0
0.0
0.0
0.411409
0.0
0.0
0.0
0.0
0.812478
1.75173
3.05527
0.0
0.557397
1.20196
0.0
0.0
0.0
2.63495
2.40488
0.0
0.0
1.19272
0.360828
0.767178
0.0
0.289259
0.0
0.0
0.0
0.0
0.127088
0.0
0.0
0.0
0.0
0.0
0.814962
0.0
0.244922
0.0
0.0
0.668143
0.0
2.32707
0.0
0.0
0.0
0.0
0.939678
0.0
0.0
0.573332
0.0
0.0
0.0
0.0
1.01205
4.59434
0.0
1.41808
0.0
0.0
0.0
0.0
0.0
0.0
0.396115
0.0
0.0
2.93205
0.976193
0.0
0.0
0.221515
0.0
0.0
0.0
4.20013
0.0
0.0
0.0
3.32546
0.0
2.6988
0.0
0.438894
0.0
0.0
0.0
0.0334322
0.0
0.0
1.6396
0.0
0.433626
0.0
0.0
0.0
0.0
0.0
0.0
2.36505
0.0
0.0
0.0
0.0
0.0
3.60814
3.51866
0.599297
0.0
0.0
0.0
0.0
0.0
0.0
1.83644
0.0
0.0
3.37901
0.103294
0.0
0.0
0.0
0.0
0.0
0.0
0.0
0.0
0.0
0.955524
0.0895058
0.0
0.0
0.0
0.643209
0.722063
0.0
2.25958
0.654841
0.0
0.0
0.0
0.0
0.0
0.0
2.40075
0.0
0.0
0.0
0.0
0.0
2.80105
0.0
0.0
0.0
0.0
0.0
0.0
0.0
2.33751
0.0
0.0
0.0
0.0
0.297783
0.0
0.480923
0.0
1.8469
1.16717
0.296469
0.0
0.0
0.0
2.27688
2.09514
0.0
0.0
1.12471
0.0
0.0
1.25548
0.0
0.0
0.0
0.0
0.0
0.0
0.0
0.0
0.0
0.86438
0.0
1.20376
0.0
0.0
0.20234
0.0
0.0
0.0
0.496347
0.0
0.0
0.0
0.0
2.39285
0.0
0.643796
0.0
0.0
0.0
2.9337
0.0
0.0
2.72347
0.0
0.85571
2.72531
2.48173
0.466804
0.0
3.35616
1.00136
0.236414
0.0
0.0
0.125016
0.0
0.28249
0.0
0.0
1.14354
0.0
0.0
2.24862
0.0
0.0
1.86204
0.583174
0.0
0.0
0.0
3.3704
0.665064
0.0
0.0
0.512355
0.0
2.74411
3.12099
0.39502
0.0
0.0
0.898842
0.904505
0.0
0.661827
0.0
1.49956
0.0
0.0
0.0
0.0
2.40799
0.0
2.48175
2.43955
0.0
0.0
0.0
0.0
0.0
0.800853
3.89466
2.31201
0.0
2.30944
0.0
0.0
0.106099
0.0
0.0760303
0.864813
0.0
0.0
0.0
0.0
0.0
2.31637
0.765792
0.719076
0.0
0.0
0.0
0.0
0.0
0.0
0.0
1.20114
0.586067
1.27436
0.0919928
0.0
0.0
0.46269
0.0
0.0
0.0
0.0
0.0
2.6578
0.0
0.254602
0.148666
0.0
5.82405
0.0
0.0
0.0
0.0
0.0
0.0
0.048485
0.720253
0.0
0.0
0.0
0.0
0.0
0.0
0.946937
0.0
0.0
0.3596
0.0
0.0
2.49851
0.0
0.0
0.0
0.0
0.0
0.0
1.07278
0.0
0.17561
0.0
0.0552161
0.0
2.78906
0.0
0.0
0.0
0.0
0.0
0.0
0.0
0.0
0.0
0.0
0.0
2.30799
0.0
1.26478
0.0
0.0
0.0
0.0
0.0
0.0
4.75075
1.7628
0.0
0.0
3.92121
0.0
0.0
0.635871
4.3905
0.163441
0.614961
0.0
0.0
0.0
0.0
0.0
0.0
0.0
2.31395
0.0
0.0
0.0
0.29323
3.34926
0.0
0.0
0.0
0.0
0.989323
0.0
0.0
0.0
0.0
0.0
0.0
0.14868
0.0
0.0
0.0
3.21707
0.852399
5.06245
0.0
1.44601
0.0
0.0
0.0
0.0
2.80189
0.0
1.20512
0.0
0.0
0.0
0.0
0.0
0.788304
0.197726
0.0
0.408607
0.0
0.0
0.0
0.691824
0.0
0.0
1.23302
0.0
1.45311
0.0
0.0
2.17577
0.493976
0.0
0.0
0.0
1.18485
0.0
0.0
0.0
0.0
0.555652
0.0
4.22837
0.198164
0.0
0.0
0.0
2.85748
0.0
0.0
0.0
0.0
0.0
0.0
0.0
0.0
0.0
0.0
0.0
0.0
0.0
0.0
0.0
0.0
0.634435
0.0
0.0
0.0
0.1304
0.153259
0.0
0.63676
0.0
0.0
0.0
0.0
0.0
0.0
0.0
0.0
0.0
0.0
0.0
0.937995
0.0
0.0
0.0
0.0
0.0
0.0
0.99853
0.0
0.0
0.0
0.0
0.0
0.108784
0.0
0.0
1.69941
0.0
0.735001
0.0
2.17405
0.0
0.0
0.0
0.0
3.77087
0.0
0.0
0.0
0.0
0.0
0.0
0.0
0.558774
0.0
0.0
1.00412
0.685283
0.0
0.0
0.547508
2.65798
0.0
0.2448
1.60667
0.0
0.0
0.0
0.0
0.0
0.0
0.0
0.0
4.79547
0.0
0.0
0.0590177
0.0
0.0
0.0
0.0
0.0
0.0
0.0
0.0
0.532553
1.753
0.0
0.0
0.0
0.0
0.0
0.129004
0.0
0.451704
0.149564
1.35083
0.0
0.0
2.49079
0.0
0.0
0.0
3.08992
2.26017
0.0
0.0
0.0
0.0
2.24999
0.0
0.0
0.0
0.787022
4.73349
0.0
0.0
0.0
0.0
0.707391
0.19742
0.0
0.0
0.0
0.0
0.0
0.0
0.0
1.50175
0.166967
1.42291
0.0
0.0
2.36653
3.06008
0.0
0.0
0.0
0.0
0.0
0.0
0.0
0.0
0.0
0.0
0.0
0.419612
0.0
0.0
0.0
0.0
0.0
0.0
4.2825
0.0
0.0
0.0
3.06209
0.409261
0.146568
0.0
0.0
7.05509
0.750699
0.277388
0.194265
1.94966
0.0
0.0
1.16467
0.0
1.5979
0.0
0.141374
0.0
0.0
0.0
0.0
0.0
1.46346
0.0
0.0
3.44145
0.368457
0.0
0.0
0.0
2.66837
2.41313
1.3048
0.0
0.848406
0.171233
0.0
0.0
0.0
0.802971
0.0
0.0
0.586438
0.0
0.0
0.0
0.0
0.0
1.16039
0.0
0.0
0.663184
0.0
1.62292
0.0
0.869085
0.0
0.0
0.0
0.909502
2.99467
0.141061
0.0
0.0
0.0
0.0
0.0
0.0
0.0
0.0
0.0
3.43371
2.06622
0.0
0.0
0.0
0.0
0.0
0.0
0.0
0.0
0.0
0.0
0.0
0.0
0.019734
0.0
0.0
0.0
0.797847
0.0
0.0
0.0
0.0
0.0
0.0
0.0
0.0
0.0
0.0
0.0
0.0
0.0
0.0
0.0
0.0
0.0
0.0
0.0
0.0
0.0
0.0501009
0.0
0.0
0.0
0.0
0.0
0.0
0.0
0.0
0.0
2.84549
2.88091
0.0
0.0
0.0
0.0
0.0
0.0
0.0
0.0
0.0
0.0
0.0
0.0
2.00094
0.0
0.0
0.0
0.0
1.67093
0.0
3.20408
0.0
0.0
0.0
0.439187
0.0
0.0
0.0
0.0
1.45542
0.0
3.10366
0.284481
0.700862
0.0
0.0
0.652105
0.0
0.0
3.44911
0.0
0.0
0.0
0.0
0.0
0.0
0.0
0.0
0.0
0.0
0.752615
0.090744
0.0
0.0
0.0
0.0
0.0
0.0
0.0
0.0
0.0
0.0
2.17708
0.0
1.06189
0.0
0.395844
0.0
0.0
0.0
0.0
0.0
0.0
0.0
1.31481
0.0
1.93456
0.0
0.0
1.67141
0.0
0.421179
0.0
0.0
0.0
0.0
0.0
1.9075
0.0
0.0
0.0
0.0
0.0
0.0
0.233944
0.0
0.0
0.0
0.0
0.0
0.277158
0.0
0.0
0.0
0.0
0.0
0.0
0.0
0.0
0.0
0.0
0.0
0.0
0.544568
0.0
0.0
0.0
0.0
0.0
0.749918
0.0
0.195893
0.0
0.0
2.10803
2.45173
0.719228
0.0
0.0
0.0
0.0
0.0
0.0
0.0
0.0
0.392837
0.0
0.0
2.54542
2.16706
1.14806
0.0
0.0
0.0
0.458275
0.0
3.71771
0.0
0.0
0.0
0.0
0.0
0.0
1.42501
0.0
5.79148
0.0
0.0
0.088954
2.3119
0.0
0.0
0.0
0.0
0.52547
0.0
0.0
0.0
0.0
0.0
0.0
0.0
0.0
0.0
0.0
0.595673
0.0
0.0
0.0
0.258226
0.0
1.68418
0.0
0.0
0.0
0.0
0.0
0.0
0.224957
2.36482
4.22405
0.0
0.0
0.0
4.26717
0.0
0.0
0.392808
0.0
0.0
0.0
3.00042
0.0
1.23796
2.19741
1.97347
0.800939
0.0
0.0
0.187769
0.0
0.0499562
4.15879
0.0
0.0
4.7804
0.0
1.22544
0.0
0.0
0.984763
0.0
0.0
0.0
1.25093
0.0
0.0
0.614816
0.600632
2.03581
0.0
0.0
0.0
0.0
0.0
0.0
0.0
2.73796
0.0
0.819116
0.0
0.0
0.0
0.0
1.31926
0.0
0.0
0.0
0.91574
3.98002
0.0
0.0
0.0
0.0
2.50942
0.0
0.0
0.0
0.0
0.0
0.0
1.76383
0.0
0.0
0.0
0.0
3.64857
2.98034
2.1842
0.0
2.47662
0.92473
0.0
1.98262
0.0
0.0
0.0
0.0
0.581755
0.0
0.14267
0.0
1.66036
0.0
0.454682
0.0
2.44578
0.0
0.0
0.0388661
0.0
0.0
0.0
0.0
0.0
0.0
0.0
0.0
1.63246
0.229275
0.0
0.0
0.0
0.0
0.226641
1.08715
1.68248
0.0
0.0
0.857143
0.00742482
0.0
0.0
0.0
0.722332
0.420892
2.7201
2.70564
0.0
0.0
0.0
0.0
0.420024
0.0
0.0
0.0
0.0
0.0
2.15185
0.265546
5.52211
0.0
0.0
0.0
0.0
0.0
1.34933
0.0
0.0
0.648743
0.0
0.0
0.0
0.0
2.40006
0.0
0.897451
0.0
0.0
0.0
0.0
0.0
0.0
0.0
0.0
0.0
0.0
0.0
0.756896
0.0
0.0
0.792415
0.0
0.0867604
0.0
2.53791
0.0
0.0
0.0
0.0
0.0
0.0
0.0
0.0
0.0
0.206507
0.0
0.0
0.0
0.0
1.30508
0.0
0.0
0.0
0.0
0.0
0.0
0.0
0.0
0.0
0.0
0.0
0.0
0.0
0.0
0.0
2.17204
0.0
0.0
0.0
0.0
0.0
0.0
0.0
0.0
2.41904
0.0
0.0
1.75933
1.7753
0.0
1.84706
3.44984
0.625374
0.0
0.0
0.0
3.69519
0.0
0.0
0.0
0.0
0.0
0.0
0.0
0.0
1.08763
0.0
0.985419
0.0
0.0
0.0
0.856268
0.0
0.0
0.0
0.0
0.0
1.43354
0.0
0.0
0.0
0.0
0.0
0.0
0.738944
0.0
1.24735
0.0
1.13012
0.0
0.0
0.0
0.0
0.0
0.778306
0.0
0.0
0.913863
0.0
0.0
0.0
0.0
0.0
0.0
0.0
0.0
0.794319
0.0
1.54483
2.46729
1.22714
1.77468
0.0
0.0
0.0
1.09916
0.0
0.0
0.0
0.0
0.0
0.0
0.0
0.0
0.0
0.38665
0.0
0.0
0.0
0.0
0.0
1.0552
0.127476
3.79605
0.18382
0.453448
0.0
0.00726217
0.0
0.0
0.0
0.0
1.51338
0.0
0.0
0.0
0.279774
0.0
0.0
0.0
0.0
0.0
0.0
0.0
0.0
0.0
0.110919
0.0
0.0
0.0
0.0
0.0
0.0
0.0
0.0
0.0
0.0
0.0
0.0
0.0
0.0
0.0
0.0925282
0.0
0.0
0.284511
0.0
0.0
0.0
0.0
0.0
0.0
0.849423
0.0
0.0
2.94098
0.0
0.0
0.0
2.01062
0.0
0.0
0.0
0.0
0.0
0.0
0.0
3.24351
0.0
4.06456
0.507863
0.0
0.0
1.54975
0.0
0.0
0.0
0.0
0.0
0.0
1.69951
0.0
0.0
0.0
0.0
0.260553
0.0
0.0
0.207062
0.0
1.27897
0.0
0.0
0.0
0.0
0.0
0.0
0.0
0.0
0.0
0.0
3.22524
0.0
0.0
0.0
0.0
4.18744
0.0
0.0
0.0
0.0
0.0
0.0
0.0
0.0
0.0
0.0
0.0
0.0249145
0.0
1.41695
0.0
0.0
2.4674
2.13609
0.0013867
1.01633
0.0211074
1.86589
0.0
0.0
1.69573
0.0
0.0
0.952507
0.0
1.98135
1.33361
0.0
0.0
0.0
0.464155
1.32281
0.0
0.327582
0.0
0.509595
0.0
0.0
0.0
0.0
0.0
0.0
0.980044
0.0
0.0
0.0
0.0
0.0
0.734981
0.0
0.0
0.0
0.0
0.0
0.687307
0.0
0.0
0.0
0.0
0.0
0.0
0.0
0.0
0.0
0.0
0.0
0.0
0.0
0.0
0.0
0.0
0.0
0.0
0.0
0.0
0.0
0.0
0.68716
0.0
0.0
0.0
0.0
0.0
0.0
0.0
0.0
0.0
0.0
0.0
3.12775
0.0
0.0
3.64899
0.0
2.67612
0.0
1.30885
0.872974
0.0
0.0
0.0
0.834927
0.0
0.0
0.229739
0.0
0.0
0.0
0.0
0.462045
0.0
0.0
0.0
2.50615
0.0
0.0
0.0
0.0
1.36006
0.936007
0.0
0.0
0.703689
0.725769
0.0
0.0
0.0
0.841466
0.627848
0.0
0.0
0.0
0.0
2.40048
0.198219
0.0
0.0
3.88073
0.0
0.0
0.0
0.0
0.0
0.0
0.0
0.427729
0.0
0.0
0.0
0.0
0.0
0.0
0.0
0.0
0.667793
1.00202
3.12128
3.02403
0.0
2.22931
0.0335236
0.0
0.0
0.0
0.0
0.0
0.0
0.0
0.0
0.0
1.13616
0.0
0.0
1.97455
0.0
0.0
1.83352
0.0
0.0
0.0
0.0
0.0
0.448235
0.0
0.0
0.0
0.0
0.0
0.0
0.0
1.79909
0.0
0.0
0.0
0.0
0.0
0.0
0.0
0.0
1.81191
1.98254
0.0
0.0
0.0
0.0
0.0
4.53358
0.745721
0.0
0.183228
1.32939
0.0
0.0
0.127189
0.348733
0.790922
0.0
0.0
0.0
0.0
1.56002
0.0
0.0
0.0
0.0
0.0
0.0
0.0
0.0
5.42047
0.917891
0.0
0.0
0.0
0.0
0.0
0.0
0.0
0.696813
0.0
2.43422
0.0
0.0
0.0
0.0
0.0
0.813462
0.0
0.0
0.0
3.00582
1.49083
0.0
0.0
0.0
0.0
0.0
0.494641
0.0
0.607716
0.0
0.0
0.0
0.756531
0.0
0.0
0.0
0.0
0.0
0.0
0.0
0.0
0.0
0.0
0.0
0.0
0.0
0.0
1.39797
0.0
0.0
1.3976
0.0
10.3347
1.265
0.0
0.0
0.0
0.0
0.0
0.0
0.0
0.0
0.0
0.0
0.0
0.116023
0.0
0.632127
0.0
0.0
0.0
0.0
0.0
0.0
0.0
0.0
0.0
0.0
0.0
0.0
0.0
0.0
0.0
0.0
0.0
0.132878
0.0
0.0
0.967839
0.0
0.0
0.0
0.0
0.0
0.194745
2.92964
0.0
0.0
0.604286
0.0
2.34306
1.41078
1.86799
0.0
0.0
2.43421
0.0
0.0
0.0
1.25561
1.36013
0.0
0.0
0.0
0.0
0.0
0.0
0.0
0.0
0.0
0.0
0.365767
0.0
0.0
0.0
0.0
0.0
2.87562
0.0
1.7881
0.248992
0.0
0.0
0.0
0.0
0.0
0.0
0.0
1.86766
1.3775
0.0
0.0
0.212741
0.0
0.0
0.280275
0.0
0.0
0.0
0.0
0.399415
0.561237
0.0
0.0
3.64178
0.0
0.0
0.0
0.0432207
0.0
2.21528
0.0
0.0
0.0
0.0
0.0
0.0
0.0
0.0
0.0
0.510496
0.0
0.0384866
0.0
0.0
0.0
0.0
0.0
0.0
0.0
0.0
0.0
0.0
0.0
0.0
0.0
0.0
0.0
1.15639
0.0
0.0
0.0
0.950816
0.0
0.925734
0.0
0.0
0.985275
0.0
0.0
0.0
2.09787
0.0
0.0
0.0
0.0
0.49108
0.0
0.0
0.155421
0.0
0.0
0.0
0.0
0.0
0.0
0.0
0.0
0.94287
0.0
0.0
2.49961
0.737586
0.0
1.6039
0.0
0.0
0.0
0.0
1.11742
0.0
0.0
1.12289
0.0
0.0
0.0
0.0
0.0
1.51858
0.793489
0.0
0.0
0.0
5.77009
2.10687
0.0
0.0
0.0
0.0
0.0
0.0
0.0
0.0
1.16998
0.0
0.0
1.47936
0.0
0.0
0.0
0.0
0.0
0.0
0.0
0.0
6.76645
0.0
0.0
0.0
1.40656
0.0
0.0
0.0
0.0
0.0
0.0
0.0
0.0
0.940469
0.0
0.0
1.18269
0.0
0.0
0.0
0.0
0.0
0.542628
0.0
0.0
0.0
0.0
1.34551
0.0
0.0
0.0
0.0
1.74665
0.566063
0.0
1.56071
0.0
0.0
0.0
0.0
0.0
0.0
0.0
1.32262
0.0
3.61495
2.43741
0.0
0.0
0.0
0.0
0.0
0.0
0.0
2.81882
2.09002
3.33579
0.511621
0.0
0.0
0.0
2.61047
0.491734
0.0
0.0
0.282269
0.0
0.0
0.0
0.0
0.0
0.0
0.0
3.86795
0.257051
0.136002
0.0
0.0
0.0
0.0
0.0
1.47154
0.0235951
0.0
1.19533
2.87672
0.0
0.0
0.0
0.0
3.17831
0.19233
0.0
0.0
0.155517
0.0
0.0121863
0.0
0.0
0.0
0.790565
0.0
0.0
0.0
0.226842
0.560946
0.0
3.45352
0.339895
0.0
0.757437
0.0
0.0
0.0
0.0
0.0
0.0
0.0
0.0
0.0
0.0
0.0
1.87733
0.0
0.0
0.0
3.41122
0.0
2.32139
0.0
0.0
0.0
0.0
2.9765
0.0
0.0
0.0
0.0
2.80823
1.46399
0.0
0.0
0.0
0.975065
0.0
0.0
0.0580988
0.0
4.93923
0.0
0.0
0.273702
2.15602
0.0
1.61178
0.0
0.419345
0.0
0.0
0.0
0.0
0.0
1.10362
0.0
0.0
0.0
0.0
0.0
0.0
0.0
1.78644
0.0
0.0
0.0
0.0
0.0
0.438444
0.0
2.02686
0.0
0.0
1.81462
0.0
2.63747
0.633318
0.0
0.0
0.0
0.0
0.0
0.228278
0.0
1.5516
0.0
0.0
0.0
0.0
3.82452
0.0
0.0
3.54417
0.0
2.23922
1.02895
1.83535
0.0
0.139265
0.459352
0.692449
0.0
0.0
0.0769981
0.0
0.0
0.0
0.0
0.647918
0.0
0.0
0.441531
0.0
0.0
0.0
0.0
0.0
0.0
0.0
0.0
0.0
0.0
1.51705
0.0
0.0
0.0
3.71881
0.34105
0.0
0.0
0.0
0.0
0.0
0.0
0.0
0.0
0.0
0.0
0.0
0.0
0.0
0.0
0.0
0.0
0.0
0.0
0.0
0.533563
0.0
1.65039
0.0
0.0
0.0
0.0
0.112516
0.0
1.79502
0.0
0.0
0.0
0.0
1.35471
2.75283
0.0
0.0
0.0
3.29719
0.0
0.0
0.0
0.0
0.0
0.0
0.0
0.0
0.0219488
0.0
3.30118
0.0
0.0
0.0
0.0
1.26207
0.0
0.0
0.0257561
1.57197
2.32849
0.0
0.0
0.0
0.0
0.0
0.0
2.25391
0.0
2.27866
0.0
0.0
1.9437
0.0
0.0
0.0
0.140902
0.0
0.0
2.49622
0.0
2.78775
0.0
0.359233
0.0
0.0
0.563545
0.0
0.378748
1.8168
0.0
0.0
3.35733
0.0
0.0
0.0
0.0
0.0
0.0
0.0
0.0
0.147623
0.0
0.0
0.0
0.0
0.0
0.0
0.0
0.234205
2.45274
0.0
6.04724
0.0
0.0
0.0
0.0
0.0
0.748276
0.0
0.0
1.50506
0.596515
0.0
0.0
0.0
3.42664
0.207881
0.0
0.403378
1.04614
5.25227
0.0
0.0
0.289823
0.0
0.0
0.0
0.0
0.0
0.0
0.0
0.0
0.0
0.0
0.0
0.0
0.0
0.0
1.00983
0.0
0.0
0.0
0.0
0.0
2.93682
0.0
0.0
0.708111
0.0
0.105377
0.0
0.0
0.0
0.0
0.0
0.0
0.0
3.52065
0.0
0.0
0.897474
0.0
0.0
0.0
0.0
0.25193
0.0
0.296421
0.0
0.0
0.0
0.336752
0.0
0.0
0.0
2.12707
0.0
1.28471
1.29089
0.0
0.0
2.35876
0.0
0.0
0.0
0.0
0.222673
5.69163
0.0
0.0
0.0
0.0
1.29604
0.0
0.0
0.0
0.0
0.0
0.0
0.0
0.0
0.0
0.0
0.0
0.226143
0.0
0.0
0.0
0.0
0.0
0.0
1.0262
2.20692
0.0
0.0
0.0
1.79514
0.0
0.0
4.76967
0.0
0.0
0.0
0.0
0.0
0.0
1.57652
0.0
0.0
0.0
0.0
1.12724
0.0
0.640186
1.73016
1.58594
0.0
0.0
0.0
0.0
0.0
