0.0
0.0
0.14623
2.49966
0.0
0.103606
0.0
0.0
0.0
0.0
0.0
0.0
0.0
0.0
0.0
0.0
0.44062
0.0
1.10854
2.74789
0.0
0.0
0.0
0.0
0.795153
0.0
0.0
0.0
0.0
2.79462
0.0
0.0
0.0
0.503105
0.0
0.0
2.99068
1.56717
0.0
0.0
0.0
0.0
1.10273
0.0
0.0
0.0
0.0
0.848594
1.16139
0.114694
0.0
0.0
0.0
0.0
0.0
0.0
0.0
0.0
0.0
0.0
0.0
0.0
0.0
1.8564
4.76068
0.0
0.0
0.0
0.826423
0.0
0.0
0.0
0.0
0.0
0.0
0.0
0.0
0.0
0.0
0.0
0.0
0.0
0.0
0.1314
0.0
0.0
0.0
0.0
0.0
0.0
0.0
0.0
0.0
0.0
0.0
0.825585
0.432688
0.0
0.0
0.0
0.0
0.0
0.0
0.0
0.0
0.0
0.429876
0.0
0.0
0.0
0.0
0.0
1.09254
1.57665
0.00884259
0.0
0.0
0.0
0.230443
0.979276
1.19158
0.0
0.0
0.0
4.02561
0.0
0.0
0.0
0.0
0.0
0.0
1.56021
0.0
0.0
0.0
0.0
0.0
0.0
0.0
0.0
0.0
0.0
0.0
0.0
0.0
0.0
1.29052
0.0
1.22954
0.0
0.370666
0.0
0.763161
0.0
0.0
0.0
0.0
0.0
0.0
0.0
0.0
0.0
0.0
0.0
0.0
0.0
0.0
1.04935
0.797204
0.963198
0.0
0.0
0.0
0.0
0.0
0.0
0.0962721
0.0
0.0
0.889001
4.23397
0.0
0.858778
0.0
0.0
0.0
0.0
1.44879
0.0
0.0
0.0
0.0
3.84681
3.79863
0.0
0.0
0.0
0.0
0.0
2.91848
1.04384
0.0
0.0
0.562622
0.0
0.0
0.0
0.0
0.0
0.0
0.0
0.451274
0.0
0.0
0.0
1.37485
0.0
0.0
0.0
2.39875
0.0
0.0
0.0
0.0
0.0
0.0
0.0
0.0
0.0
0.0
0.0
0.0
0.0
0.0
0.0
0.0
0.0
0.0
0.837593
1.61125
0.0
0.0
0.0
0.246
0.0
0.0
0.0
5.337
0.0
0.0
0.0
2.92093
0.638473
0.439124
0.0
0.0
0.0
0.0
0.0
0.0
0.0
0.0
1.82735
0.0
0.0
0.0
0.0
0.0
1.51239
2.09092
0.0
0.0
0.0
0.0
0.980551
0.0
2.94038
0.0
0.0
0.0
0.0
0.0
0.0
2.75962
0.0
0.0
0.0
0.0
0.0
0.0
0.0
0.0
0.744884
0.381683
0.0
0.0
0.0
0.0
0.0
0.0
0.0
2.89461
0.0
0.0
0.0
0.502363
0.0
0.0
0.0
3.03076
0.0
0.0
0.0
0.187769
0.0
0.0
0.0
2.17341
0.0
0.0
0.0
0.0
0.0
0.0
0.0
0.0
0.0
0.618179
0.0
0.342855
0.0
0.0
0.0
0.0
0.0
0.0
0.0
0.0
0.0
0.0
0.0
0.0
0.0
0.0
0.673116
0.0
0.0
0.0
0.690798
0.0
1.00142
0.0
0.0
0.0
0.0
0.0
0.154621
0.0
0.0
0.0
0.0
0.0
0.0
0.0
0.0
0.824107
0.0
0.0
0.0
0.0
0.0
1.26321
0.0
0.0
0.0
0.0
0.0
0.0
0.0
0.0
0.121639
0.0
0.0
0.0
0.0
0.0
0.0
1.53289
0.0
2.72942
0.0
0.0644423
0.0
0.0
0.0
4.29029
1.82343
0.0
0.0
0.0
0.0
0.0
0.0
0.0
0.0
0.0
0.0
0.0
0.0
0.0
0.0
0.0
0.0
0.0
0.0
0.0
0.0
0.0
0.0
1.49996
0.0
0.0
0.549937
0.0
0.0
0.0
0.0
0.0
0.0
0.568183
0.0
0.0
0.0
0.0
0.0
0.0
0.0
0.0
0.0
0.0
0.0
0.0
0.0
0.0
0.0
0.0
0.0
0.0
0.0
0.69436
0.0
0.0
0.0
2.14819
0.0262335
0.0
0.0
0.0
0.0
0.0
0.0
0.107815
0.0
0.0
0.0
0.0
0.0
0.0
0.0
2.72869
0.0
0.105758
0.0
0.0
0.0
0.593025
0.0
0.0
0.0
0.0
0.0
0.0
0.0
1.57819
0.0
0.0
0.0
0.0
0.0
0.0
0.0
0.0
0.0
0.0
0.0
0.638314
0.918122
0.0
0.0
0.0
0.0
0.0
0.0
0.0
0.0
0.0
0.177481
0.0
0.0
0.0
0.0
1.19831
0.0
2.43262
0.0
0.0
0.0
2.04306
0.0
0.0
0.0
0.0
0.0
0.134342
0.0
0.0
0.0
0.0
0.0
0.0
0.0
0.0
0.0
2.75986
0.0
0.0
1.07324
0.0
0.0
0.0
0.0
0.0
0.0
0.0
0.0
0.0
0.0
0.0
0.0
0.0
0.0
0.0
0.0
0.0
0.0
0.0
1.27999
0.0
0.0
0.0
0.0
0.0
0.0
0.0
0.0
0.0
0.0
0.0
0.0
0.0
3.609
0.0
0.0
0.0
0.277639
0.0
0.0
0.0
0.585241
0.0
0.0
0.656373
0.0
0.0
0.0
0.0
0.0
1.26009
0.0
0.0
0.0
0.016057
0.390441
0.0
0.0
0.0
0.0
0.0
0.0
0.0
0.0
0.0
0.0
0.0
0.0
0.0
0.0
0.0
0.0
0.0
0.0
0.0
1.86699
0.0
0.0
0.0
0.0
0.0609725
0.0
0.0
0.0
0.0
3.94679
0.0
0.71543
0.0
0.0
0.0
0.0
0.0
0.0
0.0
0.0
0.0
0.0
0.0
0.0
0.0
0.392777
0.0
0.0
0.0
0.0
3.27471
0.0
0.0
0.22137
0.0
0.97607
0.0
0.0
0.0
0.0
0.0
0.0
0.0
0.0
1.26842
0.0
0.0
0.0
0.0
0.0
0.465275
0.0
0.0
4.40239
0.0
0.0
0.0
0.0
0.0
0.0
0.0
1.84714
0.0
0.0
0.0
0.0
0.0
0.0
0.0
0.0
1.53347
0.0
0.0
0.0
0.35953
0.0
1.52696
0.147005
0.0
1.32053
0.0
0.0
0.0
0.0
0.0
0.0
0.0
0.0
0.0
0.0
0.483832
1.11634
0.0
0.0
0.0
0.0
0.0
0.0
4.06351
1.11423
0.0
0.0
1.83815
0.0
0.0
0.237299
0.0
0.0
0.0
0.0
0.0
0.0
3.78439
0.0
0.0
5.31178
0.0
0.839804
0.0
0.0
0.0
1.822
0.0
0.0
0.0
0.0
0.0
0.0
0.0
0.0949133
0.0
0.0
0.0
0.0
0.0
0.0
0.0
0.662143
1.27339
0.0
0.48421
0.0
1.97425
0.0
0.0
0.602672
0.0
0.0
0.0
0.0
0.0
0.0
0.0
0.781478
1.72079
0.0
0.0
0.942481
0.0
0.0
1.18215
0.0
0.0
0.0
0.0
0.0
0.0895601
0.0
0.0
0.568445
3.53529
0.0
0.0
0.0
0.0
0.0
0.0
0.0
1.01039
0.0
0.0
0.0
0.0
2.29721
0.0
2.15217
1.34139
0.911134
0.0
0.391082
0.0
0.0
0.0
0.989543
0.0
0.0
0.0
0.0
0.0
0.0
0.0
0.0
0.0
0.039048
0.0
0.927207
0.0
0.0
1.98517
0.93986
0.0
0.0
0.0
0.0
0.0
0.870667
0.0
0.0
0.0
0.0
0.26977
0.0
0.0
0.0
0.0
0.605279
0.0
0.0
0.0
0.0
0.0
0.0
0.157924
0.0
3.39114
0.781229
1.73054
0.0
0.0
0.600989
0.0
0.761314
0.0
0.0
0.0269258
0.0
0.0
3.9819
0.750199
0.0
0.0822973
0.0
0.0
0.0
0.799061
1.56058
0.512257
0.0
0.0
0.0
0.0
0.0
0.0
0.0
0.0
0.0
0.0
0.0
0.0
0.0
0.0
0.0
0.0
0.0
0.0
0.0
0.0
0.0
0.0
1.3802
0.0
3.13584
0.0
0.0
0.0
0.0
0.232893
0.0
0.0
0.0
0.0
0.0
0.0
0.0
0.0
2.1007
0.898918
0.0
0.0
0.0
0.0
0.0
0.0
0.0
0.0
2.06547
0.0
0.0
0.0
0.0
0.0
0.0
0.0
0.0
1.30783
0.0
0.0
0.0
0.0
0.0
0.0
0.0
2.16107
0.0
0.0
0.0
1.13057
0.0
0.0
0.0
0.0
0.0
0.0
0.0
0.0
0.0
0.0
0.0
0.0
0.0
0.0
0.0
0.0
0.0
2.57649
0.0
0.0
0.0
0.0
0.0
0.0
0.0
0.0
0.0
0.0
0.0
0.0
0.24142
0.0
0.0
0.981655
0.0
0.0
0.0
0.253686
0.0
0.0
0.0
0.0
0.0
0.0
0.0
0.0986542
0.0
0.0
1.01389
0.423367
1.10783
0.0
0.0
0.0
1.2158
0.0
0.0
0.0
0.0
0.0
0.0
0.0
0.0
0.0
0.0
0.0
0.0
0.0
0.0
0.0
1.96698
0.0
0.0
0.0
0.0
1.70723
0.0
0.0
0.0
0.0
0.0
2.52839
0.0
0.0
0.0
0.0
0.0
0.0
1.12805
2.48757
1.47522
0.0
0.0
2.62657
0.46014
0.92191
0.0
0.0
0.654235
0.0
0.373977
0.0
0.0
0.0
0.0
0.0
0.115583
0.0
2.74022
0.0
0.662309
1.3184
0.0
0.55066
0.281267
0.0
0.0
0.0
0.0
0.0
0.0
0.0
0.0
0.0
0.0
0.0
0.0
1.34075
0.0
0.0
0.0
0.0
0.0
0.380646
0.0
0.804834
0.0
0.0
0.0
0.0
0.0
0.0
0.0
0.0
0.0
0.0
0.0
1.86782
4.2409
0.275115
0.0
0.0
0.404042
0.742949
0.170095
0.0
0.0768231
2.91965
0.0
0.0
0.0
0.172693
2.51718
3.34688
0.0
0.0
2.56995
0.0
0.0
0.0
0.702948
1.0493
0.0483474
0.0
0.0
0.945217
0.0
0.0
0.0
0.0
0.0
0.0
0.0
0.0
0.0
0.280381
1.42512
2.58506
0.0
0.0
0.0
0.0
0.0
0.0
0.0
0.0
0.98583
0.0
0.0
0.0
0.0
0.0
0.0
0.0
0.0
0.0
0.0
0.0
0.0
0.0
1.14661
0.0
1.0485
2.08292
0.783429
0.0
0.0
0.0
0.0
0.21216
2.92263
0.0
3.76895
0.0
0.0
0.0
0.0
0.0
0.597951
0.0
0.908724
3.89278
0.0
0.0
0.0
0.0
0.0
0.0
0.0
3.57029
0.0
0.0
3.92732
0.940614
0.0
1.93202
0.0
0.0
0.0
0.0
0.0
0.0
0.0
0.0
0.0
0.0
0.0
0.0
0.757206
1.21354
0.0
0.0
0.7001
0.0
0.0
0.0
0.833678
0.0
0.0
0.0
0.0
0.0
0.0
0.0
2.28035
0.0
0.0
0.0
2.34394
3.68336
0.0
3.08997
0.0
0.0
1.2557
0.621429
0.0
0.79253
1.08538
0.0
0.0
0.0
0.0
0.0
0.0
0.0
0.0
0.0
0.0
1.19193
0.0
0.0
0.0
0.0
0.128884
0.813168
0.0
0.0
1.5659
0.0
0.436871
0.0
0.0
0.86059
0.0
0.0
0.0
0.0
0.39751
0.737197
0.0
0.0
0.0
0.0
0.0
0.0
0.0
0.0
1.81656
0.0
0.415874
3.00179
0.0
0.0
0.0
0.0
0.0
0.0
0.0
1.75972
0.0
0.0
1.12644
0.0
0.0
0.0
0.0
0.257516
0.0
0.0
0.0
6.07405
0.0
0.0200265
0.0
0.0
0.0
0.0
0.0
0.539122
0.0
2.78429
0.0
0.0
4.88944
0.0
1.0712
0.0
0.836179
1.99011
0.0
0.284331
1.29446
0.0
2.14775
0.0
0.0
1.64669
0.0
0.247604
0.0
0.0
0.0
1.77484
0.0
0.0
0.0
0.0
0.0
0.0
0.0
0.0
0.0
0.0
0.708167
0.0
0.0
0.0
0.809656
0.592493
0.0
0.0
0.0
0.562212
0.0
0.0
0.276813
0.0
0.0
0.0
0.0
0.0
0.0
0.0
0.0
0.0
0.0
0.0
0.0740224
0.0
0.0
0.0
0.0
0.0
0.0
0.187222
0.0
0.0
0.0
0.0
0.0
0.0
0.0
0.0
0.0
0.0
0.0
0.524528
2.6695
3.07709
0.0
0.922398
2.29736
0.0
0.0
0.0
0.0
0.819237
0.0
0.0
0.0
0.0
0.99768
0.0
0.0
2.58324
0.0
0.0
0.0
0.0
0.0
0.0
0.723305
0.0
0.0
0.0
0.0
0.0
0.274965
0.888142
0.0
0.0
0.0
0.0
0.0
0.0
0.0
1.59111
0.0
0.0
0.0
0.0
0.847814
0.0
1.00697
0.0
1.65018
4.32409
0.0
0.599478
0.0
0.0
0.0
4.62581
0.0
0.0
0.0
0.0
0.0
0.0
1.28668
1.62543
0.0
0.0
0.058869
0.0
0.0
0.0
0.0
3.69118
0.0
0.0
0.0
0.0
0.0
0.0
0.0
0.0
0.0
1.26323
0.0
0.0
1.03042
0.0
0.852998
0.0
1.10924
0.0
0.593424
0.0
0.866209
0.0
0.282467
0.0
0.0
0.0
0.0
0.0
0.0
0.0
0.0
0.0
0.0
0.892736
0.0
0.688255
0.0
0.0
0.0
0.0
0.0
0.0
0.0
0.0
0.0
0.410887
0.116493
1.52812
0.255184
0.0
0.0
0.0
0.0
0.574931
0.0
0.0
0.0
3.80249
0.0
1.52535
0.0
0.0
1.85596
0.0
0.916664
0.0
0.0
0.0
0.0
0.0
0.0
0.0
1.17777
0.158753
0.0
1.2347
0.0
0.0
0.0
0.0
0.0
0.0
2.10738
0.471141
0.0
0.0
0.0
0.0
0.0
1.43568
0.0
0.807936
0.0
0.0
0.0
0.0
0.0
0.0
0.0
0.0
0.0
0.527474
0.0
3.41872
0.0
0.0
0.0
0.0
0.0
0.520131
0.0
1.25717
0.603768
0.0
0.0
0.0
0.68331
0.235096
0.0
0.619731
0.0
2.51441
2.26832
0.0
0.0
0.0536127
0.0
0.0
0.92887
0.0
0.0
0.0
0.0
0.0
0.0
0.0
0.0
0.0
0.0
0.0
0.0
0.0
0.0
0.0
0.0
0.0
0.0
0.0
0.0
0.0
0.0
0.0
1.14543
0.0
0.0
0.0
0.0
0.0
0.0
0.0
0.0
0.0
0.011432
0.0
0.0
0.0
0.939935
0.0
0.0
0.0
0.620156
1.15491
0.0
0.0
0.0
0.0
0.101934
0.0
0.0
0.0
0.0
0.0
0.0
0.0
0.0
0.0
0.0
0.0
0.0
0.0
0.0
0.0
0.0
0.0
0.0
0.0
0.0
0.0
0.0
0.0
0.359005
0.0
0.0
0.0
0.0
0.0
0.0
3.87456
0.00904638
0.0
0.0
0.398336
0.0
1.36357
0.0
0.0
1.24083
1.28902
0.0
0.171982
2.19717
0.553774
0.0
0.0
5.82741
0.0
0.0
0.132918
0.0
0.0
0.0
0.0
0.0
0.0
0.803691
0.0
0.0
0.0
0.0
0.0
0.0
0.0
0.0
2.53579
0.0
0.0
0.0
0.0
0.0
0.904009
0.0
0.0
0.0
0.0
0.0
0.0
0.0
1.30988
0.0
0.0
0.0
3.8306
0.492359
0.0
3.94131
0.0
0.0
0.0
0.0
0.0
0.0
0.0
0.0
0.0
0.0
0.0
0.0
0.0
1.79858
0.305383
0.623813
1.68814
0.0
0.0
1.91767
0.0476671
0.0
0.0
0.0
0.0
0.0
0.0637144
0.0
0.0
0.626786
0.0
0.0
0.0
0.57784
0.0
0.0
0.0
0.0
0.0
0.0
0.0
0.251809
0.0
0.0
0.0
0.612891
0.0
0.878554
0.0
0.0
0.0
0.0
2.93866
0.916052
0.0
0.418626
0.0
0.0
1.24126
0.0
0.0
0.0
0.0
0.745536
0.0
0.0
0.0
0.0
0.0
0.0
0.979362
0.0
0.0
0.0
0.0
0.0
1.26834
0.0
0.0
0.0
0.0
0.0
0.0
0.0
0.0
0.0
0.0
0.0
0.0
0.0
0.0
0.0
0.0
1.18009
0.0
0.0
0.0
0.0
0.0
2.94385
1.44252
0.0
0.0
0.0
0.439857
0.0
0.0
0.0
0.0
0.0
0.0
0.0
0.0
0.0
0.0
0.0
0.0
0.0
0.0
0.858364
0.0
0.0
0.494173
2.18255
0.0
1.47267
0.0
0.0
0.285242
0.0
0.0
0.0
0.0
0.992694
0.0
0.0
0.0
0.0
0.0
0.0
0.0
0.0
0.0
3.573
0.590784
0.0
0.0
0.0
0.0
0.0
0.0
0.0275791
0.0
0.0
0.452851
0.150066
0.0
0.0
0.20556
0.0
0.0
0.978363
1.59073
0.0
0.0
0.0
0.0
0.0
0.0
0.0
0.0
0.0
0.0
0.0
0.0
0.922405
0.0
0.0
0.0
0.0
1.80347
0.0
0.0
0.0
0.960346
0.0
0.884273
0.0
0.0
0.174209
0.0
0.0
0.0
0.0
1.32836
0.0
0.0
0.0
0.326895
0.0
0.0
0.0
1.50174
0.0
0.0
0.0
0.0
0.0
0.0
0.0
0.0
3.03006
0.0
0.0
0.0
0.0
0.0
0.0
0.0
0.0
0.0
3.27888
0.0
4.4659
0.0
0.0
0.0
0.0
0.340033
0.0
0.0
0.0
0.0
0.693787
1.82222
0.0
0.0
0.0
0.0
0.0
0.0
0.0
0.0
0.0
0.0
0.0
0.0
0.0
2.28992
0.0
0.0
0.0
0.0
0.150752
0.0
0.0291184
0.648118
0.545554
0.0
2.46472
1.92876
0.0
1.41391
0.0
3.01402
0.0
1.32394
0.0
0.0
1.81934
0.0
1.19113
0.0
0.0
0.0
0.0
0.0
3.07037
0.0
0.0
3.54986
0.448767
0.0
0.0
3.54029
4.96878
2.24994
0.0
0.0
1.94555
1.68224
1.22899
1.0571
3.88519
0.0
0.0
0.0
0.114525
0.0
0.0
0.0
0.0
0.0
0.0
0.0
0.0
1.23776
0.0
0.0
0.999263
0.0
0.0
0.0
0.0
0.0
0.0
3.0088
0.0
0.0
1.50915
0.0
0.0
2.7611
0.0
0.0
0.0
0.0
0.0
0.502934
0.520327
0.0
1.94264
0.0
0.0
0.324204
0.0
0.0
0.0
0.0
0.0
0.0
0.0
2.49941
0.0
0.0
0.0
0.0
0.0
0.0
4.15012
0.0
0.0
2.0729
1.28214
0.0
0.0
0.0
0.0
6.30962
3.69582
0.0
0.820534
0.0
0.0
0.0
0.0
0.694018
0.949312
0.0
0.0
1.01699
0.0
0.0
0.587445
0.0
0.0
0.272936
1.00316
0.0
0.0
0.785916
0.0
0.0
0.0
0.0
0.0
0.0
0.0
1.50363
0.0
0.676854
3.13707
0.0
0.0
0.0
2.96799
0.0
0.0
0.0
0.876015
0.0
0.0
0.0
0.0
0.0
0.0
1.00981
0.0
0.0
0.0
1.37772
0.0
0.0
2.56144
0.0
0.0
0.177734
0.836128
0.0
0.00909385
0.0
0.9438
0.0
0.0
0.0
0.0
0.0
0.0
0.0
0.46903
0.0
0.0
1.1129
0.0
0.0
0.0
0.934984
0.0
0.0
0.0
0.0
0.0
0.0
0.184163
0.88508
0.0
0.0
0.0
0.0
1.36921
0.0
0.0
0.563088
0.498498
1.56148
0.0
0.0
0.0
1.56318
0.0
0.0
0.969705
0.0
0.0
0.0
0.0
0.0
0.0
0.0
0.0
0.0
0.0
0.0
0.0
0.0865488
0.0
0.0
0.0
2.97347
1.25926
0.0
0.0
0.0
0.0
0.0
0.0
0.0
0.0
0.0
3.20972
0.0
0.0
0.0
0.0
0.0
0.099161
1.26827
0.848479
1.32096
0.0
0.0
2.73387
0.0
0.0
0.0
0.0
0.0
0.0
0.0
0.0
1.30133
0.0
0.530334
4.78604
0.0
0.0
0.0538912
0.0
0.0
0.0
1.08606
0.0
0.0
0.0
0.0
0.088883
0.0
0.0
0.0
0.0
0.0
0.0
0.0
0.0
0.0
0.0
0.0
0.0
0.0
0.0
1.73287
0.0
0.0
0.0
2.22875
0.0
0.0
0.0
2.44578
0.0
0.0
0.0
0.0
1.33689
0.0
0.0851253
0.0
2.88718
0.0
0.0
0.0
2.98223
0.0
0.0
0.0
0.0
0.0
0.0
1.42615
0.0
0.0
0.795354
0.0
0.0
0.0
0.0
0.0
0.0
3.90474
0.0
1.77112
0.0
0.0
0.0
0.0
0.0
0.0
0.0
0.0
0.0
0.0
0.0
0.0
0.0
1.02606
0.0
0.0
0.230151
1.28697
0.0
0.0
0.0
0.792568
2.41513
0.0
0.0
1.02661
0.0
0.984187
0.0
0.0
1.3542
0.440588
0.933215
0.0
0.361877
1.35042
0.0
0.0
0.0
2.86193
0.671745
0.0
0.0
0.0
0.0
0.60824
0.0
0.0
0.0
2.84895
5.08713
0.0
0.0
0.0
0.0
1.82027
0.0
0.0
0.0
0.0
0.0
0.0
0.0
0.326059
0.0745915
3.0366
1.86237
0.0
0.0702559
1.26807
0.0
0.0
0.0
0.0
0.0
1.54876
0.0
0.0
0.0
0.0
0.0
0.0
0.0
1.85686
0.0
0.0
0.0
0.0
0.0
0.712412
0.0
0.0
0.0
0.0
2.81857
0.517142
0.0
0.0
2.80067
1.52039
0.0
0.0887207
0.0
0.0
0.0
2.09943
1.77078
0.0
0.0
0.0
0.0
0.906057
0.0
0.0
0.0
0.0206642
0.0
0.0
0.0
0.0
4.0111
0.0
0.0
0.668977
2.78822
0.0
0.0
2.81022
0.0
0.0
0.0
0.312222
0.35635
0.24255
0.0
0.0
0.0
0.0
0.0
0.771118
0.0
0.0
0.0
0.0
0.0
0.0
0.0
0.0
0.0
0.0
0.0
0.0
0.0
0.0
0.0
0.0
0.0777485
0.0
0.0
0.0
0.0
0.0
0.0
0.0
2.40356
0.0
0.0
0.0
0.0
0.0
0.0
0.0
0.0
1.54871
0.0
0.0
2.86033
0.0
1.97582
0.0
0.0
0.0
1.7433
0.0
0.0
0.0
0.0
0.0
0.73342
0.0
0.0
0.0
0.16769
0.443158
0.0
0.0
1.05275
0.0
0.0
0.0
0.0
0.0
0.0
4.02708
0.0
0.0
1.93374
0.0
0.0
0.0
0.0
0.0
0.0
0.659245
1.38828
0.0
0.0
0.0
0.0
0.0
0.0
0.0
0.0
0.77775
0.0
0.0
0.0
0.0
0.0
0.964398
0.0
0.0
0.0
0.0
0.0
0.968889
0.0
0.785203
0.0
0.0
1.06572
0.0
0.0
0.380773
0.586403
0.0
0.0
0.0
0.0
0.0
0.0
0.0
0.0
0.0
0.0688205
0.0
0.114539
0.0
0.0
0.0
0.0
0.0
0.0
0.0
0.0
0.0
0.0
0.0
0.0
0.0
1.41309
0.0
0.0
0.0
0.0
0.0
0.0
0.0
0.0
0.819597
0.0
0.0
0.0
0.0
0.850191
0.0
0.0
0.0
0.0
1.63756
0.0
1.55635
0.0
1.14714
0.461924
0.0
0.0
0.0
0.0
0.0
0.0
0.0
0.198683
0.0
0.0
0.0
0.0
0.0
0.171923
1.68988
0.91362
0.0
0.0
0.0
0.0
0.0
0.0
0.0
0.0
0.0
0.0
0.0
0.0
0.0
0.0
0.0
0.0
0.0
0.0
0.0
0.0
0.0
0.0
0.0
1.84587
0.0
0.0
0.0
0.0
1.25063
0.5297
0.0
0.0
0.0
0.0
0.0
0.0
0.0
0.0
0.0
0.647628
0.0
0.0
1.51008
0.0
0.0
0.0
0.0
0.0
1.17431
0.0
0.0
0.0
0.0
0.0
0.0
0.0
2.5962
0.0
1.07599
2.08367
0.0
0.0
0.369596
0.0
0.0
0.0
0.0
0.0
0.0
0.0
0.0
0.0
0.500373
0.0
0.0
0.0
0.0
1.04052
0.0
2.49556
0.0627662
0.0
0.0
0.569721
0.0
0.646486
0.0
0.0
0.0
0.0
0.702966
0.0
0.0
7.58515
4.36988
0.0
0.0
0.0
0.0
0.0
0.0
2.67065
0.0
0.0
0.0
2.08082
0.135986
0.0
0.0
6.45347
0.0
0.0
0.0
1.27852
0.0
0.0
0.0
0.0
2.00797
3.35954
0.0
0.0
2.49672
0.0
0.0
0.0
0.0
0.0
0.0
0.0
0.0
0.0340378
0.0
1.94371
0.0
0.0
0.0
0.0
0.0
0.410798
0.0
1.91878
0.0
0.0
0.0
0.0
0.0
0.0
0.0
0.0
0.0
0.0
0.0
0.0
0.0
0.0
1.15321
0.0
1.56427
0.0
0.0
0.0
0.0
0.0
0.0
0.0
0.717252
0.0
0.0
0.0
1.28991
0.801001
2.01659
0.0
0.0
0.0
0.0
0.0
0.0
0.0
0.694395
0.194937
0.0
0.0
0.0
0.0
0.831397
0.0
0.0
0.0
0.0
0.0
0.0
0.625686
0.0
0.0
0.623543
0.27848
0.0
0.0
0.0
2.78666
0.0
0.0
0.0
0.0
0.0
0.0
1.05943
0.0
0.0
0.0
0.900556
4.34315
0.0
0.0
1.1789
0.0
0.173749
0.937885
0.0
0.0
0.0
0.0
0.0
0.0
0.0
0.0
0.0
0.0
0.618353
0.947086
0.0
0.0
2.83078
0.0
0.0
0.0
0.0
0.0
1.21672
0.359225
0.792924
0.0
0.0
0.0
0.0
1.05814
0.0
0.0
0.0
0.392524
0.0
0.0
0.899613
1.70882
0.0
0.0
0.0
0.0
0.314142
0.153601
0.0
0.0
0.0
0.189399
0.0
0.0
0.0
0.0
0.0
0.0
0.0
0.0
0.25406
0.0
0.0
0.0
0.0
0.0
1.00446
0.0
0.0
0.0
0.0
0.0
0.0
0.0
0.0
0.0
0.0
0.61633
0.0
0.0
0.0
0.0
0.0
0.0
0.0
0.0
0.27595
0.0
0.0
0.0
0.0
0.0
0.0
0.0
0.0
2.78364
0.416053
0.0
0.0
1.29241
0.607561
0.0
0.0
0.0
0.0
0.0
0.0
0.383064
0.0
0.0
0.0
0.0
0.0
0.0
0.0
0.0
0.0
0.0
0.0
0.0
0.0
0.0
1.56125
0.0
0.675533
0.0
0.0
0.0
1.0016
0.0
0.0
0.0
0.0
0.541244
0.0
2.35402
0.0
0.0
0.0
0.74384
0.0
0.0
0.0
0.0
1.21907
0.0
0.0
0.0
0.0
3.14801
0.0
0.0
0.0
0.298621
0.0
0.0
0.0
0.224571
0.0
0.0
0.0
3.05672
0.0
0.0
0.0
0.0
1.64618
0.0
0.0
0.0
0.0
0.0
0.0
0.332315
0.0
0.0
0.0
0.0
0.0
0.0
0.0
0.648229
0.0684799
0.313137
0.0
0.0
0.0
0.0
0.0
0.0
0.0
0.169887
1.59543
0.0
0.724038
0.0
0.0
0.40929
0.0
0.0
0.0
1.49744
0.0
0.0
0.0
0.0
0.0
0.146573
0.0
0.0
0.629122
0.0
0.0
0.0
0.0
0.0
0.0850595
0.0
0.0
0.0
0.0
0.0
0.0
0.283123
0.0
0.0
0.0
0.0
0.0
0.0
0.0
0.0
0.0
0.223004
0.0
0.0
0.0
0.0
0.0
0.396234
2.86822
0.0
0.0
0.0
0.0
0.0
0.0
2.05584
0.0
0.0
0.472143
3.96585
1.22294
0.0
0.485776
0.425588
0.0
0.0
0.0
0.0
0.0
0.0
0.223764
0.0
0.0
0.0
0.0
0.0
0.0
0.0
0.0
0.0
0.0
0.0
0.0
0.0
0.0
0.0
0.0
0.0
0.0
0.0
1.88026
0.0
0.0
0.0
0.0
2.25612
0.0
0.0
0.0
0.0
0.559452
0.0
0.0
0.0
0.0
1.27287
0.0
0.0
0.0
0.821791
0.0
0.0
1.3472
0.471695
0.0
0.30599
0.0
0.0
0.0
0.0
1.03341
0.0
0.0
0.0
0.718786
0.0
2.90483
0.0
0.0
0.0
0.0
0.0
0.0
0.0
0.582251
0.0
0.0
0.0
0.0
0.0
0.309357
0.0
1.21478
0.0
0.0
0.0
0.0
0.0
0.0
2.73149
0.0
0.678735
0.0
1.85557
0.0
0.0
0.0
0.0
0.0
0.0
0.0
0.0
0.0
0.0
0.0
0.0
0.0
0.0
1.09643
2.21236
0.0
0.0
0.0
0.0
0.0
0.0
0.0
0.0
0.0
0.0
0.0
0.0
0.0
0.0
0.0
0.0
0.0
0.0
0.0
1.8692
0.0
0.0
0.687615
0.0
2.21003
0.0
0.0
0.0
0.0
0.0
0.0
2.21874
0.0
0.0
0.0
0.0
0.0
0.0
0.0
1.55201
0.0
0.0
0.0
0.777613
0.0
0.0
0.0
0.0
0.0
0.0
0.0
0.0
0.0
1.39266
0.0
3.99065
0.0
0.0
1.34459
0.0
0.742252
0.0
0.0
0.0
0.0
0.0
0.134107
1.93328
0.0
0.364623
0.0
0.0
0.0
0.0
0.0
0.0
0.0
0.0
0.0
0.0
0.0
0.0
0.0
0.0
0.0
0.0
2.28041
0.197817
0.0
3.69342
0.0
0.18685
0.0
0.0
0.0
0.0
0.0
0.0
0.0
0.0
0.545237
0.0
0.0
0.570601
0.0
0.0
0.0
0.0
0.0
0.0
0.0
3.1258
0.0
0.0
0.0
0.0
0.0
0.0
0.0
0.586705
0.0
0.0
0.0
0.0
0.0
0.0
0.0
0.0
0.0
3.03689
0.479185
0.0
0.0
0.0
0.0
0.0
0.6386
2.74997
0.0
0.0
0.421645
0.0
0.0
1.60116
0.0
0.0
0.0
0.0
0.0
0.0
0.0
0.0
0.0
0.0
0.0
0.946127
0.0
0.0
0.0
0.0
0.0
0.0
0.0
0.99929
0.0
0.0
0.0
0.0
4.84619
0.0
0.0
0.0
0.0
0.0
0.805377
0.0
0.0
0.0
0.0
1.31707
2.58374
0.0
0.0
0.0
0.0
0.0
0.0
0.0
0.0
0.0
0.0
0.0
0.0
0.0
0.0
0.0
0.0
0.0
0.0
0.0
0.0
0.0
0.0
0.0
0.0
0.0
0.0
1.91098
0.98533
0.0
0.0
0.55709
0.0
3.22457
1.06766
0.0
0.0
0.0273632
0.0
0.0
0.0
0.0
0.0
0.0
0.0
0.425967
0.0
0.0
0.0416876
1.40165
0.0
0.0
0.0
0.960682
0.364199
0.707243
0.0
0.0
0.0
0.777649
0.0
0.0
0.0
0.0
0.0
0.0
0.829966
0.0
0.397629
1.25025
0.0
0.0
0.0
0.0
0.0
2.23152
0.0
0.0
0.728994
0.0
0.0
1.34157
0.0
1.634
0.496434
0.0
1.54006
0.238006
0.0
0.0
0.0
0.0
0.0
0.0
0.0
0.0
0.0
0.0
0.0409897
0.0
0.0
0.0
0.290992
0.0
0.0
0.0
0.0
1.69699
0.965012
0.0
0.0
2.25312
0.0
0.0
0.0
0.0
0.0
0.0
0.0
2.73606
2.52851
0.0
0.0
0.0461
0.0
0.0
0.0
0.0
0.0
0.0
0.0
0.0
0.530118
0.0
1.31926
0.0
0.0
0.0932425
0.0
0.0
0.0
0.0
0.0
0.0
0.0
0.0
0.0
0.0
0.0
0.162379
0.0
0.0
0.0
0.0
0.0
0.0
0.0
0.0
1.04431
0.581578
0.0
0.0
0.0
0.0
0.0
0.0
0.686409
0.0
0.500018
0.0
0.0
0.0
0.0
0.275199
0.0
1.75769
0.0
0.0
3.29405
0.0
0.0
0.0
0.918705
0.0
0.0
0.0
0.0
0.0
0.0
0.0
0.0
0.0
0.0
0.0
0.0
0.0
0.0
0.0
0.0
0.0
0.0
0.0
1.16535
0.334831
0.757579
2.11325
0.0
0.0
0.0
0.0
0.0
0.0
0.0
2.02885
0.0
0.0
0.0
0.0
1.26827
4.25404
2.03232
0.0
0.0
0.0
1.08573
3.95284
0.0
0.0
0.0
0.0
0.0
0.0
0.0
0.0
0.81727
0.0
0.0
2.9026
0.0
0.0
0.0
0.780597
0.0
0.0
0.0
0.0
1.55016
0.0
0.0
0.0
0.0
0.829317
0.0
0.0
2.13076
0.0
0.0
1.48559
0.0
0.0
0.0
0.0
0.585528
0.0
0.0
0.0
0.0
0.0
0.0
0.0
0.0
0.0
0.0521007
0.0
1.11081
0.0
2.0284
0.0
3.08528
0.0
0.0
4.26122
0.0
0.0
0.0
0.0
0.0
0.0
0.0
0.0
0.0
0.0410428
0.579142
0.0
0.0
0.0
0.0
2.11797
0.0
0.0
2.20372
0.619486
0.0
0.0
0.0319222
0.489492
0.0
0.0
1.92565
0.0
0.0
0.0
0.0
0.0
0.0
0.0
0.0
0.0520001
0.589002
0.300616
0.0
0.0
0.0
0.0
1.31868
0.0
0.463347
0.0
0.0
0.0
1.47355
3.29126
0.0
0.0
0.0
0.0
0.0
0.0
0.0
0.0
0.0
0.0
0.489233
0.0531646
0.259669
0.0
0.0
0.0
2.00288
0.0
0.895641
0.0
0.0
3.7393
0.0
0.0
0.632214
0.0
0.0103814
0.0
0.0
0.0
0.0
0.0
0.0
0.0
1.3184
0.0
0.0
0.0
0.0
0.0
0.0
0.0
0.837088
0.0
0.0
0.0
0.0
0.0
0.0
0.0
0.0
0.0
1.37067
1.05816
0.657506
0.0
0.178476
0.0
0.0
0.0
0.0
0.0
2.71087
0.0
0.0
0.0
1.98628
0.0
0.0
0.988602
0.0
2.54789
0.0
0.264319
0.0
0.0
0.0
0.303702
0.0
1.27837
0.0
0.0
0.947304
0.0
1.55832
0.256589
0.0
0.0
0.0
0.0
0.0
0.0
0.0
0.0
0.0
0.0
0.0
1.31605
0.909286
0.0
0.0
0.0
0.0
0.0
0.0
0.0
3.1169
0.753295
0.0
0.0
0.0
0.596323
0.0
0.0
0.0
0.0
0.0
0.0
0.0
0.0762839
0.0
0.0
0.0
0.0
0.0
0.603035
0.0
0.0
0.0
0.0
0.604106
0.0
0.0
0.0
0.0
0.0
0.0
0.0
0.0
0.0
0.0
0.0
0.0
0.0
0.0
0.0
0.0
0.0
2.39842
0.131119
0.0
0.0
0.0
0.0
0.0
0.0535067
0.0
0.0
0.0
0.0
0.0
0.0
0.0
0.0
0.0
0.0
0.0
0.0
0.0
2.65783
0.0
0.55087
0.0
1.17941
0.0
0.126155
1.91874
0.0
1.92138
0.0
0.0
0.0
0.0
0.0
0.00202891
0.0
0.0
0.0
0.474003
0.0
0.0
0.0212659
0.0
0.0
0.0
0.0
0.0
0.241374
0.0
0.0
0.681933
0.0
1.20461
0.0
0.0
0.0
0.219489
0.0
1.95966
0.502588
0.0
0.0
0.599588
0.0
0.0
0.0
0.0
0.0
0.0
0.0
0.0
0.179305
0.0
0.0
0.0
2.11502
0.0
0.0
1.11249
0.0
0.0
0.0
2.82389
0.0
0.0
1.26444
0.617253
0.0
0.0
0.0
0.0
0.348948
1.30189
0.0
1.52931
0.0
1.64582
0.0
0.0
0.0
0.0
0.0
0.0
0.0
0.0
0.0
0.0
0.0
0.0
0.553619
0.0
5.617
0.0
0.0
0.0
0.0
0.0
0.0
0.0
0.0
1.89963
1.32729
0.0
0.0
0.0
0.0
4.24326
0.0
0.0804829
3.22339
0.745894
0.95568
0.0
0.0
0.0
0.0
0.384138
0.0
0.0
0.0
0.0
0.0
0.0191692
0.0
0.0
0.0
0.0
5.47277
0.0
0.0
0.0
0.0
0.193321
0.0
0.0
1.51039
0.0
3.40425
0.0
0.0
0.0
0.0
0.0
1.50281
0.0
0.0
1.38351
1.40574
0.0
0.0
0.0
0.0
0.0
0.0
0.0
0.0
0.0
0.0
2.90294
0.0
0.0
0.0
0.0
0.0
0.869421
1.95961
0.0
0.0
1.42801
1.31474
0.0
0.249702
0.0
0.0
0.0
0.0
0.0
2.1508
0.0
0.0
0.0
1.15079
0.0
0.0
0.0
0.0
0.0
0.0
0.0
0.0
0.0
0.0
0.0
0.0
0.0
0.0
0.0
0.0
0.0
0.0
0.0
0.0
1.18004
0.720508
0.0
0.0
0.0
0.0
0.0
1.67601
2.58379
1.44116
0.0
0.0
0.0
0.401319
1.79934
0.0
0.0
0.992226
0.40209
1.50435
0.409933
0.0
0.0
0.0
0.0
0.0
0.0
0.0
0.204437
