0.0
0.0
5.59419
0.0
0.0
0.0
0.0
0.0
0.0
0.0
0.0
0.0
0.0
0.28439
0.0
0.0
0.0
0.0
0.00569795
0.270084
0.0
0.0
0.0
0.0
0.0
0.0
0.0
0.0
0.0
0.0
0.0
2.0081
0.0
3.69109
0.0
0.0
0.0
0.0
0.0
0.0
0.0
0.0
1.49251
0.0
0.0
0.879647
0.0
0.0
0.0
0.0
2.80984
0.0
0.0
0.0
0.0
0.0
0.166148
0.0
0.0
0.0
1.69297
0.0
0.0
0.674256
0.605995
0.0
0.0
0.0
2.68297
0.0
0.0
0.0
0.0
0.296621
0.0
0.0
0.0
0.0
0.0
0.0
0.0
0.0
0.0
0.0
0.0
0.0
0.0
0.0380644
0.497847
0.0
0.0
0.0
0.0
0.0
0.0
0.0
0.0
0.0
0.0
0.0
0.0
0.0
0.0
0.0
0.0
0.368327
0.944046
0.0
0.0
0.466184
0.0
0.0
0.0
2.62422
0.0
0.0
0.0
5.69397
0.0
0.0
0.0
0.0
0.0
0.0
3.14656
0.0
0.0
4.74407
0.0
0.0
0.0
3.55139
0.0
0.0
0.164902
0.0
0.0
0.0
0.0
0.0
0.0
0.0
0.0
0.0
0.0
0.0
0.0
1.03285
2.04137
0.0100413
0.0
0.0
0.0
0.0
0.0
0.0
0.254813
0.0
0.0
0.0
0.393102
0.0
0.0
0.0
0.0
0.0
0.0
0.0
0.0
0.0894774
0.0
0.0
2.66699
0.0
0.0
0.0
1.0524
0.0
0.0
0.0
3.87488
0.0
0.0
0.0
0.0
0.0
3.58129
0.0
0.0
0.0
0.0
0.0
1.91479
2.9161
0.0
0.0
0.0
0.0
0.0
1.65577
0.0
0.0
0.0
1.22307
0.0
0.0
0.0
0.0
0.0
0.0
0.0
0.0
0.0
0.0
0.0223944
0.0
0.0
0.0
0.0
4.15835
0.0
4.28135
0.0
0.0
0.0
0.0
0.0
0.0
0.0
0.0
0.0
0.0
0.0
1.00639
0.0
0.0
0.0
1.13077
0.0
0.0
0.0
0.0
0.0
2.96734
0.0
0.735945
0.0
3.62768
0.0
0.0
0.0
0.0
0.0
0.0
0.0
1.13036
0.0
0.0
0.0
0.0
0.0
0.0
0.740243
0.0
0.0
0.0
3.40767
0.0
0.0
0.0
0.0
0.404077
0.267254
0.0
0.0
0.0
1.05193
0.0
0.0
0.0
0.0
0.995173
0.0
3.57391
0.0
0.0
0.0
0.0
0.0
0.0
0.0
0.0
0.0
2.70732
0.034154
0.0
0.0
0.0
0.0
0.0
0.0
4.71045
0.0
0.0
0.0
0.0
0.0
0.0
0.390573
0.0
0.0
0.0
0.0
0.0
0.0
0.0
0.0
0.0
1.1556
0.0
0.0
0.0
0.0
0.0
0.860449
0.0
0.0
0.0
0.0
0.0
0.0
0.0
0.0
0.0
0.615045
0.0
0.0
0.0
0.0
0.0
0.0
0.0
0.405162
0.0
0.0
2.00801
0.0
0.0
0.0
0.0
0.0
0.0
0.0
0.0
0.0
0.0
0.0
0.0
0.0
0.0
0.0
0.0
0.0
0.0
0.0
0.0
0.0
0.0
0.0
0.0
0.0
0.0
0.0
0.0
0.0
0.0
0.0
0.0
0.0
0.0
0.132655
0.0
0.0
0.0
0.357511
0.0
0.0
2.40235
0.0
0.0
0.0
0.0
0.0
2.81768
0.0
0.731233
2.06596
0.0
0.0
0.0
0.0
0.0
0.0
0.0
0.0
0.0
2.85258
0.0
0.829125
0.0
0.0
0.0
0.0
0.0
3.76725
0.0
0.0
0.0
0.0
0.0
0.0
0.0
0.0
0.0
0.0
0.0
0.0
0.0
4.73531
0.0
1.79319
0.0
0.0
0.0
0.0
0.0
0.0
0.0
0.422601
0.0
0.0
0.0
0.0
0.0
0.0
0.0
0.0
0.0
4.49184
0.0
0.0
0.0
0.0
2.07796
0.0
0.0
0.0
0.767259
0.0
1.44304
0.0
0.0
0.755168
0.0
0.0
0.0
0.0
0.0
2.81396
5.20662
0.0
0.111527
0.0
0.0
0.0
0.0
0.0
0.0
0.0
0.0
0.0
0.0
0.0
1.03408
0.0
0.0
0.0
0.0
0.0
0.0
0.0
0.0
0.0
0.0
0.0
0.0
1.49732
0.193225
0.0
0.0
0.0
0.0
0.0
0.0
1.16051
0.0
0.0
0.0
0.0
0.0
0.0
0.0
0.0
0.0
0.0
0.0
0.0
0.0
0.306252
0.0
0.0
0.0
0.0
2.36871
1.16395
0.0
0.0
0.0
0.0
0.0
0.0
0.0
2.12577
1.88928
0.0
0.0
3.7125
0.0
0.0
0.0
0.0
0.0
0.0
4.13245
0.0
0.0
0.0
0.0
0.0
0.0
0.0
2.69608
0.0
0.0
0.823354
0.0
0.0
0.0
0.0
0.0
0.0
0.0
0.0
0.0
0.0
0.0
0.0
0.0
0.0
0.0
0.0
0.0
0.0
0.147829
0.0
0.0
0.0
0.0
0.0
0.0
0.0
0.0
0.0
0.922977
3.26051
0.0
0.0
0.263599
0.0
0.0
0.0
0.0
0.0
0.0
0.0
0.0
0.0
0.0
0.0
0.0
0.0
0.0
0.0
0.0
0.0
0.0
0.0
0.0
0.0
0.0
0.0
0.0
0.0
0.0
0.0
0.0
0.0
0.0
0.0
0.0
3.09703
0.0
0.0
0.0
0.0
0.0
0.0
0.0
0.0
0.0
0.0
0.0
0.0
0.0
0.0
1.14453
0.0
0.0
0.0
0.0
0.0
0.0
0.0
0.634697
0.0
0.0
0.0
0.0
0.0
0.0
0.0
0.0
0.0
0.0
0.0
0.0
0.0
0.0
0.0
0.0
0.0
0.0
0.0
0.0
0.0
0.129441
0.927858
0.0
0.0
0.0
0.0
0.0
0.0
0.0
3.46207
0.0
4.18554
0.0
0.0
0.0
0.0
0.0
0.0
0.0
0.0
0.0
0.0
0.0
1.40675
0.0
1.57465
0.0
0.0
0.0
0.0
0.0
0.0
0.0
0.0
0.0
0.0
1.94277
0.0
2.04301
0.0
0.0
0.0
2.06104
0.0
0.0
0.0
0.0
1.4944
0.0
0.0
0.0
0.0
2.10199
0.0
0.0
0.0
0.0
0.0
0.0
0.0
0.0
0.0823573
0.0
5.85617
0.0
0.0
2.90765
0.0
2.48184
0.0
0.744016
0.0
0.0
3.06933
0.0
0.0
0.0
0.0
0.0
0.0
0.0921951
0.0
0.0
0.0
0.0
0.0
1.18733
0.0
0.0
0.0
0.0
0.0
0.0
0.262161
1.72149
2.86761
6.36105
0.0
0.0
0.0
0.0
0.0
0.0
0.859797
1.74796
0.0
0.0
0.0
2.15382
0.0
0.0
0.0694029
0.0
0.0
4.87188
0.0
0.0
0.0
0.0
0.0
0.0
0.0
0.0
0.0
1.31199
1.72584
0.0
0.0
0.0
0.0
0.0
3.42761
0.0
0.0
5.10819
0.0
0.0
0.300432
2.06386
0.0
0.0
0.0
0.0
0.0
0.0
0.0
0.0
0.0
0.0
0.0
0.0
0.0
0.0
0.0
0.0
0.0
0.0
0.0
0.0
0.0
2.57347
0.0
0.0
0.0
0.0
0.0
0.0
0.0
0.0
0.0
0.0
0.0
0.0
0.0
0.0
0.0
0.0
0.435579
0.0
3.9263
3.05075
0.0
0.704245
0.0
0.0
0.0
0.875744
0.0989555
0.0
0.0
0.0
0.0
0.0
0.0
0.0
1.19558
4.11066
0.0
0.0
0.38123
0.0
0.0
2.25592
0.0
0.0
0.330792
0.0
0.0
0.0
0.0
0.0
0.769882
0.0
0.0
3.54984
0.0
0.0
0.0
0.0
0.0
0.0
0.0
0.0
0.0
0.0
0.0
1.21029
0.0
0.0
1.12157
0.0
0.0
0.0
0.0
0.0
0.0
0.0
0.0
0.0
0.0
0.0
0.0
0.0
5.00427
0.0
0.0
0.0
0.0
0.0
0.0
0.0
0.0
0.0
0.0
0.0
0.0
0.0
0.0
0.0
0.0
0.0
0.0
0.0
0.0
1.05768
0.0
0.0
0.0
0.0
0.0
0.0
0.0
0.0
0.0
0.240075
0.0
0.0
0.0
0.633107
0.601689
0.0
0.0
0.0
0.0
0.213755
0.0
5.35582
0.0
0.0
0.0
0.0
0.0
0.0
0.0
0.0
0.0
0.0
0.0
0.0
0.0
0.0
0.0
0.0
0.332828
0.635806
0.218009
0.0
0.0
0.0
0.0
0.0
0.0
0.0
0.0
0.0
0.0
0.0
1.48226
0.0
0.0
0.749235
0.0
0.0
0.0
0.0
0.0
0.0
0.0
0.0
0.0
0.0
0.0
0.0
0.0
0.0
0.0
0.0
0.0
0.0
0.0
0.0
0.0
0.0
0.0
0.0
0.0
0.0
0.0
0.0
0.0
1.45944
0.0
0.0
0.0
2.57124
1.04037
0.0
0.0
0.0
0.0
0.0
0.0
0.0
0.0
0.0
0.0
0.0
0.0
0.0
1.54075
0.0
0.0
0.0
0.0
0.0
0.00858194
0.0
0.0
0.70497
0.0
0.0
0.0
0.0
0.0
0.0
0.0
0.0
0.0
0.0
1.71561
0.0
0.0
0.0
0.0
0.0
0.0
0.0
0.0
3.19353
0.0
2.96419
0.0
0.505459
3.42061
0.0
0.0
0.0
0.0
0.0
2.84182
0.0
2.10771
0.0
0.0
0.0
0.0
0.0
0.0
0.0
0.0
1.45182
0.0
0.143763
0.0
0.0
0.0
0.0
0.0
1.37242
0.0
0.0
0.0
4.34015
0.0
0.0
0.0
0.0
0.0
0.0
0.0
0.0
0.0
0.0
0.0
0.0
0.0
0.0
0.0
0.0
0.0
0.0
0.0
0.0
1.25984
0.0
0.0
0.0
0.0
0.0
0.0
0.0
0.0
0.0
1.95069
2.4222
0.0
0.0
0.0
0.0
0.0
0.0
0.0
0.0
0.0
0.0
0.0
0.025012
0.865896
3.94019
0.0
0.0
0.0
0.34341
0.0
0.0
0.0
0.0
0.0
0.0
2.02923
0.0
0.0
0.0
0.0
0.0
0.0
0.0
1.79124
0.897478
0.756059
0.0
0.0
2.90318
1.7863
0.0
0.0
0.0
3.83058
0.0
0.0
0.0
0.0
0.0
0.0
1.67969
0.0
0.0
0.0
0.0
0.0
0.0
0.0
0.0
0.0
0.0
0.0
0.0
0.0
0.0
2.75711
0.0
0.0
0.363061
0.0
0.0
0.0
0.0
0.0
0.0
0.0
0.0
0.0629748
0.0
0.0
0.0
0.0
0.0
0.0
0.0
0.0
0.0
7.5058
0.0
2.43031
2.3828
0.0
0.162278
0.0
0.0
0.0
0.0
0.0
0.0
0.0
0.62747
0.0
0.0
0.0
2.2921
0.0
0.0
0.0
0.0
0.0
0.0
0.0
0.0
0.0
0.0
3.85808
0.549391
0.0
0.0
0.728801
0.0
0.0
0.0
0.0
0.0
0.0
0.0
0.0
0.0
0.0
0.0
2.66944
0.0
0.0
0.0
0.0
0.0
0.0
0.0
0.0
0.0
0.0
0.0
0.0
0.0
0.0
0.0
0.0
0.0
0.0
0.0
0.0
0.0
0.0
0.0
0.0
0.0
0.0
0.0
0.0
2.26069
0.0
3.73361
0.0
0.0
4.72994
0.0
0.0
0.0
0.0
0.0
0.0
0.0
0.0
0.0
0.461103
1.58027
0.0
0.0
0.0
0.909544
0.0
0.884857
0.0
0.0
0.0
0.0
0.0
0.0
0.0
0.0
0.0
0.0
0.0
0.0
0.0
0.0
0.0
0.0
0.0
0.0
0.0
0.0
0.0
0.0
0.0
0.0
0.0
1.39022
1.04514
0.0
0.0
1.05624
0.0
0.0
0.0
0.0
0.0
0.0
0.0
0.0
0.0
0.0
0.0
0.0
1.31339
0.0
1.5092
0.0
3.09494
0.0
0.0
0.0
0.0
0.0
0.0
0.0
0.0
0.0
0.0
0.704
1.33539
0.974658
0.0
0.0
0.0
3.56576
0.0
0.0
0.0
0.0
0.0
0.0
0.0
0.0
0.0
0.637599
0.0
0.0
0.0
0.0
0.0
0.810906
0.0
0.0
0.0
0.0
2.20301
0.0
0.0
0.156643
0.0
0.0
0.0
5.44791
0.0
3.42169
0.0
0.0
0.0
0.0
0.0
0.0
0.0
0.0
0.0
0.0
0.0
0.153875
0.0
0.0
0.0
0.0
0.0
0.0
0.0
0.0
0.0
0.0
0.0
0.0
0.0
0.0
0.0
1.3066
3.45598
0.0
0.0
0.0
0.0
0.0
0.0
0.0
0.0
0.0
0.0
0.0
0.0
0.0
0.0
2.45011
0.0
0.0
0.0243674
0.0
0.0
0.0
0.0
0.0
0.0
0.0
0.0
0.0
0.0
0.0
0.809672
0.0
2.67776
0.0
0.0
0.0
0.0
0.0
0.0
0.0
0.0
0.0
1.24142
0.0
0.0
0.0
0.0
0.0
0.0
0.0
0.713185
0.0
0.0
0.0
2.9006
0.0
0.0
0.0
0.0
0.0
0.319264
0.0
0.0
0.0
0.0
0.0
0.0
0.0
0.180781
0.0
0.0
0.0
2.1344
0.0
0.0
0.0
1.00305
0.0
0.0
0.0
5.22583
0.0
0.0
0.0
0.0
0.15455
0.0
0.0
0.0
0.0
0.0
0.0
0.0
0.0
0.0
0.0
2.54746
0.0
0.0
0.0
0.0
0.0
0.0
0.0
0.0
0.0
0.0
0.0
0.0
2.92644
0.0
0.868219
0.0
0.0
0.0
0.0
0.0
0.0
0.0
3.257
0.284615
0.0
0.0
0.0
0.0
0.0
0.0
1.27263
0.0
0.379612
0.0
0.0
0.0
0.0
0.0
0.0
0.0
0.0
0.0
0.0640377
0.0
0.0
0.0
0.0
0.0
0.0
0.0
0.0
0.0
0.0
0.0
0.0
0.0
0.0
0.0
0.0
0.0
0.0
0.0
0.0
0.403125
0.0
0.0
0.0
0.0
0.0
0.0
0.0
0.0
0.0
0.0
0.0
0.0
5.31738
0.0
0.0
0.0
0.0
0.0
0.903856
0.0
0.0
0.0
0.0
0.0
0.0
0.272564
0.0
0.0
0.0
0.0
0.0
0.0
0.0
0.0
0.0
0.0
0.0
0.0
0.319447
0.0
0.0
0.0
0.0
0.0
0.0
0.0
0.0
0.0
0.0
0.644478
1.8709
0.0
0.0
0.0
0.0
0.0
0.0
0.0
0.0
0.0
0.0
0.0
0.0
1.8387
0.0
0.0
0.0
0.0
0.0
0.0
0.0
0.0
0.0
3.93655
0.0
0.0
3.1695
0.0
2.36931
0.0
0.0
0.0
1.87347
2.16486
0.0
0.0
0.0
0.0
0.0
0.446043
0.0
0.0
0.0
1.01171
0.0
0.0
0.0
0.0127725
0.0
0.0
0.0
0.0
0.0
0.0
0.0
0.0
0.0
0.0
0.0
0.0
1.06415
0.0
0.0
0.0
0.0
0.451445
2.69066
0.0
0.0
0.0
0.0
0.0
0.92056
0.0
0.0
0.0
0.0
0.0
0.0
0.0
0.0
0.325543
0.0
0.0
0.0
0.0
0.0
0.0
0.0
0.0
0.0
0.0
0.0
0.0
0.151245
0.0
2.00934
0.0
0.0
0.0
0.0
0.0
0.0
1.3555
0.0
0.0
0.0
0.0
0.0
0.0
0.0
0.0
0.0
0.0
0.0
0.995039
0.0
0.0
0.0
2.00697
0.0
0.0
0.0
0.403204
0.0
0.0
0.0
0.0
0.0
2.03674
0.0
0.0
0.0
0.463501
0.0
0.52206
0.0
3.1704
0.0
0.0
0.0
0.0
0.0
0.0
0.0
0.0
0.0
0.0
0.0
0.0
0.0
0.0
0.0
0.0
0.0
0.0
0.0
0.0
0.0
0.0
0.0
0.0
0.0
0.0
0.0
0.0
0.0
0.0
0.0
0.0
0.0
0.0
0.0
0.0
0.0
0.0
0.0
0.0
0.0
0.0
0.0
0.0
2.8568
0.0
0.0
2.40632
0.0
0.0
0.0
0.342797
0.0
0.0
0.0
0.0
0.0
0.0
0.0
0.0
0.0
0.112464
0.543555
0.0
0.0
0.0
0.507865
0.0
0.861492
0.0
0.0
0.0
0.0
0.0
0.0
0.268036
0.0
0.0
0.0
0.0
0.0
3.3719
0.0
0.0
0.0
0.0
1.14335
0.0
0.0
0.0
0.754292
0.0
0.0
0.0
0.0
0.0
0.0
0.0
0.0
0.0
0.0
0.573265
0.0
0.0
1.93754
4.47181
0.0
0.0
0.0
0.0
0.0
2.06155
4.36957
0.0
0.0
0.0
0.0
0.0
0.0
0.0
0.0
0.0
0.0
0.0
0.0
0.0
0.0
0.0
0.0
0.0
0.0
0.0
0.0
0.0
0.0
0.0
0.0
0.0
0.0
1.83733
0.0
0.0
0.0
0.0
0.730888
0.0
0.0
0.0
3.35623
0.0
0.0
0.0
0.0
1.32102
0.0
1.46696
0.0
1.42357
0.0
0.0
0.0
0.0
0.0
0.0
0.0
0.0
0.0
0.0
0.0
0.0
0.0
0.0
0.0
0.0
0.0
0.0
0.0
0.0
0.0
0.0
0.0
0.0
0.0
0.0
0.0
0.0
0.0
0.0
0.0695735
0.0
0.0
4.12434
0.383402
0.0
0.0
0.0
0.0
0.0
0.0
0.616428
0.0
0.0
0.800022
0.0
0.0
0.0
2.52965
0.0
0.0
0.0
0.0
0.0
4.27109
2.22473
1.93182
2.12754
0.0
8.07233
4.5072
0.0
0.0
0.0
0.0
0.0
1.95142
0.0
0.0
1.84288
1.08687
3.08655
0.0
0.0
3.6844
0.0
0.119698
0.0
0.705823
0.0
0.0
0.0
1.10306
0.0
0.0
0.0
0.0
0.0
0.0
0.0
1.75473
4.90973
0.0
3.33702
0.0
0.0
0.0
0.0
0.0
0.0
0.0
0.0
0.0
3.61835
0.802232
0.0
0.0
0.0
0.797687
0.0569174
0.0
0.0
0.0
0.0
0.0
0.935347
0.0
0.0
0.0
0.0
0.0
0.0
0.0
0.0
0.0
0.0
0.0
4.48254
0.0
0.0
0.0
2.08206
2.98924
0.0
0.0
0.0
0.0
0.0
0.0
0.0
0.0
0.0
0.0
0.0
0.0
0.0
0.0
3.12166
0.0
0.0
0.0
0.0
0.0
0.0
0.0
0.0
0.0
0.909674
0.0
0.0
0.0
0.0
1.25533
0.0
0.0
0.0
0.0
0.0
0.0
0.0
0.0
0.0
0.0
0.0
0.0
0.0
1.58415
0.0
0.0
0.0
0.0
0.0
0.0
0.0686851
0.0
0.0
0.0
0.0
0.0
0.0
1.73011
0.0
0.0
0.0
0.0
4.00202
0.0
0.0
0.0
0.0
0.0
0.0
0.0
0.0
0.0
0.0
0.0
0.0
0.0
0.0
0.0
0.0
0.0
0.0
0.0
3.85958
0.0
0.0
0.0
0.0
0.374771
0.0
0.0
0.0
0.0
0.0
1.2854
0.0
0.0
0.0
0.0
0.0
0.0
0.0
0.0
0.0
0.0
0.0
0.0
0.0
0.0
0.0
0.2917
0.650868
0.0
0.0
1.11158
0.0
0.0
0.282279
0.0
0.0
0.0
0.0
0.0
4.46561
0.0
0.0
0.0
0.0
0.0
0.0
0.0
0.0
0.0
0.0
0.0
0.0
0.0
0.0
4.59445
0.0
0.0
0.0
0.0
4.20297
0.0
0.0
0.0
0.894076
0.0
0.0
0.0
0.0
0.0
0.0
0.0
0.0
0.0
0.0
0.0
0.0
0.0
0.0
0.0
0.0
1.79523
0.0
0.0
0.0
0.20992
0.0
0.0
0.0
0.188027
0.0
0.0
0.0
0.0
0.0
0.0
0.0
0.0
0.0
0.0
0.0
1.6211
2.50751
0.0
0.0
0.0
0.0
0.0
0.0
0.0
0.0
0.0
1.69106
0.0
0.0
0.0
4.04817
0.0
0.0
0.0
0.0
0.0
0.0
0.0
0.0
0.0
0.0
0.0
0.0
0.0
0.0
0.0
0.0
0.0
0.0
0.0
0.0
4.67383
0.0
0.0
1.07493
0.0
0.0
0.0
0.0
0.0
0.0
0.0
0.0
0.917669
0.0
0.0
0.0
2.24407
0.0
0.0
0.0
0.0
0.0
1.85795
0.0
0.0
1.66226
0.0
4.35098
0.0
0.0
0.0
0.575682
2.53453
2.76931
0.0
3.96429
0.0
0.752372
0.0
0.0
0.0
0.0
2.67619
0.0
0.0
0.0
0.0
0.0
0.0
0.0
0.0
0.0
0.0
0.0
0.0
0.0
0.0
0.0
2.24368
0.0
0.0
0.0
0.0
0.0
0.0
0.0
0.0
1.38025
0.0
0.0
0.0
0.0
0.0
3.7212
0.0
0.0
0.0
0.0
0.0
0.843237
0.0
0.0
0.0
0.0968536
0.0
2.28643
0.0
0.0
0.0
0.0
0.0
2.06299
0.0
0.0
0.0
0.0
0.0
0.0
0.0
0.0
0.0
0.123002
0.478554
0.0
3.10684
0.0
0.0
0.0
0.0
0.0
0.0
0.0
0.0
0.0
0.78827
0.59305
0.0
0.0
4.39979
0.0
0.0
0.0
0.0
0.0
0.0
0.0
0.412635
0.888626
0.0
2.96467
0.0
0.0
0.0
0.0
0.0
0.0
0.0
0.0
0.0
0.0
0.0
0.0
0.0
0.0
0.0
1.402
0.615596
0.0
0.0
1.32407
0.0
0.0
0.0
0.0
0.0
0.0
0.0
0.0
0.38098
3.00775
0.0
0.0
0.0
0.0
0.0
0.0
0.0
0.346679
0.923825
0.0
0.0
0.0
0.0
0.0
0.0
0.0
1.31629
0.0
0.0
0.0
0.0
0.0
0.0
0.0
0.0
0.0
0.0
0.0
0.0
0.0
0.0
0.0
0.0
0.0
0.0
0.0
0.0
0.749759
0.0
0.0
0.0
0.0
0.0
0.0
0.0
0.27711
0.0
0.0
0.0
0.0
0.0
0.0
0.0
0.0
0.0
0.361662
0.0
3.66885
0.0
0.0
0.0
0.0
0.0
0.0
0.0
0.0
0.0
0.0
0.0
0.0
0.0
0.0
2.54769
0.0
0.0
0.0
2.54579
0.0
0.927396
0.0
0.0
0.0
0.0
0.359212
0.0
0.0
0.0
0.451673
0.0
0.0
0.0
0.0
0.0
0.0
3.58701
0.0
0.0
0.0
0.0
0.0
0.0
0.0
4.34246
0.0
0.0
0.0
0.0
0.0
2.36577
0.0
0.0
0.0
0.0
1.34467
0.0
0.0
0.0
0.0
0.833677
0.0
0.0
0.0
3.31375
0.766926
0.0
0.0
0.0
1.64725
0.0
0.0
0.0
0.0
0.0
0.0
0.209346
0.0
0.0
0.0
0.0
0.0
0.0
0.0
0.0
0.0
0.0
0.0
0.0
0.0
0.0
0.0
0.0
0.0
0.0
0.0
0.0
0.0
0.0
0.0
0.0
0.0
0.0
0.0
0.0
0.0
0.0
0.0
0.0
0.0
0.0
0.0
4.50235
0.268646
0.0
0.0
0.0
0.0
0.0
0.0
0.0
0.0
0.0
0.0
0.0
0.0
0.0
1.09958
0.0
0.0
0.0
0.0
0.0
0.0
0.980888
0.0
0.0
0.0
0.0
0.0
0.0
0.0
0.0
0.0
0.0
0.0
0.0
0.0
0.0
0.0
0.0
0.0
0.0
0.808818
0.0
2.22655
0.0
0.0
0.0426777
4.04052
0.0
1.85817
0.0
0.0
0.0
0.0
0.0
0.0
0.0
0.0
0.0
0.0
0.0
2.81388
0.0
0.0
0.0
0.0
0.0
0.0
0.0
3.05477
0.0
0.0
0.0
0.0
0.0
0.996923
0.0
3.68505
5.55825
0.0
0.0
0.0
3.09302
0.0
0.0
0.0
1.05346
0.0
0.0
3.96792
0.0
0.0
0.0
0.0
0.0
0.0
0.0
0.0
0.0
0.0
0.0
0.0
4.82799
0.0
0.0
0.0
0.682205
0.0
0.0
0.0
0.0
0.0
0.0
0.0
2.393
0.0
0.0
6.57945
0.0
0.0
0.383082
0.0
0.0
0.0
0.0
0.0
3.27041
0.0
0.0
0.0
0.0
0.0
3.91745
0.0
0.0
0.0
1.70423
0.0
0.0
0.0
0.0
0.0
0.0
0.0
0.0
0.0
2.94323
0.0
0.0
0.0
0.0
0.0
0.0
0.0
1.15255
3.4177
0.0
0.0
0.0
0.0
0.0
2.55076
0.0
0.0
0.0
0.0
0.0
0.0
0.0
0.0
0.0
0.0
0.0
0.0
2.68543
0.303124
0.0
0.0460621
0.0851165
0.0
0.0
0.0
0.0
0.0
0.0
0.0
0.699907
0.0
0.0
0.0
0.0
0.0
0.0
0.0
0.0
0.0
0.0
0.0
0.0
0.0239978
0.0
0.0
0.0
0.0
0.0
0.0
0.0
0.0
0.0
0.0
0.0
0.0
0.0
0.0
0.0
0.0
0.0
0.353226
1.54168
0.73172
0.0
0.930705
0.0
0.0
1.10197
0.0
0.0
0.0
0.0
0.0
0.0
0.0
0.039069
0.617629
0.0
0.0
0.0
0.0
0.0
0.0
0.0
0.0
0.0
0.0
0.0
2.06729
6.72131
0.0
0.0
0.0
0.0
0.0
0.0
3.53429
0.0
0.0
0.0
0.0
0.0
0.0
0.0
0.0
0.0
1.0538
0.0
0.0
0.0
0.0
0.0
0.0
0.0
0.0
0.0
0.0
0.0
0.346862
0.0
0.0
0.0
0.0
0.0
0.0
0.0
0.0
0.0
0.0
0.0
0.0
0.0
0.0
0.0
0.0
0.0
0.136482
0.0
0.0
0.842024
4.39212
4.66813
0.0
0.0
0.0
0.0
0.0
0.0
0.0
1.34327
1.76641
0.0
0.398004
0.0
0.0
0.0
0.384172
1.27957
0.668517
0.0
0.0
0.0
0.0
0.0
0.0
3.67574
0.0
0.0
0.0
0.143628
0.0
0.0
0.0
0.0
0.0
0.0
0.0
0.0
0.0
0.0
0.0642698
0.0
0.0
0.0
0.0
0.0
0.235658
0.0
0.0
0.0
0.0
0.0
0.0
1.09309
0.0
0.0
0.0
0.0
0.0
0.0
2.27316
0.0
3.27764
0.0
0.0
0.0
0.0
0.0
0.0
0.0
0.0
0.0
0.0
0.0
0.0
0.0
0.0
5.05026
0.0
0.0
0.0
0.0
0.0
0.0
0.0
0.0
1.11459
3.97581
0.32185
0.0
0.0
0.0
0.0
0.322496
1.42292
0.0
0.0
0.0
0.47754
0.0
0.0
0.0
0.0
0.0
0.0
0.0
0.0
0.0
0.0
0.0
0.0
0.0
0.0
0.0
0.0
0.0
0.0
0.0
0.0
0.0
1.95955
0.0
0.0
0.0
0.0
0.0
0.0
0.0
0.0
0.0
0.0
0.0
0.0
0.0
0.0
0.0
0.0
0.0
0.0
0.0
1.22887
0.0
0.0
0.0
0.0
0.0
0.0
0.0
0.0
0.0
0.0
0.0
3.12562
0.0
0.0
0.70219
0.0
0.0
0.0
0.0
0.0
0.880443
1.36977
0.0
0.0
0.0
0.0
0.0
0.0
0.0
0.839721
0.0
0.0
0.0
0.0
0.0
0.0
0.463423
0.0
0.0
0.0
0.0
0.0
3.10126
0.0
0.0
0.0
0.0
0.348023
0.0
0.0
0.0
0.0
0.0
0.0
0.0
0.0
0.0
0.0
0.0
0.0
0.0
0.0
0.0
0.0
0.0
0.998198
0.0
1.88457
0.0
0.809641
0.0
0.0
0.0
0.0
0.0
0.0
0.0
0.763277
1.30901
0.0
0.0
0.0
0.0
0.0
0.0
0.0
0.0
0.0
0.0
0.0
0.0
0.0
0.0
0.0
1.52813
0.0
0.0
0.0
0.0
0.0
0.0
0.0
0.0
0.0
0.0
0.0
0.0
1.50985
0.0
0.0
2.13437
0.0
0.0
0.0
0.0
0.0
0.0103037
0.0
0.0
0.195615
0.0
0.0
0.0
0.0
0.0
0.0
0.0
0.0
0.0
0.0
0.0
0.0
0.0
0.0
0.0
0.0
0.0
0.0
0.0
0.0
0.0
2.26843
0.0
0.0
0.0
0.0
0.683163
0.0
0.0
0.0
0.0
0.0
0.0
0.0294973
0.0
0.0
0.0
0.0
0.0
0.0
0.0
0.0
0.0
0.0
0.0
0.155145
0.0
0.0
0.0
0.0
0.0
0.0
0.0
0.0
0.0
0.0
0.0
3.76299
0.0
0.0
0.0
0.0
0.0
0.0
0.0
0.0
0.0
0.0
0.0
0.0
0.0
0.0
0.0
0.0
0.349793
0.0
0.0
0.0
0.0
0.0
0.0
0.0
1.89016
0.0
0.0
0.0
0.0
0.0
2.56037
4.61391
0.0
0.0
0.0
0.0
0.0
0.0
0.0
0.0
0.0
0.0
0.0
3.22875
0.0
0.0
0.0
0.0101041
0.0
0.0
0.0
1.34449
0.268005
0.0
0.0
0.851808
0.0
0.0
0.0
0.0
0.0
2.29473
0.0
0.0
0.0
0.0
0.0
0.0684888
0.0
0.0
0.0
0.0
0.0
0.219672
0.313508
0.0
0.0
0.0
0.0
0.0
0.651123
3.56006
0.0
0.0
0.0880016
0.0
0.0
0.0
0.0
0.0
0.0
0.0
0.310126
0.0
2.23208
0.0
1.68014
0.0
0.0
2.78676
0.0
0.0
0.0
0.0
0.0
0.0
0.0
1.28892
0.0
0.0
0.0
0.0
0.0
0.0
0.0
0.0
0.0
0.0
0.0
0.0
1.94478
0.0
0.0
0.0
0.0
0.0
0.0
0.0
0.0
0.0
0.0
0.0
0.0
0.0
1.29115
0.0
0.0
0.0
0.0
0.0
0.0
1.76625
0.0
0.0
0.0
0.0
0.0
0.0
1.66527
0.0
0.82124
2.78552
0.0
0.0
0.0
2.4738
0.0
2.9896
0.0
0.0
0.00425597
0.0
0.0
0.0
0.0
0.0
0.0
0.0
1.15748
0.0
0.0
0.0
0.0
0.0
0.0
0.0
0.0
0.0
0.0
0.0
0.0
0.0
1.357
0.0
0.0
0.0
0.0
0.0
0.0
0.0
0.0
0.0
0.0
0.0
0.0
0.0
0.0
0.0
0.0
0.0
1.78812
0.0
0.0
0.0
0.0
1.27736
0.0
0.0
0.0
0.0
0.30502
0.0
0.0
0.0
0.0410271
0.0
0.0
0.0
0.0
0.0
0.0
0.0
0.0
0.0
0.0
0.0
0.0
0.0
0.0
0.0
0.0
0.0
0.575516
0.0
0.0
0.298048
0.0
0.0
0.0
0.0
0.0
0.0
0.0
1.08119
0.0
0.152065
0.0
0.0
0.0
0.0
0.0
0.0
0.589638
0.0
0.0
0.0
0.0
0.0
0.0
1.80893
0.0
0.0
0.0
0.0
0.0
2.18618
0.0
0.0
0.0
0.0
0.0
0.0
0.0
0.0
0.0
0.0
0.0
0.0
0.639137
0.0
0.0
0.0
0.0
5.00293
0.0
0.0
4.1981
0.0
0.0
0.0
0.0
0.0
0.0
2.18528
0.0
0.0
0.0
0.0
0.0
0.0
0.0
0.0
0.0
0.0
0.0
0.0
4.43844
0.0
0.0
0.0
0.0
0.0
0.0
0.0
0.0
1.22142
0.0
0.0
1.51098
0.0
0.0
0.0
0.0754971
4.8125
0.0
0.0
0.34519
0.0
0.0
0.0
0.0
0.0
0.0
0.0
0.0
0.0
0.0
0.0
0.0
0.0
0.0
0.0
0.0
0.0
0.0
0.0
0.0
0.0
3.50139
0.0
0.0
0.0
0.0
0.0
0.0
0.0
0.187668
0.0
0.0
0.0
0.0
0.0
0.0
0.0
0.0
0.0
0.0
1.20386
0.0
0.0
0.826008
0.0
0.0
0.0
0.0
0.0
0.0
0.0
0.0
0.0
0.0
0.0
0.0
0.0
0.0
0.0
1.55996
0.0
0.0
0.0
0.0
0.944238
1.12657
0.0
0.0
0.0
0.0
0.0
0.873362
0.0
0.0
0.0
0.0
0.0
0.0
0.0
0.0
0.0
0.0
0.811524
0.0
0.0
0.0
0.0
0.0
0.0
1.44882
0.0
0.0
0.0
0.0
0.0
0.0
0.0
0.579091
4.05902
0.0
1.40085
0.672503
0.0
0.0
0.91109
0.0
0.0
0.0
0.0
0.0
0.224597
0.0
0.0
0.0
0.0
0.0
0.0
0.0
2.59337
0.0
0.0
0.0
0.0
0.0
0.0
0.0
0.0
0.314279
3.4214
0.0
0.0
0.0
0.0
0.0
0.0
0.0
0.0
0.0466653
0.167887
0.0
0.0
0.0
0.0
0.0
0.0
3.39612
0.0
0.220539
0.0
0.0
2.27047
0.0
0.0
0.0
0.0
1.79024
0.0
0.0
0.0
0.0
0.0
0.0
0.0
0.0
0.0
1.64751
0.0
0.0
0.0
0.0
0.0
3.77502
0.0
0.0
0.0
0.0
1.17376
0.0
0.0
0.32681
0.0
1.16019
0.0
0.0
0.0
0.0
4.41878
0.0
0.0
0.0
0.0
0.0
0.0
0.0
0.762483
0.0
0.0
0.0
0.0
3.56928
0.0
0.0
0.0
0.0
0.0
0.0
0.0
0.0
0.0
0.0
0.0
0.0
0.0
0.0
0.0
0.0
0.0
0.0
0.0
0.0
0.0
0.0
0.0
0.0
0.0
0.0
0.0
2.28249
0.286684
0.0
0.0
0.0
0.0
0.807491
0.0
0.0
0.0
0.0
0.0
0.0
0.0
0.98908
0.0
0.0
0.0
0.432848
0.0
2.74456
0.0
0.0
0.0
0.0
0.0
0.0
0.709606
0.0
0.0
0.0
0.749331
0.742284
0.0
0.0
0.0
0.0
0.0
2.94625
0.0
0.0
0.663497
0.0
0.0
0.0
0.0
0.0
0.0
0.0
0.0
0.0
0.965021
1.52004
0.0
0.0
0.0
0.0
0.0
0.0
0.0
0.0
0.0
0.0
0.0
0.0
0.09861
0.0
0.0
0.0
1.39686
0.560453
1.38087
0.0
2.41083
0.0
3.42316
0.0
0.0
3.54839
0.0
0.76735
0.0
0.0
0.0
0.0
0.0
0.952045
1.18361
0.0
0.0
0.0
0.0
0.0
0.727362
0.0
0.0
0.0
0.0
0.0
0.178077
0.0
0.0
0.0
0.0
0.0
0.0
0.0
0.0
0.0
0.0
1.80503
0.0
0.0
0.0
0.0
0.0
0.0
0.0
0.216279
0.0
3.14017
1.24053
0.0
2.60521
0.0
0.0
0.0
3.69455
0.0
0.00138468
0.0
0.0
2.21289
2.16735
0.872722
0.0
0.0
0.0
0.0
0.0
0.0
0.0
0.0
4.44135
0.0
0.0
0.0
0.0
0.0
0.225329
2.82053
0.0
0.0
0.0
0.0
0.0
2.49496
0.0
0.0
0.0
0.0
0.0
0.0
0.411716
0.0
0.0
0.0
0.0
0.0
0.0
0.0
0.0
0.0
0.0
0.0
0.0
0.0
2.2841
0.0
0.0
0.0
0.0
3.20234
0.0
0.0
0.0
0.0
0.0
0.0
0.0
0.0
0.0
0.0
1.73846
0.0
0.0
0.0
0.0
0.0
0.0
0.0
0.0
0.0
0.0
0.0
0.0
0.0
0.0
0.0
2.31209
0.0
0.0
0.0
0.0
0.0
0.0
0.0
0.0
0.0
3.0936
0.0
0.0
0.692477
0.0
0.0
0.0
1.15901
0.0
2.09907
0.0
1.54761
0.0
0.0
0.0
0.269895
0.0
0.0
1.93783
0.0
0.0
0.0
0.0560661
0.0
0.0
0.0
0.0
0.0
0.0
0.0
2.03118
0.0
0.0
0.0
0.0
0.0
0.0
3.53878
0.0
0.0
0.0
0.0
0.0
0.0
0.0
0.0
0.0
0.0
0.0
0.0
0.0
0.0
0.0
0.0
0.442189
2.90756
0.0
0.0
0.0
0.0
0.0
0.0
1.62903
0.0
0.0
0.0
0.0
0.0
0.0
0.0
0.0
0.0
0.0
0.0
0.0
0.0
0.0
0.0
0.0
0.0
0.0
0.661447
0.0
0.0
