0.0
0.0
1.6736
0.0
0.131012
0.0
0.0
0.0
0.0
0.0
0.0
0.30658
0.0
0.0
0.0
0.0
0.0
1.1035
0.0
0.0
0.0
0.0
0.0
0.0
0.0
0.0
0.0
0.0
0.00480402
0.0
0.0
1.00071
0.0
3.50273
0.0
0.0
0.0
0.0
0.0
0.0
0.0
0.0
0.798623
0.0
0.0
1.48365
0.0
0.147249
0.0
0.573028
0.0
0.0
0.0
0.0
0.0
0.0
0.0
0.0
0.0
0.0
0.107638
0.0
0.0
0.221621
0.0
0.0
0.0
0.0
0.572609
0.0
0.0
0.0
0.0
0.0
0.0
0.0
0.0
0.488165
0.701241
0.0
0.187044
0.0
0.0
0.0
0.0
0.0
0.0
2.06324
0.0
0.0
0.0
0.0
0.0
0.0
0.0
0.0
0.0
0.0
1.26706
0.0
0.0
0.0
0.0250052
0.0
0.0
0.0
0.141803
0.0
0.0
0.0
0.0
0.0
0.0
2.03062
0.0
0.0
0.0
3.93635
0.839853
0.0
0.0
0.0
0.0
0.0
0.201463
0.0
0.0
2.9099
0.0
0.0
0.0
0.489703
0.0
0.0
0.0
0.0
0.0
0.0
0.0235116
0.0
0.0
0.0
0.0
0.0
0.0
0.0
0.262025
0.0
0.0
0.0
0.0
0.0
0.0
0.0
0.0
0.0
0.0
0.0
0.0
0.0
1.40859
0.0
0.0
0.0
0.0
0.0
0.0
0.0
0.283479
2.54051
0.0
0.0
0.0
0.0
0.0
0.0
0.0
0.0
1.15155
0.0
3.30331
0.0
0.0
0.0
0.0
0.0
0.0
0.0
0.0
0.0
0.0
0.0
1.42497
3.06184
0.0
0.0
0.0
0.0
0.0
4.55128
0.0
1.1381
0.0
0.0
0.0
0.0
0.0
0.0
0.0
0.0
0.0
0.0
0.0
0.0
0.0
0.267426
0.0
0.0
0.0
0.154398
0.0
0.599525
0.0
0.0
0.0
0.0
0.0
0.543799
0.0
0.0
0.0
0.0
0.0
0.0
0.0
0.0
0.0
0.0
0.0
0.0
0.0
0.202838
0.0
1.88911
0.0
0.0
0.0
3.49993
0.0
0.0
2.61559
0.0
0.0
0.0
0.0
0.0
0.0
0.0
0.0
0.0
0.0
0.0
1.59714
0.0
0.0
0.0
0.0
0.0
0.0
1.13221
0.0
0.0
0.944248
0.0
0.0
0.0
0.51437
0.0
0.0
0.0
0.0
0.643232
2.02855
3.67131
0.0
0.0
0.0
1.43288
0.0
0.0
0.0
0.0
0.0
0.0
0.0
0.0
0.0
0.0
0.0
0.322579
0.0
3.03799
2.17795
0.0
0.0
3.49078
0.0
0.0
0.484677
1.40699
0.0949153
0.0
0.0
0.429524
0.0
0.0
0.0
0.0
0.0
0.0
0.0
0.0
0.0
0.0
0.0
0.0
1.1878
0.0
0.0
0.0
0.0
0.0
0.0
0.0
0.0
0.0
0.0
0.0
0.0
0.0
0.0
0.0
0.0
0.0
0.0
0.0
1.7149
0.0
1.94523
0.0
0.0
0.0
0.0
0.0
0.0
0.0
0.0
0.0
0.0
2.86655
0.0
0.0
0.0
0.0
0.0
0.0
0.0
0.0
0.0
0.0
0.0
0.0
0.0
0.0
0.0
0.0
0.0
0.0
0.0
0.0
0.0
0.0
0.600638
0.356798
0.0
0.0
0.0
2.43701
0.0
1.30651
0.0
0.0
0.0
1.71472
0.0
3.43441
1.00131
0.0
0.0
0.0
0.0
0.0
0.0
0.0
0.0
0.0
0.0
0.0
0.0
0.0
0.0
0.0
0.0
0.0
0.0
0.0
0.0
0.0
0.0
1.89051
0.0
0.0
1.68456
0.0
0.0
0.0
0.0
0.0
0.0
1.07782
0.991465
0.0
0.0
0.0
0.0
0.0
0.0
0.0
1.95868
0.0
0.0
0.0
0.0
0.0
0.87704
0.0
0.0
0.0
3.37175
0.47676
0.0
0.0
0.0
2.665
0.0
0.0
0.0
0.0
0.0
1.78511
0.0
0.0
0.0
0.0
0.362778
0.0
0.0
0.0
1.06878
4.29482
0.0
0.0
0.0
0.0
0.0
0.0
0.0
0.0
1.05415
0.0
0.14501
0.0
0.0
2.16084
0.0
0.0
0.0
0.0
0.0
0.0
0.0
0.0
0.0
0.0
0.0
0.302937
1.79428
3.36625
0.0
0.450957
0.0
0.0
0.0
0.0
0.0
0.0
0.0
0.0
0.0
0.631884
0.0
0.0
0.0
0.0
0.0
0.0
0.0
0.0
0.0
0.0
0.0
0.0
0.0
2.46209
0.0
0.158818
0.0
0.0
0.0
0.0
0.0
0.0
0.819624
2.07091
0.0
0.0
0.0
0.0
0.0
0.0
0.0
0.0
0.0
0.0
0.0
0.0
0.0
0.0
0.0
0.0
0.0
0.0677048
0.0
0.0
0.0
0.0
0.0
0.0
0.0
0.0
0.0
0.0
0.0
0.954233
0.0470555
0.0
0.544858
0.0
0.0
0.0
0.0
0.0
0.0
0.0
0.0
0.0
0.0
0.0
0.0
0.0
0.0
0.0
0.0
0.576095
0.172777
0.0
1.04364
0.0
0.0
0.0
0.0
2.43822
0.0
0.0
0.0
0.0
0.0
0.0
0.0
0.0
0.0
0.0
0.0
0.0
2.31801
0.0
0.0
0.0
0.169233
0.0
0.455031
0.0
0.0
0.0
0.0
2.00905
0.0
0.0
0.0
0.326678
0.71961
0.0
0.0
0.0
1.03265
0.0
0.0
0.0
0.0
0.0
0.0
0.0
0.0
0.0
0.0
0.0
0.0
0.0
0.0
0.0
0.0
0.0
0.0
0.0
0.0
0.0
0.0
0.0
0.186127
0.0
0.0
0.55424
0.0
0.0
0.0
0.0
0.0
3.15866
0.0
0.0
0.707958
1.12781
0.0
0.0
0.0
0.336233
0.0
0.0
0.0
0.0
0.0
0.0
0.0
0.0
0.786389
0.0
1.63293
0.0
0.0
0.0
0.0
0.0
0.0
0.0
0.0
0.0
0.0
0.0
0.0
0.0
0.0
0.0
0.0
0.0
0.0
0.0
0.0
0.0
0.0
0.0
0.0
0.0338314
0.0
0.988914
0.0
0.0
0.0
0.0
0.0
0.0
0.0
0.0
0.0
0.0
0.0
0.0
0.0
0.891412
0.0
0.0
0.0
0.0
0.0
0.0
0.0
0.0
0.0
0.0
3.45544
0.0
0.0
0.302349
0.0
0.0
3.52932
0.768223
0.0
0.0
2.03015
0.0
0.0
0.0
0.0
0.0
0.0
0.0
0.0
0.0
0.0
0.0
0.63681
0.0996478
0.0
0.0
0.0
0.0
0.0
0.777803
0.0
0.0
0.95974
0.582637
0.0
0.0
0.0
0.0
0.0
0.0
0.0
0.0
0.0
0.0
0.0
0.418829
0.0
0.0
0.0
0.0
0.0
1.58303
0.0
0.0
0.0
0.0
0.0
0.0
0.262011
0.0
0.0
0.0
0.0
1.17473
0.0
0.0
0.0
0.0
4.87918
0.0
0.0
0.0
0.903831
0.0
0.134485
0.0
0.0
0.0
0.69104
0.0
0.0
0.0
0.0
0.0
0.0
0.0
0.343263
0.0
0.663968
0.0
0.0
0.0
0.0
0.0
0.0
0.0
0.0
1.17563
0.0
0.0
0.730007
0.0
0.0
0.0
0.0
0.0
0.0
0.0
0.0
0.0
0.0
0.0
0.513983
0.0
1.664
0.0
3.28333
2.04818
0.0
0.142257
1.3246
0.0
0.0
0.0
3.87013
0.0
0.0
0.0
0.0
0.0
0.0
0.0
2.3956
0.0
0.0
0.0
0.0
0.0
0.0
1.55096
0.0
0.0
1.10769
0.0
0.863914
0.0
0.0
0.0
0.152491
0.0
3.20597
0.0
0.0
0.0
0.0
0.0
0.0
0.0
0.0
0.0
0.0
0.0
0.523542
0.0
0.958348
0.0
0.0
0.0
0.0
0.0
0.0
0.0
0.0
0.0
0.0
0.0
0.0
0.0
0.0
0.0
2.64088
0.0
0.0
0.0
0.0
0.0
0.0
0.0
0.0
0.0
0.521726
0.0
0.0
0.0
0.0
0.114999
0.0
0.0
0.0
0.0
0.0
0.0
0.0
0.0
0.0
0.0
0.0
0.0
0.0
0.0
0.0
0.0
0.0
0.0
0.434421
1.0666
0.0
0.0
0.0
0.0
0.0
2.12259
0.0
0.0
0.0
0.0
0.0
0.0
0.0
0.0
0.0
0.0
0.0
0.0
0.0
0.00237647
0.0
0.0
0.0
1.78774
0.846134
0.483439
0.673859
0.0
0.0
0.0
0.0
0.0
0.0
0.0
0.0
0.0
0.0
0.0
0.0
0.0
0.0
2.22115
0.0
0.0
0.0
0.0
0.0
0.0
0.0
0.0
0.0
0.0
0.0
0.0
0.0
0.0
0.0
0.0
0.0
0.0
0.0
0.0
0.0
0.0
0.0
0.0
0.0
0.0
0.0
0.0
0.842771
0.0
0.0
0.0
0.0
0.64692
0.0
0.0
0.0
0.0
0.0
0.0
0.0
0.0
1.89561
0.0
1.00543
0.0
0.0
0.0
1.76542
0.513013
0.0
0.0
0.0
0.0
0.111926
0.0
0.0
0.0362014
0.0
0.0
0.0
0.0
0.0
0.0
0.0
0.0
0.210166
0.0
1.08137
0.0
0.0
0.0
0.0432033
0.0
0.0
0.0
0.0
0.0341874
0.0
0.0
0.0
0.0
0.287875
0.0
0.0
0.0
0.0
3.64617
0.207611
0.0
0.0
0.0
0.0
0.180573
0.45954
0.0
0.0
0.0
0.0
0.0
0.0
0.945953
0.0
0.0
0.0
0.0
1.1886
0.431182
0.0
0.0
0.0
1.15206
0.0
0.0
0.0
0.0
1.45103
0.0
1.12382
0.0
0.0
0.0
0.0
0.0
0.0
0.0
0.659735
0.0
0.0
0.0
0.0
0.0
2.62124
0.0
0.0
0.0
0.0
0.0
0.0
0.0
0.927827
2.62434
1.05825
0.0
0.0
0.0
0.0
0.0
0.0
5.13051
0.0
0.0
0.0
0.0
0.0
1.18271
0.0
0.0
0.0
0.0
0.0
0.0
0.0
1.19166
0.0
0.0
0.0
0.0
2.92683
0.0
0.0
0.0
0.0
0.0
0.0
0.0
0.301161
0.0
1.41366
0.0
0.0
1.53823
0.0
0.0
0.0
0.0
0.590917
0.0
0.0
0.0
0.0
0.0
0.0
0.0
0.233911
1.01726
0.0
0.0
0.0
0.0
0.0
0.0
0.754808
0.0
0.0
0.0
0.0
0.0
0.0
0.0
0.0
0.0
0.336713
0.0
0.0
0.0
1.36737
0.0
0.0
0.0
0.0
0.0
0.0
0.0
0.0
0.0
0.0
0.0
0.684053
0.0
0.043319
0.0
0.701357
3.34084
0.0
0.817448
0.0
0.0
1.04555
2.36422
0.0
0.0
0.0
0.632473
0.0
0.0
0.661929
4.20998
0.0
1.39649
0.0
0.0
0.177437
0.0
0.0
0.0
0.0
0.0
0.0
1.12535
0.0
0.0
0.0
0.0
0.0
0.0
0.0
0.11212
0.0
0.0
0.0
0.0
1.93043
0.0
0.495092
0.0
0.0
0.0
0.0
0.0
0.0
0.0
0.0
0.0
0.0
0.0
0.0
0.0
0.0
0.0
0.557631
2.42602
0.0
0.0
0.0
0.0
0.0
0.0
0.0
0.0
0.0
0.0
0.0
0.0
0.0
4.51692
0.0
0.0
2.83262
0.0
0.0
0.0
0.0
0.0
0.0
0.0
0.0
0.0
0.0
0.0
3.22894
0.0
0.0
1.0809
0.0
0.0
0.0
0.0
0.0
0.0
0.0
0.0
0.0
0.0
0.0
0.0
0.0
0.0
0.0
0.0
0.0
0.0
0.0
0.0
0.0
0.0
0.0
0.0
0.0
0.82436
0.0
0.0
3.00547
0.0
0.0
0.0
0.0
0.0
0.0
0.0
0.292266
0.0
0.0
0.0
0.0
0.0
0.0
0.0
0.0
0.0
0.0
0.0
0.785116
0.0
0.0
0.0
0.0
0.0
0.0
0.0
0.0
0.0
0.0
0.0
0.0
0.0
0.0
0.0
0.0
1.59684
0.0
0.0
0.0
4.0892
0.0
0.0
0.0
0.0
1.15714
0.0
0.0
0.537157
0.0
0.0
0.0
0.0
0.0
0.0
0.0
0.0
0.673463
0.0
0.0
0.0
0.0
0.0
0.917431
1.23134
0.0
0.858071
0.0
0.0
3.22098
0.0
0.0
0.0
0.0
0.0
0.0
0.0
0.0
0.0
0.0
0.643046
0.0
0.0
1.15933
0.0
0.0
0.0
0.0
0.0
0.0
0.0
0.0
0.0
1.84596
0.0
0.869199
0.0
0.0
0.0
0.0
0.277704
0.0
1.99647
0.0
0.0
0.0
0.0
0.0
0.0
0.0
4.12294
0.0
0.0
0.0
0.0
0.0
0.0
0.0
0.0
0.0
0.0
0.0
0.0
0.0
0.0
0.0
0.0
1.18298
0.0
0.0
0.0
0.468103
0.0
0.0
0.0
0.0
0.0
0.508954
0.0
0.0
0.0
0.0
0.0
0.0
0.0
0.0
0.0
0.0
0.0
0.0
0.0
0.0
0.0
0.0
0.0
1.48324
0.0
0.19909
0.0
0.0
0.0
0.0
0.0
0.0
0.708239
0.0
2.29034
0.902508
1.38856
0.0
0.0
0.0545836
0.0
0.0
0.0
0.995571
0.0
1.88906
0.0
0.0
0.0
0.0
0.0
0.0
0.0
0.0
0.0
0.0
1.48484
0.0
0.0
1.18727
0.0
0.0
0.386918
0.0
0.0
0.0
0.0
0.0
0.0
0.0
0.0
0.0
1.22718
0.0
0.721871
0.0
0.0
0.0
0.281496
0.0
0.0
0.0
0.0339039
0.0
0.0
0.0
0.0
0.595584
0.0
0.0
3.07312
0.212211
0.0632857
0.0
0.0
0.0
0.0
0.0
0.0
2.96276
0.0
0.0
0.0
0.0
0.0
0.0
0.0
0.0
0.0
0.0
0.0
0.0
0.0
0.0
0.0
0.0
0.0
0.0
0.0
0.0
0.0
0.0
0.0
0.0
0.0
0.0
0.0
0.524636
0.115417
0.0
0.0
1.53905
0.0
0.0
0.0
0.0
0.0
0.0
0.0
0.0
0.0
0.0
0.0
0.0
0.0
0.0
0.0
0.0
0.0
1.87604
1.59783
0.0
0.0
0.0
0.0
0.0
0.0
0.0
0.0
0.0
0.0
0.0
0.0
0.0
1.37991
0.249467
0.0
0.251405
0.0
0.0
0.0
0.0
0.0
0.220539
2.16917
0.0
0.0
0.0
0.0
0.0
0.0
0.0
0.0
0.0
0.0
0.0
0.0
1.27292
0.0
0.0
0.0
0.0
1.28838
0.0
0.0
1.82179
0.115142
0.0
0.404916
0.0
2.7499
0.0
2.49964
0.0
0.0
0.0
0.376955
0.476357
0.0
0.0
0.0
0.0
0.0
0.0
0.0
0.0
0.0
0.892922
0.0
0.0
0.0
0.0
0.0
0.0
0.0
0.0
0.0
0.994408
0.0
0.0
0.0
0.0
0.0
0.0
0.105011
0.0
0.0
0.0
0.0
0.0
2.9166
0.0
0.0
0.669187
0.0
0.0
0.0
0.659518
0.0
0.0
0.0
0.0
0.0
0.0
0.0
0.614444
0.0
0.197745
0.0
0.0
0.0
0.0
2.0709
0.237397
0.149963
0.0
0.0
0.0
0.0
0.0
0.690228
0.0
0.0
1.98095
0.0
0.0
0.0
0.0
0.0
0.0
0.0
0.0
0.0
0.0
0.0
0.0
0.0
0.0
0.0
2.79551
0.0
0.0
0.0
0.0
0.49517
1.90358
0.0
0.0
0.0
0.0
0.0
0.0
0.0
0.0
0.0
0.0
0.0
0.586782
0.536945
0.811085
0.0
0.0
0.0
0.0
0.0
0.0
0.0
0.0
0.0
0.0
0.0
0.0
0.0
0.0
0.0
0.0
0.0
0.0
0.0
0.0
0.0
0.0
0.0
0.0
0.108124
0.0
0.0
0.0
0.0
0.0
0.0
0.0
0.0
4.07623
0.0
0.898899
0.0
0.530465
0.0
0.0
0.0
0.0
1.72536
0.0
0.0
3.85668
2.05179
0.0
0.0
0.0
0.0
0.0
0.0
0.0
0.0
0.0
0.0298735
0.0
0.0
0.0
0.0
0.0
0.0
0.0
0.0
0.0
0.0
0.0
0.0
0.0
0.0
0.0
0.0
0.0
0.0
0.0
0.0
2.18977
0.0
0.0
0.0
0.0
0.0
0.490739
0.0
1.45385
0.0
0.0
0.0655048
0.0
0.0
2.44744
0.0
0.0
0.0
0.0
0.0
0.0
0.0
0.0
0.0
0.0
0.0
0.0
0.0
0.0
0.297223
2.13745
0.0
0.0
0.0
0.0
0.0
0.0
0.173466
0.0
0.0
0.0
0.0
0.0
1.1557
0.0
1.76054
0.0
0.0
0.0
0.0
0.0
0.0
0.0
0.0
0.0
0.0
0.0
0.0
0.0
0.776237
0.0
0.0
0.0
0.0
0.0
0.0
0.0
0.0
0.0
0.837592
0.0
0.0
0.0
0.455573
0.0
1.66462
0.0
0.0
0.807873
0.0
0.572925
0.0
0.0
0.235943
0.0
0.00763062
0.0
0.0
0.0
0.0
0.0
0.0
0.0
0.0
0.0
0.0
0.0
0.0
0.0
0.0
0.345498
0.0
0.0
0.0
0.0
0.0
0.0
0.0
0.0
0.0
0.0
0.0748831
0.0
0.0
2.61081
0.0
3.48322
0.516757
0.0
0.0
0.0
0.0
0.0
0.0
0.0
0.0
0.49734
0.0
0.0
0.498801
0.0
0.0
0.0
0.0
0.0912275
0.0
0.0
3.56235
0.0
0.911165
0.0
0.0
0.231259
0.439801
0.0
0.0
0.0
0.0
1.7396
1.21047
0.169262
0.0
0.0
0.0
0.0
0.0
0.0
0.0
0.0
1.6319
0.0
0.0
0.386121
0.0
0.0
0.0
0.0
0.0
0.0
0.0
0.0
0.0
0.0
1.26205
0.0
0.0
0.548958
0.0
0.0
0.0
0.235391
0.0
0.0
0.0
0.0
0.0
5.52316
0.0
0.0
0.0
0.0
0.0
0.0
0.0
0.0
0.0
0.0
0.0
0.0
2.35566
0.0
0.0
0.0
0.0
0.0
0.0
0.0
0.0
0.0
0.647982
0.86948
0.133671
0.0
0.0
0.0
3.90307
0.0
0.0
0.0
0.0
0.0
0.0
0.0
3.26685
0.0
0.0
0.0
0.0
0.0
0.0
3.51778
0.0
0.0
0.0
0.0
0.0
4.19433
0.0
0.0
0.0
0.0
0.0
0.0
0.0
0.0
0.0
0.0
0.0
0.0
0.0
0.0
0.0
3.90859
0.0
0.0
0.0
0.0
0.0
0.0
2.27054
0.0
0.0154318
0.0
0.0
0.0
1.4926
0.0
0.0
0.292354
0.0
2.49287
0.0
0.0
0.0
0.213826
0.0
0.554851
0.0
3.28866
0.0
2.47507
0.0
0.0
0.0
0.0
0.0
0.0
0.0
0.0
0.0
0.0
0.0
0.0
0.0
0.0
0.0
0.0
0.0
0.97582
0.0
0.0
0.130692
0.0
0.0
0.0
0.0
0.0
0.0
0.0
1.72801
0.579196
0.0
0.0
4.94342
0.0
0.0
0.0
0.0
0.0
0.0
0.0
0.0
0.0
0.0
0.0
1.33769
0.0
0.0
0.0
0.0
0.0
0.0
1.26638
0.0
0.0
0.0
2.03093
0.0
0.0
0.0
0.0
1.18144
0.0
0.0
0.0
0.0
0.0
0.0
0.0
0.0
0.0
0.0
0.632926
2.36766
0.0
0.0
0.0
0.0
1.13896
0.0
0.0
0.0
0.0
0.0
0.0
0.0
0.0
0.0
0.0
0.0
0.0
0.0
0.0
0.0
0.0
2.10686
0.0
0.0
0.0
0.809732
0.0
0.0
0.699469
0.686214
0.0
0.0
0.0
0.0
0.0
0.0
0.0
0.0
0.0
0.0
0.0
0.0
0.0
0.0
0.0
0.0
2.78218
0.0
0.0
0.0
0.0
1.01162
0.0
0.0
0.0
0.0
0.0
0.0
0.763144
0.0
4.69223
0.0
0.0
0.0
0.0
0.0
0.0
0.0
0.0
0.0
0.0
0.0
0.0
0.0
0.0
0.0
0.0
0.0
0.0
0.0
0.0
2.93764
0.0
0.0
0.486896
0.0
3.28524
0.0
0.0
0.0
0.0
0.0
0.0
1.45269
0.0
0.0
0.0
2.24721
0.0
0.0
0.0
0.0
0.0
0.0
0.0
1.24358
0.0
0.0
0.0
0.0
0.0
0.0
0.0
0.0
4.34158
0.0
0.0
0.0
0.6833
2.04255
0.0
0.381435
0.0
2.01297
0.0
0.0
0.0
0.0
0.0
0.0
0.0
0.0
0.0
0.0
1.2909
0.0
0.0
0.0
0.0
1.38351
0.0
0.0
0.0
0.0
0.0
0.0
0.0
0.0
0.0
0.0
0.0
0.0
0.467478
0.0
1.6057
0.0
0.0
0.0
0.0
0.0
0.0
0.0
0.0
0.0
1.20417
0.0
0.0
0.044618
0.0
0.0
1.3422
0.0
0.0
0.0
0.0
0.0
0.0
0.0
0.0
0.0
0.0
0.0
3.7862
0.514297
0.0
3.06528
0.0
0.0
0.0
0.0
0.0
0.0
0.0
1.51369
0.0
0.0
0.0
0.0
0.0
0.0
0.0
0.0
0.0
0.0
0.0
0.0
0.0
0.568064
2.98639
0.0
0.0
0.0
0.0
0.0
0.0
0.0
0.0
0.0
0.0
0.0
0.0
0.0
0.0
0.0
0.0
1.94197
0.0
0.446764
0.0
0.0
0.0
0.0
0.0
0.239653
0.0
0.0
0.0
1.25867
1.38862
0.0
0.0
0.0
0.0
0.0
0.0
0.0
0.0
0.0
0.679574
3.78689
0.0
0.0
0.0
0.0
0.0
0.0
0.0
1.59744
0.0
0.0
1.45967
0.631197
0.0
0.0
0.0
0.0
0.669306
0.0
0.0
0.0
0.0
0.0
0.0
0.0
0.0
0.0
0.0
0.0
0.0
0.0
0.0
0.0
0.796749
0.0
0.0
0.0
0.0
0.149985
0.0
0.0
0.0
0.0
0.0
0.0
0.0
0.0
0.0
0.0
2.16734
0.0
0.0
0.0
0.0
0.0
0.0
0.0
0.0
0.0
0.0
0.0
0.0
0.0
0.430324
0.0
0.0
0.0
0.0
0.533454
0.0
0.41675
0.0
0.0
0.0
0.0
0.0
0.0
0.0
0.0
0.869032
0.0
0.0
0.0
0.0
0.0
0.0
0.177277
0.0
0.0
0.449326
0.0
0.0
0.0
0.0
1.43904
0.0
0.0
0.0
0.0
0.0
0.0
0.0
0.0
0.0
0.0
0.0
0.0
0.0
0.0
0.0
0.0404378
0.0
0.0
0.0
1.6393
0.612987
0.0
0.0
0.0
0.0
0.0
0.0
0.0
0.0
0.0102835
0.0
0.0
0.0
0.0
0.0225442
0.0
0.0
0.0
0.0
0.0
0.0
0.0
0.0
0.0
0.0
0.0
0.0
0.0
0.0
1.88589
1.94575
0.0
0.0
0.0
0.0
2.19528
0.0
0.0
0.0
0.0
0.0
0.0
0.0
0.0
0.0
0.0
0.0
0.0
0.0
0.0
0.0
0.728253
0.0
0.0
0.0
0.0
0.0
0.441708
0.0
0.278228
1.96657
0.0
0.0
0.0
0.0
0.0
0.0
0.0
0.0
0.0
1.55701
0.0
0.0
0.0
0.0
0.0
0.0
0.0
0.0
0.0
0.0
0.326109
0.0
0.0
0.0
0.0
0.0
0.0
0.751123
0.0
1.19931
0.0
0.0
0.58123
0.0
0.0
1.97469
0.0
0.0
0.0
0.0
0.0
0.0
2.15166
0.0
0.0
0.0
0.0
0.478378
0.0
2.26159
0.0
0.0
0.0
0.0
0.0
0.0
0.0
0.0
0.0
0.0
0.254037
0.0
0.0
1.50043
2.35254
0.0
0.0
0.0
3.84158
0.0
0.0
0.0
0.0
0.0
0.0
1.92252
0.0
0.0
0.0
0.0
0.0
0.0
0.0
0.0
0.0
0.0
0.0
0.0
1.5987
0.0
0.0
0.416885
0.0
0.0
0.0
0.0
0.0
0.0
0.0
0.0
0.0
0.0
0.0
0.842312
0.0
0.0
0.0
0.0
0.0
0.491168
0.0
0.0
0.923574
0.538596
0.0
0.0
0.0
0.0
0.0
0.0
0.0
0.0
1.44436
0.0
0.0
0.0
0.0
0.0
0.0
0.0
0.0
0.0
1.88303
0.0
0.5148
0.0
0.43602
0.0
0.0
0.0
0.0468348
2.39354
0.0
0.0
1.37875
0.0
0.0
0.0
0.0
0.0
0.649715
0.0
0.0
0.0
0.0
0.0
0.0
0.0
0.0
0.0
0.0198532
0.0
0.0
0.0
0.0
0.0
0.0
0.0
0.0
0.0
0.0
0.0
3.58925
0.0
0.0
0.0
0.0
0.0
0.0
0.0
0.0
0.0
0.0
2.47116
0.0
0.0
0.0
0.0
0.0
0.227081
0.0
1.90737
0.0
0.0
0.0
2.07499
0.0
0.0
0.0
0.0
0.0
0.0
0.0
0.980354
0.322033
0.0
0.0
0.0
0.0
0.0
2.70226
0.0
0.411015
0.296892
0.0
0.0
0.0
0.0
2.48339
1.72564
0.0
0.0
0.402643
0.0
0.0
1.97773
0.0
0.0
0.0
0.0
0.237686
1.56393
2.75327
0.0
0.0
0.0
0.0
0.0
0.0
0.210661
0.0
0.0
0.0
0.0
0.0
0.0
0.0
0.0
0.0
0.0
0.0
0.0
0.0
0.0
0.555605
0.0
0.0
0.0
0.0
0.0
0.0
1.03962
0.0
0.0
0.0
0.0
0.0
0.0
0.0
1.99559
0.0
0.0
0.0
0.0
0.0
0.0
0.0
0.0
0.0
0.894665
0.0
0.0
0.0
3.58164
0.886481
0.154844
0.0
0.0
0.0
0.0
0.0
1.2279
0.0
0.0
0.0
0.0
0.0
0.0
0.0
0.0
0.0
0.0
0.0
0.0
0.0
0.0
0.45966
0.0
0.0
0.0
0.0
0.0
0.0
0.0
0.0
0.0
0.0
0.0
0.0
0.0
0.0
0.0
0.0
0.0
0.0
0.0
0.0
0.0
0.439876
1.14604
0.0
0.0
0.0
0.0
0.0
0.0
0.0
0.0
0.0
0.0
0.0
1.97862
0.0
0.965179
0.0
3.14504
0.0
0.0
0.0
0.0
0.0
0.14068
0.0
0.0
0.0
0.0
0.0
0.0
0.0
0.0
2.21717
0.0
0.0
0.0
0.0
0.0
0.0
0.0
0.0
0.0
0.0
0.0
0.0
0.0
0.0
0.0
0.0
1.82658
0.0
0.0
0.0
1.50606
0.0
0.0
0.0
0.0
0.0
0.0
0.0
0.0
0.0
0.0
0.0
0.0
0.0
0.0
0.0
0.0
0.0
0.0
0.577869
0.0
0.0
0.650334
0.0
0.0
0.0
0.192546
0.0
0.0
0.0
0.0
0.0
0.0
0.0
0.0
0.0
1.80372
1.77632
0.0
0.0
0.0
0.106748
2.06817
0.48757
0.0
0.0
0.0
0.0
0.0
0.0
0.0
0.0
0.0
3.32125
1.68895
0.0
0.0
0.0
0.0
0.0
0.0
1.13649
0.0
2.91209
0.0
0.0
0.0
0.0
0.0
0.0
0.0
0.0
0.0
0.0
0.0
0.0
0.0
0.0
0.0
0.0
0.0
0.0
0.0
0.0
0.0
0.0
0.0
0.0
0.0
0.0
0.0
0.0
0.0
0.0
0.0
0.0
0.0
0.0
0.0
0.0
0.0
0.0
2.4876
0.0
0.0
0.0
0.0
0.0
0.0
0.0
0.4706
0.0
0.0
0.0
0.0
0.0
0.0
0.0
0.0
0.0
0.0
0.0
0.0
0.0
0.0
0.0
0.0
0.0
2.49323
0.0
0.0
0.0
0.0
0.0
0.0
0.0
0.0
0.128061
0.0
0.0
0.0
0.0
0.0
0.0
0.0
0.0
1.26705
0.0
2.04546
0.0
1.70811
0.0
0.0
0.187931
0.0
0.0
0.0
0.0
0.0
0.0
0.0
0.0
4.66703
0.566071
0.0
0.0
0.0
0.0
0.0
0.0
0.0
0.0
0.0
0.0
0.0
0.0
0.0
0.0
0.0
0.0
0.0
0.0
0.0
0.0
1.04672
0.0
0.0
0.284421
0.0
0.947719
0.0
1.42361
0.737197
0.0
0.0
0.0
4.26725
0.0
0.0
0.0
0.0
0.0
0.0
0.0
2.16157
0.0
0.0
0.0
1.41173
1.05807
0.152373
0.0
0.0
0.695444
0.0
0.0
3.88086
0.0
0.0
0.0
0.0
0.0
0.0
2.30208
0.0
0.0
0.0
0.0
0.0
0.0
0.0
0.0
1.60941
0.0
0.0
0.0
0.0
0.0
0.0
0.0
0.0
0.0
0.0
0.0
0.0
1.16367
0.0
0.0
0.0
0.0
0.0
0.0
0.485055
0.0
0.0
0.0
0.0
0.0
0.0
0.0
0.0
0.0
0.0
0.0
1.7873
0.638207
0.0
0.0
1.90745
0.0
0.0
0.0
0.0
0.0
1.41932
0.0
0.0
0.0
0.0
0.0
0.0
0.0
0.0
0.0
0.0
0.0
0.0
0.0
1.03976
0.0
0.0
0.0
0.0
0.0
0.0
0.0
0.0
0.0
0.0
0.0
0.0
4.15215
0.86158
0.0
0.939079
0.0
1.2728
0.0
2.15619
0.0
0.0
0.0
0.0
0.0
0.0
0.0
0.0
0.554215
0.0
0.0
0.0358416
0.0
0.0
0.0
1.10819
0.0
0.0
0.0
1.21871
0.0
0.0
0.0
0.0
1.15602
0.0
0.0
0.0
0.0
0.0
0.0
0.0
0.908091
0.0
0.0
0.0
0.0
0.0
0.0
0.0
0.0
0.0
0.0
0.0
0.0
0.0
0.0
0.0
0.0
0.0
0.0
0.0
0.0
0.704385
0.0
0.0
0.0
0.0
0.0
0.0450643
2.98204
0.0
0.0
0.0
0.0
0.0
0.0
0.0
0.0
5.0497
0.0
0.0
0.399624
0.0
0.0
0.0
0.0
0.0
0.0
0.0
3.14974
0.0
0.0
0.0
0.0
0.0
0.0
0.0
0.198182
0.0
0.0
0.0
0.0
0.0
0.0
0.0
0.0
0.0
0.28814
0.0
0.0
0.0
0.0
0.0
0.0
0.0
0.0
0.0
0.0
0.0
0.0
0.0984972
0.0
0.0
0.0
0.0
0.0
0.19364
0.0
0.0
0.0
0.0
0.0
0.0
0.0
0.0
1.90766
0.0
0.0
0.0
0.0
0.0
0.0
0.0
0.0
0.0
0.0
0.0
0.0
0.0
0.0
0.0
0.0
0.0
0.705651
0.0
0.581919
0.0
0.0
0.0
0.0
0.0
0.0
0.0
0.0
0.0
0.0
0.341347
0.0
0.0
0.0
0.0
0.0
0.0
0.0
0.0
0.0
0.0
0.0
0.0
0.0
1.14798
0.0
0.0
0.0
0.0
0.0
3.55893
0.0
0.0
0.0
0.0
0.0
0.0
0.0
0.0
0.0
0.0
0.0
1.55755
0.0
0.0
0.0
0.0
0.0
0.0
0.0
0.0
0.0
0.0
0.125385
0.0
0.0
0.0
0.0
0.162505
0.0
0.0
0.0
0.0
0.0
0.0
0.0
0.0
0.0
0.0
0.0
0.36233
0.982887
0.0
0.0
0.0
0.0
0.0
0.0
0.0
0.0
0.0
0.0
0.0
0.0
0.0
0.0
0.0
0.0
3.81284
0.395781
0.0
0.0
0.0
0.0
1.26655
0.0
0.0
0.0
0.0
0.0
0.0
0.0
0.0
0.0
0.0
0.0
0.0
0.0
4.29874
1.2986
0.419559
0.0
0.0
3.48388
2.33766
0.0
0.0
0.0
0.0
0.0
0.0
0.0
0.0
0.209805
0.0
0.0
1.11066
0.0
3.26858
0.0
0.0
0.0
0.0373009
0.0
0.0
2.06222
0.0
0.0
0.0
0.0
0.0
0.0
0.0
0.0
1.99748
0.0
0.0
0.0
0.0
0.819181
0.0
0.0
0.0
0.0
0.0
0.0
0.72281
0.0
0.0
0.0
0.0
0.0
0.0
0.635513
0.0
0.0
0.0
1.77927
0.412205
0.0
0.0
0.0
0.0
0.0
0.0
0.0
0.0
0.0
0.0
0.0
0.0
0.0
0.0
0.0
0.0
0.0
0.0
0.0
0.0
0.0
3.07737
0.0
0.0
0.0
1.02589
2.05332
1.4325
0.0
0.0
0.0
0.0
0.0
0.0
0.0
0.0
0.0
0.0
0.0
0.798732
0.0
5.07569
0.0
0.0
0.0
0.0
0.0
0.0
0.0
1.45334
0.0
0.0995433
0.0
0.0
0.0
0.0
0.615724
0.0
0.0
0.0
0.0
1.90175
1.4304
0.0
0.0
0.0
0.0
0.0
1.96572
0.0
3.01598
1.60082
0.0
2.5088
0.0
0.0
0.0
0.0
1.1837
0.0
0.0
0.0
0.0
0.0
0.0
0.0
0.334216
0.0
0.0
0.0
0.0
0.0
0.354375
0.0
2.67192
0.0
0.0
0.0
0.0
0.0
0.0
0.0
0.0
0.0
0.162833
0.0
0.0
0.0
0.0
0.0
0.0
0.0
0.0
0.0
0.0
0.0
0.0
4.08893
0.0
0.0
0.0
0.0
0.0
0.0
0.0
0.0
0.0
0.0
0.0
1.4857
0.0
0.0
0.0
0.0
1.81855
0.0
3.1785
0.0
0.0
0.0
0.0
0.0
0.0
0.0
0.0
0.0
0.0
0.0
0.0
0.872783
0.0
0.0
0.0
0.0
0.0
0.0
0.0
0.0
0.0
0.0
0.0
0.0
0.0
0.0
0.0
0.0
4.00634
0.0
0.476482
0.138409
0.889035
0.0
0.0
0.0
0.0
0.0
0.0
0.714878
0.0
0.0
0.0
0.0
0.242582
0.0
0.0
0.0
0.0
0.0
0.0
0.0
0.0
1.42799
0.0
0.0
0.0
0.0
0.0
0.0
0.0
0.0
2.39594
0.0924322
0.0759564
0.0
0.0
0.0
0.0
0.350643
0.0
0.0
0.0
0.0
0.0
0.0
0.0
0.0
0.384363
0.0
0.0
1.2055
0.0
0.0
0.0
0.33577
0.0
3.57256
0.0
0.0
2.81398
0.0
0.302746
0.0
0.0
1.09709
0.0
0.0
1.50101
2.82162
0.0
0.0
1.78389
0.0
0.0
0.0
0.0
0.0
0.0
0.0
0.0
0.0
0.0
1.44724
0.0
0.0
0.0
0.0
0.0
0.0
0.0
0.0
3.02887
0.0
0.0
0.0
0.0
0.0
0.0
0.0
3.40679
0.0
2.22417
0.0
0.0
0.0
0.0
0.0
0.0
4.94136
0.0
0.0
0.454206
0.0
0.0
2.25787
2.35601
0.0
0.0
2.29621
0.0
0.160572
0.0
0.0
0.0
2.84104
0.0
0.0
0.0
0.0
0.0
0.0
0.0
0.0
0.0
0.0
0.0
0.0
1.1666
0.0
0.0
0.0
0.0
0.0
0.0
1.02346
0.0
0.0
0.0
0.0
0.0
0.566111
0.0
0.0
2.2811
0.0
0.0
0.0
0.0
0.0
0.472884
0.0
0.210687
0.0
2.55706
1.81844
0.0
0.0
0.579327
0.0
0.0
0.0
0.0
0.0
0.0
0.0
0.0
0.0
0.0
0.0
0.0
0.102285
0.0
0.0
0.0
0.0
0.0
0.0
0.0
0.0
0.0
0.741364
0.0490846
0.0
0.0
0.0
0.0
0.687548
0.0
0.0
0.0
2.87945
0.0
0.0
0.450536
0.0
0.0
0.0
0.0
0.0
0.0
0.0
0.0
0.0
0.0
0.0
0.0
0.0
0.0
0.0
0.0
0.0
3.21386
0.0
0.0
2.1012
0.0
0.0
0.0
0.0
0.0
0.992974
0.0
0.0
0.0
0.0
0.0
0.0
0.0
0.0
0.0
0.0
0.0
0.0
0.0
0.0
0.0
0.0
0.0
0.0
0.0
0.0
0.0
0.0
0.0
0.0
0.467989
0.0
0.0
0.0
0.0
0.0
0.0
2.87705
0.0
0.0
0.0
0.0
0.0
0.0
0.0
0.0
0.0
3.07816
0.0
1.46614
0.0
0.0
0.0
0.0
0.0
0.0
0.481686
0.0
0.0
