0.0
0.0
5.62769
0.0
2.19293
0.0
0.0
0.0
0.0
0.0
0.0
0.0
0.0
0.0
0.0
0.0
0.0
0.0
0.0120701
0.0
0.0
2.1989
0.0
0.0
0.0
0.0
0.0
0.0
0.0
0.0
0.0
2.46754
0.0
2.59021
0.0
0.0
0.0
0.0
0.0
0.0
0.0
0.0
2.09965
0.0
0.0
2.35603
0.0
0.144806
0.0
0.0
0.0
0.0
0.0
0.0
3.06339
1.51115
0.0
0.0
0.0
0.0
2.54355
0.0
0.0
0.559074
0.0
0.0
0.52651
0.0
1.44884
0.0
0.0
0.0
0.0
0.0
0.0
0.0
1.50271
0.0
0.0
0.0
0.0
0.0
0.0
0.0
4.45663
0.0
0.0
0.0
4.73923
0.0
0.0
0.0
0.0
1.44014
0.0
0.0
0.0
0.0
1.07419
0.0
0.0
0.0
0.0
0.0
0.0
1.44125
0.0
0.0
0.0
3.80387
0.0
0.0
0.0
2.53386
0.0
0.0
0.0
7.04843
0.00288126
0.0
2.29025
0.0
0.0
0.0
0.431774
0.0
0.0
3.8943
0.0
0.0
0.0
0.652553
0.0
0.0
5.38825
0.0
0.0
0.0
0.38727
0.0
0.0
0.0
0.0
0.0
0.0
0.0
0.0
0.0
3.37094
0.0
0.0
0.0
0.0
0.0
0.0
0.0
0.0
0.0
0.0
0.0
0.0
0.0
0.0
0.0
0.0
0.0
0.0
0.0
0.54998
0.0
0.0
0.0
6.03006
0.0
0.0
0.0
0.0409286
0.0
0.0
1.95509
3.09086
0.0
0.0
0.0
0.0
0.865387
0.0670299
0.0
0.0
0.788616
0.0
0.0
2.53296
1.02102
0.0
0.0
0.0
0.0
0.0
0.581408
0.0
0.0
0.0
0.0
0.0
0.0
0.0
0.0
0.0
0.0
0.0
0.0
0.0
0.0
1.72211
0.0
0.0
0.0
0.537356
0.0
0.0
2.17284
0.0
0.0
0.0
0.0
0.0
0.0
0.0
0.0
0.0
0.0
0.0
2.83776
0.0
0.0
0.0
0.0
0.0
0.0
0.0
0.0
2.55266
0.405134
0.0
0.907604
0.0
3.43741
0.0
0.0
1.71632
0.0
0.0
0.0
0.0
0.0
0.0
0.0
0.0
0.0
0.0
0.0
0.0
0.0
0.0
0.0
1.46146
0.0
0.0
0.0
0.0
0.0
0.571405
0.0
0.0
0.0
3.80647
0.0
0.0
0.0
0.0
0.0
0.865683
3.07345
0.0
0.0
0.0
0.561122
0.0
0.0
0.0
0.0
0.0
0.0
0.0315701
0.0
0.0
0.0
0.0
0.386871
0.0
3.00355
0.0
0.0
0.0
0.0
0.0
0.0
0.0
0.0
0.0
0.0
0.0
0.0
0.0
0.0
0.0
0.0
0.0
0.0
0.0
0.0
0.0
0.0
2.06172
0.0
0.0
0.0
0.0
0.0
0.0
0.0
0.0
1.61553
0.0
0.0
0.0
0.0
0.0
0.0
0.0
4.21896
1.42252
0.0
0.0
2.28149
0.0
0.0
0.0
0.0
1.06434
0.0
0.0
0.0
0.0
0.0
0.0
0.0
0.0
0.0
0.0
0.0
0.0
0.0
0.0
0.0
0.0
0.0
0.0
0.0
0.0
0.0
0.0
0.0
0.60354
0.0
0.21711
0.0
0.0
0.0
0.0
0.0
0.0
0.0
0.0
0.0
0.0
3.61721
1.22152
0.0
0.0
0.0
0.0
0.0
0.0
0.0
0.874859
0.0
0.0491112
0.0
0.0
0.0
0.0
0.0
2.69688
0.0
2.44056
0.0
0.0
0.0
0.0
0.0
0.0
0.0
3.78412
0.0
0.0
0.0
0.0
0.0
0.0
0.0
0.0
0.0
0.0
0.0
0.0
0.0
3.00517
0.603008
1.02484
0.0
0.0
1.20709
0.0
0.0
0.0
0.0
0.0
0.0
0.0
0.0
0.0
0.0
0.0
0.0
0.0
0.0
2.44013
0.0
0.0
0.0
0.0
0.0
0.0
0.0
0.0
0.0
0.0
3.02928
0.0
0.0
0.967702
0.0
0.0
1.60904
2.81935
0.0
0.652926
3.93891
0.0
0.0
0.0
0.0
0.0
1.22395
0.0
0.0
0.0
0.0
0.0
0.0
0.0
4.33581
0.0
0.0
0.0
0.0
0.0
0.0
0.0
0.0
0.0
0.0
0.0
0.0
1.63108
0.920418
4.88828
0.0
0.0
0.0
0.0
0.0
0.0
0.274152
0.0
0.0
0.0
0.0
0.0
0.0
0.0
0.0
3.23909
0.0
0.0
0.0
0.0
0.0
0.0
0.0
0.0
0.0
0.0
0.0
0.0
0.0
0.0
0.0
0.0
0.0
4.19352
2.38641
0.0
0.0
3.22414
0.0
1.05468
2.49786
0.0
0.0
0.0
2.47066
0.245272
0.0
0.0
0.705426
0.0
0.0
0.0
0.570885
0.0
0.0
3.37745
0.0
0.0
0.0
0.0
0.0
0.0
0.0
0.0
0.0
0.0
0.0
0.0
0.0
0.0
0.0
0.0
0.0
0.0
1.65708
0.0
0.0
0.0
0.0
0.0
0.0
0.0
0.0
0.0
4.05122
1.36344
0.0
0.0
0.141919
0.0
0.0
0.0
0.0
0.0
0.0
0.0
0.0
0.0
0.0
0.0
0.0
0.0
0.0
0.0
0.521142
0.0
0.0
2.86868
0.0
0.0
0.0
0.0
0.0
0.0
0.0
0.291959
0.0
0.0
0.0
0.0
0.0
3.31814
0.0
0.0
0.0
0.0
0.0
0.0
0.0
0.0
0.0
0.0
0.0
0.0
0.0
0.0
0.0
2.60315
0.0
0.0
0.0
0.0
0.0
0.0
1.81639
0.0
0.848384
4.19282
0.0
0.0
0.0
0.0
0.0
0.0
0.0
0.0
0.0
0.0
0.0
0.0
0.0
0.0
0.860826
0.0
0.0
2.05334
0.0
0.0
0.0
0.0
0.0
0.0
0.0
0.0
0.0
0.0
0.0
2.33731
0.188797
0.0
0.0
0.0
0.0
0.0
2.36189
0.0
0.0
0.0
0.0
0.0
0.0
0.0
0.0
0.0
0.0
0.0
0.0
0.0
0.0
0.0
0.89177
0.0
0.789692
0.0
6.27991
0.0
0.0
0.0
2.1448
0.0
0.0
0.0
0.0
5.45352
0.824037
0.0
0.0
0.0
2.424
0.0
0.0
0.0
0.0694191
0.0
0.0
2.00071
0.0
0.1033
0.356011
1.4213
0.0
0.0
3.4082
0.0
0.0
0.0
0.0
0.0
0.0
0.389217
0.0
0.0
0.0
0.0
0.0
0.0
0.0
0.0
0.0
0.0
0.0
0.0
0.496178
0.0
0.0
0.0
0.0
0.0
2.45155
0.468038
3.34994
4.98642
4.19655
0.0
0.0
0.0
0.0
0.0
0.0
0.0
0.0
0.0
0.0
0.0
2.42423
0.0
1.09247
0.0
0.795573
0.0463928
5.37465
0.0
0.0
0.0
0.0
0.0
0.0
0.0
0.0
0.995857
0.0
0.0
0.0
0.0
0.0
0.0
0.0
1.10409
0.0
1.59354
1.30011
0.0
0.0
0.0
3.97508
0.0
0.0
0.0
0.0
0.0
0.0
0.0
0.0
0.0
0.0
0.586658
0.0
4.41521
0.0
0.0
0.0
0.0
0.0
0.0
0.0
0.0
0.0
0.0
0.0
2.13628
0.0
0.0
0.0
0.0
0.0
0.0
0.0
2.82465
0.0
0.0
0.0
0.0
0.0794418
0.308578
0.0
4.74887
0.712136
0.0
0.867077
0.0
0.0
0.0
0.0
0.0
0.0
0.161447
0.0
0.0
0.0
0.944065
0.0
0.0
0.0
0.0
0.0
0.0
0.0
0.0
0.600599
0.0
0.0
0.0
0.0
0.0
0.0
0.0
0.0
0.0
0.0
0.0
4.61317
0.0
1.51492
1.49357
0.0
0.0
0.998704
0.0
1.09034
0.0
0.697732
0.0
5.37292
0.0
0.0
5.10367
0.0
1.56539
0.0
0.0
0.0
0.0
0.0
0.0
0.0
0.0
0.0
0.0
0.0
3.3505
0.0
0.0
0.0
0.0
0.0
0.0
0.0
0.0
0.0
0.867534
0.0
0.0
0.0
0.0
0.944724
0.0
0.0
0.0
0.0
0.0
2.30168
0.637743
0.0
0.0
0.0
0.0
0.0
0.0
0.0
0.0
0.0
0.0
0.0
0.0
0.971362
0.0
0.0
0.0
0.0
0.0
4.35087
0.0
6.06733
0.0
0.0
0.0
0.0
0.0
0.0
0.0
0.403372
0.0
0.0
0.0
0.0
0.457382
0.0
0.0
0.0
0.0
0.0
1.37245
0.0
0.0
0.0
0.0
0.536979
0.0
0.0
0.0
0.605466
0.0
0.8364
0.425774
0.0
0.0
3.77508
0.0
0.0
0.0
0.0
0.0
0.0
0.0
0.0
0.0
0.0
0.0
0.0
0.0
0.0
0.0
0.0
1.05607
0.0
0.0
0.0
0.0
0.0
0.0
0.0
0.0
0.0
0.0
0.0
0.659412
0.0
0.0
2.29345
0.0
0.0
2.18135
0.0
0.0
0.148873
0.0
0.0
0.0
0.0
0.0
0.0
0.0
0.0
1.33997
0.0
0.565591
0.0
0.0
0.0
0.0
0.0
0.0
0.0
0.0
2.60162
0.0
0.0
0.0
0.0
0.0
0.0
0.0
0.0
0.0
0.0
0.0
1.15457
0.0
0.0
0.417266
0.0
0.0
0.0
0.0
1.56531
0.0
6.96768
2.02587
0.0
3.54551
0.0
0.0
0.0
0.0
0.0
0.0
0.0
0.547202
0.0
0.0
0.20885
0.0
0.0
0.233359
0.0
0.0
0.0
0.0
0.646303
0.0
0.848841
0.0
0.0
0.0
2.63077
0.0
0.0
0.0
6.5311
0.0
0.0
0.0
0.0
0.0
0.0
0.0
0.0
0.0
3.92341
0.0
0.0
0.0
0.0
0.0
0.0
0.0
0.0
0.0
0.0
2.76468
0.0
0.0
0.0
0.0
0.0
0.0
0.0171255
0.0
0.0
2.1069
0.0
0.0
0.0
0.0
0.0
0.0
0.0
0.0
0.0
0.0
0.0
0.0
0.0
0.163109
2.51104
0.0
0.0
3.83117
2.36647
0.0
1.95539
0.745142
0.0
0.0
0.0638886
2.3641
0.0
0.0
0.0
0.0
0.0
0.0
0.0
1.86209
0.0
0.902748
0.0
0.0
4.38732
0.0
0.0
0.0
0.0
6.92982
0.0
0.0
0.0
0.0
0.0
0.174495
0.0
0.0
0.0
0.0
0.0
0.0
0.0
0.0
0.0
2.72324
0.0
0.0
0.0
0.0
0.0
0.0
0.0
0.0
0.435584
0.0
0.0
0.0
0.0
0.0
0.0
0.0
1.19125
1.20528
0.0
0.0
0.0
0.0
2.68378
0.0
0.0
0.0
0.0
4.0253
0.0
0.0
3.2636
0.0
0.594334
0.0
1.51117
0.0
4.25226
0.0
0.0
0.0
0.924595
0.0
3.12592
0.0
2.18085
0.0
0.0
0.0
0.0
0.249486
0.0
0.315369
0.0
0.0
0.0
0.0
0.398002
0.0
0.0
0.0
0.0
0.0
0.0
0.0
1.33431
0.0
0.0
1.10115
0.0
0.979962
0.0
1.56719
0.0
0.0
0.0
0.0
0.0
0.0
0.405075
0.0
0.0
0.0
0.0
0.0
0.0
0.0
0.0
0.0
0.0
0.0
0.0
0.0
0.0
0.0
0.0
0.0
0.0
0.0
0.0
0.0
0.0
0.0
8.0025
0.0
0.0
5.31912
0.0
0.0
0.0
1.60116
0.0
0.863161
0.0
0.736067
0.0
0.584775
0.65561
0.0
0.0
0.0
0.980506
0.0
1.46581
0.0
0.0
0.0
0.0
0.563922
0.0
0.0
0.0
0.0
1.8438
0.0
0.0
0.0
0.0
0.0
0.0
0.0
0.0
0.0
0.0
0.0
0.0
0.0
0.0
0.0
2.27327
0.185258
0.0
0.0
4.09102
0.0
0.0
0.117633
0.0
1.27217
3.54975
0.0
0.0
0.0
0.0
0.0
0.0
0.0
0.0
1.79792
0.0
0.33885
0.0
0.0
0.869909
0.0
0.0
0.0
0.0
0.0
0.0
0.0
0.0
0.536163
1.12681
0.0
0.0
0.0
0.0
0.34545
0.280166
0.800236
1.40199
0.0
0.0
0.0
1.10609
0.0
1.20849
0.0
1.26104
0.0
0.0
0.0
4.87537
0.0
0.0
0.0
0.0
2.57772
0.0
0.0
0.0
0.0
0.0
4.90286
2.25296
0.0
6.01985
0.0
1.83916
1.0914
0.0
0.0
0.0
0.0
0.0
0.0
0.0
0.0
3.58487
0.0
0.0
0.0
1.7166
0.0
0.0
0.0
0.0
0.0
0.0
0.603356
0.0
0.0
0.0
0.0
0.0
0.184983
0.0
0.0
0.0
0.0
1.10816
0.0
0.0
0.0
0.0
1.66779
0.0
0.0
0.0
0.0
4.39136
0.589933
0.128111
0.0
0.0
0.0
0.0
0.0
0.0
0.0
0.0
0.0
0.0
0.0164606
0.0
0.0
0.0
3.65846
0.0
2.08095
0.568985
0.0
0.0
0.0
0.0
0.0
0.609758
0.0
0.0
0.0
0.0
0.0
0.0
0.0
0.0
0.0
0.0
0.0
0.0
0.869936
0.689961
0.0
0.0
0.0
0.0
1.96498
0.0
0.0
2.00233
0.0
0.0
0.0
0.0
0.0
0.0
0.0
1.0736
1.89576
0.0
0.0
0.0
0.0
0.0745462
0.0
0.0
6.01536
0.0
0.448354
0.447985
0.0
1.95013
0.0
2.60234
0.261414
0.0
0.0
0.0
0.0
0.391621
0.0
0.0
0.544265
0.0
1.80063
0.0
2.05595
0.0
0.0
0.241755
0.0
0.0
0.0
0.0
0.713459
1.60459
0.0
0.0
0.0
1.41548
0.0
0.0
0.0
0.0
0.0
4.13436
1.59732
0.0
0.0
0.0
1.09007
0.0
0.926226
0.0
0.0
1.10586
0.0
0.0
0.0
0.0
0.0
0.0
0.0
0.0
0.0
0.39183
0.0
0.0219465
0.0
0.0
0.0
0.0
0.0
0.0
0.0
0.0
0.0
0.0
0.0
0.0
0.0
0.0
0.0
0.0
0.0
0.0
0.0
0.0
0.0
0.0
0.0
0.0
0.0
0.0
0.0
0.0
0.0
2.2907
0.918564
0.162184
0.0
0.0
0.0
0.0
0.0735259
0.0
0.0
0.0
0.0
0.0
0.0
0.0
1.15819
0.0
0.0
0.0
0.0
0.0
0.0
0.0
0.0
0.0
0.0
0.0
0.0
0.0
0.0
5.4833
0.0
1.86462
3.94912
0.0
0.0
0.0
0.0
0.0
0.0
1.83599
0.0
0.0
0.0
0.0
0.340641
0.0
0.0
0.0
0.0
0.0
0.0
1.66199
0.0
1.88693
0.0
0.0
0.0
0.0
0.0
0.0
0.0
0.0
2.15294
0.269485
0.0
6.31586
0.0
5.50089
0.0
0.0
0.0
0.0
7.0091
0.0
0.0
2.19501
0.271015
0.0
0.0676948
0.0
0.0
0.0
0.608676
0.0
0.0
1.47904
0.0
0.0
0.0
0.0
2.14585
0.0
0.0
0.0
0.0
0.0
0.0
0.0
0.0
0.0
0.0
0.0
0.0
0.0
0.0
2.13316
0.0
0.0
0.0
0.0
0.0
1.71747
1.63437
1.20002
0.0
0.0
0.0
0.0
0.0
0.0
0.14527
0.0
0.0
2.00251
0.0
0.0
1.31054
0.0
0.0
0.0
0.0
0.0
0.0
1.32567
0.0
5.64485
0.0
0.0
0.857026
0.0
0.0
0.0
0.0
0.0
0.0
0.0
0.0
0.0
0.0
0.0
0.0
0.0
2.36038
0.0
0.839872
0.0
0.0
0.0
3.25336
4.63314
0.945639
0.0
0.0
0.855703
0.753781
0.0
0.0
0.0
4.40013
0.0
0.0
0.0
4.48283
1.27872
4.22072
0.0
2.64066
0.0
0.0
0.0
0.0
0.0
0.0
0.0
0.0
0.0
0.0
0.0
0.0
0.0
0.0
0.0
0.0
0.0
0.0
0.798848
0.0
0.0
0.0
1.0235
0.0
0.0
0.0
0.0
0.0
0.0
0.0
0.0
0.49575
0.0
0.0
0.0
0.0
0.0
0.0
1.53738
0.0
3.03502
0.0
0.0
3.36142
0.0
0.0
0.0
2.90714
0.0
0.0
0.0
0.825379
0.0
0.0974551
0.0
0.0
0.0
1.83916
0.0
0.0
0.0
1.8444
3.30836
0.0
0.0
0.0
0.0
0.0
3.92932
0.0
0.0
0.0
0.0
0.0
0.0
0.113216
0.207235
0.0
0.0
0.0
0.0
0.0
0.0
0.0
0.0
0.0
0.521158
0.0
0.0
0.0
1.52674
0.0
0.0
0.0
0.0
0.0
0.0
0.0
0.468423
2.40409
0.0
0.0
0.0
0.0
3.4885
0.0
0.0
0.0
0.0
0.0
4.85666
0.309394
5.88373
0.0
0.0
0.0
0.0
0.0
0.0
0.0
0.0
0.0
0.0
0.0
0.0
0.0
0.0
0.0
0.0
0.0
0.0
0.0
0.0
0.0
0.0
0.0
0.0
0.0
0.0
1.13555
0.0
0.0
0.0
0.0
0.444227
0.0
0.0
0.0
2.74019
0.100796
0.0
0.0
0.0
0.0
0.0
0.0
0.0
3.16965
0.0
0.0
0.0
0.0
0.0
0.0
0.0
0.0
0.0
0.0
0.0
0.0
0.0
0.0
0.0
0.0
0.0
0.0
0.0
0.0
0.0
0.0
0.0
0.0
0.0
0.0
0.0
0.0
0.0748386
0.0
0.0
0.983331
0.0
4.12651
2.30637
0.00795344
0.0
1.84964
1.45099
0.0
0.0
0.0
0.0
1.80796
0.0
0.0
0.0
0.0
4.92559
0.0
0.0
0.0
0.0
2.47684
3.32051
0.0
2.35113
4.40176
0.0
4.78424
4.22879
0.0
0.0
0.0
0.0
0.0
0.968138
0.0
0.0
1.71904
5.24469
0.844113
0.0
0.0
0.0
0.0
0.0
0.0
0.0
0.0
0.204201
0.0
2.49055
0.0
0.0
0.0
0.0
0.0
0.0638909
0.0
0.0
0.469922
0.0
0.616446
0.0
0.0
0.0
0.0
0.0
0.0
0.0
0.0
0.0
3.52693
0.0
0.0
0.0
0.0
2.72362
0.0
0.0
0.0
0.0
0.0
0.0
0.785007
0.0
0.650915
0.0
0.0
0.0
0.0
0.0892122
0.0
0.0
0.0
0.0
5.21153
0.0
0.0
0.0
0.145728
3.0464
0.0
0.0
0.0
0.0
0.0
0.0
0.0
0.0
0.0
0.0
0.0
0.0
0.0
1.07102
0.0
0.0
0.0
0.0
0.0
0.0
1.74953
0.0
0.0
0.0
4.88088
0.0
0.0
0.0
0.0
0.848428
0.0
0.0
0.0
0.0
0.0
0.0
0.0
0.262446
0.551802
0.0
0.0
0.0
1.11294
0.0423716
0.0
0.0
0.0
1.03089
0.383972
0.0
0.0
0.0
0.0
0.0
0.0
2.70322
0.0
0.988873
0.0
0.0
0.0
0.0
5.54822
0.0
0.0
0.0
0.0
0.0
0.0
0.0
0.0
0.0
1.0525
0.0
0.0
0.0
0.0
0.837982
0.0
0.0
0.0
0.0
0.0
0.0
0.0
0.0
0.0
0.0
0.0
4.48979
0.0
0.0
0.0
2.16132
0.0
0.0
0.0
0.0
0.0
0.0
0.0
0.0
0.63744
0.0
0.0
0.0
0.0
0.0
0.0
0.0
0.0
0.0
0.0
1.22992
0.0
0.208718
0.0
0.0
0.0
0.0
0.0
0.0
0.161291
0.0
0.0
0.0
0.0
0.0
0.0
0.0
0.0
0.0
0.15499
0.0
0.0
0.0
0.0
3.16865
0.0
0.0
0.0
0.0
4.18889
0.0
0.0
0.0
0.0
0.0
0.0
0.0
0.0
0.0
0.0
0.0
0.0
0.0
0.0
0.0
0.0
0.0
0.0
0.0
0.0
0.89225
0.0
0.0
0.0
3.83642
0.0
0.0
0.0
3.93505
0.0
0.0
0.0
0.0
0.0
1.85842
0.0
0.0
0.0
0.0
0.0
1.19011
2.20055
0.0
0.0
0.0
0.0
0.0
0.0
0.0
0.0
0.0
0.0
0.0
4.57885
0.0
4.05282
0.0
0.0
0.0
0.0
0.1905
0.0
0.0
0.0
0.0
0.0
0.0
0.0
0.0
0.0
0.0
0.0
0.0
0.0
0.0
0.0
3.228
0.0
0.0
4.49
0.0
1.69828
0.0
0.0
0.0
0.0
0.0
0.0
2.39137
0.0
0.0
0.0
2.06912
0.0
0.0
0.0
0.0
0.0
0.0
0.0
0.0
0.0
0.0
1.59928
0.0
0.0
0.0
1.36479
1.99798
0.165941
0.0
1.42971
0.0
0.0
0.0
0.0
0.0
0.0
4.47769
0.0
2.7974
0.0
0.0
0.0
4.13586
0.0
0.0
0.0
0.0
0.0
0.0
0.0
0.0
0.0
1.84738
0.0
0.0
0.0
0.0
0.0
0.0
0.0
0.368085
0.92899
0.0
1.77004
0.0
0.0
0.0
6.24174
0.0
0.0
0.0
0.0
0.0
0.0
0.0
0.0
0.0
0.268725
0.0
1.01204
0.0
0.165814
0.0
0.0
0.0
1.90902
3.19302
0.0
0.0
0.0
0.014405
0.341013
0.0
0.0
0.0
1.6869
0.0
0.976016
2.27642
1.72137
0.0
0.0
0.0
0.0
0.0
0.0
0.244155
0.0
0.0
0.0
0.0
0.488935
1.90442
0.0
0.0
0.141404
0.0767953
0.0
0.0
0.0
0.0
0.0
0.0
0.0
0.0
0.0
0.0
0.0
0.0
0.583236
0.0
0.0
0.0
0.0
0.0
0.0
0.0
0.0
0.0
0.890536
0.0
0.0
0.0
1.18551
0.0
0.0
1.83105
0.0
0.0
1.45035
0.0
0.0
2.30529
0.0
0.0
0.0
0.0
0.0
0.0
0.0
0.0
1.4096
0.0
0.0
0.0
0.0
0.0
0.0
0.0
0.0
1.3529
0.0
0.0293412
0.0
0.0
0.0
0.0
0.0
0.0
0.0
0.0
0.0
0.0
0.0
0.0
0.0
0.0
0.0
0.0
0.0
0.0
0.0
0.0
0.0
0.0
0.0
0.0
0.0
0.0
4.1451
0.0
0.0
0.0
0.0
0.0
0.0
0.0
0.0
3.41253
0.0
0.0
3.45957
0.0
0.0
0.0
1.39083
0.0
0.0
0.0
0.0
0.361317
0.0
0.0
0.0
0.0
0.0
1.40651
0.0
0.0
0.0
0.0
0.0
5.26616
0.0
0.0
0.0
0.0
0.0
0.0
0.0
0.0
0.0
0.0
0.0
0.0
0.0
1.74683
0.0
1.68486
0.0
0.0
0.0
0.0
0.0
0.681938
0.0
0.0
0.0
0.0
0.520915
0.0
0.0
3.41149
0.0
0.0
0.0
0.0
0.0
0.0
0.0
0.0
0.0
0.0
0.0
0.0
0.0
2.05072
2.05628
0.0
0.0
0.0
0.607558
0.0
0.0
0.0
0.0
0.0
0.0
2.72378
0.0
0.0
0.0
1.37794
0.0
0.0
0.0
0.0
0.0
0.0
0.0
0.0
0.0
0.0
0.0
0.0
0.0
0.0
0.0
0.0
0.428256
0.0
0.0
0.0
0.0
0.0
0.0
0.0
0.0
0.0
0.0
0.0
0.0
0.0
0.0
3.50629
0.0
0.0
0.0
0.0
0.0
0.0
0.0
0.0
0.0
0.0
0.0
1.91204
0.631076
0.0
1.15928
2.58965
0.0
0.0
0.0
0.0
0.0
0.0
0.0
0.0
0.0
3.06044
0.0
0.0
0.0
0.0
0.0
0.0
0.0
4.48869
0.0
0.0
0.0
0.0
0.0
0.0
3.25406
0.0
3.88285
0.926932
0.886084
0.0
6.67037
0.0
0.981126
0.0
0.0
0.0
0.0
0.0
0.0
0.0
0.0
0.0850756
0.0
0.0
0.0
0.0
0.0
0.0
0.0
1.52566
0.0
3.37615
0.0
0.0
0.0
0.0
0.0
0.0
2.93407
0.0
1.1228
6.42224
0.0
0.0
0.0
2.26897
0.0
0.0
0.0
0.483845
0.0
0.0
3.08145
0.0
0.0
0.0
0.0
0.0
0.0
0.0
0.0
0.0
1.37641
0.0
0.0
4.79078
0.0
0.0
0.0
0.0
0.0
0.0
0.0
0.0
0.0
0.0
0.0
0.375755
0.0
0.0
3.12284
0.0
0.0
0.614904
0.0
0.0
0.322669
0.0
3.26008
0.0
0.196175
0.0
0.0
0.0
0.0
3.23921
0.0
0.0
0.0
2.1582
0.0
0.0
0.0
0.0
1.25376
0.0
0.0
0.0
0.0
0.0
0.0
0.0
0.0
0.0
0.0
0.0
1.03825
7.29679
3.32733
1.04715
0.054503
0.0
0.0
0.0
0.0
0.0
0.0
0.0
0.0
1.45018
0.0
0.0
0.0
0.0
0.0
0.0
0.0
0.0
0.0
0.0
0.0
0.0
0.0
0.0
0.0
0.0
0.0
0.0
0.0
6.49414
0.0
0.0
0.0
0.0
0.0
0.0
3.73967
0.0
0.0
0.0
0.0
0.0
0.79288
0.0
0.0
0.0
0.0
0.0
0.336884
0.0
0.0
0.0
0.0
0.0
0.0
0.0
0.0
0.0
0.0
0.0
0.0
4.37971
0.0
0.0
0.0
0.0
0.0
2.45048
0.0
0.0
0.38277
0.0
0.0
2.28274
0.0
0.0
1.99556
0.0
0.0
0.0
0.0
0.0
0.56328
0.0
0.0
0.0
0.0
0.0
0.0
7.92089
0.0
0.0
0.0
0.0
0.0
0.0
0.0
0.0
0.0
0.0
0.769763
0.0
0.0
0.0
0.0
0.0
0.0
0.0
0.0
0.0
0.0
0.0
0.0
0.0
0.269732
0.0
0.0
0.0
0.591093
0.0
0.0
2.29951
0.0
0.0
0.0
0.0
0.0
0.0
0.0
0.0
0.0
0.0
0.0
0.0
0.0
0.0
0.0
0.0
0.0
0.0
3.90205
3.07347
0.0
0.858964
0.0
0.0104924
0.0
0.706257
0.984418
0.0
0.0
0.0
0.0
0.0
0.67693
0.0
0.324974
0.0397192
0.0
1.40875
0.0
0.0
0.0
0.0
0.0
1.22098
0.0
0.354594
0.0
3.91275
0.0
0.0
0.0
0.0
0.0
0.0
0.480427
0.0
0.0
0.0
0.0
0.0
0.0
0.0
0.0
0.0
0.0
0.0
0.0
0.400898
0.0
0.0
0.0
0.0
0.0
0.0
0.0
0.0
3.22249
0.0
1.19026
0.0
3.71904
0.0
0.0
0.0
0.0
0.0
0.0
0.0
0.0
0.0
0.0
0.0
0.0
0.0
0.0
4.46773
0.0
0.0
0.0
0.0
0.0
3.03221
0.0
0.0
2.39381
2.44968
0.0
0.0
0.0
0.0
0.0
0.0
0.0
0.0
0.0
0.0
0.0
0.0
0.0
0.0
0.0
0.0
0.0
0.0
0.0
0.0
0.0
1.40593
0.0
0.0
0.0
0.0
0.36933
0.0
0.0
0.0
0.0
0.0
0.0
0.0
0.0
0.0
0.0
0.0
0.898556
0.0
0.0
0.0
0.0
0.0
0.0
0.0
0.0
0.0
0.0
1.56316
0.0
0.0
1.27951
0.0
0.0
0.0
0.0
0.0
0.0
0.0
0.0
0.0
0.0
4.25828
1.7886
0.0
0.0
0.0
0.0
0.340271
0.0
2.30601
1.15254
2.62039
2.50886
0.0
0.0
0.0
0.0
0.0
0.0
0.0
1.56536
0.95609
0.0
0.0
0.0
0.0
0.0
0.755011
0.0
0.0
2.16923
0.0
0.0
0.683089
0.0
0.0
0.0
0.0
2.84287
0.0
0.0
0.0
0.0
0.0
0.0
0.0
1.28601
0.0
0.0
0.0
2.11319
0.0
0.0
0.0
0.0
1.35544
1.78368
0.0
0.485971
3.75619
2.02025
1.62604
0.0
0.0
0.0
0.0
0.0
0.0
2.65292
0.80497
0.0
0.0
0.0
0.0
0.0
0.0
2.04164
0.0
1.38034
0.0
0.0
0.0
0.0
0.0
0.0
0.0
0.0
0.0
0.0
0.0
0.0
0.0
0.0
0.0
0.0
0.0
0.0
0.4723
5.88249
0.0
0.0
0.197046
0.0
0.0
0.0
0.0
0.0
0.868539
0.0
0.0
2.06571
0.0
1.66032
0.0
1.74785
0.0
0.0
0.0
0.0
0.0
0.0
0.0
0.0
0.0
0.0
0.0
0.0
0.0
0.0
0.0
0.0
0.0
2.78766
0.0
0.0
0.0
0.0
0.0
0.0
0.0
0.267436
0.0
1.74593
0.0
0.0
0.0
0.0
0.0
0.0
0.0
0.0
0.0
1.29319
0.0
0.0
0.0
0.0
0.0
0.0
0.0
0.0
0.0
0.0
0.0
0.0
0.0
0.0
0.0
0.0
1.44655
0.0
0.0134687
0.0
0.0
0.0
0.0
0.0
1.80167
0.0
0.0
0.706615
0.0
0.0
0.0
1.28329
0.0
0.0
0.0
0.215218
0.0
0.0
0.0
0.0
0.612858
0.0
0.0
0.0
0.0
0.0
0.0
4.60142
0.0
0.0
1.4119
0.0
0.0
0.0
0.0
0.0
0.0
0.0
0.0
1.3546
1.79405
0.0
0.0
2.66509
0.14998
0.0
0.0
0.673514
0.0
0.266097
0.0
0.0
0.0
0.0
0.0
0.0
0.0
0.0
0.0
0.159187
0.0
0.0
0.0
0.0
0.307166
0.0
0.0
0.0
0.0
0.0
1.54368
0.0
0.0
0.0
0.0
0.0
5.74835
0.0
0.0
0.0
0.0
0.0
0.0
0.0
0.0
0.0
0.0
0.0
0.0
0.0
0.670703
0.0
1.39167
0.0
0.0
0.0
0.0
0.0
0.0
0.800978
1.93946
0.0
0.0
0.0
0.0
0.0
0.0
0.0
0.0
0.0
3.0217
0.0
0.0
0.0
0.729996
0.0
4.89267
0.0
0.0
0.0
0.0
0.0
0.74273
0.0
0.0
0.0
0.0
0.0
0.0
0.0
3.95844
0.0
0.0
0.0
0.0
0.0
0.0
0.0
0.0
0.0
0.0
0.0
0.0
0.0
0.0
0.0
0.0
0.0
0.0
0.646104
0.0
5.6988
0.0
4.84127
0.578005
0.0
0.0
0.0
0.0
0.0
0.0
0.0
1.15806
0.0
0.35038
0.0
0.0
0.0
1.82693
0.0
0.0
0.231189
0.0
0.0
0.0
0.0
0.0
0.0
2.75399
0.357585
0.0
0.0
0.0
0.0
0.0
0.0
0.0
0.0
0.0
0.0
0.0
0.0
0.0
0.0
0.0
0.0
3.3488
0.0
0.0
0.0
0.0
1.44109
0.0
0.0377585
0.0
0.0
0.0
0.0
0.0
0.0
0.240458
0.0
0.0
0.0
0.217619
0.0
0.0
0.0
0.0
0.0
0.0
0.0
0.779664
0.0
0.0
0.0
0.0
0.0
0.213674
0.0
0.0
1.52756
0.0
0.0
0.0
0.0
0.0
0.0
0.0
0.935513
0.728861
0.0
0.0
0.0
0.0
0.0
0.0
0.0
0.835092
0.0
0.33844
0.0
1.21919
0.0
0.0
4.07269
0.0
0.77403
0.0
0.0
0.0
2.65433
0.0
0.0
0.0
0.0
0.0
0.0
0.0
0.0
0.0
0.0
0.0
0.0
0.0
0.0
0.0
0.0
1.163
1.17688
0.0
0.0
5.428
0.151451
0.0
0.0
0.0
1.5161
0.0
2.24285
0.0
0.0
0.0
0.0
0.0
0.515638
0.0
0.0
0.0
0.540842
0.0
0.0
3.75157
1.83019
0.0
0.0
0.0
7.42279
0.0
0.0
0.0
3.32825
0.0
0.0
0.0
0.0
0.0
0.0
0.0
2.13652
1.46391
0.0
0.521718
0.277942
0.0
0.593266
0.0
0.0
0.0
0.0
0.359853
0.0
0.716946
0.0
0.0
0.0751168
0.0
0.0
0.0
0.0
0.929137
0.0
0.0
0.0
4.88475
0.0
0.0
0.0
0.0
0.0
0.0
0.0
0.0
0.0
3.9522
0.0
0.0
0.0
0.0
0.0
0.0
0.0
0.0
1.78511
0.0
0.0
4.06589
0.0
0.0
0.0
0.55031
0.0
0.0
0.0
0.0
0.699591
0.0
0.0
0.0
0.506311
0.0
0.0
2.51599
0.0
0.0
0.0
0.0
3.87906
2.37388
0.0
0.0
0.0
0.0
0.626532
0.0
0.0
0.0
0.0
0.0
0.0
0.0
0.0
0.0
0.0
0.0
0.0
0.0
0.0
0.0
0.0
0.0
0.0
0.0
0.0
0.0
0.0
0.0
0.0
0.0
0.0
1.0031
2.18431
1.45877
1.2021
0.0
0.0
0.0
1.01858
1.97841
0.0
0.0
0.0
0.0
1.57656
0.0
0.0
0.0
1.70682
0.0
0.0
0.0
0.792374
0.0
0.0
0.0
0.0
0.0
0.289389
0.0
1.25493
2.16579
5.16146
0.0
0.0
0.0
0.0
0.0
0.0
0.0
0.0
2.45636
0.0
1.87722
0.0
0.0
0.0
0.0
0.0
0.0
0.0
0.559042
0.0
0.0
3.13715
0.0
0.0
0.0
0.0
0.0
0.0
0.0
0.0
0.0
0.0
0.0
0.0
6.4953
0.0
0.0
0.0
0.0
0.0
0.0
0.0
3.61767
0.0
0.0
0.0
0.0
0.977466
0.393045
0.0
0.0
0.0
0.858473
3.28844
0.0
0.0
0.0
4.03238
0.0
2.21422
0.0
0.0
1.94182
0.0
0.0
0.210017
0.0
0.0
0.0
0.0
1.84962
0.0
1.51589
0.0
0.0
0.0
0.0
1.2045
0.0
0.0
0.0
0.0
0.0
0.0
0.668503
0.599557
0.0
0.0
0.0
0.0
0.0
0.0
0.0
0.0
0.0
0.793495
0.0
1.23232
2.74853
0.0
0.0
0.0
0.0
0.0
0.884633
0.0
0.0
0.0
0.0
0.0
0.0
0.0
0.317245
0.0
1.25649
0.0
3.55181
2.06684
0.0
0.0
0.337747
0.0
0.0
0.0
0.0
0.0
0.0
0.0
0.0
0.0
3.75163
0.0
0.0
2.08349
0.0
0.0
4.14042
0.0
0.0
0.0
0.0
0.0
0.0
0.0
0.80946
0.0
0.0
0.0
0.0
0.614601
0.0
0.0
0.0
0.0
0.0
0.0
0.0
0.0
0.0
0.0
0.0
0.0
0.0
0.0
0.0
0.0
0.0
1.78914
0.0
5.30499
0.0
3.40666
0.0
1.45565
0.0
0.0
2.98376
0.0
0.0
0.0
0.0
0.0
0.0
2.97504
4.14424
0.0
1.29023
0.0
0.0
0.0
1.07895
1.53702
0.0
0.0
0.0
0.0
0.0
0.0
0.312473
2.14496
0.0
0.0
0.0
0.0
0.0
0.0
0.0
0.00962105
2.70152
0.0
0.0
0.0
0.0
2.80591
0.0
0.0
1.58958
0.0
2.2695
0.947151
1.30097
2.46857
0.0
0.0
0.0
4.02519
0.0
0.0
0.0
0.0
2.23477
3.84043
0.171325
0.0
0.0
2.0429
0.0
0.0
0.0
0.0
0.0
4.4074
0.0
0.0
0.662443
0.0
0.0
0.575194
0.0
0.0
0.0
0.0
0.0
0.0
4.03795
0.0
0.0
0.0
0.0
2.83021
0.0
3.56605
0.0
0.0
0.0
0.0
0.0
0.0
0.0
0.0
4.80928
0.0
0.0
0.0
0.0
0.0
2.33834
0.0
0.0
0.0
4.82911
0.0
0.0
0.0
0.0
0.0
0.0
0.0
0.0
0.803926
0.0
0.0
0.0
0.0
0.689254
0.0
0.0
0.0
0.0
0.0
0.0
0.0
0.0
0.0
0.0
1.06321
0.0
0.0
0.0
0.369613
0.0
0.0
0.0
0.0
0.0
0.0
0.0
1.8559
0.0
0.0
1.77819
0.0
0.0
0.0
0.0
2.9044
0.0
0.0
0.726058
0.0
0.604083
0.0
0.0
0.998641
0.0
0.0
1.59412
0.0
0.0
0.0
0.0
0.0
0.0
0.0
0.0
0.0
0.0
1.69518
0.0
0.0
0.0
0.0
0.0
0.0
0.591548
0.0
0.0
0.0
0.0
0.0
0.0
0.0
0.0
0.0
0.0
0.0
0.0
0.0
0.0
0.0
0.0
1.79296
5.34751
0.561412
0.0
0.0
0.0
0.0
0.0
0.503202
0.0
0.0
0.0
0.0
0.0
0.0
0.0
0.0
0.0
1.13681
0.0
0.0
0.0
0.0
0.0
0.178884
0.0
0.0
0.0
0.0
0.0
