0.0
0.0
0.713781
0.704708
4.81799
0.0
0.0
0.0
0.0
0.0
0.0
1.64861
0.0
0.0
0.0
0.0
0.0
0.604491
0.0
0.0
0.0
0.0
0.0
0.0
0.0
0.0
0.0
0.0
0.0
0.0
0.0
0.0
0.0
3.02979
0.0
0.0
0.0
1.62909
0.0
0.0
0.0
0.0
3.69183
0.0
0.0
0.0582354
0.732181
0.0
0.0
2.01277
0.0
0.0
0.0
0.0
0.0
0.0
0.0
0.334502
0.0
0.0
0.0
0.0
0.0
2.39407
1.72247
0.0
0.0
0.0
0.0
0.0
0.0
0.0
1.35821
0.0
0.0790841
0.0
0.0
0.628445
1.26473
0.0
3.20537
0.0
0.0
0.0
0.0
0.0
0.0
0.0977
0.0
0.0
0.0
0.0
0.0
0.0
0.0
0.0
0.0
0.0
0.627164
0.0
0.0
0.0
0.0
0.0
0.0
0.0
0.0
0.0
0.0
0.983818
0.0
0.0
0.0
1.98077
0.0
0.0
0.0
1.66337
1.5088
0.0
0.0
0.0
0.0
0.0
0.0
0.0
0.0
3.53103
0.0
0.0
0.0
0.0
0.0
0.0
1.30015
0.0
1.42905
1.27119
0.0
0.0
0.0
4.84869
0.0
0.0
0.0
0.0
0.0
0.0
0.0
0.0
0.0
0.0
0.0723039
0.0
0.0
0.187293
0.0
0.0
0.0
0.0
0.0
0.0
0.356324
0.0
0.0
0.0
0.0
0.0
0.0
2.04306
0.0
0.0
0.0
0.0
0.0
0.0
1.3977
0.0
2.39124
0.0512069
2.38407
0.0
0.0
0.0
0.0
0.649845
0.0
0.0
0.0
0.0
0.0
0.0
1.18453
2.22896
0.0
0.0
0.0
0.0
0.0
0.766905
0.0
1.66477
0.0
0.0
0.0
0.0
0.0
0.0
0.0
0.0
0.0
0.0
0.0
0.0
1.15611
0.0
0.0
0.0
0.0
0.0
0.0
1.71324
0.0
0.0
0.370269
0.0
0.0
0.0
0.770565
0.0
0.0
0.0
0.0
0.141237
0.0
0.0
0.0
0.0
0.724255
1.14654
0.0
0.0
0.0
0.282346
0.13157
0.0
0.0
1.45447
0.0
0.0
0.548184
0.0
0.0
0.0
0.0
0.0
0.0
0.0
0.0
1.3874
0.0
0.0
0.0
0.0
0.0
0.0
0.0
0.0
0.0
2.64492
0.163373
1.41134
0.0
0.0
0.0
0.0
0.611008
0.0
0.0
0.0
0.541353
1.47194
4.42144
3.70376
0.0
0.0
0.0
0.0
0.0
0.0
0.0
0.0
0.0
0.0
3.87358
0.397383
1.35452
0.0
0.0
0.0
0.0
0.884044
3.35288
0.0
0.0
0.0
0.0
0.044102
1.08502
0.0
0.0
0.0
0.0
0.0
0.0
0.0
0.0
0.0
0.0
0.0
0.0
0.0
0.0
0.863379
0.0
0.0
0.0
0.0
0.0
0.0
0.0
0.0
0.0
0.0
0.117081
0.0
0.0
0.0
0.0
0.0
0.0
0.619614
0.0
0.0
1.08539
0.0
0.0
0.0
0.0929806
0.0
0.0
0.0
0.0
0.0
0.735317
0.0
0.0
1.02547
0.0
0.51651
0.0
0.0
0.0
0.0
0.0
0.953806
0.0
0.0
0.0
0.0
0.0
0.0
0.0
0.0
0.0
0.0
0.0
0.0
0.0
1.89859
0.0
0.797323
1.51456
0.0
2.45607
0.0
0.0
4.81949
1.69333
0.0
0.0
0.0
0.0
0.0
0.0
1.18191
8.1235
0.0
0.0
0.0
0.0
0.0
0.0
0.0
0.0
0.0
0.0
0.0
0.0
0.0
0.0
0.0
0.0
0.0
0.0
0.0
0.0
0.0
0.0
1.976
0.0
0.0
1.31081
0.0
0.0
0.0
0.0
0.0
0.0
3.17699
1.24322
0.0
0.0
0.0
0.0
0.0
0.0
0.0
0.0
0.0
0.0
0.0
0.0
0.0
0.0
0.0
0.0
0.0
1.77326
3.29452
0.0
0.0
0.0
2.34841
0.0
0.0
0.0
0.0
0.0
0.0
0.0
2.39473
0.0
0.0
0.0
0.0
0.0
0.0
0.0
3.70953
0.0
0.0
0.0
0.0
0.0
1.485
0.0
0.0
0.0
0.0
1.03935
0.0
0.0
2.57
0.0
0.0
0.0
1.11565
0.0
0.0
0.0
0.0
0.473955
0.0
0.0
1.72323
2.69022
0.0
0.0
0.88329
0.0
0.0
0.0
0.0
0.0
0.0
0.0
0.0
0.0
0.0
0.0
1.61081
0.0
0.0
0.0
0.0
0.0
0.114257
0.0
0.0
0.0
0.0
0.0
0.332114
0.0
2.21325
0.0
0.0
0.0
0.0
0.0
0.0
2.72938
4.46861
0.0
0.0
3.94873
0.0
0.0
0.0
0.0
0.0
0.891156
0.899298
0.0
0.0
0.0
0.0
0.0
0.0
0.0
0.0
0.0
0.0
0.0
0.0
0.0
0.0
1.87991
0.0
0.0
0.0
0.0
0.0
0.0
0.0
2.65544
0.0
0.0
0.0
0.0
0.0
0.0
0.0
1.42315
0.0
0.0
0.0
0.0
0.0
0.0
0.0
1.91173
1.73304
0.0
0.0
0.841852
0.0
0.0
0.0
0.0
0.0
2.36582
0.0
0.0
0.0
0.0
0.0
0.0
0.0
0.0
0.0
0.0
0.0
2.85233
0.0
0.0
0.0
0.375121
0.0
3.82016
0.0
0.0
0.0
0.0
0.0
0.0
0.0
0.0
0.0
2.05212
0.0
1.90497
0.0
1.23779
0.0
0.0
0.0
0.0
0.0
0.0
0.0
0.0
0.0
0.0
0.0
3.75753
0.0
0.0
0.0
0.0
0.0729453
0.0
2.11135
0.0
0.0
0.0
0.0
0.159128
0.0
0.0
0.0
0.0
0.0
0.0
0.0
0.0
3.70647
0.0
0.0
3.88839
2.18035
0.0
0.0
0.0
0.0
0.937707
0.0
0.0
0.0
0.0
0.0
0.0
0.0
0.574016
0.0
0.0
0.0
0.0
0.0
0.0
0.0
0.0
5.11526
0.0
0.0
0.0
0.0
0.0
0.0
0.0
0.0
0.0
0.0
0.0
0.0
0.0
0.0
0.0
0.0
0.0
0.0
0.0
0.303535
0.0
0.0
0.0
0.0
0.0
0.0
0.0
0.0
0.0
0.0
2.00592
0.0
0.0
0.0
0.0
0.0
0.0
1.62919
0.0
0.0
1.20941
0.0
0.0
0.0
4.53671
3.98566
0.0
0.0
0.0
0.0
1.29202
0.0
0.0
0.0
2.95979
0.0
0.0
0.0
1.97286
0.0
0.0
0.0
0.0
0.0
0.0
0.0
0.0
1.05551
0.0
0.0
0.0
0.0
0.611239
1.22992
0.0
0.0
0.874544
0.877133
0.0
0.0
0.0
0.0
0.0
0.0
0.0
0.0
0.0
0.0
0.0
4.06131
0.0
0.0
2.94074
0.0
0.0
2.96431
0.0
0.0
0.0
0.757216
0.0
0.0
0.0
0.0
0.0
0.0
0.0
0.0
0.0
0.0
0.0
0.0
0.0269418
0.0
0.533653
1.94575
0.343436
0.0
0.0
0.85236
0.0
0.0
0.0
0.0
0.0
0.0
0.0
0.0
0.0
0.0
0.0
0.0
0.0
0.0
0.131797
0.0
0.0
0.0
2.53204
0.0
0.0
1.11935
0.0
0.0
0.0
0.0
0.0
0.0
0.0
0.0
0.0
0.0
0.0
0.0
0.0
0.0
0.0
0.0
0.0
0.0
0.817466
0.156161
0.207232
0.0
0.0
0.0775456
0.0
0.0
0.373543
0.0
0.0
0.0
0.0
0.0
0.0
0.0
2.9143
2.91715
0.0
0.0
0.331581
0.0
0.0
3.50818
0.0
0.183037
0.0
0.0
0.0
0.0
0.0
0.0
0.0
0.0
1.32613
0.0
0.0
1.51915
0.0
0.0
0.0
0.0
0.0
0.300887
0.0
0.0
0.0
2.76753
0.0
0.0
0.334202
0.0
0.306207
0.0
0.0
0.0
0.0
0.0
0.0
0.0
0.140361
0.0
0.0
0.0
2.43339
0.769744
0.0
0.0
0.0
0.0
0.0
0.0
0.0
0.0
0.0
0.0
0.0
0.0
0.0
0.0
0.0
0.0
0.0
0.892282
0.875275
0.0
0.0
0.0
0.0
0.0
0.0
0.0
0.0
0.0
0.0
0.0
0.0
0.0
0.0
0.00966814
0.0
0.0
0.889797
0.0
0.0
0.667874
0.0
0.0
0.0
0.0
0.0
0.951236
0.0
2.53216
0.0
2.20786
0.0
0.0
0.0
2.46873
0.506834
0.0
0.0
3.09133
0.0
0.0
0.56108
0.0
0.0
0.0
0.0
0.0
0.0
0.0
0.0
0.0
0.0
1.30921
2.81908
0.0
0.0
3.31172
0.0
0.0
0.0
0.0
0.0
0.0
1.4974
0.0
0.0
0.0
0.0
0.0
0.0
0.0
0.0
0.457982
0.0
0.0
0.0
0.0
0.0
0.0
0.0
0.0
0.827617
0.0
0.0
0.0
0.495251
0.0
0.520383
0.0978198
0.0
0.561186
0.0
0.0
0.0
1.03809
0.0
0.0
0.0
0.0
1.68482
0.0
0.653362
0.0
0.0
0.0
0.0
0.0
0.0
0.0
0.0
0.0
0.0
0.0
0.0
0.0
0.0
0.0
0.740947
0.0
0.0
0.0
1.50768
0.0
0.914122
0.634204
0.0
0.0
0.0
0.0
1.00217
0.0
0.0
0.0
0.0
1.14584
0.0
0.0
2.67219
4.51953
0.291449
0.0
0.0
0.0
0.0
0.888311
0.28283
0.0
2.24314
0.0
0.0
0.0
0.0
0.0
0.0
0.0
0.0
0.0
0.0
0.0
0.0
0.0
0.0
0.0
0.0819698
0.0
0.0
0.0
0.0
2.89898
0.0
2.30047
0.0
0.0
0.189534
0.0
0.0971608
0.0
0.0
0.0
0.0
0.0
0.0
0.0
0.0
0.0
0.0
1.99526
0.0
0.0
0.0
0.0
0.0
0.0
0.0
0.0
0.0
0.0
2.30122
0.0
1.29917
0.0
0.160319
0.0
0.0
0.0
0.0
2.50199
0.0
0.0
0.0
0.0
0.823918
1.292
0.0
0.142543
0.0
0.0
0.0
0.0
0.0
0.402259
0.0
0.39977
0.0
0.0
1.49208
0.0
0.0
0.0
0.0
0.0
0.0
0.0
0.0
0.0
1.77999
0.0
0.0
1.4245
0.0
0.0
0.0
0.435296
0.0
0.0
2.9715
0.0
0.0
0.0
0.0
0.0
0.0
0.0
2.178
0.0
0.0
0.0
0.674172
0.0
2.72756
0.0
0.0
0.0
0.0
0.0
0.0
0.0
0.0
0.0
0.0
0.0
0.0
0.0
2.39088
0.0
0.0
0.0
2.17036
0.0
0.0
0.0
2.53479
0.0
0.0
0.0
0.0
0.0
0.0
0.0
0.0
2.28574
0.0
2.17751
0.0
0.0
0.0
0.0
0.0
0.0
0.0
0.0
0.0
0.0
0.0
0.0
0.0
3.2136
0.0
0.0
3.61847
0.0
0.0
0.0
0.0
0.0
1.08531
0.285113
0.0
0.0
0.0
0.0
0.0
0.0
0.0
0.052449
0.0
0.0
0.0
0.0
0.0
0.0
0.258829
0.0
0.0
0.0
0.0
0.206519
0.0
0.0
0.0
0.0
0.0
0.0
0.0
0.0
0.0
0.0
0.0
2.01269
0.0
0.0
0.0
0.0
0.0
0.0
0.0
0.0
0.0
0.0
0.0
0.241414
0.0
4.44087
0.0
1.08047
2.95938
0.0
0.0
0.0
0.402435
0.0
0.0
0.0
0.0
0.517484
2.8386
0.0
3.80702
0.0
0.0
0.249199
0.0
1.77578
0.0
0.0
0.0
0.0
0.0
0.0
0.0
0.0
0.0
0.993701
0.0
0.0
0.0
0.0
0.0
0.0
0.0
0.0
0.0
0.0
0.0
0.0
0.0
0.435567
0.0
0.0
0.204847
0.0
0.0
0.0
0.0
0.0
0.0
0.0
0.0
0.0
0.0
0.0
0.0
0.0
0.0
0.0
0.736443
0.0
0.785837
0.0
0.0
0.0
0.0
0.81273
0.0
0.0
0.0
0.0
0.0
0.0
1.2375
0.745431
0.0
0.940952
0.0
0.0
0.0
0.0
0.245467
2.62725
0.993393
1.44974
0.0
1.68
1.34108
1.62311
0.0
0.0
0.0
0.0
0.0
0.0
0.0
0.0
0.0
0.0
0.0
0.0
0.0
0.0706461
0.0
0.0
0.0
0.0
0.0872675
0.0
0.0
0.0
0.0
0.489198
0.0
0.0
0.0
0.0
0.0
0.0
0.0
0.367744
0.0
0.511413
0.0
0.310946
0.0
0.0
0.0
0.0
0.569797
0.0
0.410657
0.0
0.423832
0.0
0.0
0.0
3.17642
0.0
0.0
0.0
0.0
0.0
0.0
0.0
0.0
0.0
0.0487846
1.01162
0.349669
0.725415
0.0
0.0
0.0
0.394364
0.212481
0.264681
0.0111796
0.0
0.0
0.0
0.0
0.0
0.0
0.4745
0.0
0.0
2.9608
0.389712
0.0
0.0
3.58245
0.0
1.1439
0.0
0.0
0.0
0.0
0.0
0.0
0.213164
0.0
0.0
0.0
0.0
0.0
0.0
0.0
0.0
0.389372
0.0
0.0
0.0
0.0
0.0
0.0
0.0
0.0
0.0
2.45015
0.0
1.63381
0.563171
0.0
0.0693078
0.0
0.0
0.0
1.73189
0.0
2.83661
2.77613
2.18019
0.0
0.0
0.0
0.0
0.0
0.0
0.247814
0.0
1.04272
0.0
0.0
0.0
0.0
0.0
1.44741
0.0
0.0
0.0
0.0
0.0
0.0
0.0
0.0
0.0
0.0
1.6457
0.0
0.0
0.0
1.0459
0.0
0.0
0.0
0.0
0.0
5.19047
0.712536
0.0
0.0
0.0
0.0
0.0
0.0
0.0387916
0.0
0.0
0.0
0.0
0.0
0.277133
0.0
0.0
0.101209
4.30465
3.1873
0.750951
0.653591
0.0
0.0
0.0
0.0
0.215909
0.571728
0.0
0.0
0.939295
0.0
0.0
0.0
0.0
0.0
0.0
0.0
0.0
0.0
0.0
0.0
0.0
0.0
0.0
0.0
0.0
0.0
0.0
0.0
0.0
0.0
0.0
0.0
0.0
0.0
0.0
0.0
0.0
0.0
0.0
0.0
0.0
2.28353
0.0
0.0
0.0
0.0
0.0
0.0445257
0.0
0.160966
0.0
3.59542
0.0
0.0
0.0
0.660167
0.0
0.0
0.0
0.0
0.0
1.02968
0.0
0.0
0.0
0.0
0.0
0.0
0.103307
0.0
0.360438
2.5727
0.371676
0.0
0.0
0.0
0.0
0.0
2.11522
0.211383
5.55106
0.0
0.0
0.00181422
0.0
0.459148
0.0
0.0
0.0
0.0
0.0
0.58816
0.0
0.135491
0.746967
0.0
0.0
0.0
0.0
0.0
0.273514
0.0
0.0
0.0
3.08263
0.0
0.585758
0.0
0.0
0.0
0.0
0.0
0.0
0.0
0.0
0.0
0.0
0.0
0.0
1.30059
0.0
0.0
0.0
0.0
0.0
0.0
1.6334
0.0
0.0
0.0
0.0
1.04173
0.0
1.5829
0.0
0.0
0.0
0.0
0.0
0.0
0.41026
0.0
0.0
0.0
0.0
0.0
2.00379
0.0
0.0
2.20783
0.0
0.0
2.83605
0.00555062
0.0
0.0
0.0
0.0
2.52243
0.0
0.0
0.938375
0.0
0.0
0.0
0.0
0.0
0.0
0.0506079
0.0
0.0
0.0
0.0
0.0
0.0
0.0
2.67522
0.0
0.0
0.0
0.0
0.0
0.0
0.0
0.0
0.0
0.0
0.0
0.0
0.0
0.0
0.0
0.0
0.0
0.0
1.71681
0.0
0.0
0.0
0.0
0.0
0.0
0.484924
0.0
0.0
0.0
0.0
0.0
0.0
1.3635
0.0
2.74987
0.0
1.41823
0.0
0.0
0.0
0.180029
0.0
0.0
0.0
0.0
0.0
0.0
0.0
0.0
0.397503
0.0
0.0
0.0
0.0
0.0
0.0
0.0
0.0
0.0
1.69357
0.0
0.0
0.0
0.362555
0.0
0.0
0.0
0.0
0.0
0.0
0.0
0.0
0.328673
0.0
0.0
0.0
0.0
0.0
0.0
3.78961
0.0
0.0
0.0
0.0
4.13384
0.0122546
0.0
0.0
1.07104
0.0
0.0
0.0
2.21449
0.0
0.0
0.0
0.0
0.0
0.0
0.0
0.0
0.579408
0.0
0.0
0.0
0.0
0.0
0.0
0.0
0.0
0.0
0.0
0.0
0.0
0.0
0.0
1.69479
0.0
0.0
0.0
0.0
0.0
1.12061
0.0
0.0
0.0
0.0
0.0
0.0
2.10744
0.0
0.0
0.0
0.0
1.13775
0.0
0.0
0.0
0.0
0.0
0.884664
0.0
0.0
0.0
0.0
0.0
0.0
0.0
0.374671
0.0
0.0
1.29422
0.0
3.55069
0.0
0.0
0.0
0.687546
0.0
0.0
0.0
1.24592
0.0
0.0
0.0
0.0
0.0
0.382383
0.0
0.0
0.0
0.0
0.0
0.0
0.0
0.120361
0.0
0.0
0.0
0.0
2.57323
0.0
0.0
0.440694
0.0
2.29672
0.0
0.0
0.0
2.51662
0.0
0.0
0.0
0.0
3.48106
0.0
0.0
0.0
0.0
0.344402
0.0
0.666715
0.0
1.41984
0.0
1.29308
0.0
0.0
0.0
0.0
0.0
0.0
0.0
0.0
0.0
0.0
0.0
0.0
0.0
0.0
0.0
0.0
0.0
0.0
0.0
0.0
0.0
1.26625
0.0
0.0
3.1728
0.0
1.72369
2.445
0.0
0.0
0.0
0.0
0.252685
0.0
1.45389
0.0
1.21264
0.951794
0.0
0.0
0.0
0.901302
0.0
0.0
0.0
0.0
0.431323
1.08103
1.60846
2.05949
0.0
0.0
1.67631
0.471807
0.0
0.0
0.0
0.0
0.0
1.97069
0.131104
0.0
0.0
2.70575
3.38668
0.0
0.0
3.11385
0.934851
0.0426277
0.0
0.0
0.127966
0.867929
0.0
0.0
0.0
0.0
0.0
0.0
0.0
0.0
0.0
0.0
0.0
0.958927
2.4559
0.0
0.0
0.0
0.0
2.42965
0.0
0.0
0.0
0.0
1.33073
0.0
0.0
0.0
0.0100853
0.0
0.0
0.0
0.0
0.0
0.0
0.0
0.825981
0.0
0.0
0.0
0.0
0.0
0.0
0.0
0.0
0.0
0.0
0.0
1.24551
0.426835
0.0
0.0
0.0
2.34675
0.0
0.0
0.0232242
0.80569
0.0
0.332195
0.0
1.60938
0.0
0.0
0.0
0.0
0.0
0.0
3.32255
0.0
0.0
0.469225
0.0
0.0
2.10675
0.0
0.0
0.0
0.66825
0.0
0.0
0.0
0.0
0.432048
0.0
0.0
0.0
0.0
0.0
0.0
0.387064
1.77253
0.166351
0.0
0.0
0.0
0.0
0.604954
0.0
0.0
0.0
0.19868
0.0
0.0
0.0
0.0
0.0
0.0
5.14961
0.0
0.0
0.0
0.0
0.0
0.0
0.0
4.1346
0.0
0.0
0.0
0.0
0.0
0.0
0.0
0.0
0.0
0.439752
0.0
0.0
0.0
0.0
0.0
0.0
0.0
0.0
0.0
0.959652
0.0
0.0
0.0
0.143711
0.0
0.064741
3.30726
3.60388
0.0
0.0
2.06415
0.612177
0.0
0.0
2.50164
0.0
1.05439
0.0
0.0
0.0
0.0
0.0
0.0
0.0
0.0
0.0
0.0
0.0
0.0
0.0
0.0
0.0
0.0
4.34615
0.0
0.0
0.0
0.0
0.0
1.83324
0.0
0.0
0.0
1.82281
0.0
0.0
0.0
0.0
0.0
0.0
0.0
0.0
0.0
0.0
0.00862773
0.144228
0.0
0.0
0.0
0.0
0.0
0.0
0.0
0.0
0.0
1.19927
3.24202
0.0
0.0
0.0
0.0
1.53818
0.0
0.0
0.0974972
0.0
0.21872
0.0
0.0
0.0
1.25908
0.0
0.0
1.02234
0.0
0.0
0.0
0.0
0.0
0.0
0.0
2.16503
0.0
0.0
0.0
2.4825
0.0
0.0
0.600296
0.0
1.66294
2.49714
0.0
0.0
0.0
0.0
6.46858
0.0
0.0
0.0
0.0
0.0
0.0
3.09471
0.0
4.40792
0.0
0.0
0.0
0.0
0.0
0.0
0.0
0.0
0.0
0.0
0.0
0.0
0.0
0.0
0.0
0.180221
0.0
0.0
0.0
0.0
1.7002
0.0
0.637267
3.40164
0.0
3.67025
0.0
0.0
0.0
0.0
0.0
0.0
0.0
0.0
0.0
0.0
1.64192
0.0
0.0
0.266076
0.0
0.0
0.0
0.0
0.893151
0.0897784
0.0
0.0
0.901534
0.0
0.0
0.0658371
0.0
2.66677
0.0
0.0
0.0
0.0
2.35667
0.0
0.203211
0.0
1.8452
0.0
2.65263
0.0
0.0
0.0
0.0
0.0
0.0
0.0
0.0
0.0
0.0
0.0
0.0
0.0
1.49965
0.0
0.0
0.0
0.0
0.0
0.0
0.0
0.0
2.99343
0.0
0.0
0.0
0.0
0.0
0.0
0.0
0.0
0.0
0.0
0.0
0.0
0.0
0.0
1.12117
0.0
0.0
1.06676
0.0
0.0
0.0
0.0
0.0
0.0
0.77675
0.0
0.0
0.0
0.0
1.81584
0.0
0.0
0.0
0.0
0.0
0.0
4.69191
0.0
0.0
0.0
1.76724
0.0
0.0
0.0
5.95674
0.0
0.408768
0.0
0.0
0.0
2.1103
0.0
0.0
0.0
0.0
0.0
0.0
1.52498
0.169838
0.0
0.0
0.0202767
0.0
0.0
0.0
0.0
0.0
0.0
0.0
0.0
0.0
0.0
0.0
0.0
0.0
0.0
2.94568
0.646464
0.0
0.0
0.0
0.791763
0.0
0.0
0.0
0.0
0.0
0.0
1.21535
1.1289
3.04193
0.0
0.0
0.0
0.0
0.0
0.0
0.0
0.0
0.987061
1.75629
0.0
0.0
0.0
0.748683
0.0
0.0
0.0
1.12356
0.0
0.0
0.0
0.0
0.0
0.0
0.0
0.0
0.0
0.963787
0.500895
0.0
0.0
0.0
0.0
0.0
0.0
0.0
0.0
0.0
0.0
0.0
0.0
0.0
1.56113
0.0
0.0
0.0
0.0
0.0
0.0
0.0
0.083261
0.0
0.0
0.0
0.0
0.0
0.0
0.0
1.68759
0.0
0.0
0.0
0.0
0.0
0.0
0.0
0.0
0.0
0.0
0.0
0.0
0.0
0.0
0.0
0.0
0.0
0.0
3.14545
0.0
0.0
0.0
0.0
0.0
0.605029
0.0
0.0
0.0
0.0
0.0
0.0
0.114374
0.0
0.0
1.931
0.0
0.0563707
0.0
0.940562
0.0
0.0
0.0
0.0
0.0
0.626114
0.0
0.0
0.0
0.0
0.0
0.0
0.0
0.0
0.0
0.0
0.0
0.0
0.0
0.0
0.0
0.0
0.0
0.0
0.0
0.976281
1.1667
0.0
0.0
0.0
0.0
0.0
0.0
0.0
0.0
0.0
0.0
1.94958
0.0
0.0
0.160634
0.0
0.0
0.0
0.0
0.0
0.0
0.0
0.0
0.0
0.0
0.0
0.0
0.0
0.728049
0.0
0.0
0.0
0.0
0.0
0.0
0.376619
0.0
0.0
0.0
0.0
0.0
0.0
0.0
0.0
0.0
0.0
0.0
0.0
0.0
0.0
0.314773
0.0
0.581745
0.0
0.0
0.0
0.0
2.0092
0.0
3.02815
0.0
0.0
1.62593
0.0253806
0.0
0.0
0.0
0.0
0.0
1.53396
1.14218
1.18345
0.0
2.95305
0.0
0.0
0.0
0.0
0.0
0.666483
0.0
0.0
0.0
0.0
0.0
0.0
0.0
0.0
0.0
0.0
0.557469
0.0
0.0
1.3681
0.740684
0.0
0.956004
0.0
0.369574
0.0
0.0
0.0
0.0
4.19375
0.0
1.56452
0.0
0.0
0.572164
0.0
1.24916
0.0
0.0
0.0
0.0123889
0.0
0.0
0.0
0.0
0.0
1.01831
0.0
0.0
0.0
4.21557
1.9247
0.0
0.0
1.33232
5.33171
0.0
0.0
0.0
0.90059
0.0
0.0
2.69747
0.0
0.0
0.0
0.0
0.0
0.0
0.0
0.0
0.0
0.0
0.268297
0.0
0.125263
1.20569
1.01076
2.23932
2.18688
0.0
1.19606
0.0
0.0
0.0
0.0
0.0
0.0
0.229951
0.0
0.376334
0.0
0.0
0.0
0.0
0.0
0.0
0.0
2.51994
0.0
0.368328
0.005678
0.0
0.0
0.0
1.04447
0.0
0.0
0.0
3.42963
0.186674
0.0
0.0
0.0
0.0
0.0
0.0
0.0
0.0
1.09495
0.0
0.0
0.0
0.0
0.06942
0.0
0.0
2.57047
0.531916
0.0
2.97398
2.43015
0.0
0.0
0.0
0.0
0.0
0.148771
0.0
0.0
0.0
0.0
0.0
0.450659
0.0
2.10774
0.0
0.0
0.291587
0.0
0.541421
1.57589
0.0
0.0
0.0
0.0
0.409146
0.0
0.0
0.232935
0.0
0.0
0.0
0.0
0.0
0.0
0.755433
0.0484423
0.0
0.0
2.55793
0.0
0.0
0.0
0.0
0.299779
1.18541
0.0
0.077683
0.0
0.0
0.0
0.0
0.605541
0.0
0.0
0.0
0.0
0.0
0.0
4.14973
2.99011
0.608421
0.0
1.44906
0.0
0.0
3.06536
0.0
0.0
0.0
0.0
0.0
0.0
0.0
0.187847
6.64792
0.0
0.0
0.0
0.0
0.0
2.99167
0.0
3.72617
0.0
0.0
0.0
4.64351
1.4949
0.0
0.0
0.0
0.0
0.0
0.0
1.28443
0.0
0.0
0.0
0.159861
0.0
0.0
0.0
0.0
0.0
0.0
0.0
0.0
0.0
0.0
0.0
0.0
0.0
0.0
2.19851
0.0
0.0
0.249077
0.0
0.0
1.9212
0.0
0.0
0.0
0.0
0.0118065
2.40432
0.0
0.0
0.0
0.0
0.0
0.0
0.760078
0.0
0.0
0.0
0.0
0.0
1.92225
0.305203
1.24005
0.0
2.44707
0.0
0.0
0.0
0.469721
0.0
0.268753
0.0
0.0
0.0
1.62616
0.0
0.0
1.19002
0.0
3.01655
0.0
0.0
0.0
0.0303786
0.0
0.928109
0.177985
0.0
0.0
2.07647
0.0
0.0
0.0
0.0
0.0
0.0
2.5797
0.0
0.0
0.0
0.333799
0.0
0.0
0.0
0.0
0.0
1.1278
0.0
0.0
0.0
1.66154
0.0
0.0
1.70312
0.594915
0.0
0.0
0.0
1.48743
0.0
2.64619
0.675559
1.65632
0.0
0.0
0.0
0.141107
0.0
0.0
0.0
0.0
0.0
1.87528
0.0
0.0
0.0
0.0
4.94302
0.0
0.0
0.0
0.0
0.0
0.0
0.271048
0.880199
0.488611
0.0
0.0
0.824488
0.0
0.0
0.0
0.0
0.497035
0.0
0.0
0.0
1.67745
0.0
0.0
2.24094
0.0
0.0
0.0
0.0
0.0
0.0
0.0
0.0
0.0
0.0
0.0
0.0
0.0
0.0
0.0
0.0
1.18628
0.0
0.557618
0.0
0.876392
0.0
1.98897
0.0
0.0
0.0
0.0
0.0
0.0
0.0
0.0
2.19593
1.49748
0.0
0.0
0.0
0.0
0.0
0.0
0.0
0.0
0.0
0.0
0.0
0.0
0.0
0.891456
0.0
0.0
1.40447
2.7707
0.0
0.0
0.0
0.268324
0.0
0.0
0.506551
0.0
3.22179
0.0
1.52133
0.0
0.0
0.0
0.0
0.0
0.0
2.54776
0.0
0.0
0.0
0.0
0.0
0.0
0.0
0.0
0.0
2.73197
0.0
0.0
0.127893
0.0
0.0
0.0
0.0
3.11713
0.0
0.0
0.0
0.0
0.0
0.0
0.0
0.0
0.0
0.0
0.0
0.485881
0.0
1.14978
0.0
0.0
0.390839
0.0
0.0
0.0
0.470513
0.0
0.0
0.0
0.0
0.0
0.471854
0.0
0.0
0.0
1.48849
0.0
0.0
0.0
0.0
0.0
0.0
0.0
3.08005
1.02789
0.0
0.0
0.0
1.12553
0.0
0.0
0.0
0.0
0.0
0.0
0.0
0.0
0.0
3.82939
0.0
0.0
0.0
2.95538
0.773531
0.311484
0.0
0.0
0.0
0.0
0.0
0.0
0.0
0.0
0.0
0.0
0.0
0.00342959
0.0
0.0
0.0
0.0
0.0
0.0
0.0
0.0
0.0
0.0
1.36102
0.0
0.0
1.93321
0.0
0.0
0.0
0.0
0.0
0.0
0.0
3.84327
0.0
0.0
0.0
0.0
0.0
0.0
0.0605767
1.40881
0.0
0.0
0.0
3.71588
0.0
0.0
0.0
0.0
0.0
0.0
0.677395
5.53239
0.0
0.0
0.0
0.0
1.23243
1.8071
0.0
0.0
0.0
0.0
2.34699
0.0
0.0
0.859481
0.0
0.0
1.81508
1.98187
0.0
0.0
0.0
0.0
0.0
0.0
0.0
0.0
0.0
0.0754107
0.0
0.0
0.0
0.0
0.0
0.0
0.0
0.0
0.0
0.0
0.0
0.0
0.986231
0.0
0.0
0.0
0.00361145
0.0
0.0
0.727733
0.0
0.0
3.63648
0.0
0.0
0.0
0.0
0.0
0.0
0.0
0.0
0.825794
0.0
0.0
0.0770396
5.15088
0.0
0.0
0.0
0.0603665
2.49608
1.69604
0.0
0.795117
0.0
0.0
0.0
0.0
0.0
0.0
0.0
1.59933
0.0
0.0
0.0
1.67325
0.0
0.0
0.0
0.0
0.0
0.0
0.0
0.0
0.0
0.0
0.0
0.0
0.770347
0.0
0.0
1.05576
0.0
0.0
0.0
0.0
0.0
0.0
0.0
0.0
0.231175
0.0
0.789565
0.0
2.76587
0.0
0.0
0.0
0.0
0.0
0.0
2.33929
0.0
0.0
0.0
1.38873
0.0
0.0
0.0
0.0
0.603072
0.0
0.0
0.0
0.0
0.0
0.0
0.0
2.13146
0.0
0.0
0.0376387
0.0
0.0
0.0
0.0
0.0
0.0
0.0
0.0
0.0
0.0
0.0
2.77024
0.0
0.0
0.0
0.0
0.0
0.457992
0.0
0.0
0.0
0.0
0.0
0.0
3.77524
0.0
2.53944
0.0
0.0
0.0
0.0
0.0
0.0
3.16828
0.0
0.0
0.0
0.0
0.0
0.0
0.76476
0.0
0.0
0.0
3.33461
4.08042
1.93922
0.0
1.72889
0.0
0.0
0.0
0.0
0.0
0.0
0.0
0.0
0.0
0.0
0.0
0.123701
0.0
0.0
0.0
0.0
0.0
0.0
0.0
0.0
2.63335
0.0
0.0
0.0
0.0
0.0
1.73597
0.873929
0.0
0.0
0.0
0.0
0.0
2.03852
0.26216
0.0
0.0
2.62667
0.252819
0.0
0.0
2.49212
0.0
0.0
0.0
0.0
0.0
0.0
0.0
0.0
0.0
0.0
0.0
0.311109
0.0
0.0
0.0
0.0
0.0
3.70884
0.0
0.506949
1.50636
0.0
0.0
0.0
0.0
0.0
0.0
0.429834
0.0
0.74632
0.0
0.0
0.0
0.0
0.0
0.0
0.0
0.382365
0.0
0.0
0.0
0.0
0.0
3.08699
0.0
0.0
0.481201
0.0
0.0
0.0
2.58283
0.0
0.0
0.0
0.0
0.0
0.000887409
0.0
0.0
0.0
0.0
0.0
0.0
0.0
0.0
0.0
0.0
0.0
0.343046
0.498492
0.0
2.07329
0.0
2.98219
0.0
0.0
0.0
0.0
0.0
0.0
0.0
0.0
0.0
0.0
0.0
0.142795
0.0
0.0
0.0
0.0
0.0
5.31825
0.0
0.0
0.400367
0.0
0.148438
0.0
0.0
0.0
0.0
0.0
0.0
0.230285
0.0
0.0
0.0
0.0
0.0
0.0
0.0
0.0
2.14966
0.0
1.72267
0.0
0.591398
0.0
0.0
0.0
0.0
0.682552
0.654275
0.0
2.09007
0.0
0.0
0.0
2.06255
0.0
0.504372
0.0
0.0
6.66452
0.913586
0.0
0.0
0.0
0.0
0.0
0.0
0.0
0.0
1.14256
0.0
0.0
0.0
0.0
0.907711
0.0
0.0
0.0
0.0
0.0
0.0
5.25393
0.0
0.0
0.0
0.0
0.0
0.0
0.0
0.0
0.363
0.0
0.0
0.0
0.0
0.0
0.0
0.397502
0.0
0.0
0.0
0.0
0.0
0.0
0.36415
0.234305
0.0
0.0
0.0
0.0
0.0
2.00347
0.0
0.0
0.0
0.0
0.0396691
0.0
0.0
0.0
0.0
0.0
0.0
0.0
0.0
0.0
0.0
0.0
0.0
0.0
0.0
0.0
0.0
0.437746
0.0
0.0
0.545305
0.190713
0.807093
0.0
1.69569
1.71247
0.0
0.0
0.0
0.0
0.627636
0.0
2.50651
0.422815
0.0
0.0
0.484563
0.0
0.47438
0.0
2.13564
0.0
0.183297
0.0
0.0
0.0
0.0
0.0
1.33883
1.75808
3.18293
0.0
0.0
0.0
0.0
4.0493
0.0
0.0
0.0
0.0
0.0
1.90015
0.437093
0.0
0.0
0.0
0.0
0.0
0.0
0.191185
0.0
0.0
2.3157
0.0
0.0
0.0
0.0
0.626944
0.0
0.0
0.0
0.0
0.88356
0.0
0.0
1.25734
0.0
0.0
0.0
0.0
0.0
0.0140857
0.0
1.75764
0.0
0.0
0.0
0.0
0.0
0.0
0.0
0.0
0.0
3.64842
0.0
0.0
0.0
0.0
1.88653
0.0
0.0
0.0
0.0
1.56838
0.0
0.0
4.1885
0.0
0.0
0.0
0.0
1.05099
0.0
0.0
0.0
0.0
2.0944
0.996948
0.396704
0.0
0.0
0.0
0.0
0.0
0.0
1.43201
0.0
0.0
0.0
0.0
0.0
0.0
0.0
0.0
0.0
0.0
0.0
0.0
0.756645
0.0
0.0
0.0
0.0
0.0
0.80528
5.75671
0.0
0.0
0.0
0.0
0.0
0.0
1.2508
0.0
0.0
2.0276
0.0
3.23036
0.0389219
0.0
0.0
0.0577421
0.0
0.0
2.85766
0.0
1.20962
0.0
0.0
0.0
0.85244
0.668175
0.0
0.0
1.28056
0.0
0.0
0.0
0.0
0.0
0.0
0.0
0.379826
0.0
0.0
0.631945
0.0
0.0
0.0
0.328485
0.0248424
0.0
0.0
0.0
0.0
0.0
0.0
0.0
0.0
0.0
0.0
0.0
0.0
0.0
0.674586
0.0
0.0
0.0
0.0
0.0
2.20411
0.0
0.0
0.0
3.32838
1.09672
0.0
2.60411
0.0
0.546116
0.0
0.0
2.26429
0.0
2.53492
2.00796
4.1107
0.0
0.0
0.0
0.0
0.0
0.629131
0.0
0.873167
0.0
0.0
0.0
1.39319
1.84391
3.7014
0.0
0.0
0.0
0.0
0.0
0.0
0.0
0.564915
0.0
3.31939
0.0
0.0
0.0
0.0
0.655752
0.0
0.606737
0.0
2.091
0.0
0.0
6.28244
0.467793
0.0
0.0
2.39359
0.0
0.0
0.0
0.0
2.92876
0.915512
0.0
0.0
0.0
4.25032
0.742868
0.219946
0.0
0.0
0.0
4.22031
0.0
0.0
3.91745
0.0
0.0
0.0
0.0
0.0
0.0
0.0
0.0
0.0
0.583092
0.0
0.0
0.0
2.32435
1.21021
0.0
2.20926
0.879867
0.0
0.0
0.0
0.0
0.442665
0.0
0.0
0.193659
0.0
0.0
0.0
0.292226
0.0
0.408054
0.0
1.137
0.0
3.63233
0.364184
0.0
0.0
0.0
0.0
1.2734
0.0
0.0
0.0
0.0
0.618808
0.0
3.53422
0.0
0.0
1.23704
0.866106
0.0
0.0
0.0
0.0
0.683232
0.0
0.0
0.0
0.0
1.84202
0.362017
0.0
0.0
1.4835
0.0
1.69564
0.0
0.0
0.0
2.08323
0.0
0.0
1.49609
0.0
0.0
0.0
0.0
1.66096
0.0
0.0
0.0
0.0
0.0
0.785657
0.0
0.0
0.46268
0.0
0.0
0.0
3.41593
0.617467
0.0
3.30502
0.0
0.0
0.0
0.0
0.0
3.71944
0.0
0.0
0.0
0.0
0.0
1.11246
0.0
0.0
0.0
0.540034
0.024388
0.0
0.0
0.0
0.0
0.0
0.0
0.0
0.0
0.924523
0.0
0.0
0.0
1.33235
2.80206
0.0
0.372914
0.0
0.109618
0.0
0.0
0.393795
0.0
0.0
0.0
0.0
0.0
0.0
0.0
0.0
0.0
0.0
0.0
0.941795
0.0
0.0
0.0
0.0
0.0
0.0
0.0
0.0
0.0
