0.0
0.0
0.0
0.0
0.192437
0.0
0.0
0.0
0.0
0.0
0.0
4.09966
0.0
0.0
0.0
0.0
0.0
0.161897
0.0
0.0
0.0
1.79163
0.0
0.0
0.0
0.0
0.0
0.0
0.0
0.0
0.0
3.3721
0.0
2.8587
0.0
0.0
0.0
0.572753
0.0
0.0
0.0
0.0
3.25815
0.0
0.0
1.57351
0.0
0.0236245
0.0
0.0
1.49195
0.0
0.0
0.0
0.483478
0.0
0.0
0.0
0.0
0.0
0.287168
0.0
0.0
0.271629
0.0
0.0
0.0
0.0
4.40262
0.0
0.0
0.0
0.0
0.0
0.0
0.0
0.0
0.0
0.0
0.0
0.464977
0.0
0.0
0.0
0.0
0.0
0.0
0.0
1.56477
0.0
0.0
0.0
0.218814
0.101362
0.0
0.0
0.0
0.0
0.0
0.0
0.0
0.0
1.86485
0.0
0.0
1.28804
0.0
0.0
0.0
0.0
0.0
0.0
0.0
0.492807
0.0
0.0
0.0
2.9005
0.0
0.0
0.685687
0.0
0.0
0.0
0.0
0.39168
0.0
2.54984
0.0
0.0
0.0
2.05958
0.0
0.0
0.0
0.0
2.27406
0.0
0.0478791
0.0
0.0
0.0
0.0
0.0
0.0
0.0
0.0
0.0
3.16009
0.0
0.0
0.0
0.306258
0.0
0.0
0.0
0.0
0.0
0.0
0.0
0.0
0.0
0.0
0.0
0.0
0.0
0.0
1.60005
0.482372
0.640277
0.0
0.0
4.19956
0.0
0.0
0.0
0.0
2.84147
0.142669
0.0
5.86169
0.0
0.0
0.0
0.0
0.0
0.0
0.0
0.0
2.25102
0.666484
0.0
3.24562
4.24955
0.0
0.0
0.0
0.0
0.0
2.84467
0.0
0.0
0.0
0.0
0.0
0.0
0.0
0.0
0.786604
0.0
0.0
0.0
0.0
0.0
1.31558
0.0
0.0
0.0
0.0
1.63586
0.0
0.245743
0.0
0.0
0.0
0.0
0.0
0.0
0.0
0.0
0.0
0.0
0.0
0.0
0.0
0.0
0.0
0.0
0.0
0.0
0.0
0.0
2.34732
3.42548
0.0
0.0
0.0
6.05684
0.0
0.0
2.56562
0.0
0.0
0.0
0.0
0.0
0.0
0.0
0.0
0.0
0.0
0.0
0.868559
0.0
0.0
0.0
0.356206
0.0
0.0
0.0
0.0
0.0
0.0
0.576459
0.0
0.0
6.37238
0.0
0.0
0.0
0.0
1.64468
0.830757
1.92838
0.0
0.0
0.0
0.0
0.0
0.0
0.0
0.0
0.0
0.0
0.0
0.0
0.0
0.0
0.0470471
0.0878917
0.0636067
4.34885
1.00734
0.0
0.0
0.0
0.0
0.0
0.0
2.34653
0.0
0.0
0.0
0.0
0.0
0.0
0.0
0.0
0.0
0.0
0.0
0.0
0.0
0.0
3.06276
0.0
0.0
0.0
0.0
0.0
0.0
0.0
0.0
0.0
0.0
0.0
0.0
0.0
0.0
0.0
0.0
1.49569
0.404316
0.0
0.0
0.0
0.0
0.0
1.58009
0.0
0.0
0.0
0.0
0.0
0.0
0.0
0.0
0.0
0.0
0.0
0.0
0.0
0.0
0.0
0.0
0.0
0.0
0.0
0.0
0.104015
0.0
0.0
0.0
0.0
0.0
0.0
3.33032
0.0
0.0
0.0
0.0
0.0
0.0
0.0
0.301114
0.0
0.0
1.28114
0.0
0.0
0.0
0.0163654
0.0
0.0
0.0
1.14557
4.23075
0.0
0.0
0.0
0.0
0.0
0.0
0.0
0.0
0.0
0.0
0.0
0.508035
0.0
0.0
0.0
0.0
0.0
0.0
0.0
0.0
0.0
0.0
0.0
0.0
0.0
0.143577
0.0
0.0
0.0
0.0
0.0
0.568778
2.66472
0.351188
0.0
0.0
0.0
0.0
0.0
0.0
0.0
1.91805
0.0
0.0
1.62429
0.0
0.0
0.0
0.0
0.0
0.0
2.60575
0.0
0.248115
0.0
0.0
0.0
0.139712
0.0
0.0
0.0
0.0
1.71762
2.28724
2.25274
0.0
0.0
0.0
0.0
0.0
0.0
2.04776
4.35258
0.0
0.0
0.0
0.0
0.0
0.0
0.0
0.0
0.977676
0.0
0.0
0.0
0.0
1.90538
0.0
0.0
0.0
0.0
0.498815
0.0
0.0
0.0
0.0
0.0
0.0
0.0
1.11691
0.0
1.3916
1.98438
0.0
0.0
0.0
0.0
0.0
0.0
0.0
0.0
0.053921
0.0
0.0
0.0
0.0
0.0
0.0
0.0
0.0
0.0
0.0
0.0
0.0
0.0
0.0
0.231566
0.116504
0.460119
0.0
0.0
0.0
0.0
0.0
0.0
2.34886
1.26053
0.0
0.0
0.181278
0.0
0.0
0.0
0.0
0.0
0.0
0.0
0.0
0.0
0.0
0.0
0.0
0.0
0.0
0.0
0.0
0.0
5.00563
0.613212
0.0
0.0
0.0
0.0
0.0
0.0
0.0
0.530762
0.0
0.0
1.98665
0.0
0.0
0.0
0.0
1.98755
0.0
0.0
0.0
0.0
0.0
0.0
0.0
0.0
0.0
0.0
0.0
0.529164
0.0
0.0
0.470692
2.78414
0.0
0.0
0.0
0.0
2.04963
0.0
0.0
0.0
0.439401
0.0
0.0
0.0
0.0
0.0
0.0
1.01283
0.0
0.0
0.0
0.0
0.0
0.0
0.0
0.0
0.0
0.0
0.0
0.0
0.0
0.0
0.0
0.0
1.12936
0.0
0.0
0.0
1.28032
0.0
0.0
0.0
0.0
0.0
0.0
0.0
0.0
0.0
0.0
0.0
0.38419
0.0
0.0
0.0
0.0
0.0
0.0
2.90776
0.0
0.0
0.0110518
0.0
0.222225
0.0
0.0
1.06145
0.0
0.0
0.0
0.0
0.0
1.87738
0.0
0.0
0.200733
1.89153
0.0
0.0
0.0
0.0
0.0
0.0
0.0
0.0
0.0
0.0
0.0
0.0
1.47881
0.0
0.0311947
0.0
0.0
0.0
0.0
0.0
0.0
2.75551
0.0
0.0
0.0
0.0
0.0
0.0
0.0
0.0
0.0
0.0
0.0
0.0
0.0
0.0
0.415059
0.0
0.0
0.0
0.0
1.02415
0.0
0.0
0.0
0.0
0.0
0.0
0.0
0.0
0.0
0.0
0.0
0.0
0.0
0.0
0.0
0.0
0.0
1.73201
0.0
0.0
2.0708
0.0
0.0
0.0
3.31753
0.0
0.0
0.0
0.0
0.0
1.47849
0.0
0.0
0.0
0.0
0.0
0.0
0.0
0.0
0.0
0.360845
2.56899
0.0
0.0
0.0
0.0
0.0
0.0
0.0
0.0
0.0
0.0
0.0
0.0
0.0
0.0
0.246824
0.0
0.0
0.0
0.0
0.0
0.0
0.0
0.0
0.864695
0.0
0.0
0.0
5.90864
0.0
0.0533275
0.0
2.04872
0.0
2.11466
0.0
0.0
0.0
0.0
0.0
0.0
0.0
0.0
0.0
0.44961
0.0
0.0
0.0
0.0
0.0
0.0
0.0
0.0
2.34114
2.35783
0.119472
2.48712
0.0
0.0
0.0
0.0
0.0
0.0
0.0
0.0
0.0
0.0
0.0
0.0
0.0
0.0
5.59685
0.0
0.0
0.0
0.0
0.0
0.0
0.0
0.0
2.59077
0.0
0.0
0.732851
0.0
0.0
0.0
0.0
0.0
0.0
0.0
0.0
0.0
0.0
0.0
0.0
0.0
0.0144284
0.0
2.98776
0.0
0.944309
0.0
0.52954
0.0
0.0
0.0
0.0
0.0
0.275784
0.0
0.0
0.0
0.0
0.0
1.53138
2.07202
0.0
0.0
0.0
0.0
1.83666
0.563651
0.0
0.0
0.0
0.0
0.0
0.0
0.0
0.0
0.0
0.0
0.537463
3.126
0.0
0.0
0.0
0.0
0.0
0.0
0.0
0.0
0.0
0.0
0.0
0.0
1.18235
0.0
4.87717
0.0
0.0340079
0.0
0.0
0.0
0.0
0.0
0.0
0.0
0.0
0.0
0.0
0.0
4.50635
2.38774
0.0
0.0
0.0
0.0
0.0
0.0
0.0
0.0
0.144501
0.0
0.0
0.0
0.0
0.0
0.0
0.0
0.0
0.0
0.0
0.193034
0.0
0.0
0.0283553
0.0
0.0
0.0
0.0
0.0
0.0
0.0
0.0
0.0
0.0
0.376323
0.0
0.0
0.0
0.0
0.0
0.0
0.0
4.13637
0.0
0.861936
0.0
0.0
0.0
0.0
0.0
0.0
0.0
0.0
0.0
0.0
0.0
0.0
0.0
0.238979
0.152029
0.0
0.438137
0.0
0.0
0.0
0.0
0.0
0.0
0.141074
0.0
0.0
0.0
0.0
2.28968
0.0
0.0
2.85005
0.0
0.0
0.0
0.0
0.0
0.0
0.0
0.0
0.0
0.0
0.389562
0.0
0.0
0.0
0.0
0.0
0.0
0.0
0.0
0.0
0.0
0.0
0.0
0.0
1.93853
0.0
0.0
0.0
0.0
1.35064
0.0
1.95432
0.0
0.0
2.40402
0.873723
0.0
0.271397
0.0
0.0
0.0
0.0
3.03049
0.0
3.59779
0.0
0.0
0.0
0.0
0.0
0.0
0.0
0.0
0.0
0.0
0.0
0.0
0.0
0.0
0.0
0.0
1.05595
0.0
0.0
0.0
0.0
0.258155
0.0
0.0
0.0
0.0
0.0
0.0
0.0
0.0
0.0
0.0
2.04879
0.0
1.74253
0.0
1.22325
0.22623
0.0
0.0
0.0
0.0
0.0
0.0
0.0
0.0
0.0
0.0
1.37122
0.0
0.0
0.0
0.0
0.0
0.469429
0.0
1.04646
0.0
0.0
0.0
0.0
0.0
2.91964
0.0
0.0
0.0
2.90839
0.0
0.0
0.0
0.0
0.0
0.0
0.228108
0.0
0.0
0.0
0.0
0.0
0.0
0.0
0.0
0.0
0.0
0.0
0.0
0.0
5.9666
0.0
0.0
0.0
0.0
0.0
0.0
0.0
0.0
0.466697
2.37073
0.822983
0.0
0.0
0.0
0.0
0.0
0.0
0.0
0.0
0.0
0.0
0.0
0.0444378
0.0
0.0
0.0
0.0
0.0
1.10306
0.0
1.53778
2.75934
0.0
0.0
0.43939
3.1138
0.0
0.0
0.0
0.0
0.0
0.0
0.0
1.74887
0.0
0.0
0.0
0.0342957
5.34019
0.359363
0.0
0.0
0.0
1.51192
0.0
1.76935
0.0
0.89816
0.0
0.0
2.33725
0.0
2.30606
0.0
0.0
0.0
0.0
0.0
0.0
0.0
0.0
0.0
0.0
0.0
0.0
0.0
0.0
0.0
0.0
0.0
0.0
1.48638
0.0
0.0
0.0
0.0
1.65155
0.0
0.0
0.0
0.0
3.42185
0.0
0.0
0.0
0.0
0.0
2.47271
0.0
0.098865
3.88759
0.0
2.27145
0.0
0.0
0.111966
0.0
0.0
0.0
0.0
0.898541
0.0
1.80631
0.0
0.0
0.0
1.25714
0.0
0.0
0.0
0.41051
0.0
0.0
0.0
0.0
0.960744
4.02582
0.0
0.0
0.0
0.0
0.0
0.0
0.0
0.0
0.0
0.0
0.0
0.0
0.486358
0.0
3.88358
0.0
0.0
0.0
0.0
0.0
0.0
0.0
0.0
0.0
0.0
0.0
0.0
0.0
0.0
0.0
0.0
0.0
0.230691
0.0
0.0
0.0
0.0
0.0
0.0
0.0
0.0
0.0
0.0
0.0
0.0
4.79668
0.0
0.0
5.01807
0.0
0.0
0.0
0.0
0.0
0.0
0.0
0.624482
0.0
2.32813
0.0
2.49429
0.0
0.0
0.219985
0.0
0.58025
0.0
0.0
0.0
0.0
1.64809
0.0
0.0
0.0
0.0
0.0
0.0
0.0
0.0
0.0
0.0
0.0
0.0
0.0
0.0
0.0
0.0
0.785162
0.0
0.0
0.0
0.0
4.66575
0.0
0.0
0.0
0.0
0.0
1.05085
0.0
0.0
0.2792
0.0
0.0
0.0
0.0
0.0
0.0
0.0
0.0
0.0
0.0
3.53487
0.0
0.0
0.0
0.0
0.0
0.0
0.0
0.0
0.0
0.0
1.67059
2.70264
0.0
0.0
0.0
0.0
0.0
0.0
0.0
0.0
3.67789
0.0
0.94311
0.0
0.265071
0.0
0.0
0.0
0.0
0.0
0.0
0.0
0.0
0.0
0.0
0.0
0.0
0.211574
0.0
0.0
0.0
0.0
0.0
3.07199
0.0
0.0
2.45412
0.0
0.0
1.70645
0.0
0.0
0.0
0.0
0.0
0.0
0.0
0.0
0.0
0.0
0.0
0.0
0.0
0.0
0.0
0.0
0.0
0.0
0.0
0.0
0.0
0.0
0.0
0.0
0.0
0.0
0.0
0.0
0.0
0.0
0.468539
0.0
0.0
0.0
0.0
0.0
0.0
0.0
0.0
0.0
2.82107
0.0
0.0
0.0
0.0
0.0
0.0
0.0
0.0
0.0
0.0
0.0
0.0
0.0
0.0
0.0
0.0
0.114339
0.0
0.0
1.13193
0.0
0.0
0.0
0.0
0.0
0.0
0.0
0.0
0.0
0.0
0.0
0.0
0.0
0.0
1.58395
0.0
0.0
0.544061
0.0
0.0
0.0
0.0
0.0
0.0
1.13892
0.0
0.0
0.0
0.0
0.0
0.0
0.0
0.0
0.0
0.0
0.0
0.330564
0.0
0.0
0.0
0.0
0.0
1.70064
0.0
0.737282
0.0
1.60995
0.0
0.0
3.75356
0.0
0.643813
0.0
0.198405
0.0
0.0
0.0
0.0
0.0
0.0
0.8247
0.0
1.72124
0.0
0.0
0.0
0.0
0.0
0.0
0.0
0.0
0.0
0.465034
0.0
0.786556
0.0
0.0
0.0
0.0
0.0
0.0
0.0
0.0
1.47394
0.794667
0.0
0.0
0.0
0.0
0.0
0.0
0.0
0.332779
0.620113
0.0
0.0
0.0
0.0
0.0
0.0
1.65683
0.585073
0.0
2.2811
0.0
0.0
0.0
0.0
0.0
0.0
0.0
0.0
0.0
0.0
0.0
0.0
0.0
0.0
0.0
0.0
0.0
0.0
0.0
0.0
1.20181
0.0
0.0
0.0
0.0
0.0
0.0
0.457687
0.0
0.0
0.0
0.0
0.285212
0.0
0.0
0.191662
0.0
0.0
0.648642
0.0
0.0
0.0
0.0
0.0
0.0
0.0
0.0
0.0
0.0
0.0
0.0
0.0
0.928455
0.0
0.0
0.0
0.0
0.0
0.0
0.0
0.0
0.0
0.0
0.0089075
2.94018
0.0
0.0
0.0
0.0
0.0
0.0
2.95632
0.0
0.0
0.0
1.03358
0.0
0.0
0.0
0.0
0.0
0.0
0.0
0.0
0.0
0.0
0.0
0.0
0.0
0.0
0.0
0.0
0.0
0.815264
2.83282
0.0
0.0
4.88266
0.0
2.38576
0.0
0.0
0.0
0.410877
1.06076
0.0
0.0
0.0
0.0
0.0
0.69336
0.0
0.0
0.0
0.740027
0.0
0.0
0.204331
0.0
0.0
0.0
0.0
1.12192
0.0
0.190952
0.0
0.0
0.0
0.0
0.0
0.0
0.0
0.0
0.0
0.0
0.0
0.0
2.99721
0.0
0.0
0.0
0.0
0.0
4.18857
3.2873
0.0
0.0
0.0523993
0.0
0.233432
0.0
0.0
4.05047
0.0
0.0
0.0
0.0
0.0
0.0
0.0
0.0
0.0
0.0
0.0
0.0
3.07073
0.0
0.505733
0.0
0.0
3.93266
0.0
0.0
0.0
0.0
0.0
0.0
0.0
0.0
0.0
0.0
0.0
0.0
0.0
0.0
0.0
0.0
0.0
0.0
0.0
2.12269
3.24953
0.0
0.0
0.0
0.868713
0.975626
0.0
0.0
0.0
0.0
0.0
2.52806
0.0
1.58193
0.0
4.86253
0.0
2.2277
0.0
0.0
0.0
0.0
0.0
0.0
0.0
0.0
0.0
0.0
0.0
0.0
0.0
0.0
0.0
0.983073
0.0
0.0
0.0
0.0
0.0
0.0
0.0
0.0
0.0
0.0
0.0
0.0
0.0
0.0
0.0
1.15057
0.0
0.0
0.0
0.0
0.0
0.0
0.0
0.0
0.886523
0.0
0.0
4.1557
0.0
0.0
0.0
2.80802
0.0
0.0
0.0
0.0
0.0
0.0
0.0
0.0
0.0
0.0
0.0
0.0
0.0
0.0
0.878544
0.0
0.0
0.0
0.0
0.0
1.77199
0.0
0.0
0.0
0.0
0.0
0.0
0.0
0.0
0.0
0.0
0.0
0.0
0.0
0.0
0.0
0.0
0.0
0.148777
0.0
0.0
0.0
0.0
0.0
0.0
0.0
0.0
1.2813
0.0
0.0
0.0
0.0
0.0
0.172149
0.0
0.0
0.0
0.36012
0.0
0.0
0.0
0.0
0.0
1.26115
3.47897
0.0
0.0
0.0
0.0
0.0
0.0
0.0
1.04773
0.0
0.0
0.0
0.0
0.0
0.23539
0.0
0.0
0.0
0.0
0.0
0.0
0.0
0.0
0.0
0.0
0.0
0.0
1.34406
0.0
0.0
0.0
0.0
0.0
0.0
0.0
0.0
3.18667
0.0
0.0
0.0
0.0
0.632063
0.0
2.99613
0.0
0.0
0.0
0.0
0.0
0.0
0.0
0.0
0.0
0.0
0.0
0.0
0.0
0.0
0.0
0.0
0.0
0.0
0.0
0.0
0.0
0.0
0.0
0.355984
0.0
0.0
0.0
0.0
0.0
0.0
0.0
0.0
0.0
0.464962
0.0
2.85405
2.29213
0.0
0.0
0.0
0.0
0.0
0.0
2.02204
0.0
2.34436
0.0
0.0
0.0
0.974726
0.0
1.59155
0.0
0.642141
0.0
1.79094
0.0182017
1.65378
0.0
3.96055
0.0
2.5595
1.05163
0.0
0.0
0.0
0.0
0.0
0.0
0.0975853
0.0
0.0
4.22679
0.308577
0.0
0.0
0.565769
0.107073
0.0
0.0
0.0
0.0
0.0
0.0
0.0
0.0
0.0
0.0
0.0
0.0
0.0
0.0
0.0
2.72058
0.404429
3.07619
0.0
0.0
0.0
0.0
0.0
0.0
0.0
0.0
0.0
4.00301
0.0122621
0.0
0.0
0.0
0.0
0.0
0.0
0.0
0.0
0.0
0.0
0.0
1.43425
0.0
1.83666
0.0
0.0
0.0
0.153661
0.0
0.0
0.0
0.359519
2.05644
0.0
0.0
0.0
0.22287
3.76022
0.0
0.0
0.0
0.0
0.0
0.0
0.0
0.0
0.0
0.0
3.6865
0.0
0.0
0.0
0.167347
0.0
0.0
0.0
0.0
0.0
1.69114
0.0
0.0
0.0
0.0
0.0
0.0
0.0
0.0
0.442521
0.0
0.0
0.0
0.0
0.0
0.0
0.0
0.0
1.26458
0.0
0.0
0.0
0.0
0.270048
0.0
0.0
0.0
0.0
0.0
0.0
0.0
0.0
0.0
0.0
0.0
4.80724
0.0
2.04306
0.0
0.0
0.0
0.0
5.83148
0.0
0.0
0.0
0.0
0.0
0.0
0.0
0.0
0.0
0.0
0.0
0.0
0.0
0.0
0.0
0.0
0.0
0.0
0.0
0.0
0.0
0.0
0.0
0.0
0.0
0.0
0.0
0.0
0.0
0.0
0.0
0.0
0.0
0.0
0.886324
0.0
0.0
0.0
0.0
0.045772
0.0
0.0
0.0
0.0
0.0
0.0
0.0
0.0
0.0
0.0
0.0584295
0.0
0.0
0.391617
0.0
0.0
0.0
0.0
0.0
0.989241
0.0
0.0
0.435432
0.0
0.0
0.0
0.0
0.0
0.0
0.0
0.0
0.0
0.0
0.0
0.0
0.0
0.0
0.0
0.0
0.0
0.0
0.0
0.0
0.0
0.0
0.0
0.0
0.0
0.0
0.0
0.533202
0.0
0.0
0.0
0.0
0.0
0.0
0.0
0.0
0.0
0.0
0.0
0.0
0.0
0.0
0.0
0.0
0.0
3.65833
0.0
0.0
0.0
0.0
0.0
0.0
0.0
0.0
0.0
0.0
0.0
0.0
3.03476
0.0
0.0
0.0
0.0596757
0.0
0.0
0.0
0.0
0.0
0.0
0.0
1.92256
0.0
3.41793
0.0
0.0
0.0
0.0
0.0
0.0
0.0
0.0
0.0
0.0
0.0
0.0
0.0
0.0
0.0
0.0
0.0
0.0
0.0
0.0
7.54432
0.0
0.0
0.0
0.0
4.70757
0.0
0.0
0.0
0.0
0.0
0.0
0.0
0.0
0.0
0.0
2.72029
0.0
0.0
0.0
0.0
0.0
0.0
0.0
0.0
0.0
0.0
2.28932
0.0
0.0
0.0
0.0842336
2.69958
1.43075
0.0
0.0
0.0
0.0
0.0
0.0
0.0
0.0
1.66094
0.0
0.0
0.0
0.0
0.0
0.0
0.0
0.0
0.0
0.0
0.0
0.0
0.0
0.0
0.0
0.0
0.0
0.0
0.0
0.0
0.0
0.0
0.0
0.0
1.53945
0.0
0.0
0.0
0.0
0.0
3.86914
0.0
0.0
0.936025
0.0
0.0
0.0
0.0
0.0
0.0
1.94631
0.0
3.7432
0.0
0.0
0.0
0.0
0.0
0.903485
1.80753
0.0
0.0
0.0
0.0
0.734697
1.65315
0.0
0.0
0.321777
0.0
0.0
6.61388
0.0
0.0
0.0
0.0
0.0
0.0
0.0
0.870922
0.0
0.0
0.0
0.0
0.0
0.357361
0.0
0.0
0.0
0.0
0.0
0.0
0.0
0.0
0.0
0.0
0.0
0.0
0.0
0.630462
0.0
0.0
0.0
0.0
0.937606
0.0
0.0
0.0
0.0
0.0
0.0
0.0
0.0
0.0
0.0
0.0
0.0
0.0
0.0
0.0
0.0
0.0
0.0
0.0
0.0
0.361893
0.0500063
0.0
0.172993
0.260859
0.0
0.0
0.0
0.537367
0.0
0.0
0.0
0.0
0.0
0.0
0.0
0.0
0.0
2.45463
0.0
0.0
1.92121
0.0
0.0
0.0
0.0
0.0
0.0
0.0
0.373461
0.0
0.0
0.0
0.0
0.0
0.0
0.0
0.0
0.0
0.830146
0.0
0.0
0.0
0.424627
0.0
0.0
1.69275
0.0
1.23931
0.0
0.0
0.0
0.0
0.0
0.0
0.0
0.519801
0.0
0.0
3.16996
0.0
0.0
0.0
0.0
0.0
0.0
0.594638
0.0
0.0
0.0
0.0
0.0
0.0
0.0
1.34941
0.0
2.11852
0.0
0.0
0.0
3.52595
0.0
0.0
0.0
0.0
0.0
0.0
0.0
0.0
0.0
0.0
0.0
0.0
0.0
0.0
0.0
2.55971
0.0
0.0
0.0
0.0
0.0
0.0
0.0
2.30217
0.0
0.0
0.0
0.0
0.0
0.0
0.0
0.0
0.0
0.0
0.0
0.0
0.0
0.0
0.425734
0.0
0.0
0.0
0.0
1.11029
2.86608
0.0
0.0
0.0
0.0
3.45435
0.0
0.0
0.0
0.0
0.0
0.337458
0.0
0.0
0.0
0.638436
0.0
0.0
0.0
0.0
0.0
0.0
0.0
0.0
0.0
0.0
0.0
0.0
0.0
0.0
0.0
0.158716
0.0
0.0
0.0
0.0
0.0
0.0
0.0
0.0
0.0
0.0
0.0
0.0
0.0
0.727314
0.0
2.00978
0.0
0.0
0.0
1.02766
0.0
0.0
0.0
0.0
0.0
0.0
0.0
0.0
0.0
0.0608041
0.0
0.0
0.0
0.0
0.0
0.0
0.0
0.0
0.378729
0.0
0.0
0.0
0.0
0.0
0.0
0.0
0.0
0.0
0.0
4.04204
0.0
0.0
0.0
0.0
0.0
0.0
1.6655
0.0
0.123109
0.0
0.0
0.0
1.15966
0.0
0.0479816
0.0
0.0
0.0
0.0
0.0
0.0
0.0
0.0
0.0418259
0.0
0.0
0.756408
0.0
0.959364
0.0
0.0
0.110734
0.0
0.0
0.534283
0.0
0.0
0.0
0.0
0.0
0.0
0.0
3.0394
3.40233
0.0
0.0
0.0
1.66895
0.0
0.0
0.0
0.494466
0.0
0.0
3.21822
0.0
0.0
0.0
0.719805
0.0
0.0
1.29321
0.0
0.0
0.735342
0.0
0.0
1.724
0.0
0.0
0.0
2.11747
0.0
0.0
0.0
0.0
0.0
0.0
0.0
0.0
0.578358
0.0
1.64954
0.0
0.0
0.0
0.0
0.0
0.0
0.0
0.0
0.0
0.32717
0.0
0.0
0.0
0.0
4.20219
0.0
0.0
0.0
5.64176
0.0
0.0
0.0
0.0
0.0
0.0
0.0
0.0
0.0
0.0
0.0
0.0
0.0
0.0
0.0
0.211716
0.0
6.79346
2.08646
0.0
0.0
0.0
0.0
0.0
0.0889474
0.0
0.0
0.0
0.0
0.242666
0.0
0.0
0.0
0.0
0.0
0.0
0.0
0.0
1.25967
0.0
0.0
0.0
0.0
0.0
0.0
0.0
0.0721011
0.0
0.0
0.439922
0.0
0.0
0.0
0.0
0.0
0.0
0.207586
0.0
0.0
0.0
1.67724
0.0
0.0
0.0
0.0
0.0
0.0
0.0
0.0
0.0
0.0
0.0
0.0
0.0
0.0
0.0
0.0
0.0
0.990179
0.0
0.0
0.0
0.0
0.0
0.806766
0.0
0.0
2.39812
0.0
0.0
0.0
0.0
0.0
0.0
0.0
0.0
0.0
0.0
0.0
0.0
0.0
0.0
1.77911
0.0
0.0
0.0
0.0
0.0
0.106138
3.99212
0.0
0.0
0.0
0.0
0.0
0.0
1.14162
0.0
0.0
0.0
0.0
0.0
0.0
0.0
0.0
0.0
0.0
0.0
0.0
2.62104
0.0
0.0
0.0
0.0
0.0
0.0
0.0
0.0
0.426242
0.0
0.0
1.37618
0.0
0.0
0.0
0.0
0.0
0.0
0.0
0.0
0.0
0.0
0.0
0.0
0.0
0.0
0.0
0.0
0.0
1.10159
3.6704
3.41208
0.0
0.0
0.0
0.0
0.0
0.0
0.0
0.0
2.29701
0.0
0.0
0.0
0.0
0.0
0.0
1.70006
0.0
0.322444
0.0
0.0
0.0
0.0
0.0
2.56059
0.0
0.0
0.0
0.0
0.0
0.0
1.11839
0.0
0.0
0.0
0.0
0.0
0.86057
0.0
0.0
0.0
0.0
0.0
0.0
0.0
0.0
0.0
0.0
0.0
0.0
0.0
0.0
0.0
0.0
0.0
0.0
0.0
0.044465
0.0
1.64525
0.0
0.886826
0.0
0.0
0.0
0.0
0.0
0.0
0.0
0.0
0.0
0.0
0.0
0.0
0.0
0.0
4.18371
0.0
0.0
0.0
0.0
0.0
0.0
0.0
0.0
0.0474562
0.0
0.0
0.607678
0.0
0.0
0.0
0.0
0.0
0.0
0.0
0.0
0.0
0.0
0.0
0.0
0.0
0.0
0.0
0.0
0.0
0.0
0.0
0.0
0.0
0.0
0.0
0.0
0.189373
0.0
0.0
0.0
0.0
0.0
0.0
0.0
0.0
0.0
0.0
0.0
0.0
0.0
0.0
0.0
0.0
0.0
0.0
0.0
1.07981
0.539905
0.0
0.575962
0.0
1.76264
2.41339
0.0
0.0
0.0
0.0
0.0
0.0
0.0
0.0
0.0
0.0
0.514309
1.46883
0.0
0.0
0.0
0.0
0.0
0.0
2.3071
0.0
0.465125
0.0
0.0
0.0
0.0
0.0
0.0
0.0
0.0
0.160943
0.0
0.0
0.0
0.0
0.0
0.0
0.0
0.0
0.0
0.0
0.0
0.0
1.2963
0.0
0.0
0.0
0.0
2.3674
0.0
0.0
0.0
0.0
0.0
0.0
0.0
0.0
0.0
0.0
0.0
0.0173578
0.0
0.0
1.49308
0.0
0.0
0.0
0.0
0.0
3.41453
0.0
0.0
0.0
0.0
0.0
0.591897
0.0
0.0
1.69856
1.54234
0.0
0.0
0.0
0.0
0.0
0.0
0.0296472
0.0
0.0
0.0
0.0
0.0
0.0
0.0
0.0
0.0
0.0
0.0
0.0
0.0
0.0
0.0
0.0
0.0
0.0
0.0
3.61526
0.0
4.27926
0.0
0.0423218
0.0
0.0
0.0
0.0
0.0
0.0
0.0
0.0
0.0
2.6066
0.0
0.0
0.0
0.0
0.0
0.0
0.0
0.0
0.0
0.0
0.0
0.0
0.0
0.0
0.0
0.0
0.0
0.0
0.0
0.0
2.17879
2.69142
0.0
0.0
0.0
0.814862
0.0
0.0
0.106189
0.247897
0.0
0.459137
0.0
1.10357
0.0
0.0
0.0
0.0
0.0
0.0
0.0
0.0
0.0
0.0
0.0
0.0
0.0
0.0
0.0
0.0
0.0
0.0
0.0
0.0
0.0
1.1558
0.0
0.0
0.246664
0.0
2.17572
0.0
0.0
0.0
0.0
0.0
0.0
0.0
0.0
0.0
0.0
0.0
0.0
0.209403
0.0
0.0
0.0
1.0095
0.0
0.0
0.0
0.0
0.0
0.0
0.0
0.0
0.0
0.0
0.952708
4.62456
0.0
0.0
0.0
0.0
0.0
0.0
0.0
0.0
0.052926
0.0
0.0
0.731223
0.507994
0.0
0.0
4.31542
0.0
0.0
0.0
1.57207
0.0
0.351388
0.0
2.00172
0.0
0.0
0.0
0.0
0.0
0.0
0.0
0.0
0.0
0.0
0.0
0.0
0.0
0.0
0.0
0.674358
0.0
0.0
0.297973
0.0
0.0
0.0
0.0
0.0
0.0
4.46513
0.0
1.25731
0.0
0.0
0.0
0.0
0.0
0.0
0.0
0.0
0.0
0.0
0.0
0.0
1.26554
0.0
0.0
2.1941
0.0
0.0
0.0
0.0
0.0
0.0
0.0
0.0
0.0
0.0
0.0
0.0
0.675585
0.0
1.06899
0.0
0.0
0.0
0.0
0.0
4.23988
0.0
0.0
2.04036
0.0
0.0
0.0
0.0
0.0
0.0
0.0
0.0
0.0
0.0
2.55461
0.0
0.0
0.0
0.0
0.0
0.0
0.0
0.0
0.0
0.0
0.0
0.0
0.0
0.0
0.0
0.0
0.0
0.0
0.0
0.0
0.986269
0.531673
1.69873
0.0
0.0
0.0
0.0
0.0
0.670146
0.0340317
0.0
0.0
0.0
0.0
1.67392
0.0
0.324236
0.0
0.0
0.0
0.0
0.0
0.0
0.0
0.0
0.0
0.0
0.0
2.63057
0.0
0.0
0.0
0.0
0.0
0.0
0.0
0.0
0.0
0.0
0.0
0.0
0.0
0.0
0.0
0.0
0.0
0.0
0.0
0.0
0.0
1.93648
0.0
0.639301
0.0
0.0
4.12209
0.0
0.0
0.0
0.0
0.0
0.0
0.0
0.0
0.0
0.0
0.0
0.0
0.0
0.0
0.0
0.136407
0.0
0.0
0.0
0.0
0.0
1.57618
0.0
0.0
0.577669
0.0
0.0
0.0
0.0
0.0
0.0
0.0
0.0
0.827542
0.0
0.0
0.0
0.0
0.0
0.0
0.0
1.04695
0.0
0.0
0.0
0.0
0.0
0.0
0.0
0.0
0.0
0.0
0.0
0.0
0.748415
0.0
0.0
0.0
0.0
0.0
0.0
0.0
0.0
0.0
0.0
0.0
0.0
0.0
0.0
0.0
0.0
0.0
2.52202
0.0
0.0
0.0
3.67003
0.377532
0.0
0.0
0.710483
0.0241753
1.28878
0.0
0.0
0.0
0.0
0.0
0.0
0.0
0.0
0.0
0.158829
0.0
0.0
2.44071
0.0
0.0
0.0
0.0
3.59823
0.0
0.0
0.0
0.0
0.0
0.0
1.59335
0.0
0.0
0.0
0.0
0.0683931
0.0
0.0
0.0
0.0
0.0
2.28672
0.0
0.0
0.0
0.0
0.0
0.0
0.0
0.0
0.0
0.0
0.0
0.0
0.0
4.27019
1.26475
0.0
0.0
0.0
0.641437
3.01998
0.0
0.0
0.0
0.0
0.0
0.0
0.0
0.0
1.8324
0.0
0.0
0.0
0.0
0.0
0.0
0.0
0.0
1.51943
0.0
0.0
2.43452
0.0
0.0
0.0
0.0
0.65832
0.0
0.0
0.0
0.0
0.0
0.0
0.0
0.0
0.0
0.0
3.12196
0.0
0.0
0.0
0.0
4.16965
1.13011
0.0
0.0
0.0
0.0
0.0
0.0
0.0
0.0
0.0
0.0
0.0
0.0
0.0
0.0
0.0
0.0
1.32936
0.0
0.0
0.0
0.0
0.0
0.0
1.95726
0.0
0.0
0.0
0.0
0.0
0.0
0.0
0.0
0.0
0.0
4.80818
0.0
0.0
0.0
0.791446
0.0
0.0
0.0
0.447852
0.959543
1.99311
0.0
0.0
0.0
0.240888
0.0
0.0
0.0
3.52641
0.0
0.0
1.88276
0.0
0.0
0.0
0.0
0.0
0.910141
7.23452
0.0
0.0
0.0
0.0
0.100159
0.0
0.0
1.18674
0.0
1.86932
3.14151
0.0
0.0
0.0
0.0
0.0
0.822866
0.0
0.0
0.0
0.0
1.91739
0.0
0.0
0.0
0.0
0.0
0.0
0.0
0.0
0.0
0.0
0.0
0.0
4.31808
0.0
0.0
0.0
0.0
0.0
0.0
0.47682
2.06264
0.0
0.0
0.0
0.0
0.0
0.0
0.0
0.211437
0.0
0.86323
5.80512
0.0
0.0
0.286387
0.0
0.0
0.0
0.0
0.0
0.0
0.0
0.0
1.07857
0.0
0.0
0.0
0.0
2.38513
0.0
0.0
0.0
0.0
0.0
0.0
0.989379
0.0
0.0
0.0
0.0
0.0
0.0
0.0
0.0
0.0
0.0
0.0
0.0
0.0
0.0
0.0
0.0
0.0
0.0
0.0
0.0
5.11731
0.0
0.0
0.0
0.0
0.0
0.620173
0.0
0.0
0.0
0.0
0.0
0.0
0.0
0.0
0.0
0.0
0.0
0.145937
0.0
0.0
0.0
0.0
0.0
0.0
0.0
0.0
0.0
0.0
0.0
0.0
0.0
0.0
0.0
0.0
0.0
0.781756
0.0
0.0
0.0
0.0
0.0
0.0
0.0
0.0
0.0
0.0
0.0
0.0
0.0
0.0
0.0
0.0
0.0
0.0
0.0
0.0
0.180635
0.0
0.0
0.0
0.0
0.0
0.0
1.33226
0.0
0.0
0.0
0.0
0.0
0.0
2.89044
0.0
2.56275
0.0
5.82098
0.0
0.0
7.65064
0.0
0.0
0.0
0.0
0.0
0.0
0.113544
0.0
0.0938933
0.0
0.0
0.0
0.0
0.0
1.54316
0.0
0.0
0.0
0.0
0.0
0.0
0.0
0.618272
0.0
0.0
0.0
0.0
0.0
0.0
0.0
0.0
0.475837
0.0
0.0
0.0
0.883864
0.0
0.515136
0.0
0.635111
0.0
0.0
0.0
0.0
2.65959
0.0
0.0
0.0
3.5694
0.0
0.0
0.0
0.0
1.65833
1.56022
2.71943
0.0
0.0
0.456539
0.0
0.0
0.0
0.0
0.0
3.65242
0.0
0.0
1.64258
0.0
0.0
0.0
0.082483
0.0
0.0
0.0
0.0
0.0
2.19849
0.0
0.0
0.0
0.0
0.642014
0.0
2.23047
0.0
0.0
0.0
0.0
0.0
0.0
0.0
0.0
0.631174
0.0
0.0
0.0
0.0
0.0
3.83823
0.0
0.0
0.0
3.33944
2.2169
0.0
0.0
0.0
0.0
0.0
0.0
0.0
0.0
0.0
0.0
0.0
2.83912
0.0
0.0
0.0
0.086283
0.0
0.0
0.0
0.0
0.0
0.0
0.0
1.21282
0.0
0.0
0.0
0.0
0.0
0.0
0.0
1.68008
0.0
0.0
0.0
1.44887
0.0
0.0
1.47447
0.0
0.0
0.0
0.0
0.0
2.30566
0.0
0.0
0.0
0.0
0.0
0.0
2.97717
0.0
0.0
0.0
0.0
0.896239
0.415573
0.0
1.67743
0.0
0.0
0.0
0.0
0.0
0.0
0.0
0.0
0.0
0.0
0.0
0.0
2.33211
0.0
0.0
0.0
0.0
0.0
0.0
0.0
0.0
0.0
0.0
0.0
0.0
0.0
0.0
0.0
0.0
0.0
1.31749
0.0
0.0
0.0
0.496256
1.14043
0.0
0.0223409
0.0
0.0
0.476121
0.0
0.0
0.0
0.0
0.0
0.0
1.51548
0.0
0.611521
0.0
0.0
0.0
0.0
0.0
0.0
0.0
0.0
0.0
