0.0
2.80304
0.0
0.0
0.997768
0.0
0.0
0.0
0.0
0.0
0.0
0.0
0.0
0.0
0.0
1.52894
0.0
0.0
0.0
0.0
0.0
0.0
0.0
0.0
0.0
0.0
0.0
0.0
0.0
0.0
0.0
1.71668
0.0
5.09268
0.0
0.0
0.0
0.0
0.0
0.0
0.0
0.0
1.35067
0.0
0.0
0.0
0.0
2.00785
0.0
2.08889
0.0
0.0
0.0
0.0
0.0
0.0
0.0
0.0
0.0
0.0
0.0
0.54825
0.0
3.00922
0.0
0.0
0.0
0.0
0.0
0.0
0.0
0.0
0.452555
0.0
0.0
0.0
0.0
0.0
0.0
0.0
2.25326
0.0
0.0
0.0
0.0
0.0
0.0
0.0
0.0
0.0
0.0
0.0
0.0
0.0
0.0
0.0
0.0
0.0
2.93782
0.0
0.0
0.0
0.0
0.0
0.0
0.0
0.0
0.0
0.0
0.0
0.0
0.0
0.0
0.0
0.0
0.0
0.0
0.0
1.03627
0.0
0.410361
0.0
1.57524
0.0
0.0
0.0
0.0
5.89113
0.0
0.0
2.84929
0.0
0.0
0.0
0.0
0.0
0.926824
0.0
0.0
0.0
0.0
1.46391
0.0
0.0
0.0
0.0
0.99627
0.0
0.0
0.0
0.0
0.0
0.0
0.294432
0.0
0.0
0.0
0.0
0.0
0.0
0.762593
0.0
0.0
0.0
0.0
0.0
0.0
0.0
2.28786
2.09932
0.0
0.0
0.0
0.0
0.0
0.0
0.0
0.897678
0.0
0.0
0.0
0.0
0.0
0.0
0.0
0.0
0.0
0.0
0.0
1.25805
0.0
0.0
2.51461
2.19355
0.0
0.0
0.0
0.0
0.0
3.86242
0.0
0.0
0.0
1.95003
0.0
0.0
0.0
0.0
0.0
0.0
0.0474538
0.648999
0.0
0.0
0.0
0.77454
0.0
0.0
0.0
2.51107
0.0
1.84361
0.0
0.0
0.0
0.0
0.0
0.0191888
0.0
0.0
0.0
0.0
0.0
0.118652
0.0
0.0
0.0
0.0
0.0
0.0
0.0
0.0
0.0
1.00422
1.67504
1.92792
0.0
0.0
0.0
0.0
1.09482
0.84731
0.0
0.0
0.0
0.0
0.0
1.02925
0.0
0.125936
0.0
0.0
3.26141
0.120716
0.0
0.0
0.610935
0.0
0.783305
1.73739
0.0
1.86823
0.0
0.0
0.0
0.0
0.0
0.0
0.0
0.0
2.56724
0.102135
0.748011
0.637661
0.0
0.0
0.0
1.50151
0.0
0.0
0.0
0.0
0.0
0.0
1.44733
0.0
0.0
0.0
0.0
0.0
0.0
4.45154
0.0
0.0
0.0
0.192768
0.0229309
0.0
0.0
0.0
0.0
0.0
0.0
0.0
0.0
0.0
0.0
0.0
0.0
0.0
0.0
0.0
0.0
1.5309
0.347773
0.0
0.0
0.0
0.0
1.06872
0.0
0.0
0.0
0.0
0.0
0.0
0.0
0.0
0.0
0.0
0.0
0.0
0.0
0.0
0.0
0.0
0.0
0.0
2.44773
0.0
0.0
0.0
0.0
0.0
0.0
0.0
0.0
2.42865
0.0
0.0
0.0
0.0
0.0
0.0
0.0
0.630408
0.0
0.0
0.0
0.0
0.0
0.0
0.0
0.0
0.0
0.0
0.0
0.0
0.0
0.0
0.0
0.0
0.0
0.0
0.145831
0.0
0.0
3.06013
2.99457
2.67144
0.0
0.0
0.0
3.53448
0.0
2.97337
0.0
0.0
0.0
0.0
0.0
0.0
0.0
0.0
0.0
0.0
0.0
0.0
0.0
0.0
0.0
0.0
0.0
0.0
0.0
0.0
0.0
0.0
0.0
1.3207
0.0
0.0
0.397697
0.0
0.0
0.0
0.0
0.0
0.0
0.0495277
1.71364
2.99671
0.0
0.0
0.0
0.0
0.0
0.0
2.87568
0.0
0.0
0.0
0.0
0.0
0.0
0.0
0.0
0.0
0.0
0.0
0.0
0.0
0.0
4.57229
0.0
0.437417
0.0
0.59101
0.0
0.0
0.0
0.0
0.0
1.10568
0.0
1.75121
0.0
0.0
0.0
1.96182
0.0
0.0
0.0
0.0
0.0
0.0
0.0
0.0
1.78633
0.0
0.0
0.0
0.0
0.0
0.0
0.0
0.0
0.0
0.0
0.0
0.0
1.41891
0.0
0.0
0.0
0.927975
0.0
0.0
0.0
0.0
0.0
0.0
0.0
0.0
0.0
0.0
0.0
0.0
0.0
0.0
0.0
1.06411
0.0
0.0
0.0
0.0
0.0
0.498943
0.0
0.0
0.0
0.77269
0.0
2.62061
1.34242
0.0
0.0
0.0
0.0
0.0
0.0
0.0
0.0
2.37021
0.0
0.0
2.11986
0.0
0.0
0.0
0.0
0.0
1.72712
0.0
0.0
0.0
0.0
0.0
0.0
0.0
0.0
0.0
0.0
0.0
2.2856
1.1512
2.06566
0.0
0.0
0.0
0.0
0.0
0.0
0.471732
0.0
0.0
0.0
0.0
0.0
0.0
0.505027
0.0
1.98226
1.75835
2.14814
0.0
0.0
0.0
0.0
0.0
0.0
0.0
1.17212
0.0
0.0
0.0
3.91906
0.0
0.0
0.0
0.0
0.0
0.0120737
0.0
0.0
0.0
0.0
0.0
0.0
0.0
0.0
0.0
0.0
0.0
2.55234
0.379148
0.0
0.0
3.50685
0.0
0.746405
0.0
0.0
0.0
0.0
0.467183
0.0
0.0
0.0
1.04807
2.6045
0.0
0.0
0.0
4.61146
0.0
0.0
0.0
0.0
0.0
0.0
0.0
0.0
0.0
0.0
0.224118
0.0
0.0
0.0
0.0
0.0
0.0
0.0
1.37476
0.0
0.0
0.0
0.0
0.0
0.0
0.0
0.127319
0.0
0.0
0.505862
0.0
0.0
0.0
0.0
0.0
1.73203
4.80432
0.0
0.0
0.0
0.397492
0.0
0.0
0.0
0.0
0.0
0.0
0.0
0.0
3.11457
0.0
0.310476
0.0
0.0
0.0
0.0
0.0
0.0
1.93137
0.0
0.0
0.0
0.0
0.0
0.0
0.0
0.0
0.0
0.0
0.0
0.0
0.0
0.0
0.0
0.0
0.0
0.0451385
0.0
0.0
0.0
0.0
0.0
0.0
0.0
0.0
0.0
0.0
2.33683
0.0
0.0
0.0
0.0
0.0
0.0
0.0
0.0
0.411374
0.0
0.0
0.0
0.685241
0.0
0.0
2.0964
0.0
0.0
0.0
0.0
0.0
1.18447
2.99755
0.0
0.0
1.8906
0.0
0.0
0.0
0.0
0.0
0.0
0.0
0.0
0.0
0.0
0.0
3.57248
0.057425
0.0
0.0
0.0
0.0
0.256611
0.0
3.79511
0.0
1.68256
0.0
0.0
0.0
0.0
0.0
0.0
0.0
0.0
0.0
0.0
0.0
0.0
0.0
0.0
0.0
0.0
0.0
0.0
0.0
0.0
0.0
0.0
3.44614
0.0
0.0
0.0
0.0
0.0
0.243728
1.58028
2.24505
0.0
0.0
0.0
0.0
4.07266
0.0
0.0
1.65785
0.0
0.0
0.0
0.0
0.0
1.62147
0.0
0.0
0.0
0.0
0.0
0.0
0.0
0.0
0.0
0.0
2.4051
0.0
0.0
0.0
0.0
0.0
0.0
0.0
0.0
2.20141
0.0
0.0
0.0
0.0
0.0
0.277558
0.0
0.0
0.0
0.0
0.0
0.0
0.0
0.0
0.0
0.0
0.0
0.0
0.808713
3.1496
0.0
0.0
2.81508
2.96065
1.87031
0.0
1.63164
0.0
4.41237
0.0
0.0
0.0
0.0
0.0
1.60008
3.19889
0.0
1.61176
0.0
0.0
0.0
1.3913
0.0
0.0
0.0
0.0
0.0
1.22346
1.04909
0.0
0.0
0.0
0.0
0.0
0.0
0.0
0.0
0.0
0.0
0.0
0.0
0.0
0.0518156
0.0
0.0
0.0
0.0
0.0
1.29805
0.0
0.151273
0.0
0.0
0.0
0.0
0.0
0.0
0.0
0.0
0.0
0.0
0.0
4.96457
0.0
0.0
0.0
0.0
0.0
0.0
0.0
0.0
0.511035
0.0
0.0
0.0
1.94451
0.0
0.0
0.0
0.0
0.0
1.88564
0.0
0.0
0.0
0.0
0.166607
0.0
0.0
0.0665703
0.0
0.0
0.0
0.0
0.0
0.0
0.0
0.0
0.219538
0.0
0.0
0.0
0.0
0.0
0.0
0.0
0.0
0.0
0.0
0.0
0.0
0.0
0.0
1.77637
0.0
0.0
0.0
0.0
0.0
0.0
0.0
3.30794
0.0
0.483463
0.0
0.0
0.0
0.0
0.0
0.0
0.0
0.0
0.0
0.0
0.0
0.0
1.36907
0.0
3.51506
3.54539
0.0
0.0
0.0
0.0
0.0
0.0
2.52863
2.06518
0.0
0.0
0.0
0.0
0.0
0.0
0.0
0.0
0.0
0.0
0.0
0.0
0.0
0.0
0.0
0.0
0.0
0.0
0.0
0.0
0.903604
0.455977
0.93014
0.0
0.0
0.0445842
0.792552
0.0
0.0
0.0
0.0
0.0
1.1066
0.0
1.34965
0.0
0.98459
0.0
0.0
0.0
0.0
0.931615
0.0
0.0
0.0
0.0
0.0
0.0
0.0
0.0
0.0
0.0
0.0
0.0
0.0
0.0
0.0
0.0
0.0
0.562138
0.0
0.0
0.0
1.43537
1.0663
0.0
0.0
0.0
0.0
1.98166
0.0
0.0
1.13385
3.95325
0.330313
0.0
0.0
0.117386
0.0
0.298327
0.596505
0.0
2.48104
0.0
0.0
0.0
0.0
0.0
0.0
0.0
0.0
0.0
0.0
0.0
0.0
0.0
0.0
0.0
0.0
0.0
0.0
0.0
0.0
0.984657
0.0
0.0373587
0.0
0.0
0.613952
0.0
0.0
0.0
0.0
0.0
0.0
0.0
0.0
0.0
0.0
0.0
0.0
1.42528
0.0
0.0
0.0
0.0
0.0
0.0
0.0
0.0
0.0
0.0
0.0
0.0
0.0
0.0
0.0
0.0
0.0
0.0
0.0
0.0
0.0
0.0
0.0
0.0
0.0
0.0
0.0
0.865868
0.0
0.0
0.0
0.0
0.0
0.466717
0.0
0.217356
0.0
0.703974
4.5294
0.0
0.0
0.0
0.0
0.0
0.0
0.0
0.0
0.0
0.0
0.0
0.0
2.6073
0.639403
0.0
0.0
3.1559
0.0
0.0
1.75471
0.0
0.0
0.0
0.0
0.0413393
0.0
1.86765
0.137942
0.0
0.0
0.0
0.0
0.0
0.393619
0.955552
0.0
0.0
0.0
0.0
0.0
0.0
0.0
0.0
0.0
0.0
0.0
0.0
3.02398
0.0
0.0
0.0
0.0
0.0
0.0
0.323673
0.802225
0.0
0.0
0.0
0.0
0.0
0.0
0.0
0.192663
5.10351
0.0
1.31271
0.0
0.0
0.0
2.19367
0.0
0.302738
0.79156
0.0
0.0
0.0
0.0
0.0
0.0
4.12888
0.0
0.0
0.454163
0.233044
0.0
0.0
0.0
0.0
1.35437
0.438592
0.0
0.0
0.0
0.0
0.0
0.0
0.0
1.26146
0.0
0.0
0.0
0.0
0.0
0.0
0.0
0.0
0.0
0.0
0.0
0.888673
0.335256
0.0
0.0
0.0
0.0
0.37371
0.0
0.0
0.0
0.0
1.67169
4.01104
0.23814
1.16706
0.0
0.0
0.0
0.0
0.0
0.0
0.0
0.0
0.0
0.0
0.0
5.84047
0.0
0.0
0.799296
0.0
0.0
0.0
0.0
0.0
0.390195
0.0
0.0
0.0121671
1.03205
0.980489
2.35851
0.0
0.0
3.65146
0.0
0.0
0.0
0.0
0.0
0.0
0.0
0.0
0.0
0.0356338
0.0
0.0
0.0
0.0
0.0
0.0
0.0
0.0
0.0
0.0
0.0
0.0
0.0
0.0
0.0
0.0
0.0
0.0
1.57288
0.0
0.789105
0.0
0.0
0.0
0.0
0.0
0.891415
0.0
0.0
0.0
0.0
0.0
0.0
0.0
0.968417
0.0
0.0
0.0
1.68507
0.0
0.0832239
0.0
0.152337
0.0
0.0
0.0
0.0
0.0
0.0
0.0
1.38651
0.734487
0.0
0.0
0.0
0.0
0.0
0.0
0.0
0.0
0.0
0.0
0.0
0.0
0.638947
0.713436
0.0442913
0.0
0.0
0.0
0.0
0.0
0.0
0.0
0.0
0.0
0.202142
0.0
0.0
0.0
0.0
0.0
0.239961
0.0
0.0
0.0
0.0
0.866925
0.875305
0.0
0.0
0.0
0.0
0.0
0.0
0.0
0.0
0.0
0.0
2.28934
0.0
0.0
0.0
0.0
0.0
0.0
0.0
0.0
0.0
0.0626392
0.0
0.0
5.63318
0.0
0.0
0.0
0.0
0.0
0.0
0.0
0.0
0.0
0.0
0.0
0.0
0.0
0.0
0.0
0.0
1.75372
0.0
0.0
0.0
0.0
0.0
0.0
0.0
0.0
0.0
0.0
0.0
0.0
0.0
3.12578
0.0
0.0
0.790461
0.0
1.2831
0.0
0.0
0.0
0.0
0.0
0.0
0.0
0.384538
0.0
0.0
0.0
0.0
0.0
0.0
0.0
0.0
0.0
0.0
0.0893966
0.187774
0.0
0.0
0.0
0.756782
0.0
0.691374
0.0
0.0
0.0
0.0
0.0
0.0
0.0
0.0
0.0
0.0
3.37274
0.839997
0.0427337
0.500385
0.142862
0.0
0.0
1.10909
0.0
0.0
0.0
0.0
0.0
0.0
0.0
0.0
0.0
0.543075
0.0
0.0
0.0
0.0
0.0
0.0
0.0
4.89319
0.0
0.0
0.701431
0.0
0.0
0.0
0.0
0.0
0.0
1.01356
0.0
0.0
1.28259
0.0
0.0
0.0
0.0
0.0
0.0
0.0
0.0
0.0
0.00166553
0.12395
0.0
0.0
1.94796
0.0
0.0
0.0
3.20984
0.0
0.0
0.0
0.0
0.0
0.0
0.0
0.422949
0.164255
3.02806
0.0
0.909787
0.0
0.0
0.0
0.0
0.0
0.0
0.0
0.0
0.0
0.0
0.0
0.0
0.0
0.0
0.0
0.0
0.0
0.0
0.0
0.0
0.0
0.0
0.0
0.0
0.0902198
2.05565
0.0
0.0
0.0
0.0
0.0
0.0482121
0.0
0.0
1.09205
0.0
0.0
0.0
0.0
0.0
0.0
0.0
0.97821
0.0
0.0
0.0
0.0
0.840965
0.0
0.0
1.81431
0.0
0.0
0.0
0.0
0.0
0.0
0.0
0.0
0.0
0.0
0.0
0.098061
0.592021
2.55955
0.0
0.0
0.0
0.0
0.0
0.0
4.57315
0.0
0.0
0.0
0.0
0.0
1.91889
0.0
0.0
0.0
0.0
0.0
1.31488
0.0
0.0
0.0
0.0
0.0
0.0
1.26751
0.264995
0.507603
0.0
0.0
2.40217
0.0
0.33051
0.0
0.0
0.0
0.0
0.0
0.611623
0.0
0.0
0.0
0.0
0.0
0.0
1.99457
0.0
0.0
0.0
0.0
0.0
0.0
0.0
0.0
0.103701
0.0
0.883227
0.0
0.0
0.147589
0.585163
0.0
0.0
0.0
0.0
0.0
0.504255
0.0
0.227099
0.0
0.0
0.0
3.22531
0.0
0.0
0.0
0.0
0.0
0.299175
0.941768
0.0
0.0
0.0
0.0
0.0
0.0
0.0
2.18483
0.0
0.0
0.0
0.0
0.0
0.0
0.0
0.0
2.21741
0.0
0.0
0.0
0.0
0.0
0.236054
0.0
0.0
0.0
0.0
0.0
0.0
0.0
0.0
0.0
0.0
0.0
0.0
0.0
0.0
0.0
0.0
0.0
0.0
1.60573
0.0
0.0
0.0
0.0
0.0
0.0
1.84434
2.64869
0.0
0.0
0.0
0.0
0.0
0.0
0.0
0.0
0.901837
0.0
0.0
1.47635
0.0
0.0
0.0
0.0
0.0
0.0
0.0
0.0
0.0
0.0
0.0
0.0
0.0
0.0
0.0
0.0
0.0
0.0
0.0
0.0
0.0
0.0
0.0
0.0
0.0
0.0
0.0
0.0
0.987875
0.0
0.0
0.0
1.91194
1.04379
0.0
0.0
0.0
0.0
0.0
0.0
0.0
0.0
0.0
0.0
0.0
1.68064
0.442623
0.0
0.0
0.0
0.0
0.0
0.0
2.60895
0.0
0.0
0.0
0.0
0.0
0.0
0.278496
1.6017
0.478823
0.0
0.0
0.0
0.0
0.0
2.00097
0.0
0.0
0.0
0.0
0.0
0.0
0.0
0.0
1.33827
0.0
0.0
0.0
0.0
0.0
1.85015
0.0
0.284566
0.0
0.0
0.0
0.0
0.0
0.0
0.0
0.0
0.0
0.435508
0.0
0.0
0.0
0.0
1.39691
0.0
0.0
0.0
0.0
0.0
0.0
2.28451
0.0
0.0
0.0
0.0
0.0
0.0
0.0
0.0
0.0
0.0
0.0
0.0
0.0
0.0
1.58192
0.0
0.0
0.0
0.0
0.0
1.93169
0.0
0.0
0.0
0.0
1.02231
0.0
0.0
0.764215
0.0
0.0
0.0
0.0
1.11319
0.0
0.0
0.0
0.638122
0.0
0.0
0.0
0.0
0.0
0.0
0.0
0.0
0.0
2.49133
0.0
1.07602
0.0
0.562072
0.0
0.0
0.0
0.0
1.35844
0.0
0.0
0.0
0.0
0.0
0.0
0.0
0.0
0.0
0.0
0.0
0.0
2.23847
0.0
0.0
0.0
0.0
0.0
0.0
0.0
0.0
0.0
0.0
1.21192
0.0
0.0
4.16226
0.0
2.04704
1.75434
0.0
0.432102
0.0
1.98451
0.0
0.0
0.0
0.0
0.0
0.0
0.0
0.0
0.0
0.0
0.0
0.0
1.95534
0.0
0.0
1.60787
0.0
0.0
0.0
0.0
1.02399
1.08263
0.0
0.0
0.0
0.898086
0.0
0.870525
0.0
0.0
0.0
0.23071
4.02896
0.0
0.0
2.23684
0.0
2.60893
0.0
1.38822
0.0
0.0
0.0
0.0
0.0
0.0
0.0
0.0
0.0
0.0
0.0
3.49469
0.921227
0.0
0.441816
0.0
0.0
0.0
0.0
0.0
0.489781
0.0
0.0
3.64992
4.00652
0.0
0.322191
0.0
0.0
0.0
0.0
0.0
0.0
0.0
0.0
0.0863548
1.20592
0.218645
0.0
0.0
0.0
0.0
0.0
0.0
1.46296
0.0
0.0
0.0
4.18712
0.0
0.0
0.0
0.0
0.816145
0.0
0.0
0.0
0.0
0.0
0.0
0.0
2.1824
0.0
0.0
0.0
0.0
0.279878
0.0
0.0
0.0
0.0
0.0
0.0
0.0
2.15362
0.0
0.0
0.0
0.0
0.0
0.0
0.0
0.0
1.19093
0.0
0.0
0.0
0.0
0.0
0.0
0.0
0.0
0.0
0.0
0.0
0.0
0.0
1.04164
0.0
0.0
0.0
0.0
0.0
1.46552
0.987626
0.0
0.0
0.808249
3.33959
0.0
0.0
0.0
2.57551
0.0
0.155757
0.0
6.90835
0.0
0.465365
0.0
0.0
0.0
0.0
0.0
0.371374
0.0
0.0
0.0
0.0
0.0
0.0
0.0
0.0
0.0
0.0
0.0
1.22598
0.0
0.0
0.0
0.0
0.0
4.71776
0.0
0.0
0.0
0.0
1.10689
0.0
0.0
0.0
0.845613
0.0
0.7374
0.0
0.0
1.71009
0.0
0.0
0.0
0.0
0.0
0.0
0.0
0.0
0.826494
0.196112
0.0
0.0
0.0
1.67485
0.0
0.0
0.0
0.0
0.0
2.03927
0.0
0.0
0.0
0.0
0.0
0.0
0.0
0.369691
0.0
0.0
0.0
0.0
0.0
0.117877
3.93074
0.0
0.0
0.0
0.0
0.762789
0.0
0.0
0.0
0.0
0.0
0.0
0.0
0.0
0.0
0.0
0.919893
0.0
0.0
0.0
0.0
0.0
0.0
0.0
0.0
2.24439
2.22318
0.0
0.0
1.07731
1.25645
0.0
0.0
0.0
0.0
0.0
0.0
0.0
0.0
0.0
0.0
0.0
0.0
0.0
0.0
0.0
0.0
2.81512
0.0
0.0
0.0
0.0
1.55588
0.0
0.0
0.0
0.0
0.0
0.0
1.45598
0.0
3.87646
0.0
0.0
0.0
0.0
0.0
0.0
0.0
0.0
0.0
0.0
0.0
0.0
0.0
0.0
0.0
0.0170459
0.0495473
0.0
1.29185
0.0
3.68068
0.0
0.0
0.0
0.0
0.852483
0.348249
0.0
0.0
0.0
0.0
0.0
0.0
0.0
0.0
0.0
0.0
0.0
0.0
0.0
0.0
0.0
0.0
0.0
5.42165
1.86645
1.57474
0.0
0.0
0.0
1.0443
0.0
0.358711
3.14179
0.0
2.50021
0.0
0.0
2.53108
0.0
1.28193
0.0
4.21195
0.53707
0.0
0.0
0.0
0.0
0.0
0.0
0.0
0.197855
0.0
0.0
0.0
0.0
0.0
0.0
1.20211
0.0
0.0
0.0
0.0
0.0
0.0
0.0
0.0
0.0
0.0
0.0
0.0
0.0
0.0
3.38012
0.0
0.0
0.0
0.0
0.0
0.0
0.0
1.02777
0.0
0.0
0.0
1.14714
0.0
0.0
0.0
0.0
0.0
0.0
1.10892
0.0
0.725408
0.0
0.0
0.716604
0.0
0.0
0.0
3.46353
0.0
0.0
1.33512
0.0
0.0
0.0
4.33929
1.5644
0.0
0.0
1.5047
0.0
0.0
0.0
0.0
0.0
0.0
0.0
0.0
1.80836
0.0
2.62422
0.0
0.349491
2.07187
1.28087
0.0
0.0
0.0
0.0
0.0
0.0
0.0
1.15651
0.0
1.03908
0.0
0.0
0.0
0.0
0.0
0.0
0.256108
0.0
0.0
0.0
0.0
0.322281
0.0
0.0
0.0
0.0
0.0
0.0
3.65127
0.0
0.0
0.983838
0.0
0.0
0.0
0.0
0.0
0.0
0.0
2.4979
6.77032
0.0
0.0
0.0
0.0
0.0
0.0
0.0
0.0
0.0
0.0
0.0
0.0
1.90089
0.0
0.0
0.0
0.0
0.0
0.0
0.0
0.0
0.0
0.0
1.0322
0.0
0.0
0.0
0.0
0.0
0.0
0.0
0.0
3.18393
0.0
0.0
0.0
0.0
0.00919512
0.0
0.0
0.0
0.0
0.0
0.0
0.416015
0.0
0.0289958
0.0
2.62634
0.0
0.0
0.0
0.0
0.0
0.0
0.0
0.0
0.0
0.0
0.0
0.0
0.0
0.0733061
0.0
0.0
0.0
0.0
3.14641
0.0
1.85151
0.0
0.0
0.0
0.0
0.0
0.0
0.0
0.0
3.21806
0.0
0.0
0.0
0.0
0.0
0.0
0.871051
0.0
0.446486
0.0
0.0
0.0
0.0
0.0
0.390184
0.0
0.0
0.0
0.0
0.0
0.0
3.3014
0.0
0.0
0.0
0.0
0.0
0.0
0.0
0.736309
0.0
0.0
0.0
0.0
0.838121
0.0
0.0
0.0
0.0
0.0
1.19034
0.0
0.0
0.0
0.0
0.0
0.0
0.0
0.0
0.0
0.0
0.0
0.0
0.0
0.0
0.0
0.0
0.0
0.0
0.0
0.0
0.0
0.0
0.0
1.43996
0.0
0.0
0.0
0.0
0.0
0.0
0.0
0.0
0.0
0.0
0.0
0.0
0.0
0.0
0.0
0.0
0.0
0.0
0.0
0.0
0.0
0.0
0.0
0.0
0.0
0.0
1.82349
1.47542
0.0
0.0
1.20247
0.75527
3.13829
0.0
0.987004
0.0
0.0
0.0
0.0
0.0
1.39278
0.0
0.0
0.0
0.0
2.59126
0.0
0.0
0.275021
0.0
0.0
0.0
0.0
0.0
0.0
0.0
0.0
0.0
0.43006
0.0
1.41324
0.0
0.0
0.0
0.245818
0.0
0.0
0.0
0.261698
0.0
0.0
0.0
0.620302
1.99365
0.0
0.0
0.0
0.0
0.0
0.0
2.011
0.0
0.0
0.0
0.0
0.0
0.0
0.0
0.0
0.0
0.0
0.0
0.0
0.0
3.14142
0.0
0.0
0.0
0.0
5.02168
0.0
0.0
0.0
0.0
0.0
0.0
3.41597
0.0
0.0542231
0.0
0.0
0.0
0.0
0.0
0.0
0.0
0.0
0.0
0.0
0.0
2.99548
0.0
0.0196125
0.0
0.0
0.19291
0.0388918
0.0
0.0
0.0
0.0
0.0
0.0
0.0
0.0
0.0
0.0
0.0
0.0
0.0
2.48589
0.0
0.0
0.0
0.652438
0.0
0.0
0.0
0.0
0.0
0.0
0.0
0.0
0.0
5.2276
0.0
0.0
0.0
0.0
0.572661
0.0
0.0
0.0
0.0
0.0
0.0
0.0
0.0
0.0
0.0
0.0
0.504185
5.25153
0.627492
2.02944
0.673203
0.0
0.0
5.77007
0.0
0.0
0.0
2.44997
0.0
0.0
0.0
0.0
0.0
0.0
0.0
0.0
0.95512
0.0
0.0
0.0
0.0
0.0
0.0
0.0
0.0
0.0
0.285028
0.0
0.0
0.0
0.0
0.0
0.0
0.0
0.0
0.0
0.0
0.0
0.0
0.0
0.694249
0.0
0.0
0.0
0.0
0.0
0.0
1.23413
0.0
0.0
0.0
0.0222626
0.0
0.0
0.0
0.0
0.0
3.70076
0.0
2.45899
1.75966
0.822201
0.0
0.0
0.0
0.0
3.81412
0.0
0.0
0.345376
0.0
0.412801
0.0
0.0
0.0
0.0
0.0
0.0
0.0
1.08636
0.0
2.52674
0.0
0.0
0.0
1.09643
0.0
1.58856
2.26906
0.0
0.0
0.0
0.0
0.0
0.0
4.2953
0.0
0.0
0.207739
0.0
0.0
0.0
0.0
0.0
0.0
0.0
0.628312
0.0
0.0
0.0
0.0
0.0
0.0
0.0
0.973073
0.0
0.0
0.0
0.0
0.0
0.623838
0.0
0.0
0.0
0.0
0.0
3.03405
0.0
0.0
0.0
0.0
0.0
0.0
0.0
0.0
0.625155
0.0
0.0
0.0
1.02669
0.0
0.339138
0.990541
0.0
0.0
0.0
0.0
0.288092
0.0501781
0.403152
0.0
0.0
0.0
0.0
0.0
0.0
0.0
0.0
0.0
0.0
0.0
0.0
3.5126
0.0
0.22017
0.503291
0.0
0.0
0.0
0.0
0.0
0.0
0.0
0.0
0.0
3.87094
0.0
0.0
0.0
0.0
0.0
0.0
0.0
0.0
0.202441
0.963773
0.0
0.233323
0.0
0.0
0.0
0.0
2.18179
0.258672
0.0
0.0
0.0
0.560176
0.0
2.77877
0.0
0.730839
0.0
0.0
0.0
0.0
0.336789
1.05232
1.09524
0.0
0.0
0.0
0.0
0.0
0.0
0.0
4.61541
0.0
0.0
0.0
0.0
0.0
0.0
0.0
0.0
0.0
0.0
0.0
0.0
0.0
0.0
0.0
0.205025
0.624562
0.0
0.0
0.0
0.365137
0.0
0.0
0.0
0.0
0.0
0.0
0.0
0.0
0.0
0.0
0.0
0.0
1.89229
0.0
0.0
0.0
0.0
0.0
0.0
0.0
0.0
1.74816
2.80352
0.0
0.0
2.91902
0.0
0.0
0.0
0.0
0.0
0.0
0.0
0.0
0.284266
2.44893
0.805948
0.0
1.9075
0.0
0.0
1.12648
0.0
0.0
0.0
0.0
0.0
0.0
0.0
0.0
1.18318
0.0
0.202666
3.69355
0.0
0.0
0.0
0.0
0.0
0.0
0.0
0.0
0.917061
0.850645
0.0
0.0
0.0
0.0
0.0
0.0
0.0
0.0
0.0
0.118676
0.0
0.0
0.0
0.0
0.0
0.0
0.0
0.0
0.0
0.0
0.0
0.0
0.329637
0.0
0.0
0.441034
0.0
0.0
0.0
0.0
0.0
0.0
0.0
0.0
0.0
0.0
0.0
0.360236
0.0
0.0
0.0
0.0
0.0
0.0
0.0
0.0
0.0
0.0
0.0
0.0
2.36531
0.0
1.60771
0.0
0.0
0.0
0.0
0.0
0.0
0.0
0.0
0.0
0.0
0.0
0.0
0.0
0.0
0.0
0.0
0.0
0.0
0.0
0.0
0.0
0.528405
0.0
0.0
0.0
0.0
0.0430161
0.0
0.0
0.0
0.0
0.0
0.106117
0.0
0.0
0.0
0.0
0.0
0.0
0.0
0.0
0.0
0.0
0.0
1.1532
1.01768
0.0
0.0
0.0
0.0
0.0
0.0
0.0
0.0
0.0
0.0
0.0
0.0
0.172337
0.0
0.0
0.0
0.0
0.0
0.0
0.0
2.3503
0.0
0.0
0.0
0.0
0.0
0.0
2.07517
0.0
0.331707
0.0
0.0
0.0
0.0
0.0
0.0
0.0
0.0
0.0
0.0
4.28165
0.0
0.0
0.0
0.524248
0.0
4.00035
0.0
0.0
0.0
0.0
0.0
0.0
0.0
0.192532
0.0
0.304412
0.0
0.0
0.0
0.0
0.0
0.0
0.0
0.0
0.0
0.0
0.0
0.883589
0.0
0.0
0.0
0.0
2.51022
0.0
0.0
0.0
0.0
0.0
0.0
0.0
1.34976
0.0
0.0
0.579427
0.0
0.0
0.0
0.0
0.0
0.0
0.542876
0.0
0.0
0.0
0.0
0.0
0.0
0.0
0.0
0.972993
0.0
0.0
0.0
2.93905
0.0
0.0
0.0
0.0
0.0
0.0
0.0
1.68343
0.130937
0.0
0.0
0.0
0.0
0.0
0.0
0.0
0.0
0.0
0.0
0.0
0.0
0.0
0.0
0.0
0.0
0.0
0.0
0.0
0.0
0.0
0.0
0.0
0.344125
1.21396
0.0
0.718608
0.0
0.0
0.0
0.0
0.0
0.0962089
0.0
0.0
0.618158
0.0
0.0
0.0
1.83508
0.0
0.0
2.58783
0.0
0.0
0.0
0.668409
0.0
0.0
0.0
0.0
0.0
0.0
0.0
0.0
0.961886
0.0
0.167566
0.0
0.0
0.0
0.0
0.0
0.0
0.0
0.0
0.0
0.0
2.19894
0.299664
0.0
0.0
0.0
0.0
0.0
0.0
0.0
0.0
0.0
0.0
0.0
0.0
0.0
0.0
2.24523
0.0
0.0
0.0
0.0
0.0
0.0
0.635647
0.0
0.0
0.0
0.0
0.0
0.0
0.0
0.0
6.5586
0.0
0.0
0.0
0.0
0.0
0.0
0.0
0.0
0.0
0.0
0.0
0.0
0.726938
0.0
0.0
0.0
0.0
1.77603
0.0
0.0
0.0
0.0
0.0
0.0
0.0
0.0
1.95788
0.0
0.0
0.0
0.0
0.0
1.12858
0.0
0.0
0.918334
0.0
0.0
0.0
0.0
0.0
0.0
0.0
0.0
1.61033
1.05506
0.0
0.00258586
1.08795
0.0
0.0
0.0
0.0777359
0.0
0.0
0.0
0.0
0.0
0.0
0.0
0.0
0.0
0.0
0.0
0.0
0.0
0.0
0.0
0.0
0.0
0.0
0.0
0.0
0.0
2.86549
0.0
2.50885
0.0
0.0
0.0
0.0
0.0
0.0
0.0
0.0
0.0
0.0
0.381509
0.0
0.0
0.0
0.0
0.0
0.0
0.0
0.0
0.0
0.0
0.0
0.0
0.0
0.0
0.0
0.0
0.0
0.0
0.0
0.202672
1.09401
0.0
0.0
0.0
0.0
0.0
0.0
0.0
1.09994
0.0
0.0
0.0
2.70006
0.0
0.0
0.0
0.0
0.0
0.0
0.0
0.0
0.0
0.0
0.0
0.0
0.0
0.0
0.0
0.0
0.0
0.0
0.0
0.0
0.0
0.0
0.0
0.0
1.00213
0.0
0.0
0.651215
0.0
0.0
0.0
0.0
0.0
0.0
0.0
0.0
0.0
0.0
0.0
0.0
0.0
0.689634
0.0
0.0
2.26881
0.0
0.0
0.0
0.0
0.0
1.57011
0.0
0.0
0.0
0.0
0.0
0.0
0.0
0.259867
0.0
0.0
0.0
0.0
0.0
4.10403
0.0
0.999459
0.0
0.0
2.87137
0.0
0.0
0.0
0.0
0.0
0.0
0.0
0.0
0.0
0.0
0.0
0.0
0.0
0.0
1.08209
0.0
0.0
0.0
0.993709
0.0
0.0
1.67035
0.0
0.0
0.0
0.0
0.0
0.0
0.0
0.0
1.70834
0.0
0.0
0.0
1.51834
0.0
0.0
0.0
0.0
0.0
0.0
0.0
0.0
0.0
1.08544
0.0
0.0
0.0
0.314554
1.42009
0.0
0.0
0.0
0.0
3.0815
0.0
3.30055
0.0
0.0
0.0
0.781063
0.0
0.0
0.0
0.0
0.0
0.0
0.0
0.0
0.0
0.0
0.0
0.0
0.0
0.0
0.0
4.5553
0.0
2.52851
0.0
3.17783
0.803349
1.0586
0.0
0.0
0.0
0.431493
0.0
0.0
0.0
0.0
0.0
0.342808
0.0
3.30796
0.0
0.495428
0.0
0.0
0.0
0.0
0.0
0.0
0.0
0.331631
0.0
0.0
0.0
0.0
0.0
0.254872
0.0
0.0
0.0
0.0
0.407577
0.0
2.69785
0.0
0.0
0.0
0.0
0.0
0.743458
0.0
0.0
0.562218
0.0
0.0
0.0
0.0
0.0
0.0
1.82786
0.0
0.0
0.0
0.0
0.583725
0.0
0.0
0.0
0.0
0.0
1.97354
0.0
0.0
0.0
0.0
1.6496
0.0
0.0
0.0
0.0
0.0
0.0
0.0
0.0
0.0
3.39688
0.910014
0.00718364
0.0
0.0
1.22857
0.0
0.0
0.0
0.0
0.15894
0.0
0.0
3.17619
0.0
0.0
0.0
0.0
2.13127
0.0
0.0
0.0
0.0
0.0
2.10872
0.0
0.0
0.0
0.0
0.0
0.0
0.0
7.1462
0.0
0.0
0.0
0.0
0.0
0.0
0.0
0.783949
0.0
0.0
0.0
0.0
3.01103
2.34873
0.0
0.777113
0.0
0.0
0.0
0.578491
0.0
0.752721
0.0
0.0
0.0
0.0
0.0
0.0
0.0
4.231
0.0
0.893934
0.134246
0.393277
0.0
0.0
2.28843
0.0
0.0
0.0
0.0
0.0
0.0
0.0
0.0
0.0
0.0
0.0
0.0
0.0
0.0
0.0
0.0
0.0
1.86614
0.0
0.0
0.0
0.0
0.300612
0.0
0.0
0.0
3.52546
1.41539
0.0
0.0
0.0
0.0
0.0
0.0
0.0
0.0
0.0
0.0
0.0
0.0
0.0
0.0
0.0
0.0
0.0
0.0
0.0
1.43851
0.0
0.0
0.0
4.27407
0.0
0.0
1.78008
0.0
1.54762
0.0
0.0
0.166187
0.0
0.264465
0.0
0.0
0.0
0.0
1.37307
0.0
0.0
0.0
0.0
0.0
0.0777121
0.207957
0.0
0.507855
0.0
0.0
0.0
0.0
0.0
0.0
0.0
0.0
0.0
0.0
0.0
1.94449
0.0
0.0
0.0
0.0
0.0
0.0
0.0
0.0
0.217889
0.0
0.0
0.0
0.0
0.0
0.0
0.0444798
0.0
0.0
0.806946
0.0
0.0
0.0
0.893367
0.0
0.887156
0.620626
0.0
0.0
0.0
0.0
0.0
1.46405
0.0
0.0
0.0
0.0
0.0
0.0
1.20541
0.0
0.0
0.0
0.0
0.0
0.0
0.0
0.0
0.0
0.0
0.0
0.429039
5.74548
2.6779
0.0
0.0
0.0
0.0
1.2513
0.0
0.0
0.0
0.0
0.0
0.0
0.0
0.615653
1.07951
0.0
0.0
0.0
1.75606
1.8482
0.0
0.0
0.0
0.0
0.0
0.0
0.0
0.0
0.0
0.0
0.0
0.571019
0.0
0.0
0.0
1.01283
0.0
0.0
0.0
0.0
0.0
0.0
0.0
0.0
0.0
0.0
2.56319
0.0
0.0
0.0
0.0
0.0
0.0
0.0
0.0
0.142339
0.0
0.0
0.0202612
0.0
0.0
0.0
0.0
0.0
1.06265
0.0
0.0
0.0
0.0
0.0
0.0
0.0
0.0
1.87817
0.0
0.0
3.46407
0.0
0.0
2.49878
0.0
0.0
0.0
0.0
0.0
2.92141
0.0
0.0
0.0
0.0
0.0671792
0.0
0.0
0.0
0.0
0.0
0.0
0.0
0.0
0.0
0.0
0.0
0.0
0.0
0.0
0.0
0.0
0.0
0.0
0.522541
4.09064
0.0
0.0
0.0
1.26049
0.0
0.0
5.67631
0.0
0.0
0.0
0.0
0.0
0.0
0.0
0.0
0.0
0.0
0.0
0.0
0.0
0.0
0.0
0.0
0.0
0.0
0.0
0.0
0.0
