0.0
0.0
2.90304
0.0
1.2791
0.0
0.0
0.0
0.0
0.0
0.0
0.0
0.0
0.388493
0.0
1.10865
0.0
0.0
0.0
0.0
0.0
0.0
0.0
0.0
0.0
0.0
0.0
0.0
0.0
0.0
0.0
0.0
0.0
3.36037
0.0
0.0
0.0
0.678089
0.0
0.0
0.0
0.0
2.25024
0.0
0.0
0.0
0.0
0.0
0.0
1.2287
2.06472
0.0
0.0
0.0
0.0
0.0
0.0
0.0
0.0
0.0
0.0
0.223014
0.0
3.83218
0.0
0.0
0.0
0.0
0.629224
0.0
0.0
0.0
0.0
0.0
0.0
0.0
0.0
0.0
0.0
0.0
2.62486
0.0
0.0
0.0
0.0
0.0
0.0
0.0
0.39732
0.0
0.0
0.0
0.0
0.0
0.0
0.0
0.0
0.0
3.34705
0.0
0.0
0.0
0.0
0.0
0.0
0.0
0.0
0.0
0.0
0.0
0.0
0.0
0.0
3.14992
0.640422
0.0
0.0
1.43282
0.710144
0.0
0.0
0.0
0.0
0.0
0.0
0.0
0.0
4.40989
0.0
0.0
0.0
1.16232
0.0
0.0
0.0
0.0
0.890878
0.307117
0.0
0.0
0.0
1.90487
0.0
0.0
0.0
0.0
0.0
0.0
0.299072
0.0
0.0
0.0
0.0
0.0
0.0
0.0
0.0
0.0561361
0.0
0.0
0.988786
0.0
0.0
0.0
0.895424
0.201725
0.0
0.0
2.02847
2.08329
0.0
0.0
0.0423543
0.0
0.0
0.0
0.834097
0.0
0.262226
0.0
3.45049
0.0
0.0
0.0
0.0
0.0
0.0
0.0
0.0
0.0
0.0
0.0
4.98142
2.55362
0.0
0.0
0.0
0.0
0.0
0.0
0.0
2.49999
0.0
0.0
0.0
0.0
0.0
0.0
0.0
0.0
0.0
0.0690721
0.0
0.0
0.600143
0.0
0.0
0.0
0.0
0.0
0.0
1.68804
0.0
0.0
1.4615
0.0
0.0
2.52466
0.0
0.0
0.0
0.0
0.0
0.149395
0.0
0.0
0.0
0.874375
0.0
0.0
0.0
0.0
0.0
3.02433
0.0
0.0
0.0
4.51977
0.0
0.0
0.0
0.945282
0.0
0.0
0.0
0.0
0.0
0.0
0.0
0.0
0.0
0.0
0.257592
0.0
0.0
0.0
0.73062
0.0
0.0
1.82937
0.236313
0.0
0.0
0.0
0.0
0.0
0.765487
0.0
0.0
0.0
0.0
1.3164
0.0
3.12799
0.0
0.0
0.0
0.0
0.0
0.0
0.0
0.0
0.0
0.0
1.359
0.0
0.0
0.0
0.0
0.827996
0.0
4.51924
3.46911
0.0
0.0
0.0
0.0
0.471008
0.0
0.0
0.0
0.0
0.0
0.0
0.0
0.0
0.0
0.0
0.567401
0.0
0.0
0.0
0.0
0.319863
0.0
0.0
0.417377
0.0
0.0
0.194541
0.0
0.0
0.0
0.0
0.0
0.0
0.0
0.0
0.0
0.0
0.0
0.0
0.0
0.0
0.0
0.70937
0.0
0.0
0.0
0.0
0.0
0.949562
0.0
0.0
0.322113
0.0
0.0
0.0
0.0
2.01935
0.0
0.0
0.0
0.0
0.0
0.537272
0.0
0.0
0.0
0.0
0.0
0.0
0.0
0.0
0.881345
0.0
0.0
0.0
0.0
1.16707
0.0
0.0
0.196496
0.450999
1.05005
0.0
0.0
3.46503
0.0
2.03108
0.0
0.0
0.0
0.0
0.0
1.70262
3.20685
0.0
0.0
0.0
0.0
0.0
0.0
0.0
0.0
0.0
0.0
0.0
0.0
0.0
0.0
0.0
0.0
0.0
0.0
0.0
0.0
0.0
0.0
0.695054
0.0
0.0
0.0
0.0
0.0
0.0
0.0
0.0
0.0
0.314466
2.39924
0.0
0.0
0.0
0.0
0.0
0.0
0.0
1.87111
0.0
0.0
0.0
0.0
0.0
1.40539
0.0
0.0
0.0
0.318539
0.0
0.0
0.0
0.0
3.89177
0.0
0.0
0.0
0.0
0.0
0.0
0.0
0.0566316
0.0
0.0
0.535787
0.0
0.90482
0.0
0.0
4.69542
0.0
0.560633
0.0
0.0
0.0
0.0
0.0
0.0
0.52912
0.0
0.0
0.0
0.0
0.846818
0.0
0.0
0.0
0.0
0.0
0.0
0.0
1.2633
0.0
0.0
0.0
1.10765
0.0
0.0
0.0
0.0
0.0
1.21921
0.0
0.0
0.0
0.0
0.0
0.0
0.0
0.0
0.0
0.0
0.0
0.0
0.0
0.0
0.0
2.49947
0.0
0.0
0.0
0.0
0.0
3.7665
0.0
0.0
0.0
0.0
0.0
0.0
0.0
0.0
0.0902623
2.8666
0.0
0.0
3.32001
0.0
0.0
0.0
0.0
0.0
0.310487
0.0
0.0
0.0
0.0
0.0
0.0
0.0
0.0
0.0
0.0
0.0
0.0
0.0
0.334671
0.0
0.0
0.0
0.0
0.0
0.0
0.148464
0.0
0.0
1.5843
0.0
0.0
0.0
0.0
0.0
0.0
0.124726
2.32681
0.0
0.0
0.0
0.0
0.0
0.0
0.0
0.19832
1.01505
0.0
0.0
2.69557
0.0
0.0
0.0
0.0
0.0
0.0
0.0
0.0
0.0
2.41325
0.0
0.0
0.0
0.0
0.0
0.0
0.0
1.48793
0.0
0.0
0.0
4.35372
0.0
0.0942145
0.0
0.0
0.0
3.888
0.0
0.0
0.0
0.0
0.0
7.67137
0.0
0.0
0.0
2.93936
0.0
0.0
0.0
0.0
0.0
0.0
0.0
0.0
0.0
0.0
0.231207
1.86115
0.0
0.0
0.0
0.0
0.0
0.0
3.45795
0.0
0.0
0.0
0.0
0.0
0.0
0.0
2.34199
0.0
0.0
0.0
0.0
0.0
1.36172
0.0
0.0
1.4343
0.0
0.0
0.0
0.0
0.889037
0.803024
0.0
0.0
0.0
0.0
0.0
0.0
0.0
2.10845
0.0
0.4712
0.0
0.0
0.0
0.0
0.0
0.0
1.78984
0.0
0.0
0.0
0.0
0.0
0.0
0.0
0.0
0.0
0.0
0.0
0.0
0.0
0.0
0.0
0.0
0.0
0.544021
0.0
0.0
0.0
0.0
0.0
0.0
0.0
0.0
0.0
0.0
3.27232
0.0
1.19246
0.0
0.0
0.0
0.0
0.0
0.0
0.479297
0.0
0.0
0.0
0.237604
0.0
0.0
1.99017
0.0
0.0
0.485952
0.0
0.0
3.70698
0.901099
0.0
0.0
2.96166
0.0
0.0
0.0
0.0
0.0
0.0
1.20451
0.0
0.0
0.0
0.0
0.0
0.987454
0.0
0.0
0.0
0.0
1.40063
0.0
0.0
0.0
1.64716
1.69311
0.0
0.0
0.0
0.0
0.0
0.0
0.0
0.0
0.0
0.0
0.0
2.20026
0.0
0.0
1.49214
0.0
0.0
2.34761
0.0
0.0
0.0
0.0
0.0
0.0
0.0
0.0
0.0
0.0
0.0
2.50291
0.0
0.0914247
0.0
0.0
3.39024
0.0
0.0
0.0
0.0
0.0
0.0
0.0
0.0
0.0
0.0
0.0
0.0
0.0
0.0
0.0
0.0
0.0
0.0
0.0
1.57281
0.0
0.0
1.40474
0.0
0.0
0.0
0.0
0.0
0.0
0.0
0.0
0.0
0.0
0.0
0.0
0.0
0.0
0.0
0.0
0.0
0.0
0.0
0.0
0.0
0.0
1.09947
0.0
0.759737
0.0
0.0
0.0
0.083518
0.0
0.0
0.0
0.0
0.0
1.73407
0.0
1.01711
0.0
0.0
0.0
2.10133
0.443407
0.0
0.0
0.0
0.0
0.0
0.0
0.0
0.0
0.0
0.0
0.0
0.425336
0.0
0.0
0.0
0.0
0.0
0.0
0.0
0.0
0.0
0.0
0.0
0.0
0.0
0.0
0.0
0.0
0.0
0.343868
1.30601
0.0
2.18641
0.683098
0.0
0.0
0.0
0.0
0.0
0.0
0.0
0.0
0.0
0.0
0.0
0.0
4.02964
0.0
0.0
0.0
0.0
0.0
0.0
0.0
0.0
1.70509
0.0
0.0
0.0
0.0
0.0
0.0
0.0
0.0
0.0
0.100525
0.0
0.0
0.0
0.0
0.0
0.0
0.0
0.0
0.0
0.0
0.0
0.0
0.0
0.0
0.0
0.0
0.0
0.0
2.43717
0.0
0.0
0.0
0.0
1.63186
0.0
0.0
0.0
1.49524
0.0
2.52559
0.0
0.0
0.0
0.0
0.0
0.0
0.612675
0.0
0.0
1.9564
0.0
0.0
0.0
0.0
0.0
0.0
0.0
0.0
0.0
0.0
0.0
0.0
0.0
0.0
3.78575
0.0
0.972915
3.6299
0.0
0.0
0.0
0.0
0.0
0.0
0.14296
0.0
0.0
0.0
0.0
0.0
0.0
0.0
0.0
0.0
0.0
0.0
0.0
0.0
0.0
0.0
0.0
0.0
0.0
0.0
0.0
0.0
1.18896
0.0
0.0
0.0
0.0
2.18211
0.0
0.0
0.0
0.445085
0.0
0.0
0.112699
0.0
0.0
0.0
1.83768
0.0
0.0
0.0
2.60257
1.28396
0.0
0.0
0.0
0.0
0.0
0.0
0.0
0.0
0.0
0.0
0.00478914
0.0
0.0
0.0
0.0
0.0
0.0
0.0
0.0
0.0
0.0
0.0
0.0
0.0
0.0
0.0
0.0
0.0
0.0
0.0
0.0
1.85205
2.53238
0.0
0.0
0.0
0.0
1.24476
2.27597
0.0
1.48842
0.0
0.0
0.0
0.541256
0.0
0.0
0.0
0.0
0.0
0.0
0.167306
0.0
0.0
0.0
0.0
0.0
0.0
0.0
0.0
0.0
2.13627
0.0
0.511316
0.0
0.0
2.35578
0.0
1.48195
0.0
0.0
0.0
0.0
0.0
0.0
0.0
2.60023
0.0
0.0
1.69888
0.0
0.0
0.0
0.0
0.0
0.0
0.0
0.0
0.0
2.30742
0.228618
0.0
0.0
0.0
0.0
0.0
0.0
0.0
0.0
0.339469
0.0
0.0
0.0
0.0
0.0
0.0
0.0
0.432495
0.0
0.0
0.0
0.0
0.0
1.81812
0.0
0.0282285
0.0
0.0
2.46648
0.0
0.0
0.0
0.0
0.0
0.0
0.0
1.70631
0.0
0.754281
0.0
0.0
1.97646
0.0
0.0
0.0
3.46207
2.49327
0.0
0.0
0.0
0.777106
0.0
0.0
0.0
0.0
1.55369
0.620754
0.0
0.0
0.0
0.0
0.0
0.465096
0.0
0.0
0.0
0.0
0.0
0.757267
0.0
0.254071
0.0
0.0
0.0
0.0
0.0
3.61316
0.0
0.0
0.0
1.83923
0.0
0.0
0.0
0.0678297
0.0
0.0
0.0
0.0
0.0
0.50548
0.0
0.0
5.28298
0.0
2.04322
0.0
0.0
0.0
2.21857
0.0
0.0
0.959597
0.0
0.0
0.0
0.0
0.0
0.0
1.40418
0.0
0.0
2.67761
0.125554
0.0
0.0
0.0
0.0
3.36003
0.0
0.0
0.0
0.0
0.0
0.0
0.226662
0.0
3.80068
0.0
0.0
0.0
0.0
0.0
1.8002
0.0
0.0
0.0
0.0
0.0
0.0
0.0
0.0
0.0
0.0
0.0
0.0
0.0
0.0
0.0
0.0
2.9817
0.73937
0.0
1.8131
0.0
0.0
0.0
0.0
0.0
0.0
0.0
0.0
0.0
0.0
0.0
5.06367
0.0
1.1854
1.87545
0.0
0.0
0.0
0.0
0.0
0.0
0.0
0.0
0.0
2.63471
0.812462
2.45185
0.0
0.0
0.0
0.0
0.0
0.0
0.0
0.196039
0.0
0.0
0.0
0.952725
0.0
0.0
0.0243982
0.0
0.0
0.0
0.0
0.0
0.0
0.0
0.0
0.0
0.0
0.0
0.0
0.0
0.0
0.0
0.0
0.798671
0.0
0.0
0.0
0.0
0.0
0.0
0.0
1.24646
0.0
0.0
0.0
0.0
0.0
0.0
0.0
0.0
0.0
0.283173
0.0
3.70135
0.0
0.0
0.101059
0.0
0.0
0.0
0.0
0.0
0.0
0.0
0.684399
0.0
1.092
0.0
0.0
0.0
0.0
0.0
2.27765
0.0
0.0
0.0
0.0
0.0148884
0.0
0.960311
0.0
0.0
1.03958
0.0
0.0
0.0
0.0
0.0
0.0
0.0
0.0
0.0
0.103957
0.0
0.0
0.0
0.0
0.0
0.0
0.0
1.06249
0.0
0.193782
0.0
0.0
0.0
0.0
0.0
0.0
0.0
0.0
0.0
1.36451
0.0
1.78639
0.0
0.0
0.0
0.0
0.0
0.0
0.564094
0.0
0.0
0.277941
0.0
0.0
2.56725
0.0
0.0
0.0
0.0
0.0
0.0
0.0
0.0
0.0
0.991136
0.0
2.13779
0.0
0.0
0.0
0.0
2.48196
0.0
0.0
0.0
0.0
0.0
0.0
0.0
0.0
0.0
0.0
0.0
0.0
1.94921
0.0
0.0
0.0
1.59168
0.0
0.752426
0.0
0.3528
0.0
0.0
0.0
0.0
0.0
0.0
0.0
0.0
0.0
0.0
0.0
0.0
0.0
0.0
0.0
0.0
0.0807403
0.0
0.0
0.0
0.0
0.0
0.0
1.08477
0.0
0.0
0.0
0.0
0.0
0.0
0.0
0.0
0.0
0.0
2.51802
2.11703
0.0
2.28821
0.0
0.127048
0.0
0.0156832
0.0
0.0
0.0
0.0
0.0
0.0
0.0
0.0
0.0
2.34393
0.0
0.0
0.0
0.0
0.0
0.0
0.0
2.1166
0.0
0.0
0.193779
0.0
0.0
0.0
0.0
0.0
0.0
0.0
0.0
0.0
0.764679
0.0
0.0
0.0
0.0
0.0
0.0
0.0
0.854646
0.0
0.0
0.0
0.0451342
0.0
1.57342
0.0
0.0
1.02046
0.261467
1.35067
0.0
0.0
0.0
0.0
0.0
0.0
1.7195
0.0
0.0
0.0
0.0
0.0
0.0
0.0
0.0
0.0
0.0
0.0
0.0
0.0
0.0
0.0
0.0
0.0
0.0
0.0
0.0
0.0
0.0
0.0
0.0
0.0
0.0
0.0
0.0
1.63722
0.777649
0.0
0.295887
0.0
0.0
0.0
0.0
0.0
0.0
0.0
1.45321
0.0
0.0
0.0
0.0
0.0
0.0
0.0
0.0
0.0
0.0
0.65267
0.0
0.0
0.0
0.0
0.0
0.0
0.0
0.0
0.0
0.0
0.0
0.0
0.0
0.0
0.0
0.0
0.0
1.41135
0.0
0.0
0.0
0.0
0.251585
0.136841
3.20981
0.0
0.0
0.334825
0.0
0.0
0.0
0.0
0.0
0.0
0.0
0.0912267
0.0
0.0
0.0
0.0
0.0
0.0
0.539059
0.334481
0.0
0.0
0.853634
0.0
2.22539
0.0
1.09913
0.0
2.60354
0.0
0.0
0.0
2.09004
1.30592
0.0
0.0
0.0
0.0
0.0
0.0774753
0.0
0.0
0.0
2.41677
0.0
0.0
0.0
0.0
0.0
0.238211
0.0
0.459324
0.0
0.0
0.0
0.0
0.0
0.0
0.0
0.0
2.41271
0.0
0.0
0.0
0.0
0.0
0.0
0.0
0.0
0.0
0.0
0.0
0.0
0.139503
0.0
0.0
0.0
0.0
0.0
1.60471
0.0
0.0
0.0
0.0
0.0
0.0
0.0
0.0
0.0
1.43404
0.0
0.0
0.0
0.0
0.0
0.0
1.05956
0.0
0.0
0.0
0.0
0.0
0.0
0.253095
0.0
0.0
0.0
0.0
0.0
0.0
0.0
0.0
0.0
0.0
1.22645
2.16364
0.0
0.0
0.0
0.0
1.03453
0.0
0.0
0.0
0.0
0.0
0.0
0.0
0.0
0.0
0.0
0.0
0.0
1.45136
0.0
1.49902
0.0
1.55838
0.0
0.0
0.0
0.0
0.0
0.0
0.0
0.0
0.0
0.0
0.0
0.0
0.0
0.0
0.0
0.0
0.0
0.0
0.0
0.0
0.0
0.0
0.0788529
0.0
0.0
0.0
0.0
0.0
0.0
0.0
1.19867
2.43354
0.0
0.0
0.0
0.0
0.0
0.0
0.0
0.0
0.0
0.0
0.0
0.0
0.18588
0.0
0.0
0.0
0.0
0.0
0.0
1.55758
0.0
0.0
1.57184
0.0
0.0
0.0
0.121406
0.0
1.03011
0.0
0.0
0.0
0.0
0.0
0.0582932
0.0
0.0
0.0
0.0
0.0
0.0
0.0
0.0
3.9747
0.0
0.0
0.0
0.0
0.0
1.59196
0.0
0.0
0.0
0.0
2.76389
0.0
0.478746
0.0
0.0
0.0
0.0
2.21341
0.0
0.0
0.0
0.0
0.0
0.452754
0.0
0.0
0.0
0.0
0.0
0.0
0.0
0.0
0.0
0.0
0.0
0.626826
0.0
0.0
0.0
0.0
0.0
0.0
0.0
0.0
0.0
0.0
0.0
0.0
0.0
0.0
0.0
0.0
0.0
0.0
0.0
0.0
0.0
0.0
2.27386
0.0
0.0
0.0
0.0
0.0
0.0
0.0
0.0
0.0
1.2735
0.0
1.06755
0.0
0.0
0.0
0.0
0.0
0.0
0.894828
0.0
0.726775
0.0
0.0
1.20837
0.0
0.0
0.0
0.0
0.0
0.567019
0.0107006
0.0
0.0
0.0
0.0
0.0
0.0
0.0
0.0
0.0
0.0
0.0
0.0
0.0
0.0
2.24487
0.0
0.0
0.0
0.0
0.0
0.0
0.0
0.0
3.37078
0.0
3.4203
1.90538
0.0
1.56247
0.0
1.8589
0.0
0.0
2.26893
0.0
2.05068
0.0
0.0
0.0
0.0
0.172117
0.0
0.0
0.0
0.0
0.689308
0.0218543
0.113605
0.182407
0.0
1.40461
3.64923
1.23951
0.0
0.0
0.0
0.0
0.0
1.49829
0.0
0.0
0.0
2.30427
1.0089
0.0
0.0
0.0
0.735921
3.05033
0.0
0.0
0.0
0.0
0.0
0.0
0.0
0.0
0.0
0.0
0.0
0.0
0.0
0.3008
0.0
0.0
3.18502
0.0
0.0
0.0
0.0
0.0
0.0
0.0
0.0
0.419688
0.0
0.0
0.0
0.0
0.0
0.0
0.0
0.0
0.0
0.0
0.0
0.0
2.66224
1.24723
0.0
0.0
0.0
0.0
0.0
0.0
0.0
0.0
0.0
0.0
0.36908
0.0
0.0
0.0
0.0
6.02618
0.0
0.0
0.0
0.0
0.0
0.0
0.0
0.618865
0.0
0.0
0.0
0.0
0.0
0.0
4.02744
0.0
0.0
0.0
0.0
0.0
2.90664
0.0
0.0
0.0
0.0
0.0
0.0
0.0
0.0281203
2.1094
0.0
0.900415
0.0
0.0
0.0
0.0
0.202944
0.0
2.24411
0.0
0.0
0.0
0.0
2.36467
0.0
1.48126
0.0
0.774034
0.0
0.0
0.384362
0.0
0.0
0.0
2.9026
0.0
0.0
0.0
0.0
0.0
0.187957
0.0
7.51246
0.0
2.88789
0.0
0.0
0.0
0.0
0.0
0.0
0.0
1.5922
0.0
0.0
0.0
0.761196
2.16116
0.0
0.0
0.0
0.0
0.538576
0.0
0.0
0.0
0.0
0.731977
0.683848
0.0
0.0
0.0
0.0
0.0
0.653695
0.0
0.0
0.0
0.0
0.418227
0.0
0.0
0.0
0.0
0.0
0.0
0.0
0.0
0.0
0.238296
0.0
0.00234351
0.0
0.0
0.0
0.0
0.391829
0.0
0.0
0.0
0.0
0.0
0.0
0.0
0.0
1.46107
0.0
0.0
0.0
0.0
0.0
0.0
0.0
0.0
0.0
0.0
0.56499
4.25158
0.0
0.0
0.0
0.0
2.33061
0.0
0.0
0.0
0.0
0.0
1.22427
0.0
0.0
0.0
0.0
1.52885
1.18286
0.0
0.0
0.296844
0.0
0.666368
0.0
0.0
0.463286
3.31442
0.0
0.0
2.53406
0.0
0.0
0.0
0.0
0.0
0.0
0.0
0.0
0.0
0.0
0.0
0.0
0.0
0.0
0.0
0.0
0.0
0.0
0.0
0.0
0.0
0.0
2.8956
0.0
0.0
0.0
0.0
0.0
0.0
2.44899
0.438672
4.41879
0.0
0.0
0.0
0.0
0.0
0.0
0.0
0.0
0.0
0.0
0.0
0.0
0.0
0.0
0.0
0.0
0.0
0.0
0.0
0.0
3.20687
0.0
0.0
0.134014
0.0
0.0
0.0
0.0
0.0
0.0
0.0
0.0
0.612395
0.0
0.0
0.0
0.0
0.0
0.0
0.0
0.0
0.0
0.134075
0.0
1.90207
0.253046
0.0
0.0
2.10628
0.0
0.0
0.0
0.0
3.13973
0.0
0.372882
0.0
0.0
0.521843
0.0
0.0
0.0
3.20324
0.0
0.0
0.0
0.0
0.0
0.0
0.0
0.0
0.0
0.0
0.0
0.0
0.0
0.0
0.0
1.79354
0.0
0.0
0.0
0.0
0.0
0.0
0.0
0.0
3.1617
0.0
0.0
0.0
0.0
0.0
2.28267
0.0
0.0
0.0
0.0
0.0
0.0
0.0
0.858245
0.0
0.0
0.0
0.0
0.0
0.0
0.0
0.0
0.0
0.0
1.81425
0.0
0.0
0.0
0.0
3.46347
0.0
0.0
0.0
2.50492
0.0
0.0
2.14056
0.0
0.0
0.348285
1.83343
0.0
0.0
0.0
3.84704
0.0
0.0
0.0
0.0
0.0
1.43175
0.0
0.0
0.0
0.0
0.0336966
0.0
0.0
2.28126
4.4632
0.279955
1.65915
0.0
0.0
0.0
0.0
0.0
0.0
0.0
0.0
0.0
0.0
0.0
0.0
0.0
0.0
0.92557
1.08029
0.0
0.0
0.0
0.0
0.0
0.0
2.376
0.0
0.0
0.0
1.13854
0.0
2.63023
0.523448
0.0
0.718078
0.0
0.0
0.0
0.0
0.0
1.76674
3.8771
0.356465
0.0
0.0
0.0
0.0
0.0
0.0
0.0
0.0
0.0
0.0
0.0
0.0
0.0
0.0
0.0
0.0
0.0
1.00804
0.0
0.0
0.0
0.0
0.0
0.0
0.0
0.0
0.0
0.0
0.0
0.0
0.0
0.0
0.0
0.0
0.0
0.0
0.0869785
1.30277
0.0
0.0
0.0
0.0
0.0
0.0
0.0
0.0
0.0
1.48983
0.0
0.0
0.0
0.0
0.0
0.0
0.0
0.0
0.0
0.0
0.0
0.0
0.0
0.489201
0.0
0.0
0.0
0.0
3.8015
0.0
0.0
0.0
0.0
0.0
0.0
0.0
0.0
0.0
0.0
0.826313
0.0
0.0
1.80138
0.0
0.0
0.0
0.53017
0.0
0.0
0.0
0.0
0.0
0.0
0.0
0.0
0.0
0.0
0.0
0.0
0.0
0.0
0.0
0.0
0.0
0.0
0.0
0.0
0.0
0.0
0.0
0.0
0.224261
0.0
0.0
0.724777
0.0
0.0
0.0
0.0
0.0
0.142082
0.0
0.0
1.07067
0.0
0.0
0.0
0.0
0.0
0.0
0.0
0.0
0.0
0.0
0.0
0.0
0.0
0.0
0.0
0.0
0.0
0.0
0.0
0.0
0.0
0.0
0.0
0.0
0.0
0.0
0.0
0.0
0.0
0.0
0.0
0.0
0.0
0.0
0.0
0.0
0.0
0.0
0.0
0.0
0.0
0.0
0.0
0.0
0.0
0.0
0.0
0.0890626
2.49649
0.0
3.18527
0.206382
0.0
2.16037
0.0
0.0
0.0
0.0
0.0
0.0
0.0
0.0520279
0.0
0.0
1.52639
0.0
0.0
0.0
0.0
0.217534
0.0
0.0
0.0
0.0
0.0
0.0
0.0
0.0
0.0
0.411676
0.0
3.46167
0.0
0.0
0.24024
2.6527
0.0
0.0
0.0
0.521107
0.0
0.0
0.0
0.0
1.68837
0.0
0.0
0.0
0.0
0.594959
0.0
0.0
0.0
0.0
0.0
0.976412
0.0
0.0
0.151399
0.0
0.0
0.0
0.0
0.0
0.0
2.25666
2.56179
0.0
0.0
0.0
5.74705
0.0
0.0
0.0
0.0
0.0
0.0
1.77949
0.0
0.0
0.0
0.0
0.0
0.0
0.0
0.0
0.0
0.0
0.47208
0.0
1.0871
1.20166
0.0
0.0
0.0
0.0
0.0
0.0
0.0
0.0
0.0
0.0
0.57678
0.0
0.0
1.94534
0.0
0.0
0.0
0.0
0.0
0.0
0.0
0.0
0.0
0.0
0.0
0.0
0.0
0.0
0.0
0.0
0.0
0.0
1.77447
0.0
0.0
0.0
0.0
0.0
0.0
0.0
0.0
0.0
0.103652
0.0
0.0
0.0
0.0
0.0
0.0
0.0
1.56714
5.5444
0.0
2.46633
0.446692
0.0
0.0
0.903793
0.0
0.0
0.0
0.411562
0.0
0.0
0.0
0.0
0.0
0.0
0.0
0.0
1.49787
0.0
0.0
1.26369
0.0
0.0
0.0
0.0
0.0
0.190098
0.0
0.0
0.0
0.0
0.0
0.0
0.0
0.0
0.0
0.0
0.366932
0.0
0.0
0.0
0.0
0.604812
0.0
0.0
0.0
0.172255
2.7603
0.0
0.0
0.0
0.0
0.0
0.96038
0.0
0.0
0.0
0.0
0.952647
0.0
5.72528
3.91996
0.0
0.0
0.0
0.0
0.0
3.80897
0.0
0.0
0.0
0.0
0.0
0.0
0.0
0.853182
2.57348
0.0
0.0
0.0
0.0
0.0
3.30519
0.0
0.0
0.0
0.0
0.0
0.0
5.24527
0.0
0.0
0.0
0.0
0.0
0.0
0.883064
0.0
0.0
0.0
0.0
0.0
0.0
0.0
0.0
0.0
0.0
0.0
0.0
1.89338
0.0
0.0
0.0
0.0
0.0
1.67929
0.0
0.0
0.0
0.0
0.0
0.0
0.0
0.0
0.0
0.0
0.0
3.17415
0.0
0.0
0.0
0.0
0.0
0.0
0.0
0.0
0.0
0.0
0.0
0.0
5.21037
0.0
1.73116
0.0
0.134156
0.0
0.0
0.0
0.489021
0.0
0.0145963
0.0
0.0
0.0
0.0
0.0
0.0
0.0
0.0
0.0
0.0
0.0
0.0
0.0
1.10358
0.0
0.0
0.0
0.0
0.0
0.0
0.0
0.0
0.0
0.0
0.0
4.00151
0.0
0.0
0.0
0.0
0.0
0.0
0.0
0.0
0.180803
0.0
0.0
0.0
0.0
0.0
0.0
0.0
0.249076
0.0
0.0
0.0
0.0
0.306059
0.0
4.09056
0.236035
2.02801
0.0
0.0
0.0
0.0
1.44192
0.0
0.0
0.0
0.621909
0.0
0.0
0.0
0.0
0.0
2.67056
0.0
0.0
0.0
0.0
0.0
0.0
0.0
0.0
0.0
0.0
0.0
0.0
0.0
0.0
0.0
0.0
2.80401
0.0
0.0
0.0
0.0
0.0
0.0
0.0
0.0
0.0
0.0
0.0
0.17357
0.0
0.0
0.0
0.0
0.0
0.0
0.0
0.0
0.0
0.0
0.0
0.0
0.0
0.0
0.970715
0.0
0.0
1.62237
0.0
0.0
0.0
0.0
0.0
0.0
0.0
0.0
2.48264
1.17343
0.618279
0.0
1.02605
0.0
0.0
1.33216
0.0
0.0
0.0
0.0
0.0
0.0
0.0
0.292761
0.0
0.0
0.0
2.00971
0.0
0.0
0.0
0.0
0.0
0.0
0.0
0.0
3.33741
0.0
0.641353
0.0
0.0
0.0
0.0
0.0
0.0
2.95004
0.0
0.0
0.0
0.0
0.0
0.0
0.0
0.0
0.0
0.0
0.0
0.0
0.0
0.0
0.0
0.0
0.0
1.08374
0.0
0.0
0.0
0.0
0.0
0.0
0.0
0.0
0.0
0.0
0.0
0.0
0.0
0.0
0.0
0.0
1.67836
0.0
0.0
3.21121
0.0
0.0
0.0
0.0
0.11013
0.0
0.0
0.0
0.0
0.0
0.837687
0.0
0.0
0.0
0.0
0.0
0.0
0.349992
0.297319
0.0
0.0
0.0
0.0
0.0
0.0
0.0
2.09002
0.0
0.0
0.0
0.0
0.0
0.0
2.27476
0.0
0.0
0.0
3.89683
0.0
0.0
0.0
0.0
0.0
0.74384
0.0
0.0
0.0
0.0
0.0
0.0
0.0
0.723583
0.0
0.0
0.0
0.0
0.0
0.0
0.0
0.0
0.0
0.0
0.0
0.0
0.0
3.08389
0.0
0.0
0.0
0.0
0.63439
0.0
0.0
3.19046
0.0
0.0
0.0
0.0
0.0
0.0
0.0
0.0
0.0
0.0
0.0
0.258508
0.0
0.0
0.540164
0.0
0.0
0.0
0.0
2.27227
0.0
0.0
0.0
1.03777
0.0
2.11106
0.0
0.0
0.0
0.0
0.0
0.0
0.0
0.0
0.0
0.826241
0.0
0.0
1.22384
0.0
0.0
0.0
0.0
0.0
0.0
0.0
0.0
0.0
0.0
0.0
0.0
0.0
0.0
0.0
0.0
0.0
0.0
0.0
0.0
0.0
2.67103
0.0
0.0
0.0
0.0
0.0
0.0
2.57322
0.0
0.0
0.535756
0.0
0.0
0.0
0.0
0.0
0.0
0.0
0.0
2.29066
0.0
0.0
0.0
2.57309
0.0
0.0
0.0
0.0
0.0
0.172435
0.0
0.0
0.0
0.0
0.0
0.0
0.0
0.0
0.0
0.0
0.0
0.0
0.0
0.100675
0.0
0.0
0.0
0.0
0.0
0.480919
3.22681
0.0
0.0
0.0
0.0
0.0
1.01255
0.0
0.0
1.02937
0.0
0.0
0.0
1.22476
0.0
0.0
0.0
0.0
0.980484
0.0
0.0
0.0
4.05292
0.0
0.177205
0.0148356
0.0
0.0
0.0
0.164718
0.0
0.0
0.0
1.8715
0.0
0.0
0.0
0.0
0.257006
0.0
0.0
0.0
0.0
0.0
0.0
0.0
0.132454
0.0
0.0
0.0
0.0
0.0
0.0
0.0
0.0
0.0
0.963696
0.0
0.0
0.0
0.0
0.0
0.0
0.0
0.0
0.0
0.0
1.72879
0.0
0.0
0.0
0.0
0.0
0.0
0.487343
0.0
0.0
0.0
0.0
0.0
0.0
1.23579
0.0
6.6263
0.0
0.0
0.0
0.0
0.0
0.0
1.64812
0.0
0.0
0.0
1.144
0.645644
1.73476
0.0
0.0
0.0
0.0
0.0
0.0
0.0
0.136966
0.0
0.0
0.0
2.92294
0.0
0.0
0.0
0.0
0.0
0.0
0.0
0.0
0.0
0.0
0.865803
0.0
0.0
0.0
0.0
0.0
0.165051
3.38751
0.0
2.3821
0.0
0.0
2.13236
1.90964
0.0
0.0
0.0
2.43984
2.2381
0.0
0.0
0.88051
0.0
0.0
0.0
0.0
0.0
0.0
0.0
0.0
0.0
0.0
0.0
0.0
0.0
0.0
0.0
0.0
0.0
5.94047
0.0
2.33495
1.37726
0.0
0.0
0.0
0.0
0.0
0.0
0.0
0.0
0.988405
0.0
0.0
0.0
0.0
0.0
0.0
0.0
0.0
0.0
0.0
0.0
0.603052
0.0
0.0
2.48049
0.0
0.0
0.0
0.0
0.0
0.0
0.0
0.0
0.0
0.0
0.0
0.032843
0.0
0.0
0.0
0.0
0.0
0.0
0.0
0.0
0.0
0.0
0.0
0.0
0.0
0.0
0.0
0.0
0.0
0.0
0.0
0.0
0.0
1.16317
0.0
0.0
0.0
0.0
0.0
0.236349
0.0
0.0
1.27306
0.0
0.0
0.0
4.71921
0.0
0.0
0.0
0.0
0.0
0.0
0.0
0.0
0.0
0.0
0.0
0.0
0.0
0.0
0.0
0.0
0.0
0.0
0.0
0.0
0.0
0.0
0.0
0.0
0.0
0.0
0.0
0.0
0.0
1.61288
0.0
0.0
1.40157
0.0
0.0
0.0
0.876524
0.829707
0.0
0.0
0.0
4.27693
2.43091
0.0
0.0
0.0
0.0
0.0
0.0
0.0
0.0
0.203626
0.0
0.0
0.0
0.0
1.81041
0.0
0.492302
0.0
1.31211
0.0
0.0
4.83632
0.0
0.0
0.0
0.0
1.12563
0.0
0.0
0.0
0.0
0.0
0.0
0.0
0.0
0.0
0.0
0.0
0.0
0.0
0.0
0.0
0.401226
0.0
0.0
0.0
0.0
0.0
0.0
3.25809
0.0
0.0
0.0
0.0
0.247631
0.0
0.285832
0.0
0.0
0.0
0.0
0.0
0.0
0.0
0.0
0.0
1.09195
0.0
0.0
0.0
0.0
0.0
0.0
0.0
0.0
0.0
6.9615
0.0
0.666108
0.0
2.27115
0.0
0.0
0.0
0.0
0.0
1.83141
0.0
0.0
0.0
0.0
0.0
0.0848167
0.0
0.274062
0.0
3.93466
0.0
0.0
0.0
0.0
0.0
0.0
0.0
1.40143
0.0
2.66383
0.0
0.0
0.0
0.0
0.577126
0.0
0.0
0.0
0.0
0.0
0.53692
0.0
0.0
0.0
0.0
0.0
2.24914
0.0
0.715448
0.0
0.0
2.69434
0.0
0.0
0.0
0.0
0.0
0.0
0.0
0.0
0.0
1.00026
0.0
0.0
0.0
0.0
3.1982
0.0
0.0
0.0
0.0
0.0
5.13057
0.0
0.0
0.0
0.0
0.741886
0.0
0.0
0.0
0.0
4.84691
1.9634
0.0
0.0
0.0
2.70597
0.0
0.0
0.0
0.0
3.73502
0.0
0.0
3.39022
0.0
0.0
0.0
0.0
1.67313
0.0
0.0
0.0
0.0
0.0
0.0
1.1994
0.0
0.0
0.0
0.0
0.0
0.201081
0.788058
0.0
0.0
0.0
0.0
0.0
0.0
0.0
0.550267
0.0
0.0
0.0
0.0
2.21103
0.0
0.0
0.319897
0.0
0.0
0.0
3.07417
0.0
0.0
0.0
0.0
0.0
0.0
0.514095
0.0
0.0
3.56672
0.0
0.694416
0.783053
0.4306
0.0
0.0
2.33514
0.0
0.0
0.0
0.0705283
0.0120885
0.0
0.0
0.0
0.0
0.0
0.0
0.0
0.0
0.0
0.0
0.0
0.0
0.665406
0.0
0.0813862
0.0
0.0
0.0
0.0
0.0
0.0
2.39128
0.0
0.0
0.0
0.0
0.0
0.0
0.0
0.0
0.0
0.0
0.0
0.0
0.0
0.0
0.27206
0.208068
0.0
0.0
0.0
0.0
3.62302
0.0
0.0
0.0
2.12566
0.0
0.0
3.04066
0.0
1.91342
0.0
0.0
0.782441
0.0
0.8414
1.73571
0.0
0.0
0.0
3.25192
0.0
0.0
0.666662
0.0
0.0
0.0
0.0
0.0
0.0
0.753504
4.93829
0.0
0.0
0.0
0.0
0.0
0.0
0.0
0.0
0.0
0.0
0.0
0.0
0.0
0.0
0.0
0.0
0.269946
0.0
2.4193
0.0
0.0
4.87577
0.0
0.0
0.0
0.809242
0.0
0.0
0.0
0.0
4.05261
0.0
3.25333
0.0
1.87083
2.52032
0.0
0.0
0.0
1.2609
0.0
4.10574
0.0
0.0
2.40779
0.0
0.0
0.0
0.0
0.0
0.0
0.0
0.554492
0.0
1.51333
0.0
0.0
0.0
0.0
0.678404
0.0
6.90457
0.0
0.0
0.0
0.0
0.0
0.629396
0.0
0.0
0.0
0.0
0.0
0.0
0.0
0.364885
0.0
0.0
0.0
0.0
1.62671
0.276633
0.0
0.0
0.0
0.0
0.0
0.0
0.0
0.0
0.0
1.39025
0.0
1.92159
0.0
0.0
0.0
0.0
0.0
0.0
0.0
0.0
0.0
0.0
1.65227
0.0
0.0
0.887805
0.0
0.0
0.0
0.0672496
0.0
0.0
0.0
0.0
0.0
3.08065
0.0
0.0
1.19514
0.0
0.0
0.0
0.0
0.0
0.0
0.0
0.849072
0.0
0.0
0.0
0.0
0.328233
0.0
1.72315
0.0
0.0
3.7108
0.0
0.0
1.92409
0.0
0.0
0.0
0.0
0.0
3.97838
0.137363
0.0
0.0
0.0
0.0
0.0
0.0
0.0
0.0
0.426183
0.0
0.0
0.0
0.0
0.0
0.0
0.0
0.0
0.0
1.06688
0.0
0.0
0.0
2.87357
3.38202
0.0
0.0
0.0
0.0
0.943749
0.0
0.269161
0.0
0.0
0.0
0.0
0.0
0.0
0.0
0.0
0.0
0.0274447
0.0
0.0
0.0
0.0
0.0
0.0
0.0
0.0
0.0
0.0
0.0
