0.0
0.0
0.327174
0.0
0.0
0.0
0.0
0.0
0.0
0.0
0.408045
0.280616
0.0
0.385878
0.0
0.0
0.0
0.0
0.173167
0.0
0.0
2.28254
0.0
0.0
0.0
0.0
0.0
0.0
0.0
0.0
0.0
0.0
0.0
3.74078
0.0
0.0
0.0
0.0
0.0
0.0
0.0
0.0
1.33803
0.0
0.0
0.436271
0.0
0.0
0.0
2.66573
0.0
0.0
0.0
0.0
0.0
0.0
0.0
0.99807
0.0
0.0
0.0
0.0
0.0
4.50203
0.517136
1.52613
0.0
1.46696
0.0
0.0
0.0
0.0
0.0
0.0
0.0
0.0
0.0
0.0
0.0
0.0
0.80023
0.0
0.0
0.0
0.0
0.0
0.0
0.0
0.0
0.0
0.0
0.0
0.0
0.0
0.0
0.0
0.0
0.0
0.0
0.0
0.0
0.0
0.0
0.0
0.0
0.0
0.0
0.0
0.0
0.0
0.0
0.0
0.0
4.14497
0.0
0.0
0.0
0.0
0.0
0.0
2.92979
0.0
0.0
0.0
0.0
0.0
0.0
3.31567
0.0
0.0
0.0
0.0
0.0
0.0
0.626447
0.0
0.0
0.0
2.16673
0.0
0.0
0.88674
0.0
0.0
0.0
0.0
0.0
0.0
0.0
0.0
0.0
0.0
0.0508591
0.0
0.0
0.0
0.0
1.22843
0.0
0.0
0.0
0.0
0.622866
0.0
0.0
1.50861
0.0
0.0
0.80774
0.0
0.0
1.66476
0.0
0.0
0.0
0.0
0.0
0.0
0.0
2.2449
2.14277
0.0
0.0
0.0
0.0
0.0
0.0
0.0
0.0
0.0
0.0
0.0
0.707212
0.0
0.0
0.0
0.0
0.0
0.0
2.0728
0.0
0.700922
0.0
0.0220099
0.0
0.0
0.0
0.0
0.0
0.0
0.0
0.0
0.0
0.0
0.0
0.371175
0.0
0.0
2.6005
0.4751
0.0
2.88865
0.0
0.0
1.42048
0.0
0.507778
0.0
0.0
0.0
0.0
0.0
0.0
0.0
0.0
0.0
0.0
0.0
0.0
1.3258
0.0
0.0
0.0
1.71729
3.25005
0.0
0.0
2.31823
0.0
0.0
0.197975
0.0
0.333146
0.0
0.0
0.0
0.0
0.0
0.0
0.851292
0.0
0.0
1.85849
0.0
0.0
0.0
0.0
0.0
0.0620021
0.0
0.0
4.41482
0.0
0.943371
0.0
0.0
2.9728
0.694401
0.0
0.0
0.33243
0.0
0.00997536
0.0
0.0
0.0
0.0
2.1267
0.477757
0.0
0.0
0.0
0.1301
0.0
1.2561
0.0
0.0
0.0
0.0
0.120968
0.0
3.68779
0.914733
0.0
1.04555
0.703986
1.81397
0.0
0.0
0.0
0.0
0.0
0.0
0.0
0.0
0.0
0.0
0.0
2.667
0.0
0.0
0.0
0.0
0.0
0.54178
0.0
1.49614
0.0
0.0
3.4851
0.0
0.0
0.0
0.0
0.0
0.0
0.995678
0.0
0.0
0.0
0.0
0.0
0.0
0.0
0.441851
0.0
0.0
0.0
0.0
0.42175
0.0
0.0
0.0
0.0
0.0
0.0
0.0
1.23402
0.0
0.0
0.0
0.0
0.0
0.0
0.0
3.46569
0.0
0.0
0.0
0.0
0.0
0.0
0.0
0.0
0.0
1.25664
0.0
0.0
0.0
0.0
0.0
0.0
0.0
0.773483
0.0
0.0
0.0
5.26148
0.646886
4.09394
0.0
0.0
0.85945
1.42946
0.0
2.38874
2.8202
0.0
0.0
0.547697
0.0
0.0
0.0553889
0.0
0.0
0.0
0.0
0.0
0.16474
0.0
0.0
0.0
0.0
0.0
1.19238
0.0
0.0
0.0
0.0
0.371405
0.0
0.0
2.91894
0.0
0.0
0.0
0.0
0.0
0.0
0.0
0.0
2.01161
0.0
0.0
0.0
0.0
0.0
0.0
0.0
0.0
0.0
0.0
0.0
0.0
0.0
0.397732
0.0
0.0
0.0
0.0
0.0
0.0
0.0
1.98521
0.0
0.0
0.0
0.0
0.0
0.0
0.0
0.0
0.0
0.0
0.0
0.0
0.0
0.0
0.0
0.168593
0.0
0.0
0.0
0.303644
0.0
2.08851
0.0
0.0
0.0
0.0
0.0
0.0
0.0
1.08006
0.0
0.0
1.03461
0.0
0.0
0.0
0.0
0.0
0.0
0.0
0.0
0.0
2.81522
0.0
1.68279
0.0
0.0
0.0
0.0
0.0
0.0
1.22137
0.0
0.0
0.0
0.0
0.0
0.0
0.0
0.0
0.873679
0.0
0.0
1.27221
0.0
0.0
0.0
0.0
0.0
1.46365
0.0
0.0
0.0
0.0
0.0
0.0
0.0
0.0
0.00756738
0.0
0.0
0.0
0.703803
0.0
0.0
0.0
0.0
0.0
1.51175
0.117628
0.0
0.0
0.0
0.0
0.0
0.0
0.0
0.0
0.0
0.0
1.08236
0.0
0.0
0.0
0.0
0.0
0.0
0.0
0.0
1.34501
0.0
0.0
1.32971
0.0
0.0
0.0
0.325966
0.0
0.0
1.51546
3.89332
0.585916
0.0
0.0
0.0
0.0
0.0
0.0
0.138369
0.0
0.0
1.9036
3.73025
0.0
0.0
0.0
0.0
0.0
0.0
0.0
0.0
0.0
1.94749
0.0
0.0
0.0
0.0
0.0112012
0.0
0.891055
0.0
0.0167088
0.0
0.0
0.0
0.0
0.0
0.0
0.0
0.0
0.0
0.0
0.0
0.0
0.0
0.0
2.21589
0.0
1.52114
0.0
0.734237
0.0
0.0
0.0
0.0
0.0
0.0
0.0
0.0
0.0
0.0
0.0
0.0
0.0
0.0
0.0
0.0
0.0
0.0
0.0
0.0
0.259027
0.769021
0.0
0.0
0.155614
0.0
0.0
0.0
0.0
0.0
0.0
0.0
0.0
0.0
0.0
2.57785
1.64237
0.0
0.0
0.0
0.801698
0.0
0.0
1.82403
0.0
0.0
0.0
0.0
0.0
0.0
0.0
0.0
0.0
0.062044
0.0
0.0
0.0
0.0
2.79358
0.0
0.0
0.0
0.0
0.0
0.0
0.0
0.0
0.0
0.0
0.0
0.0
0.0
0.0
0.0
0.0
0.0
0.0
0.0
0.131487
0.0
0.0
0.0
0.0
0.0
0.0
0.0
1.96655
4.39684
0.0
1.63554
1.46449
0.0
0.0
0.0
0.0
0.0
0.0
0.0
0.0
0.0
0.0
0.0
0.0
1.71175
2.71598
0.0
0.0
0.0
0.0
1.03371
2.34331
0.0
0.0
1.57026
0.0
0.0
0.0
0.0
0.0
0.0
0.782628
0.0
0.0
0.0
0.0
0.0
1.63875
0.0
0.0
0.0
0.0
0.0
0.972425
4.39603
0.0
0.761172
0.610449
0.0
0.0
0.0
0.0
0.0
0.0
0.0
0.0
0.0
0.0
0.0
0.544759
0.0
0.0
1.73495
0.0
0.0
1.19245
0.0
0.0
0.0
1.66007
0.0
0.0
0.0
0.0
0.0
0.0
0.0
0.0
0.0
0.0
0.0
0.0
0.189921
0.0
0.0
0.504529
0.0
0.0
0.148361
0.268711
0.0
3.02429
0.0
0.0
0.0
0.0
0.0
0.213315
0.0
0.0
0.0
0.0
3.34799
0.0
0.391554
0.0
0.0
0.0
0.0
0.0
0.0
2.65711
0.0
0.0
0.0
0.0
0.0
0.0
0.0
0.0
0.0
0.0
0.0
0.0
0.786297
0.0
0.0
0.0
0.0
0.0358213
1.81272
0.0
0.0
0.393756
0.0388428
1.99237
0.0
0.0
0.0
0.0
1.26457
0.0
0.0
0.0
0.228577
0.0
0.0748841
2.21933
0.0
0.0
0.0
0.0
0.0
0.0
0.0
0.836421
0.0
0.0
0.0
0.0
0.0
0.0
0.0
0.0
0.0
0.696123
0.0
1.84712
0.0
0.0
0.0
0.43083
0.0
0.0
0.0
0.0
0.0
0.262229
0.73381
0.0
1.43406
0.0
0.0
0.0
0.0
0.0
0.0
0.0
1.97564
0.0
0.0
0.0
0.0
0.0
3.94198
0.0
0.0
0.0
1.08082
0.0
0.0
0.0
0.0
0.0
0.0
0.0
1.51178
0.591038
0.0
0.0
0.0
0.0
0.0
0.445359
0.0
0.0
0.0
0.0
0.0
0.0
0.0
0.0
0.0
0.0
0.0
0.0
0.0
0.0
0.0
0.861416
0.0
0.0
0.0
0.0
0.0
0.0
0.0
0.0541202
0.0
0.0
0.0
3.16373
0.0
2.65948
0.0
0.0
0.0
0.0
0.0
0.0
0.0
0.0
0.0
3.35524
0.0
0.0
1.87561
0.0
0.0
0.0
0.0
0.0
0.0
0.0
0.0
1.7587
0.0
0.0
0.508061
0.0
2.95782
0.0
0.0
0.904788
0.0
0.0
0.0
0.0
1.24217
0.0
0.0
0.0
0.263894
0.0
0.0
0.0
0.0
0.0
1.07177
0.0
0.0
0.0
0.0
0.0
0.0
0.0
0.0
0.0
0.0
0.0
0.0
0.0
0.0
0.837478
0.0
0.0
0.0
0.0
0.0
0.0
0.0
0.0
0.0
0.0
0.0
0.0
0.0
0.0
0.0
2.51732
0.0
0.0
0.0
0.0
0.0
0.0
0.0
0.0
0.42942
1.6963
0.0
0.0
0.0
0.0
1.84817
0.0
0.0
0.0
0.0
0.00382617
0.0
1.16632
0.0
0.0
0.882778
0.0
0.0
0.0
0.0
1.35474
0.0
0.0
0.988331
2.95589
0.0
0.0
0.2189
0.0
0.0
0.0576525
0.0
0.0
3.87855
0.0
0.0
0.0
0.0
0.0
0.0
0.0
2.02364
0.0
0.0
0.0
0.0
0.0
0.0
0.0
0.268392
0.0
0.0
0.0
0.0
0.929864
0.0
0.052052
0.0
0.0
4.19765
0.0
0.0
0.0
0.0
0.0
0.0
0.0
0.0
0.0
0.574403
0.0
0.0
2.18814
0.0
0.0
0.0
0.0
0.510127
0.0
0.0
0.0
0.0
0.187196
0.0
0.0
0.0
0.90381
0.0
0.0
0.0
0.0
0.0
0.0
0.0
0.0
0.0
0.0
0.0
0.299058
0.0
1.73419
0.0
0.0
1.50936
0.0
0.0
0.0
0.307955
0.0
0.0
0.0
1.65487
0.0
0.0
0.0
0.0
0.0
0.0
0.686774
1.25191
0.0
0.387357
0.0
0.0841524
0.0
1.92755
0.0
0.0
5.1191
5.25863
0.0
0.0
0.0
0.0
0.0
1.52122
0.0
0.862594
0.402408
0.588737
0.0
0.332149
0.0
0.0
0.0
0.115324
1.46477
0.0
0.0
0.0
0.0
0.0
0.0
0.392747
0.0
0.0
0.0
0.0
0.0
2.03526
0.0
0.0
0.0
0.0
0.0
0.0
2.94977
0.0
0.0
0.0
0.0
0.0
0.0
0.0
0.0
0.0
7.03035
0.0
2.47809
0.0
2.1639
2.07587
1.505
0.0
0.0
0.0
0.0
0.0
3.91763
0.0
0.0
0.0
0.0
0.0
0.0
2.55385
0.0
0.0
0.0
0.0
0.0
0.0
1.04096
0.0
0.0
0.0
0.0
0.0
0.0
0.0
0.600243
0.0
0.0
0.0
0.0
0.0
0.0
0.0
0.0
0.0
0.0
0.0
0.0
0.0
0.0
0.0
0.0
0.0
0.258854
0.0
0.0
0.14434
0.681486
0.569294
2.27303
0.761497
1.16079
0.0
0.0
0.0
0.0
0.0
0.0
0.0
0.0
0.0
2.08642
0.0
2.8951
0.0
0.694187
0.130368
0.0
0.0
0.0
1.1523
0.0
2.56899
0.0
1.561
0.0
0.559494
1.05803
1.68424
0.0
0.0
0.37336
0.0
0.0
0.0
0.0
0.0
0.642096
0.0
2.63027
0.0
1.13967
0.0
0.628823
0.0
0.329825
0.747491
0.0
0.0
0.0
0.0
0.0
0.626815
1.07634
0.0
0.0
0.0
0.0827202
0.0
0.0
0.522143
0.0
0.0
1.19022
0.0
0.0558792
1.2736
0.0
2.10699
0.0
0.0
0.0309971
0.0
0.0
0.0
0.0
0.0337301
0.0
0.0
0.0
0.0
0.0
0.0
0.0
0.0
0.0
0.0
0.0
0.0
0.0
0.0
0.110143
0.0
3.23439
0.0
0.0
0.0
0.0
0.0
0.0
0.0
0.0
0.410926
0.0
0.0
0.504147
0.0
3.18355
2.42542
0.804843
0.0
0.0
0.0
1.4616
0.0
0.0
0.0
0.0
0.845658
1.0873
0.0
0.0
0.0
0.0
1.90669
0.0
0.0
0.230259
0.0
0.284291
0.0
0.0
0.0
0.0
0.0
0.0
0.0
0.0
0.0
0.0
0.100853
0.0
0.0
0.0
0.0
0.0
0.0
0.0
2.11811
0.0
0.0
2.69786
0.0
0.0
2.70877
2.13258
0.0
0.0
0.0
0.0
0.0
0.0
0.0
0.0
0.0
0.0404737
0.467149
0.0
0.0
0.0
0.0
1.503
0.0
0.0261896
0.0
0.0
0.0
0.0
0.0
0.315354
0.0
0.0
0.0
0.0
1.24225
2.389
0.0
0.0
4.03134
0.0
1.55139
0.0
0.271225
0.0
0.0
0.0
0.0
0.767016
0.0
0.0
0.0
0.0
0.0
0.0
0.0
0.0
0.0
0.0
0.0
0.019111
0.418311
0.0
0.0
0.0
1.3932
0.0
1.52496
0.0
0.0
1.00786
0.0
0.0
0.0
0.0
0.0
0.0
0.0
0.725771
0.329024
0.109374
2.82218
0.0
0.0
0.0
1.38596
0.0
0.0
1.35854
0.0
0.0
0.0
0.131128
0.0
0.0
1.00286
0.0
0.0
0.0
0.0
0.0
0.0
0.0
1.51287
0.0
0.0
0.0
0.0
0.0
0.0
3.60934
0.0
2.46254
0.0
0.0
0.0
2.33694
0.0
0.0
0.0
0.0
0.0
0.0
0.0
0.932201
0.0
0.727639
0.876373
0.0
0.137092
1.02363
0.909437
0.0
1.57717
0.0
0.0
1.02109
0.0
0.0
0.0
0.0
0.0
2.45475
2.11882
0.0
0.0
1.17856
0.0
0.0
0.0
0.0
0.0
0.0
0.0
0.0
0.0
0.0
0.0
0.0
0.0
0.0
0.0
0.0
0.0
0.0
0.0
0.0
0.0
0.0
0.0
0.0
1.0242
0.537351
0.0
0.0
1.78541
0.530497
0.0
1.20723
0.0
0.0
2.44328
0.0
0.0
0.0
0.0
0.0
0.556378
0.0
0.0
0.0
0.0
0.0
1.24745
0.0
0.0
0.0
0.755282
0.0
0.0
0.0
1.13613
0.0
0.0
0.0
0.0
0.0
0.0
0.750414
1.70647
1.25258
0.345722
0.0
0.0
0.0
0.0
0.0
0.0
3.01049
0.0
0.0
0.0
0.730999
0.0
1.08738
0.0
0.0
0.0
0.0
0.0
0.863135
0.0
1.03231
0.0
0.0
0.0
0.0
0.944985
0.649933
0.0
0.0
0.0
0.0
0.178882
0.343396
0.0
0.321672
0.466647
0.0
0.0
0.227159
1.55059
0.0
0.0
0.0
0.0
0.0
0.528837
0.0
0.0
0.0
0.0
0.0
0.0
0.0
0.0
0.0
0.0
0.363128
0.0
0.0
0.141828
0.0105456
0.0
0.0
0.0
0.0
0.0
0.0
0.0
0.308893
0.0
0.0
0.0
4.55636
0.0
0.0
0.0
0.0
0.0
2.46529
1.06323
0.0
0.0
0.0
0.0
1.67806
0.0
0.0
0.0
0.0
0.0
1.43216
0.0172732
0.0
0.0
0.0
0.0
0.246293
0.0
0.0
0.0
0.0
0.0
2.25526
0.0
0.0
0.0
0.0
0.0
0.0
0.0
0.0
0.0
0.0
0.0
0.0
0.0
0.0
0.696689
0.0
0.0
0.0
2.92261
0.0
0.0
0.0
0.0
1.69154
0.0
2.81601
0.33119
0.0
0.783799
0.0
0.0
0.0
1.86668
0.0
1.82711
0.0
1.59357
0.0
1.4755
0.0
0.0
0.0
0.0
0.0
0.0
0.895963
0.0
0.0
0.0
0.0
0.0
0.0
0.0
0.0
0.0
0.0
0.0
0.0
0.0
0.0
0.0
0.0
0.0
0.0
0.0
0.0
0.0
0.0
0.0
0.0
0.0
0.800675
1.66189
0.0
0.0
0.0
0.0
0.0
0.0
0.0
0.0
0.0
0.0
0.0
2.05109
0.0
0.0
0.0
0.0
0.0
0.0
0.0
0.0
0.0
0.0
0.0
0.0
0.0
0.0
0.0
0.0
1.62818
0.0
0.74581
0.0
0.0
0.0
0.0
0.0
0.764026
0.0
0.0
0.0
0.0
0.0
0.0
2.69282
0.0
0.0
0.0
1.08065
0.0
0.400157
3.25137
0.0
0.0
0.0
0.0
0.0
0.0
1.14848
1.67422
0.0
0.0
2.59783
0.0
0.0
0.0
0.0
0.0
0.0
0.0
0.0
0.0
0.0
0.0
0.0
0.0452913
2.45014
0.0
0.0
1.08906
1.38091
0.0
0.0
0.0
0.0
0.0
0.0
0.0
0.0
0.0
0.0
0.0
0.0
0.0
0.0
0.0
0.328345
0.0
0.0
0.0
0.0
0.0
0.0
1.16426
0.0
0.0
0.0
0.0
1.3728
0.0
0.0
0.0
3.70492
0.146928
0.0
0.0
0.0
0.0
0.0
0.691123
0.0
0.0
0.0654199
0.0
0.0
0.0
0.0
0.0
0.0
0.0
0.0
0.0
0.0
0.0
0.0
1.44504
0.0
0.0
0.0
0.0
0.0
0.0
0.0
0.0
0.0
0.0
0.0
0.0
0.0
2.71036
0.0
0.133642
0.0
0.0
0.0
0.0
0.0
0.0
1.43181
0.0
0.789716
1.96288
0.506765
0.737338
0.0
0.246469
0.0
0.0
0.0
0.0
0.0
0.0
0.0
0.0
0.0
0.0
0.613703
0.0
4.26093
0.0
2.47632
0.911273
0.0
2.93213
0.0
0.0
3.19118
0.0
0.0
0.0
0.0
0.164435
0.0
0.0
0.0
0.0
0.0
1.90497
1.00888
0.0
0.0
0.0
0.853875
0.0
0.0
0.574408
0.0
0.0
0.0
0.0
0.469006
0.0
0.0
0.0
0.0
0.0507264
0.0
4.09196
1.9829
0.0
3.05647
0.0
0.0
0.0
0.0
0.0
0.478982
0.0
0.0
0.770868
0.0
0.0
0.236231
0.0
0.0
0.0
0.0
0.0
0.0
0.0
0.0
0.0
0.0
0.0
0.0
0.0
0.0
0.0
0.0
0.0
2.7394
0.0
0.0
0.0
1.97127
0.0
0.0
2.19038
0.0
2.80939
0.0
0.0
0.0
0.0
0.0
0.0
1.90144
3.8645
0.0
0.0
0.0
0.0
0.0
0.0
2.46804
0.0
0.0
0.814267
0.0
0.0
3.97377
0.0
0.0
0.0
0.348365
0.0
0.0
0.0
0.0
2.56875
0.0
0.0
0.0
0.0
0.0
0.902338
0.0
0.530302
1.70447
0.0
0.0
0.0
2.81014
0.0
0.0
0.327927
0.0
0.948943
0.0
0.0
0.0
0.0
0.0
0.0
4.12084
0.0
0.0
0.0
2.83779
0.0
0.0
0.0
2.85743
1.79321
0.0
0.0
0.0
0.0
0.0
0.0
0.0
0.0
0.16363
0.0
0.0
0.0
0.0
1.18572
0.0
0.0
0.0
0.0
0.0
0.0
0.0
0.0
0.260205
0.238943
2.09638
1.58147
0.0
0.0
0.0
1.17838
0.67918
1.21996
0.0
0.0
0.19511
0.125735
0.0
0.0
1.64181
0.0
0.0
0.0
0.0
0.0
1.58503
0.0
0.0
0.0
0.0
0.0
0.0
0.0
0.0
0.0
0.0
0.0
1.42897
0.0
0.915348
0.0
0.0
0.0
0.0
0.0
2.31441
0.0
0.0
0.0
0.0
0.0
0.0
1.73592
0.0
3.79757
0.0
0.0
0.0
0.0
3.43915
0.0
0.216067
0.0
0.0
0.0
0.0
0.0
0.0
0.0
0.0
0.0
0.0
0.0
0.0
0.478447
0.0
2.93398
0.0
0.0
0.0
2.17544
0.0
0.0
0.256243
2.0304
0.0
0.0
0.0
0.0
0.0
0.0
0.0
0.0
0.0
1.08594
0.0
0.0
0.0
1.66682
0.0
0.254614
0.579479
0.0
0.0
0.0
0.0
2.20661
0.0
0.0322627
0.0
0.0
0.0
0.0
0.949656
0.0
1.40229
0.0
0.0
0.0
0.0
0.0
0.0
0.0
0.0
0.0
0.0
0.0
1.47198
0.0
0.43474
0.0
2.79732
0.0
0.0
0.0
0.0
3.16092
0.0
1.05255
3.03898
0.0
0.0
0.0
0.0
0.0
0.0
0.0
0.0
4.08262
0.0
0.0
0.0
0.0
0.0
0.0
1.29637
0.0
2.2284
0.0
0.0
2.02757
0.0
2.71161
0.980241
1.82446
0.0
1.21211
0.0
1.45163
0.577261
0.0
0.0
0.0
0.0
0.0
0.0
0.0
0.0
1.75245
0.468045
2.62987
0.0
0.0
0.0
0.0
0.0
0.0
0.0
0.0
0.51483
0.0
0.0
0.0
0.0
0.0
0.0
0.0
0.0
0.0
0.0
0.0
0.0
0.0
0.0
0.0
1.21267
0.766068
0.0
0.0
3.93933
0.0
0.0
0.0
0.0
0.0
0.0
0.0
0.0253558
0.0
0.0
0.0
0.0
0.0
0.0
0.929953
0.0
1.26053
0.0
0.572293
0.0
0.623278
0.0
0.438808
2.06706
0.0
0.0
0.0
2.15564
0.0
2.2859
1.61175
0.0
0.0
0.0
1.65762
0.0
0.0
0.0
0.409598
0.0
1.30398
0.508501
0.0
0.0
0.0
0.0
0.0
3.23742
0.0
0.0
0.0
1.17646
0.0
3.78397
0.0
0.0
0.0
0.0
0.0
0.0
0.0
0.0
0.0
1.68866
0.0
0.0565159
0.0
0.0
0.0
0.0
0.0
0.0
0.0
0.0
0.0
1.82595
0.0
0.0
0.0
0.0
0.0
0.0
4.85138
0.0
0.0
0.0
0.0
0.0
0.0
0.0
0.0
0.0
0.0
2.67101
1.60908
0.0
0.0
1.02544
0.0
0.0
0.0
0.0
0.0
0.0
0.0
0.0
0.0
0.0
0.0
0.0
0.0
0.0
0.0
0.0
0.0
2.70619
0.399361
0.0
0.0
0.0
0.0
0.345097
0.0
0.0
0.0
0.0
0.0
2.2099
0.0
0.0
0.0
0.0
0.0
0.0976307
0.0
2.65307
0.0
0.0
0.0
0.0
0.0
0.0
0.0
0.0
0.0
0.0
0.0
0.0
0.0
0.0
1.72229
0.0
0.0
0.0
0.0
0.0
0.0
0.0
0.0
0.0
0.0
0.0
1.08896
0.0
2.3517
0.0
0.0
0.0
0.0
0.0
0.0
0.0
0.0
0.0
0.0
1.24777
0.0
0.0
1.28026
0.0
0.0
0.0
0.0
0.631909
0.0
0.0
0.0
0.0
0.0
0.0
0.0
0.0
0.0
0.0
0.0
0.0
0.0
0.0
0.0
0.0
0.0
0.0
0.0
0.00297441
0.0
0.0
0.0
0.146069
0.0
0.0
0.0
0.0
0.0
0.0
0.826819
0.0
0.0
0.0
0.0
0.0
0.0
0.0
0.0
2.07066
0.0
0.0546544
0.0
0.0
0.0
0.0
0.0
0.0
0.0
0.0
0.0
0.0
0.0
0.0
0.577213
0.0
0.0
0.0
0.0
0.0
0.0
0.0
0.0
0.0
0.0
0.0
0.0
0.0
0.0
0.0
0.0
0.0
0.0
0.0
0.0
0.0
0.0
0.0
0.0
0.0
0.0
0.0
0.0
0.0
0.0
1.12105
0.717047
0.449937
1.58124
0.0
0.0
1.02245
0.0
0.0
0.0
0.0
0.0
0.0
0.0
0.0
3.18082
0.0
0.0
0.0
0.0
0.0
2.84431
0.0
0.0
0.0
0.0
0.0
0.0
0.0
0.0
3.02024
0.0
0.0
0.0
1.39068
0.0
0.0
0.0
0.0
0.301011
0.0
0.0
0.0
0.0
0.0
0.0
2.02092
0.889827
0.0
0.0
0.0
0.0
0.0
0.0
0.632878
0.0
0.196512
0.110191
0.0
0.0
1.527
1.99635
0.0
0.0
2.44814
1.91955
0.0
0.0
0.0
3.89496
0.0
0.0
0.0
1.60137
0.0
0.0
2.53833
0.0
0.191552
0.0
0.0
0.0
0.0
0.0
0.0
0.0
0.0
1.11165
0.0
0.0
4.12222
0.0
0.689541
0.0
0.0
0.0
0.0
0.0
0.0
0.0
0.0
0.0
0.0
0.0
0.0
0.0
0.0
0.0
0.0
0.0
0.0
0.0
2.42628
0.227264
1.28552
0.0
0.0
0.0
0.0
0.640574
0.0
0.0
0.0
0.0
4.3702
0.0
0.0
0.122585
0.0
0.861526
0.0
0.0
0.0
0.0
0.0
0.0
0.0
0.0
0.0
0.0
0.0
1.70928
1.45182
1.98797
0.0
3.97433
1.51484
0.0
3.82329
0.0
0.0
0.680649
0.0
0.455689
0.0
0.0
0.0
0.0
0.0
0.0
0.0
0.0
1.99733
0.0
0.0
0.0
0.332546
0.0
0.0
0.0
0.0
1.11328
0.0
0.0
0.0
0.0
0.0
0.0
0.0
0.0
0.0
0.0
0.0
0.0
0.0
0.0
0.0
0.0
0.0
0.0
0.787566
1.69466
1.59586
0.0
0.0
0.0
0.334487
0.0
0.0
0.0
0.0
0.0
1.53408
0.0
1.57129
3.65886
0.0
0.0
0.0947947
0.0
0.0
0.0
0.0
0.0
0.84995
0.0
0.0
0.0
0.0
0.0
0.328245
0.0
0.0
0.0
0.0
0.0
0.903202
0.0
0.249157
0.0
0.0
0.0
0.092436
0.360975
0.0
0.0
2.38787
0.0
0.0
0.0
0.825446
0.0
0.0
0.0
0.0
0.0
0.0
0.0
0.0
1.34411
0.0
1.55544
0.0
0.0
0.0
0.0
0.0
0.0
0.0
0.0
0.0
0.0
0.0
0.0
0.0
0.0
0.0
0.0
0.0
0.0
0.0
3.68538
0.0
0.0
0.0
0.0
0.0
0.0
0.0
0.0
0.0
0.0
0.0
0.0
0.866233
0.0
0.216885
0.0
0.0
0.0
0.0
0.0
0.0
0.0
1.45476
0.0
0.0
0.0
0.0
0.0
0.40273
0.0
0.0
3.39442
0.0
0.0
0.0
3.40943
0.0
1.08341
0.0
0.0
0.0
0.0
0.0
0.0
0.0
0.0
1.28702
0.0
1.18906
0.0
0.0
0.0
0.659844
0.0
0.0
0.0
0.0
0.0
0.0
0.0
1.3922
2.34166
0.0
0.0
0.0
0.0
2.26662
0.0
0.0
0.0
0.0
0.433682
1.8831
0.0
0.0
0.0
0.0
0.0
0.0
1.26359
0.0
2.05298
0.0
0.0
0.0
0.0
0.0
0.0
0.0
1.55999
0.0
0.0
0.0
0.0
0.0
0.177277
0.0
0.0
0.0
0.0
0.0
0.0
0.0
0.0
0.0
0.0
1.97538
0.0
0.0
0.0
0.0
0.0
0.0
0.0
0.0
0.0
0.0
0.0
0.0
0.0
0.0
0.0
0.0
0.0
0.0
0.077802
0.0
0.442687
0.0
0.0
0.0
0.0
0.463253
0.113372
0.0528977
0.0
0.0
0.0
0.0
0.0
0.0
0.0
0.0
0.0
0.0
1.29176
0.0
1.74952
0.0
0.0
0.0
0.0
0.833102
0.974782
0.0
0.0
0.0
0.0
0.0
0.0
0.0
0.0
0.0
0.0
2.61734
0.0
0.188705
0.0
0.0
0.0
0.0
0.0
0.0
0.0
4.36297
1.43289
0.0
0.0
0.0
0.0
0.0
0.0
0.0
0.0
0.0
0.0
1.08036
0.0
0.0
0.0
0.0
0.223659
3.13644
0.0
0.0
0.0
0.0
0.0
0.0
1.64198
1.80514
0.0
0.0
0.0
0.0
0.0
0.0
0.0
0.0
0.0
0.0
0.0
0.0
0.0
0.0
0.0
0.0
0.0
0.0
0.0
0.816466
0.0
2.65665
0.0
0.0
1.25417
0.0
1.07014
0.0
0.0
0.128082
0.0
0.0
0.0
0.0
0.0
0.0
0.0
0.0
0.0
0.0
0.0
0.0
0.0
0.0
0.0
0.0
0.252891
0.0
0.0
0.0
0.0
0.0
0.0
0.00633907
0.0
0.0
0.0
0.0
0.0
0.0
0.0
0.0
0.0
0.0
0.0
0.0
0.0
0.0
0.0
0.0
0.0
0.0
1.47452
0.0
1.03544
0.0
0.0
0.0
0.0
0.0
0.603509
0.0
0.0
0.0
0.0
0.0
0.0
0.0
0.0
0.0
0.0
0.0
0.0
0.635049
0.0
0.0
0.0564146
0.0
0.0
0.0
0.0
0.738174
0.0
0.0
0.0
1.43346
0.0
0.0
0.0
0.0
0.0
0.0
0.0
0.0
0.0
0.0
0.0
0.0
0.0
1.19149
0.0
0.0
0.59931
0.0
0.31413
0.0
0.0
0.0
0.0
0.74434
0.923825
2.09993
0.0
0.0
0.212533
0.0
0.0
0.0
0.0
0.0
0.764935
1.81608
0.0
0.0
0.0
0.0
0.0
0.0
0.0
0.0
0.0
0.0
0.0
0.0
1.54505
0.0
0.0
0.202865
0.0
0.0
0.0
0.0
0.0
0.0
0.0
0.0
0.0
0.0
1.87144
0.0
0.0
0.0
0.0
0.0
0.779381
0.0
0.0
0.0
0.0
0.0
1.26657
2.20461
0.0
0.0
0.0
0.0
0.0
0.0
0.0
0.0
0.0
0.0
0.0
0.0
0.0
0.0
0.0
0.0
0.0
0.0
0.958706
0.0
0.0
0.244136
0.0
0.0
0.0
0.0
0.0
0.0
0.0
0.0
0.0
1.92845
0.0
0.0
0.0
0.48376
0.0
0.0
0.0
0.0
0.33282
0.0
0.0
0.0
0.0
0.0
0.0
0.0
0.0
0.0
0.0
0.0
0.0
0.0
0.0
0.170984
0.0
0.0
0.0
0.0
0.674466
0.0
3.73207
0.0
0.0
0.0
0.0
0.0
4.16082
0.0
0.0
0.0
0.456964
1.05017
0.148626
0.0
0.0
0.0
0.435477
0.0
0.0
0.0
0.0114755
0.0
0.0
0.0
0.0
0.0
0.0
0.0
0.0
0.0
0.0
0.0
0.0
0.0
0.0
0.0
0.0
0.0
0.0
0.0
0.0
0.382189
0.0
5.7593
0.0
0.0592018
0.0
0.423098
0.0
0.0804879
0.593912
0.0
0.0
0.0
0.0
0.0
0.0
0.0
0.296167
0.0
0.0
0.0
0.0
0.0
0.0
0.0
0.0
0.0
0.0
0.0
1.89472
0.0
0.0
0.0
0.0
0.0
0.0
0.0
0.0
0.0
0.0
1.76068
0.0
0.0
0.0
0.0
2.40757
0.0
0.0
0.0
0.0
1.06308
1.76619
0.0
1.38876
0.0
0.0
0.0
0.0
0.0
0.0
0.0
0.0
0.0
0.0
0.0
0.0
0.0
0.0
0.0
0.0
0.0
0.0
0.0
0.0
0.0
0.0
0.0
0.495574
0.0
0.0
0.0
0.0
0.0
0.0
0.0
0.0
0.0
0.0
0.0
0.0
0.0
0.0
0.0
0.0
0.0
0.370615
0.0
0.0
0.0
0.0
0.0
0.0
0.0
0.0
0.0
0.0
0.0
0.725926
0.0
0.0
0.235998
0.0
0.0
0.0
0.0
0.0
0.0
0.0
0.0
0.0
2.20802
0.0
0.0
0.0
0.0
0.0
0.0
0.0
0.0
0.0
0.0
3.47381
0.0
0.0
0.0
0.0
0.0
2.07521
0.233743
0.0
0.0
0.0
0.0
0.582784
0.0
0.0
0.0
0.0
0.0
0.0
0.0
0.0
0.0
0.451278
0.0
0.0
0.0
0.0
0.0
0.0
0.675775
0.0
0.0
0.0
0.0
1.43256
0.0
0.0
0.027854
0.0
0.0
0.0
0.296882
0.0
2.58178
0.0
2.25399
0.0
0.0
1.21831
2.37393
0.0
0.279862
0.0
0.0
0.0
0.0
0.0
2.13003
0.0
0.247545
0.0
0.0
0.479854
0.220521
0.0
0.0
0.0
0.0
0.0
0.0
0.0
0.0
0.0
0.0
0.0
0.0
0.0
0.0
0.0
1.01819
0.0
1.81279
0.0
0.0
1.17413
0.0
0.0
0.0
0.0
0.983218
0.0
0.0
0.0
0.0
0.0
0.0
0.0
1.12981
0.0
0.0
0.0
0.0
0.0
0.0
0.0
2.59421
0.120647
0.53774
0.0
0.0
0.0
4.82258
0.0
0.0
0.0
0.0
0.0
2.37977
0.0
0.0
0.0
0.0
0.0
1.13564
0.0
0.0
0.0
0.0
0.0
0.0
1.16798
0.0
0.0
0.0
0.0
0.0
0.0
0.0
0.410088
1.97483
1.99907
0.0
0.0
1.70596
0.0
1.69697
0.0
0.0
0.0
0.0
0.0
0.0
0.0
0.0
0.0
0.0
0.0
0.31169
2.58405
0.0
0.0
0.0
0.462247
0.0
0.0
0.0
0.0
0.0
1.81571
0.56065
1.54969
0.0
0.0333569
0.0
0.0
2.2553
0.0
0.0
0.354614
0.0
0.7841
0.0
0.819023
0.0
0.0
0.0
0.0
0.0
0.0
0.0
0.0
0.484044
0.333588
0.0
0.0
0.0
0.0
0.0
0.244362
0.0
0.0
0.0
0.0
0.0
0.0
0.0
2.65874
0.144303
0.0
0.0
0.0
0.0
2.58805
0.0
0.0
0.0
0.0
0.0
0.0
0.0
0.0858661
0.0
7.30963
2.68053
1.28194
0.0
1.39985
0.125972
0.0
0.0
0.0
0.0
0.041164
0.0
0.0
1.57114
0.0
0.0
0.0
0.0
1.55015
0.0
0.0
0.0
0.0
0.0
0.646125
0.0
0.0
1.40063
0.0
0.0
0.0
0.0
0.684826
0.0
0.0
0.0
0.0
0.0591691
0.0
0.0
0.0
0.0
0.0
2.57566
0.0
1.72145
0.152602
1.4561
0.182521
0.0
0.0
1.33984
0.0
0.0
0.182843
0.0
0.0
0.0
0.881793
0.598259
0.0
0.0
4.37945
0.0
1.7829
0.0
1.32374
0.0
0.0
2.41752
0.0
2.50083
0.0
0.0
0.0
0.0281107
0.0
0.306291
0.0
0.0
0.0
0.0
0.0
0.0
0.0
0.0
0.0
0.0
0.0
0.0
0.0
0.0
1.24226
0.0
0.0
0.0
3.45717
0.0
0.0
0.0
0.0
0.0
0.0
0.0
0.0
0.0
0.0
0.0
0.0
0.0
0.0
0.0
0.0
0.0
0.0
0.0
0.0
1.40195
0.0
1.79344
0.0
0.0
0.0
0.0
0.0
0.0
1.34348
0.0
0.0
0.0
0.0
1.82266
0.0
0.0
0.0
0.0
1.64204
0.0
0.0
0.0
0.397074
0.0
0.0
0.0
0.0
0.0
0.0
0.0
0.0
0.0
0.0
0.0
0.0
0.0
0.0
0.0
0.0
2.99385
0.0
0.0
0.0
0.0
0.0
0.0
1.37308
0.0
1.77679
2.32132
1.00192
1.00661
0.0
0.0
0.0
0.0
0.0
0.603755
0.200255
0.0
0.0
2.24252
3.58441
0.0
0.153516
1.87478
0.0
0.0
1.06986
0.0
0.0
0.816809
0.0
0.0
3.99228
0.0
0.0
0.0
0.0
0.0
0.0
0.0
0.306098
0.0
0.0
0.0
0.0
0.0
0.627211
0.0
1.58491
4.57234
1.14295
0.0
0.0
0.0
0.0
0.0
0.0
0.0
0.0
0.0
0.0
0.0
1.83999
0.99477
2.24172
0.0
1.25504
0.0
3.73832
0.0
0.0
0.0
0.0
0.0
0.740128
0.0
0.0
0.0
0.0
0.0
0.0
0.0
0.0
0.0
0.0
0.0
0.644879
0.0
0.0
0.0
0.0
0.0
0.505323
0.0
0.0
0.0
0.0
0.0
0.0
0.572838
0.0
0.0
0.0
0.0
0.0
0.0
1.58213
0.0
1.92457
0.0
0.168073
0.0
0.0
0.662116
0.109469
0.0
0.0
0.0
0.0
1.27869
0.0
0.0
0.0
4.3854
0.0
0.0
2.09291
0.0
1.20481
0.0
0.0
0.0
0.0
0.0
0.0
4.00536
0.0047124
0.0
0.0
0.0
1.11834
0.0
0.0
0.0
0.0
0.0
0.00538215
0.0
0.0
0.0
0.0
0.0
0.0
0.0
0.0
0.0
0.0
0.0
0.0
0.0
0.378739
0.0
0.498975
0.0
0.0
0.600313
0.0
6.12945
0.0
0.0
0.0
0.0
0.0
0.0
1.72219
0.0
0.0
0.0
0.0
0.0
0.0
0.0936713
0.0
0.829979
0.0
0.0
0.0
0.0
0.0
