0.0
0.0
1.63588
0.0
2.1319
0.0
0.0
0.0
0.0
0.0
0.0
1.52856
0.0
0.0
0.0
0.596023
0.0
0.0
0.0
0.0
0.0
0.0
0.0
0.0
0.0
0.0
0.0
0.0
0.0
0.0
0.0
0.305835
0.0
4.03224
0.0
0.0
0.0
1.1816
0.0
0.0
0.0
0.0
4.13063
0.0
0.0
0.651648
0.0
1.56731
0.0
1.38268
1.73961
0.0
0.0
0.0
0.0
0.0
0.0
0.0
0.0
0.0
0.0
0.0
0.0
1.41323
0.0562612
0.0
0.0
0.0
2.07206
0.0
0.0
0.0
0.0
0.0
0.0
0.0
0.0
0.0
0.0
0.0
2.67253
0.0
0.0
0.0
0.0
0.0
0.0
1.00731
0.0
0.0
0.0
0.0
0.0
0.0
0.0
0.0
0.0
0.0
0.605108
0.0
0.0
0.0
0.0
0.0
0.0
0.0
0.0
0.0
0.0
0.0
0.0
0.0
0.0
3.41295
0.0
0.0
0.0
0.0344265
0.106355
0.0
0.0
0.0
0.0
0.0
0.0
0.0
0.0
6.7231
0.0
0.0
0.0
0.426567
0.0
0.0
0.0
0.0
0.0
0.0
2.52241
0.0
0.0
0.0
0.0
0.0
0.0
0.0
0.0
0.0
0.0
0.0
0.0
0.0
0.0
0.815793
0.0
0.0
0.0
0.0
0.0
0.0
0.0
0.0
0.0
0.0
0.0
0.0
0.0
0.0
0.0
0.340554
0.0
0.0
1.99334
0.0
0.0
0.0
0.0
0.0
0.0
0.0
3.07562
0.0
0.0
0.0
0.0
0.0
0.0
0.0
0.0
0.0
0.0
0.0
3.59733
3.21666
0.0
0.0
0.0
0.0
0.0
0.903317
0.0
1.77276
0.0
0.0
0.0
0.0
0.0
0.0
0.0
0.0
0.0
0.0514016
0.0
0.0
0.0
0.59691
0.0
0.0
0.0
0.430157
0.0
0.0
0.0
0.0
0.323471
0.0
0.0
0.0
0.0
0.0
0.0
0.0
0.0
0.0
0.0
0.0
0.0
0.0
0.0
0.0
0.0
0.0
0.0
1.62443
0.0
0.0
0.0
5.37104
0.0
0.0
0.59504
0.0
0.0
0.0
0.0
0.0
0.0
0.564902
0.0
0.0
0.0
0.0
3.18126
0.0
0.0
0.0
1.04758
0.0
0.0
2.11675
0.0
0.881086
0.0
0.0
0.0
0.0
4.52657
0.0
0.0
0.0
0.0
0.914729
1.50902
2.66912
0.0
0.0
0.0
0.0
0.0
0.0
0.0
0.0
0.0
0.0
0.0
0.0
0.0
0.0
0.0
0.0
0.0
5.81671
0.0952628
0.0
0.0
3.14502
0.0
0.0
0.519568
0.0
0.0
0.0
0.0
0.0
0.0
0.0
0.0
0.0
0.0
0.0
0.0
0.0
0.0
0.0
0.0
0.0
0.0
0.0
0.0
0.0
0.0
0.0
0.0
0.0
0.0
0.0
0.0
0.0
0.0
0.0
0.0
0.0
0.0
0.0
0.0
0.0
0.0
0.0
0.0
0.0
0.0
0.0
0.0
0.0
0.0
0.0
0.0
0.0
0.0
0.0
0.0
0.0
0.0
0.0
0.0
0.0
0.0
0.0
0.0
0.0
0.0
0.0
0.0
0.0
0.0
0.0
0.0
0.0
0.0
0.327163
0.0
0.0
0.0
0.0
0.0
0.0
0.0
4.09178
0.0
0.0
0.0
0.616842
0.0
0.0
0.0
6.56764
3.92353
0.0
0.0
0.0
0.0
0.0
0.0
0.0
0.0
0.0
0.0
0.0
0.0
0.0
0.0
0.0
0.0
0.0
0.0
0.0
0.0
0.0
0.0
1.16789
0.0
0.0
0.0
0.0
0.0
0.0
0.0
0.0
0.0
1.72658
1.7179
0.0
0.0
0.0
0.0
0.0
0.0
0.0
0.655699
0.0
0.0
0.844314
0.0
0.0
1.2019
0.0
0.0
0.0
0.0
0.0
0.0
0.0
0.0
3.59062
0.0
0.0
0.0
0.0
0.0
0.0
0.0
1.0909
0.0
0.0
0.0
0.0
0.0
0.0
0.48523
3.03775
0.0
0.0
0.0
0.0
0.0
0.0
0.0
0.0
1.16924
0.0
0.0
0.0
0.0
3.64449
0.0
0.0
0.0
0.0
0.0
0.0
0.0
0.0
0.0
0.0
0.0
0.0
3.65044
0.0
1.23063
0.0
0.0
0.0
0.0
0.0
0.0
0.0
0.0
0.0
0.0
0.0
0.0
0.265249
0.0
0.0
0.0
0.0
0.0
0.0
0.0
0.0
0.0
0.0
0.0
1.60663
0.0
0.0
0.0
0.0
0.0
0.0
0.0
0.0
0.0
4.2651
0.0
0.0
2.86579
0.0
0.0
0.0
0.0
0.0
0.584844
1.28153
0.0
0.0
0.0
0.0
0.0
0.0
0.0
0.0
0.0
0.0
0.0
0.0982114
0.0588923
0.0
0.0
0.0
0.0
0.0
0.0
0.0
0.0
0.0
0.0
0.0
0.0
0.0
0.0
0.0
0.0
0.0
0.0
0.477711
0.0
0.0
0.0
0.0
0.0
0.0
0.0
0.0530134
0.0
0.0
4.61354
0.478744
0.0
0.0
0.0
0.0
0.0
0.0
0.0
0.0
0.0
0.0
0.0
0.0
0.0
0.0
0.0
0.0
2.26462
0.0
0.0
0.0
0.115619
0.0
0.0
0.0
0.0
0.0
0.0
0.0
0.0
0.0
0.0
0.0
4.79411
0.0
0.0
0.0
2.24651
0.0
0.0
0.0
0.0
0.0
0.0
0.0
0.0
0.0
0.0
0.0
1.20735
0.0
0.0
0.0
0.0
0.0
0.0
0.595585
0.0
0.0
0.0
0.0
0.520108
0.0
0.0
0.110211
0.0
0.0
0.0
0.0
0.0
1.56732
0.0
0.0
2.22866
2.95193
0.0
0.0
0.0
0.0
0.0
0.0
0.0
0.0
0.0
0.0
0.0
0.0
0.0
0.0
2.4912
0.0
0.0
0.0
0.0
0.0
0.0
1.2492
0.0
0.0
0.0
0.0
0.0
0.0
0.0
0.0
0.0
0.0
0.0
0.0
0.0
0.0
0.0
0.0
0.0
0.0
0.0
0.807034
0.0
0.0
0.0
0.0
0.0
0.0
0.0
0.0
0.0
0.0
0.0
0.0
0.0
0.0
0.0
0.0
0.0
0.0
0.0
0.0
0.0
0.0
0.0
0.0
3.08557
0.0
0.0
0.0
0.0
0.0
2.61579
0.0
0.0
0.0
0.779878
0.0
0.0
0.0
0.0
0.0
0.0
2.87173
0.0
0.0
0.0
0.0
0.0
0.0
0.0
0.0
0.0
0.0
0.0
0.0
0.0
0.0
1.46037
0.14107
0.0
0.0
0.0
0.0
0.0
0.0
0.0
0.0
0.0
0.0
0.0
3.78763
0.0
0.0
0.989385
0.0
0.0
1.9997
0.0
0.0
0.0
0.0
0.0
0.0
0.0202486
0.0
0.0
0.0
0.0
0.0
0.0
0.0
0.0
0.0
3.32313
0.0
0.0
4.11186
0.0
0.0
0.0
0.0
0.0
0.0
0.0
0.0
0.0
0.0
0.0
0.0
0.0
0.0
0.0
0.0
0.0
0.0
0.0
0.0
0.0
0.0
0.0
0.0
0.0
2.03576
0.0
0.0
0.0
0.0
0.0
0.0
0.0
0.0
0.0
0.0
0.0
0.0
0.0
0.0
0.0
0.0
0.592973
0.0
1.25229
0.0
0.0
0.0
0.175448
2.00968
0.0
0.0
0.0
0.0
0.0
0.0
0.0
0.0
0.0
0.0
1.81606
0.596109
0.0
0.0
0.0
0.0
0.0
0.176674
0.0
0.0
0.0
0.0
0.377646
0.0
0.0
0.0
0.0
0.0
0.988041
0.0
0.0
0.0
0.0
0.0
0.0
0.0
0.0
0.0
0.0
0.0
0.0
0.0
0.0
0.0
1.97766
0.0
0.0
0.0
0.0
0.0
0.0
0.0
0.0
0.0
0.0
0.0
0.0
0.0
3.7741
0.0
0.0
0.0
0.0
0.0
0.0
0.0
0.0
0.0
0.0
0.0
0.0
0.0
0.0
0.0
0.0
0.0
0.0
0.0
0.0
0.0
0.0
0.0
0.0
0.0
0.0
0.0
0.0
0.0
0.0
0.0
0.0
0.0
0.0
3.47703
0.0
0.0
2.03014
0.0
0.0
0.0
0.0
0.0
0.0
0.0
0.0
0.0
0.0
1.225
0.0
2.72273
0.0
0.0
0.0
0.0
0.0
0.0
0.0
3.44975
0.0
0.0
0.0
0.0
0.0
0.0
0.0
0.0
0.0
0.0
0.0
0.0
0.0
0.0
1.60187
0.0
0.0
1.77892
0.0
0.0
0.0
0.0
0.0
0.0
0.0
0.0
0.0
0.0
0.0
0.0
0.0
0.0
0.0
0.0
0.0
0.0
0.0
0.0
0.0
0.0
0.0
0.0
0.0
0.0
0.0
0.0
0.361128
0.0
1.34902
0.19883
0.0
0.0
0.0
0.0
0.0
0.247146
0.0
0.0
0.0
0.0
2.39327
0.0
1.28948
0.0
0.0
0.0
1.37952
2.15263
0.0
0.0
0.0
0.0
0.0
0.0
0.0
1.28957
0.0
0.0
1.62668
0.0
0.0
0.0
0.0
0.0
0.0
0.0
0.0
0.0
0.0
0.0
0.0
0.0
0.0
0.0
0.0
0.0
0.0
0.0
0.0
3.54004
0.0
0.0
0.0
0.0
0.0
0.0286898
1.385
0.0
0.227606
0.0
0.0
0.0
0.0
0.0
0.0
0.0
0.0
0.0
0.0
0.0
0.0
0.0
0.0
0.0
0.0
0.0
0.0
0.0
0.0
4.17163
0.0
1.36069
0.0
0.0
2.28408
0.0
0.0
0.0
0.0
0.0
0.0
0.0
0.0
0.0
0.0
0.0
0.0
0.0
0.0
0.0
0.277907
0.0
0.0
0.0
0.0
0.0
0.0
0.0
0.0
0.727171
0.432831
0.0
0.0
0.0
0.0
0.0
0.0
0.0
0.0
0.0
0.0
0.0
0.0
0.0
0.0
0.830894
0.0
0.0
0.0
0.0
0.0
2.2836
0.0
0.0
0.0
0.0
6.69249
0.0
0.0
0.0
0.0
0.0
0.0
0.0
3.04755
0.0
0.0
0.0
0.0
2.79359
0.0
0.0
0.0
1.21926
4.3802
0.0
0.0
0.0
0.0
0.0
0.0
0.0
0.0
0.243152
0.0
0.0
0.0
0.0
0.0
0.0
0.0
0.0
0.0
0.0
0.0
0.0
0.0
0.0
0.0
0.0
0.0
0.0
0.0
0.0
0.149608
0.0
0.0
0.0
0.0
0.0
0.0
0.0
1.19704
0.0
0.0
0.0
0.0
0.0
0.678724
0.0
0.0
4.82313
0.0
3.88968
0.0
0.0
0.782659
1.83802
0.0
0.0
0.0
0.0
0.0
1.66719
0.0
0.0
0.0
4.47279
0.0
0.0
1.29497
0.0
0.0
0.0
0.0
0.0
0.238672
0.0
0.0
0.0
0.0
0.0
0.0
0.0
0.0
2.3014
0.0
0.0
0.0
0.0
0.0
0.0
3.10651
0.0
0.0
0.0
0.0
0.0
0.0
0.0
0.0
0.0
0.0
0.0
0.0
0.0
0.0
0.0
0.0
1.71338
0.0
0.887421
0.0
0.0
0.0
0.0
0.0
0.0
0.0
0.0
0.0
0.396222
0.0
5.23996
0.0
0.0
2.47836
0.0
0.0
0.0
0.0
0.0
0.0
0.0
0.0
0.0
1.73251
0.0
4.79331
0.0
0.0
0.912608
0.0
0.0
0.0
0.0
0.0
0.0
0.0
0.0
0.0
0.0
0.0
0.0
0.0
0.0
0.0
0.0
0.0
0.0
0.0
0.0
0.0
0.0
0.0
0.0
0.0
0.0
0.0
0.0
3.93148
0.0
0.0
0.0
0.0
0.0
0.0
0.0
0.103274
0.0
0.0
0.0
0.0
0.0
0.0
0.0
0.0
0.0
0.0
0.0
2.81588
0.0
0.0
0.0
0.0
0.0
0.0
0.0
0.0
0.0
0.0
0.0
0.461993
3.02744
0.0
0.0
0.0
0.0
0.630857
0.0
0.0
1.5837
0.0
0.645692
0.0
0.0
0.357393
0.0
0.0
0.0
0.0
0.0
0.0
0.0
0.0
0.0
0.0
0.0
0.973655
0.342508
0.0
0.0
0.0
0.0
2.4846
0.870345
0.0
0.0
0.0
0.477228
0.0
0.0
0.0
0.0
0.0
0.0
0.0
0.0
0.0
0.0
0.0
1.06736
0.0
0.0
0.0
0.0
0.0
0.0
0.0
0.0
0.0
0.0
0.0
0.0
3.20803
0.0
0.0
0.0
0.0
0.0
0.0
0.0
0.0
0.0
0.0
0.0
0.0
0.0
0.0
0.0
0.0
3.71638
0.0
0.0
0.0
0.0
0.0
0.0
0.0
0.0
0.0
0.0
0.0
0.0
0.633736
0.0
0.0
0.0
0.0767334
0.0
0.0
0.0
0.0
0.0
0.0
0.0
0.0
0.0
0.0
0.0
0.0
0.0
0.0
0.0
0.0
0.0
0.0
0.0
0.0
0.0
0.0
0.0
0.0
0.0
0.0
0.0
2.62876
0.0
2.21714
0.0
0.0
0.0
0.0
0.0
0.0
0.0
0.0
4.42911
2.17928
0.0
0.232616
0.0
0.0
0.0
0.477924
0.0
0.0
0.0
1.04305
0.0
0.0
0.0
0.0
0.0
0.102815
0.0
0.0
0.0
0.0
0.0
0.0
0.0
3.85679
0.0
0.0
0.0
0.0
0.0
0.0
0.0
0.0
0.0
0.0
0.0
0.0
0.485384
0.0
1.05106
0.0
0.0
0.0
0.0
0.0
0.0
0.0
0.0
0.0
0.0
0.0
0.691862
0.0
0.0
0.0
0.316983
0.0
0.0
0.0
0.0
0.0
0.0
0.0
0.339326
2.15511
0.0
0.0
1.05129
0.0
0.0
0.0
0.0
0.0
0.0
0.0
0.0
0.0
0.0
0.0
0.0
0.0
0.0
0.0
0.0
0.0
0.0
0.0
0.0
0.0
0.0
0.0
0.0
0.0
1.4912
0.0
1.38413
0.0
0.0
0.0
0.0
0.0
0.0
0.0
0.0
0.0
0.0
0.0
0.0
0.0
0.0
0.0
0.0
0.0
0.0
0.0
0.0
0.0
0.0
0.0
0.0
0.0
0.0
0.0
0.0
0.0
0.0
0.0
0.0
0.0
1.17533
0.0
1.38425
1.96595
0.0
0.0
0.0
0.0
0.0
0.140448
4.57822
0.0
0.0
0.0
0.569692
0.0
0.0
0.0
0.0
0.0
0.0
0.0
0.0
0.0
0.0
0.0
0.0
0.0
0.0
0.0
0.0
0.0
0.0
0.0
0.595225
0.0
2.35528
0.0
2.99442
0.0
0.0
0.0
0.374596
1.13412
0.0
0.0
0.0
0.0
0.0
0.980198
0.0
0.0
0.0
0.0
0.0
0.0
0.0
0.0
0.0
0.0
0.0
0.0
0.0
0.102617
0.0
0.0
0.0
0.0
0.0
0.0
0.0
0.0
0.0
0.0
0.0
0.0
3.4238
0.0
0.0
0.0
0.0
0.0
3.6546
3.73617
0.0
0.0
0.0
0.0
0.0
0.0
0.0
1.18941
0.0
0.0
0.0
0.414351
0.0
0.0
0.0971655
0.44387
0.0
0.0
0.0
0.0
0.0
0.0
0.0
0.0
0.0
0.0
0.0
0.0
0.0
0.0
0.0
0.0
0.0
0.0
0.0
0.0
0.0
0.0
0.0
0.0
0.0
3.82042
0.0
0.0
0.0
0.0
1.25568
0.0
3.53125
0.0
0.0
0.0
0.0
0.0
0.0
0.0
0.0
0.0
0.0
0.938862
0.0
2.14369
0.0
0.0
0.0
0.0
0.0
0.0
0.0
0.0
0.0
0.0
0.0
0.0
0.0
0.0
0.0
0.0
0.0
0.0
0.0
0.0
0.0
0.0
0.0
0.0
0.311907
0.0
0.0
0.0
0.0
0.0
0.0
0.0
1.69841
1.509
0.0
0.470219
0.0
0.25805
0.0
0.0
0.0
0.0
0.0
0.0
0.0
0.990466
0.0
0.0
0.0
0.0
0.0
0.0
0.0
0.890107
0.0
0.0
0.0
0.0
0.0
0.0
0.0
0.374986
0.0
0.0
0.0
0.0
0.0
0.0
0.642153
0.0
0.0
0.0
0.0
0.0
0.0
0.0
0.0
0.596637
0.0
0.0
0.0
0.0
0.0
2.99339
0.0
0.0
0.0
0.0
0.0
0.0
0.0
0.0
0.0
0.0
0.0
1.17022
0.0
1.095
0.0
0.0
0.0
0.0
0.0
0.0
0.0
0.0
0.0
2.02077
0.0
0.0
0.0
0.0
0.0
0.586697
1.27384
0.0
0.0
0.0
0.0
0.0
0.0
0.0
0.0
0.0
0.0
0.0
0.0
0.0
0.0
0.0
0.0
0.0
0.0
0.0
0.0
0.0
0.329729
0.0
0.0
0.0
0.0
0.0898277
0.0
0.0
0.0
0.0
0.681673
0.0
0.0
0.0
0.0
0.0
0.0
0.0
0.0
0.534179
0.0
0.0
0.0
0.0
0.0
0.0
0.0
0.0
0.0
0.0
0.0
0.0
0.0
0.0
0.0
0.0
0.0
0.0
0.0
0.0
0.0
1.70368
0.0
0.0
0.0
0.0
0.0
0.0
0.0
0.0
0.0
0.0
0.0
0.0
0.0
2.08782
0.0
3.38639
0.802043
0.0
0.6899
0.0
1.26089
0.0
0.0
1.50553
0.0
0.0
0.0
0.0
0.0
0.0
0.109314
0.0
0.0
0.930484
0.0
0.0
0.538602
0.0
0.0
0.0
0.0
2.74505
0.0
0.0
0.0
0.0
0.0
0.0
2.2297
0.0
0.0
0.0
0.225778
0.323811
0.0
0.0
0.0
0.0
0.0
0.0
0.0
0.0
0.0
0.0
0.0
0.0
0.0
0.0
0.0
0.0
0.0
0.0
0.166886
0.0
0.0
0.647458
0.0
0.0
0.0
0.0
0.0
0.0
0.0
0.0
0.0
4.13978
0.0
0.0
0.0
0.0
0.0
0.0
0.0
0.0
0.0
0.0
0.0
0.620876
1.29401
0.0
0.0
0.0
0.0
0.0
0.0
0.0
0.0
0.0
0.0
0.552522
0.0
0.0
0.0
0.0
6.75351
0.0
0.0
0.0
0.0
0.0
0.0
0.0
1.27509
0.0
0.0
0.0
0.0
0.0
0.0
5.62603
0.0
0.0
0.0
0.0
0.0
2.35462
0.0
0.0
0.0
0.0
0.0
0.0
0.0
0.0
1.12776
0.0
0.0
0.0
0.0
0.0
0.0
0.0
0.0
0.0
0.0
0.0
0.0
0.0
0.0
0.0
0.0
0.0
0.0
0.0
0.0
0.0
0.0
0.69655
0.0
3.64568
0.0
0.0
0.0
0.0
0.0
0.0
0.0
6.27483
0.0
0.0
0.0
0.0
0.0
0.0
0.0
0.0
0.0
0.0
0.0
0.0
0.0
0.0
0.973097
0.0
0.0
0.0
0.0
0.0
0.0
0.0
0.0
0.0
0.0
0.0612031
0.171951
0.0
0.0
0.0
0.0
1.82992
0.0
0.0
1.73291
0.0
0.0
0.0
0.0
0.581902
0.0
0.0
0.0
0.0
0.0
0.0
0.0
0.0
0.0
0.0
0.0
0.0
0.0
1.13657
0.0
0.0
0.0
0.685434
0.0
0.0
0.0
0.0
0.36817
0.0
0.0
0.0
0.0
0.0
0.0
0.0
0.0
0.0
0.0
1.48129
2.64051
0.0
0.0
0.0
0.0
0.0
0.0
0.0
0.0
0.0
0.0
0.0
0.0
0.0
0.0
0.0
0.0
0.0
0.0
0.0
0.0
0.0
5.49192
0.0
0.0
0.0
2.50019
0.0
0.0
0.665077
0.0
0.0
0.0
0.0
0.0
0.0
0.0
0.0
0.0
0.0
0.0
0.0
0.0
0.0
0.0
0.0
0.0
2.14314
0.0
0.0
0.0
0.0
2.5235
0.0
0.0
0.0
0.0
0.0
0.0
1.46919
0.0
6.40485
0.0
0.0
0.0
0.0
0.0
0.0
0.0
0.0
0.0
0.0
0.0
0.0
0.0
0.0
0.0
0.323709
0.0
0.0
0.0
0.0
4.42646
0.0
0.0
0.870329
0.0
1.63135
0.0
0.0
0.0
0.0
0.0
0.0
0.391241
0.0
0.0
0.0
0.133003
0.0
0.0
0.0
0.0
0.0
0.0
0.0
1.04122
0.0
0.0
0.0
0.0
0.0
0.0
0.0
0.0
4.74983
0.0
0.0
0.0
0.0
0.223729
0.0
0.0
0.0
4.15532
0.0
0.0
0.0
0.0
0.0
0.0
0.0
0.0
0.0
0.0
2.03291
0.0
0.0
0.0
0.0
0.0
0.0
0.0
0.0
0.0
0.0
0.0
0.0
0.0
0.608553
0.0
0.0
0.0
0.0
0.0
1.1736
0.0
0.0
0.0
0.0
0.0
0.0
0.0
0.0
0.0
0.0
0.0
0.0
0.0
0.0
0.0
0.0
0.0
0.0
1.67634
0.0
0.0
0.0
0.0
2.12846
0.0
0.0
0.0
3.39293
0.0
0.0
3.05964
0.0
0.0
0.0
2.79342
0.0
0.0
0.0
3.71312
0.0
0.0
0.0
0.0
0.0
1.56055
0.0
0.0
0.0
0.0
0.0
0.0
0.0
0.76577
0.983068
0.0
1.00808
0.0
0.0
0.0
0.0
0.0
0.0
0.0
0.0
0.0
0.0
0.0
0.0
0.0
0.0
1.70126
0.770074
0.0
0.0
0.0
0.0
0.0
0.0
0.0
0.0
0.0
0.0
0.432393
0.0
0.0
0.0
0.0
0.0
0.0
0.0
0.0
0.0
0.0
0.468529
2.37943
0.0
0.0
0.0
0.0
0.0
0.0
0.0
1.31515
0.0
0.0
0.0
0.0
0.0
0.0
0.0
0.0
0.0
0.0
1.68426
0.0
0.0
0.0
0.0
0.0
0.0
0.0
0.0
0.0
0.0
0.0
0.0
0.0
1.46024
0.0
0.0
0.0
0.0
0.0
0.0
0.0
0.0
0.0
0.0
0.0
0.0
0.0
0.0
0.0
0.0
0.0
0.0
0.0
0.0
0.0
0.0
0.0
0.0
0.0
0.0
0.0
0.0
0.0
0.0
0.0
0.0
0.0
0.0
1.37627
0.0
0.0
0.0
0.0
0.0
0.0
0.0
0.0
0.0
0.0
0.0
0.0
0.0
0.0
0.0
0.0
0.0
0.0812739
0.0
0.0
0.0
0.0
0.0
0.0
0.0
0.552156
0.0
0.0
0.0
0.0
0.0
0.0
0.0
0.0
0.0
0.0
0.0
0.0
0.0
0.0
0.0
0.254692
0.0
0.0
0.0
3.11063
0.0
0.0
0.0
0.0
0.0
0.0
0.0
0.0
0.0
0.0
0.0
0.0
0.0
0.0
0.0
0.0
0.0
0.0
0.0
0.0
0.0
0.0
0.0
0.0
0.0
0.0
0.0
0.0
0.415217
0.0
0.0
0.0
0.0
0.0
0.0
0.0
0.0
0.0
0.0
0.0
0.0
0.0
0.0
0.0
0.0
0.0
0.0
0.0
0.0
0.0
0.0
0.0
0.0
0.0
0.0
0.0
0.0
0.267284
0.0
1.75124
0.992513
0.0
0.184069
0.0
0.0
0.0
0.0
0.0
0.0
0.0
1.57278
0.0
0.0
0.0
0.0
0.0
0.0
0.0
0.0
0.0
0.0
0.0
0.0
0.0
0.0
0.0
0.0
0.0
2.60658
0.0
3.6749
0.0
0.0
0.0
1.89872
0.0
0.0
0.0
0.0
0.0
0.0
0.0
0.0
0.0
0.0
0.0
0.0
0.0
0.0
0.0
3.20168
0.0
0.0
0.0
0.0
0.0
0.96237
0.0
0.0
0.0
0.0
0.756344
0.0
0.0
2.81208
3.31193
0.0
0.0
0.0
5.66579
0.0
0.0
0.0
0.0
0.0
0.0
2.95665
0.0
0.0
0.0
0.0
0.0
0.0
0.0
0.0
0.0
0.0
0.0
0.0
3.6585
0.0
0.0
0.0
0.0
0.0
0.0
0.0
0.0
0.0
0.0
0.0
0.0
0.0
0.0
0.0
0.0
0.0
0.0
0.0
0.0
0.0
0.0
0.0
0.0
0.39505
0.0
0.0
0.0
0.0
0.0
0.0
0.0
0.0
3.67745
0.0
0.0
0.0
0.0
0.0
0.0
0.0
0.0
0.0
0.0
0.0
0.0
0.0
0.0
0.0
0.0
0.0
3.87732
4.16166
0.0
0.0
1.85883
0.0
0.0
1.15966
0.0
0.0
1.06657
0.0
0.0
0.0
0.0
0.0
0.0
0.0
0.0
0.0
0.0
0.0
0.0
0.0
0.0
0.0
0.0
0.0
0.0
0.0
0.0
0.0
0.0821997
0.0
0.0
0.0
0.0
0.0
0.0
0.0
0.0
0.0
0.0
3.35927
0.0
0.0
0.0
0.0
0.0
0.0
0.0480649
0.0
0.0
0.0
0.0
0.0
0.0
0.0
0.0
0.0
0.0
0.0
0.0
2.1052
1.83505
0.0
0.0
0.0
0.0
0.0
3.87079
0.0
0.0
0.0
0.0
0.0
0.0
0.0
1.27276
1.33496
0.0
0.0
0.0
0.0
0.0
2.45042
0.0
0.0
0.0
0.0
0.0
0.0
1.50546
0.0
0.0
0.0
0.0
0.0
0.0
0.958379
0.0
0.0
0.0
0.0
0.0
0.0
0.0
0.0
0.0
0.0
0.0
0.0
0.431963
0.0
0.0
0.0
0.0
0.0
0.0
0.0
0.0
0.0
0.0
0.0
0.0
0.0
0.0
0.0
0.0
0.145408
1.55929
0.0
0.0
0.0
0.0
0.0
0.0
0.0
0.0
0.0
0.0
0.0
0.0
4.61808
0.955465
0.0
0.0
0.0
0.0
0.0
0.0
0.0
0.0
0.0
0.0
0.0
0.0
0.0
0.0
0.456052
0.0
0.0
0.0
0.0
0.0
0.0
0.0
0.0
0.205142
0.0
0.0
0.0
0.0
0.0
0.0
0.0
0.0
0.0
0.0
0.718557
0.0
0.0
0.0
0.0
0.0
0.0
0.0
0.0
0.0
1.21673
0.0
0.0
0.0
0.0
0.0
0.0
0.0
0.0
0.0
0.0
0.0
1.42781
0.0
2.90776
0.0
2.37421
0.0
0.0
0.0
0.0
0.449579
0.0
0.0
0.0
0.0
0.0
0.0
0.0
0.0
0.0
3.57074
0.0
0.0
0.0
0.0
0.0
0.0
0.0
0.0
0.0
0.0
0.0
0.0
0.0
0.0
0.0
0.0
2.30933
0.0
0.0
0.0
0.0
0.0
0.0
0.0
0.0
0.0
0.0
0.0
0.0
0.0
0.0
0.0
0.0
0.0
0.0
0.0
0.0
0.0
0.0
0.0
0.0
0.0
0.0
0.0
0.0
0.0
0.0
0.0
0.0
0.0
0.0
0.0
0.0
0.0
0.0
2.81593
1.31253
4.6715
0.0
0.0
0.0
0.0
1.61457
0.0
0.0
0.0
0.0
0.0
0.0
0.0
0.0
0.0
0.0
0.753559
0.0
0.0
0.0
0.0
0.0
0.0
0.0
0.0
0.0
1.27593
1.24199
0.0
0.0
0.0
0.0
0.0
0.0
0.0
0.0
0.0
0.0
0.0
0.0
0.0
0.0
0.0
0.0
0.0
0.0
0.0
0.0
0.0
0.0
0.0
0.0
0.0
4.17806
0.0
0.0
0.0
0.0
0.0
0.0
0.0
0.0
0.0
0.0
0.0
1.53997
0.0
0.0
0.0
0.0
0.299403
0.0
0.0
1.21785
0.112214
0.0
0.0
0.0
0.0
0.0
1.84815
0.0
0.0
0.0
0.0
0.0
0.0
0.0
0.0
0.0
0.0
0.0
1.19451
0.0
0.0
0.0
0.0
0.0
0.0
0.0
0.621139
0.0
0.0
0.0
0.0
0.0
0.0
0.0
0.0
0.0
0.0
0.223986
0.0
1.17392
0.0
0.0
0.0
0.0
0.0
0.0
0.0
0.0
0.0
0.0
0.0
1.24587
0.0
0.0
0.0
0.0
0.0
0.0
0.0
0.0
0.0
0.0
0.0
0.0
0.0
0.0996074
0.0
0.0
0.0
0.0
0.0
0.0
0.0
3.12722
0.0
0.0
0.0
0.0
0.0
0.0
0.0
1.06513
0.0
0.0
0.0
3.31417
0.0
0.0
0.0
0.0
0.0
0.0
0.0
1.82264
0.0
0.0
0.0
0.640253
0.0
4.8958
0.0
0.0
0.75614
0.0
0.0
0.0
0.0
0.0
0.0
1.37236
0.0
0.0
2.53476
0.0
0.0
0.0
0.0
0.0
0.0
0.0
0.0
0.0
0.0
0.0
0.0
0.0
0.0
0.0
0.0
0.0
0.0
0.0
0.0
0.0
0.984264
0.0
0.0
0.0
0.0
0.0
0.0
2.9294
0.0
0.0
0.0485644
0.0
0.0
0.0
0.0
0.0
0.0
0.0
0.0
1.94028
0.0
0.0
0.0
3.61603
0.0
0.0
0.0
3.32379
0.0
0.0
0.0
0.0
0.437424
0.0
0.0
0.0
0.0
0.0
0.0
0.0
0.0
0.0
0.0
0.0
0.0
0.0
0.0
0.0
0.0
1.88722
1.68147
0.0
0.0
0.0
0.0
0.0
2.02256
0.0
0.0
0.606998
0.0
0.0
0.0
2.08842
0.0
0.0
0.0
0.0
0.0
0.0
0.0
0.0
3.32779
0.0
0.0
0.0
0.0
0.0
0.0
0.0
0.382082
0.0
0.0
1.04883
0.0
0.0
0.0
0.0
2.82105
0.0
0.0
0.0
0.0
0.0
0.0
0.0
3.23202
0.0
0.0
0.0
0.0
0.0
0.0
0.0
0.0
0.0
0.0
0.0
0.0
0.0
0.0
0.0
0.0
0.0
0.0
0.0
0.0
0.0
0.0
0.0
0.0
0.0
0.0
0.0
0.338239
0.0
0.0
0.0
0.0
0.0
0.0
0.137652
0.0
7.42808
0.0
0.0
0.0
0.0
0.0
0.0
1.05228
0.0
0.0
0.0
1.83745
0.0
0.0
0.0
0.0
0.0
0.0
0.0
0.0
0.0
0.0
0.0
0.0
0.0
0.0
2.09937
0.0
0.0
0.0
0.0
0.0
0.0
0.0
0.0
0.0
0.0
0.0
0.0
0.0
0.0
0.0
1.15671
2.72649
0.0
0.0
0.0
0.0
4.67478
0.0
0.0
0.0
0.0
1.48863
0.0
0.0
0.0
0.0
0.0
0.0
0.0
0.0
0.0
0.0
0.0
0.0
0.0
0.0
0.0
0.0
0.204102
0.0
0.0
0.0
0.0
4.55306
0.0
3.75923
2.03806
0.0
0.0
0.0
0.0
0.0
0.0
0.0
0.0
0.0
0.0
0.0
0.0
0.0
0.0
0.0
0.0
0.0
0.0
0.0
0.0
0.0
0.0
0.0
0.975556
0.0
0.0
0.0
0.0
0.0
2.70434
0.0
0.0
0.0
0.0
0.0
0.0
0.0
0.0
0.0
0.0
0.0
0.0
0.0
0.0
0.0
0.0
0.0
0.593226
0.0
0.0
0.512941
0.0
0.0
0.0
0.0
0.0
0.0
0.0
0.0
0.0
0.0
0.0
0.0
0.0
0.0
0.0
0.0
0.543247
0.0
0.0
2.81237
0.0
0.0
0.0
0.0
0.0
0.0
0.0
0.0
0.0
0.0
0.0
0.0
0.0
0.0
0.0
0.0
2.32153
0.0402962
0.0
0.0
0.0
0.0
1.19669
0.0
0.0
0.0
0.0
0.0
0.0
0.0
0.0575375
0.0
0.0
0.0
0.898372
0.0
3.97832
0.0
0.0
0.0
0.0
3.69296
3.01127
0.0
0.0
0.0
0.0
0.0
0.0
0.0
0.0
2.50245
0.0
0.0
0.0
0.0
3.37472
0.0
0.0
0.0
1.92997
0.0
0.0
4.16466
0.0
0.0
0.0
0.0
1.31683
0.0
0.0
0.0
0.0
0.0
0.0
0.0
0.510347
0.0
0.0
0.0
0.0
0.0
0.0
0.0
0.582467
1.60432
0.0
0.0
0.0
0.0
0.0
0.122191
0.0
0.0
0.0
0.0
1.72197
0.0
0.0
0.0
0.0
0.0
0.0
0.0
0.0
0.0
0.0
0.0
0.0
0.0
0.0
0.0
0.0
0.0
0.0
0.0
0.0
0.0
6.7828
0.0
0.994454
0.0
0.618038
0.972164
0.0
0.0
0.0
0.0
0.0464922
0.0
0.0
0.0
0.0
0.0
0.0
0.0
0.0
0.0
2.08388
0.0
0.0
0.0
0.0
0.0
0.0
0.0
3.0374
1.94794
4.04945
0.0
0.0
0.0
0.0
2.19704
0.0
0.0
0.0
0.0
0.0
2.65288
0.0
0.0
0.0
0.0
0.0
1.3716
0.0
1.40387
0.0
0.0
3.73206
0.0
0.0
0.0
0.0
0.0
0.0
0.0
0.0
0.0
0.0
0.0
0.0
0.0235187
0.0
0.0
0.0
0.0
0.0
0.0
0.0
7.16131
0.0
0.0
0.0
0.0
0.0
0.0
0.0
0.0
0.0
4.35683
0.0151189
0.0
0.0
0.0
0.0
0.0
0.0
0.0
0.0
0.0
0.0
0.0
1.82027
0.0
0.0
0.0
0.0
2.06937
0.0
0.0
0.0
0.0
0.0
0.0
1.30526
0.0
0.0
0.0
0.0
0.0
0.0
0.547868
0.0
0.0
0.0
0.0
0.0
0.0
0.0
0.0
0.0
0.0
0.0
0.0
0.0
0.755969
0.0
0.0
0.0
0.0
0.0
2.02043
0.0
0.0
0.0
0.0
0.0
0.0
0.659339
0.0
0.0
3.49022
0.0
0.137351
0.223013
0.0
0.0
0.0
0.244594
0.0
0.0
0.0
0.0
0.0
0.0
0.0
2.44261
0.0
0.0
0.0
0.0
0.0
0.0
0.0
0.0
0.0
0.361941
0.0
0.0
0.0
0.0
0.162576
0.0
0.0
0.0
3.89619
0.0
0.0
0.0
0.0
0.0
0.0
0.0
0.0
0.0
0.0
0.0
0.0
0.0
0.0
0.0
0.0
0.0
0.0
0.0
0.0
0.747519
0.0
0.0
0.0
3.63194
0.0
0.0
2.80723
0.0
0.0
0.0
0.0
0.0
0.0
0.0
0.0
1.63273
0.0
0.0
4.62538
0.0
0.0
0.0
0.0
0.0
0.0
0.0
0.0
0.0
0.0
0.553457
0.0
0.0
0.0
0.0
0.0
0.0
0.0
0.0
0.0
0.0
0.0
0.0
0.0
0.0
0.0
0.0
0.0
0.0
0.737399
0.0
0.0
0.596105
0.0
0.0
0.0
3.74684
0.0
0.0
0.0
0.0
3.43786
0.659607
1.45039
0.0
0.0
1.70272
0.0
0.0
0.0
0.0
0.0
5.41676
0.0
0.0
0.0
0.0
0.0
0.0
0.0
0.0
0.0
0.0
0.0
0.0
0.215243
0.0
0.0
0.0
0.0
0.0
0.0
4.15776
0.0
0.0
0.0
0.0
0.0
0.0
0.0
0.0
0.00835627
0.0
0.0
0.0
0.0
0.0
0.0
0.0
0.0
0.0
3.78855
2.55804
0.0
0.0
0.0
0.0
0.0
0.0
0.0
0.0
0.0
0.0
0.0
1.21462
0.0
0.0
0.0
0.0
0.0
0.0
0.0
0.0
0.0
0.0
0.0
0.0
0.0
0.0
0.0
0.0
0.0
0.0
0.0
0.0
0.0
0.0
0.0
2.37867
0.0
0.0
0.0
0.0
0.0
0.0
0.0
0.0
1.12783
0.0
0.0
0.0
0.0
0.0
0.0
0.0
0.0
0.0
0.0
0.0
3.44436
0.0
0.0
5.40006
0.0
0.0
0.0
0.0
0.0
1.33963
0.0
0.0
0.0
0.0
0.0
0.0
0.0
0.0
0.0
0.0
0.0
0.0
0.0
0.0
0.0
0.0
0.0
0.0
0.0
0.0
0.0
0.0
0.0
0.0
0.974543
0.0
0.0
0.0
0.0
0.0
0.0
2.92838
0.0
0.0
0.0
0.0
0.0
0.0
0.0
0.0
0.0
0.910363
0.0
0.249365
0.0
0.0
0.0
0.0
0.0
0.0
0.0
0.0
0.0
