0.0
0.0
0.0226321
0.0
0.0
0.0
0.0
0.0
0.0
0.0
0.0
0.0
0.0
0.0
0.0
0.985123
0.0
0.0
0.0
0.0
0.0
2.8088
0.0
0.0
0.0
0.0
0.0
0.0
0.0
0.0
0.0
0.455106
0.0
3.03187
0.0
0.0
0.0
0.0
0.0
0.0
0.0
0.0
3.85702
0.0
0.0
0.0
0.0
0.337492
0.0
3.46378
0.0
0.0
0.0
0.0
0.0
0.0
0.0
0.0
0.0
0.0
0.0
0.0
0.0
3.8969
0.0
0.500252
0.0
1.49044
0.331883
0.0
0.0
0.0
0.0
0.0
0.0
0.0
0.0
0.0
0.0
0.0
2.19946
0.0
0.0
0.0
0.0
0.0
0.0
0.0
0.0
0.0
0.0
0.0
0.0
0.0
0.0
0.0
0.0
0.0
0.0
0.0
0.0
0.0
0.0
0.0
0.0
0.0
0.0
0.0
0.0
0.0
0.0
0.0
0.0
2.59727
0.0
0.0
0.0
0.0
2.07084
0.0
0.223856
0.0
0.0
0.0
0.0
0.0
0.0
2.79651
0.0
0.247333
0.0
0.0236353
0.0
0.0
0.0
0.0
0.0
0.0
0.245349
0.0
0.0
0.31203
0.0
0.0
0.0
0.0
0.0
0.0
0.0
0.0
1.86239
0.0
0.0
0.0
0.0
0.0
0.392049
0.327368
0.0
0.0
0.0
0.0
0.0
0.0
0.0
2.4699
0.0
0.0
0.622812
1.22773
0.0
0.0
0.0
0.0
0.0
0.0
0.0
0.0
0.0
0.0
2.85951
0.0
0.0
0.0
0.0
0.0
0.749516
0.0
0.0
0.0452156
0.0
0.0
3.11715
0.0
0.0
0.0
0.0
0.0
0.0
2.69243
0.0
0.0
0.0
1.53182
0.0
0.0
0.0
0.0
0.0
0.0
0.0
0.0
0.0
0.0
0.0
0.0
0.0
0.0
0.871992
3.15974
0.0
0.584863
0.0
0.0
1.11951
0.0
0.0
0.268082
0.0
0.0
0.0
0.0
0.0
0.032644
0.0
0.0
0.0
0.0
0.0
0.0
0.0
0.0
0.0
2.45567
1.04228
0.271681
0.0
0.0
0.0
0.0
0.0
0.0
0.219995
0.0
0.0
0.0
0.0
3.37664
0.0
0.0
0.0
0.0
0.0
0.0
0.0
0.0
0.665833
0.0
0.0
0.189908
0.0677192
2.52229
0.0
0.0
0.0
0.0
0.918449
0.0356448
0.0
0.0
2.50418
0.0
0.0
1.53536
0.0
0.0
0.0
0.0
0.0
0.0
0.0
0.0
0.0
0.132206
0.9178
0.0
0.0
0.0
0.0
0.0
0.0
5.33676
1.43589
0.0
0.0
0.0
0.0
0.713449
0.0
0.0
0.0
0.0
0.0
0.0
0.0
0.0
0.0
0.0
0.307023
0.0
0.0
0.0
0.0
0.0
0.0
0.0
2.17216
0.0
0.0
1.75294
0.0
0.0
0.0
0.0
0.0
0.0
0.195913
0.0
0.0
0.0
0.0
0.0
0.0
0.0
0.933413
0.620954
0.0
0.0
0.0
0.0
0.0
0.0
0.0
0.0
0.0
0.0
0.0
0.0554348
0.0
0.0
0.0
0.0
0.0
0.0
0.0
0.191275
0.0
0.0
0.0
0.0
0.0
0.0
0.0
0.0
0.931868
1.30441
0.0
0.0
0.0
0.0
0.438993
0.0
0.0
0.0
1.53413
0.0
0.0
1.22428
0.0
1.56088
0.0
1.27809
0.0
0.0
0.0
0.1184
1.19557
0.0
0.0
0.0599611
0.0
0.0
0.0
0.0
0.0
0.0
0.356217
0.0
0.0
0.0
0.0
0.0
0.0
0.0
0.763742
0.0
0.0
0.0
0.0
0.879611
0.0
0.0
0.0
0.0
0.0
0.0
0.0
0.0
0.0
0.0
0.0
1.84689
0.0
0.915555
0.0
0.0
0.0
0.0
0.0
0.0
0.0
0.0
0.0
0.0
0.0
0.0
0.0
0.0
0.0
0.256966
0.0
0.0
0.0
0.767272
0.0
0.0
0.0
0.0
0.0
0.0
0.0
0.0
0.0
1.44657
0.0
1.85096
0.0
0.0
0.0
0.0
0.0
0.0
0.121489
0.0
0.0
2.47274
1.74041
0.0
0.0
0.0
0.0
0.0
0.0
0.0
0.0
0.0
0.0
0.0
0.0
0.0
0.0
0.0
0.0
0.0
0.0
0.22866
2.77038
0.0
0.0
0.0
0.0
0.0
0.0
0.0
0.0
0.446837
0.0
0.0
0.0
0.0
0.0
0.0
0.0
0.0
0.0
0.0
0.0
3.14034
0.0
0.0
0.0
0.0
0.0
1.62412
0.0
0.0600241
0.0
0.0
0.0
0.0
0.0
0.0
0.0
0.87264
0.0
0.0
3.30997
0.0
0.0
0.0
0.0
0.0
1.93555
0.138208
0.0
0.0
0.0
0.0
0.0
0.0
0.0
0.0
0.0
0.0
0.2556
0.956949
1.35315
0.0
0.0
0.0
0.0
0.0
0.0
0.863316
0.0
0.0
0.445229
0.0
0.0
0.0
0.0
0.0
0.0
1.65803
1.05753
3.39045
0.0
0.0
0.0
0.0
0.0
0.310043
0.0
0.0
0.0
0.0
2.87376
0.0
0.0
0.0
0.0
0.0
0.148461
0.0
0.0
0.0
0.0
0.0
0.0
0.0
0.0
0.0
0.0
0.0
0.0
0.0
0.0
0.0
1.39807
0.0
2.96064
0.422012
0.0
0.0
0.0
0.0
0.0
0.0
0.0
0.0
1.34493
0.0
0.33173
0.0
2.0355
0.0
0.0
0.0
0.541458
0.0
0.0
0.0
0.0
0.0
0.0
0.0
0.0
0.0
0.0
0.0
0.0
0.0
0.0
0.350812
0.0
0.0
0.0
0.0
0.0
0.0
0.0
0.0
0.0
0.0
0.0
0.0
0.0
0.0
0.0
0.0
0.0
2.89226
0.0
0.0
0.0
0.0
0.308771
0.0
0.0
0.0
0.0
0.0
0.0
0.0
1.68703
0.0
1.26455
0.0
0.0
0.0
0.0
0.0
0.0
4.43153
0.0
0.0
0.0
0.0
0.0
0.0
0.0
0.0
0.0
0.0
0.0
0.0
0.0
0.0
0.0
0.0
0.0
0.0
0.0
0.0
0.0
0.0
0.0
0.0
0.0
0.0
0.0
1.53492
2.77879
0.0
0.0
0.0
0.0
0.0
0.0
0.0
1.49366
0.165609
0.0
0.0
0.0
0.0
0.0
0.0
2.18151
0.0
0.0
0.0
0.0
0.0
0.0
0.0
0.0
0.0
3.42317
0.0
0.0
0.0
0.0
0.0
0.0
0.0
0.0
0.0
0.0
0.0
0.0
0.997649
0.0
0.0
0.0
0.0
0.0
0.45506
2.96098
0.0
2.5181
3.42976
0.0
0.0
0.0
0.0
0.0
0.0
0.0
0.0
0.0
0.0
0.0
3.29539
0.0
0.0
1.87171
0.0
0.0
0.0
0.0
0.171473
0.0
0.701859
0.0
0.0
0.0
0.0
0.0
0.0
0.226476
0.499784
0.0
0.0
0.619117
0.0
1.29301
0.0
0.0
0.625674
0.0
0.0
0.0
0.0
0.0
0.0
0.0
0.0
0.0
0.0
0.0
0.0
0.0
0.0
0.0
0.322627
1.32357
0.0
0.0
0.450305
0.0
0.0
0.0
0.0
0.0
0.662577
0.0
0.0
0.0
0.0
0.0
0.0
0.0
0.0
0.0
0.0
0.0
0.0
0.0
0.0
0.0
0.0
0.753955
0.0
0.879615
0.662192
0.0
0.0
0.0
1.89293
1.57953
0.0
3.96538
0.0
2.02821
0.0
0.806393
0.0
0.0
0.0
0.555768
1.05373
0.0
0.0
0.247392
0.0
0.0
0.0
0.0
0.0
0.0
0.0
0.212746
0.0
0.0
0.0
0.0
0.0
0.0
0.0
0.0
0.941492
0.0
0.0
0.0
0.0
0.0
0.0
0.0
0.171253
0.0
0.0
0.0
0.0
4.27788
0.0
0.0
0.0
0.0
0.0
0.0
0.0
0.0
0.0
0.0
0.0
0.0
0.0
1.5597
0.0
0.0
0.0
0.0
0.0
0.0
0.0
0.0
0.0
0.0
0.0
0.0
0.903949
0.0
0.0
0.0
0.0
0.0
0.0
0.0
0.0
0.0
0.0
0.0
0.0
0.0
0.0
0.0
0.0
0.0
0.360723
0.0
0.0
0.0
0.508893
0.0
0.0
0.0
0.0
0.0
0.0
0.0
0.0
0.0
0.0
0.0
0.0
0.0
1.07222
0.0
0.706825
0.0
0.0
0.0
0.0
1.66933
0.0
0.0
2.16522
0.0
0.0
0.0
0.0
0.0
0.0
0.0
0.0
0.0
0.0
0.0
0.0
0.0
0.0
2.63886
0.0
1.6807
0.0
0.0
1.21759
0.0
0.0
0.0
0.0
0.442493
0.0
0.0
0.0
0.0
0.0
0.0
0.0
0.0
0.26015
0.0
0.0
0.0
0.0
0.0
0.0
0.0
0.0
0.0
0.0
0.0
0.0
0.5308
0.2492
0.0
0.0
0.0
0.0
0.0
0.0
0.0
0.0
0.0
0.0
0.0
0.0
0.0
0.0
0.0
0.0
0.0
0.0
1.25925
1.24091
0.0
0.0
0.0
0.0
0.0
0.0
0.0
0.0
1.25383
0.0
0.274979
0.0
1.27285
0.0
0.0
0.0
0.0
0.0
0.0
0.0
0.0
0.0
0.150885
0.0
0.0
0.0
0.0
1.45523
0.0
0.113051
0.0
2.3871
0.0
0.0
0.0
0.0
0.0
0.0
0.516784
0.0
3.50106
0.0
0.0
0.0
0.0
0.0
0.0
0.0
0.0
0.0
0.0
1.79783
0.0
0.0
0.0
0.0
0.0
0.0
0.0
0.0
0.0
2.54655
0.0
0.20676
0.0
0.0
0.0
0.0
0.0
0.0
0.0
0.0
0.0
0.0
0.0
0.0
2.03252
0.0
0.0
2.93475
0.0
0.0
0.0
0.0
0.0
0.0
0.0
0.0
0.0
0.0
0.0
0.0
0.0
2.71176
0.0
0.0
0.0
0.0
0.0
0.0
0.0
0.0
0.0
0.0
0.0
0.0
0.0
5.24912
0.0
0.0
0.0
0.0
0.0
0.0
0.991806
0.0
0.0
0.0312883
3.42408
0.0
0.0
0.0
0.0
0.0
0.0
0.0
0.146292
0.0
0.0
0.0
0.0
1.38633
0.0
0.0
0.0
6.03051
4.40317
0.0
0.0
0.0
0.0
0.0
0.0
0.0
0.26432
0.0
0.533655
0.0
1.22754
0.0
0.0
0.0
0.0
0.0
0.0
0.0
0.0
0.0
0.0
0.0
0.0
0.0
0.0
0.0
0.0
0.0
0.0
0.0
0.0
0.0
0.0
0.0
0.0
1.57588
0.0
0.0
0.0
0.0
0.0
0.0
0.542088
0.0
0.498974
5.60996
0.0
1.41235
0.0
1.6374
0.0
1.50944
0.0
0.0
0.0
0.0
0.0
1.81107
0.0
0.0
0.0
0.420951
0.0
0.0
0.841158
0.0
0.0
0.0
0.0
0.0
0.0
0.0
0.0
0.0
0.0
0.0
0.0
0.0
0.0
0.0
0.0
0.0
0.0
0.0
0.0
0.0
0.0
0.0
0.0
0.0
0.0
1.8023
0.0
0.0
0.0
0.0
0.0
0.0
0.0
0.0
0.0
0.0
0.0
1.53268
0.0
2.71598
0.0
0.0
0.0
0.0
0.0
0.0
0.0
0.0
0.0
0.432994
0.0
2.9835
0.0
0.0
0.185284
0.0
0.0
0.0
0.0
0.0
0.0
0.0
1.42163
0.0
3.27169
0.0
1.2779
0.0
0.0
2.33388
0.0
0.0
0.0
0.0
0.503331
0.0
0.0
0.0
0.0
2.2756
0.0
0.0
0.0
0.0
0.0
0.0
0.0
0.0
0.0
0.0
0.0
0.0
0.0
0.0
0.0
0.0
0.0
0.0
0.0
0.0
0.0
0.0
0.0
1.28957
0.239355
0.0
0.0
0.0
0.0
0.0
0.0
0.0
0.0
0.0
2.98383
0.0
0.0
0.0
0.0452714
0.0
0.0
0.0
0.0
0.0
0.0
0.0
0.0
0.0
0.0
0.0
0.0
4.2075
0.0
0.0
0.0
0.0
0.0
0.0
0.0
0.0
0.0
0.0
0.0
0.264288
0.0
1.61736
1.61345
0.0
0.0
0.0
0.0
0.0
0.0
0.0
0.0
0.0
0.264029
1.0283
0.0
0.0
0.0
0.0
0.0
0.0
0.0
0.0
0.0
0.0
0.901128
0.0
0.0
0.0
0.0
0.0
0.0
0.0570149
0.0
0.0
0.0
0.0
0.0
0.0
0.0
0.0
0.0
0.0
0.676647
0.0
0.0
0.0
0.0
0.0
0.000763565
2.08598
0.0
0.0
0.0
0.0
0.0
0.0
0.0
0.0
0.0
0.0
0.0
0.0
0.0
0.0
0.0
3.68955
0.0
0.0
0.0
0.0
0.0
0.0
0.0
0.0
0.0
0.0
0.0
0.0
0.0
0.888242
0.0
0.0
0.0
0.0
2.45139
0.0
0.0
0.0
0.0
0.0
0.0
0.0
0.0
0.0
0.0
0.0
0.0
0.0
0.0
0.0
0.0
0.0
0.0
0.0
0.216305
0.0
0.0
0.0
0.0
0.0
2.54497
0.0
0.0
0.0
0.0
0.0
0.0
0.0
0.0
0.0
0.0
1.51465
0.0
2.78702
0.13047
0.349957
0.0
0.0
0.0
0.0
0.0
0.0
0.0
0.0
0.0
0.0
0.0
0.0
0.0
0.0
0.0
0.0
0.0
0.0
0.0
0.0
1.97983
0.0
0.0
0.0
0.0
0.0
0.0
2.37413
0.0
0.0
0.0
0.0
0.0
1.68474
0.0
0.0869695
0.0
0.0
0.0
0.0
0.0
0.225059
0.0
0.0
0.17904
0.0
0.0
0.711719
0.0
0.0
0.596842
0.339565
0.0
0.0
0.0
0.0
0.0
0.0
0.0
0.0
0.0
0.0
0.0
1.75249
0.0
0.0
0.0
0.0
0.0
0.0
0.0
0.0
0.0
0.0
0.0
0.0
0.0
0.0
0.0
0.0
0.0
0.0
0.0
0.0
0.0
0.0
0.0
0.0
0.0
0.0
0.0
0.957413
0.27602
0.0
0.0
0.0
0.0
0.0
0.0
0.0
0.0
0.0
0.0
0.0
0.0
0.0
1.81576
0.0
0.0
0.0
1.90301
0.0
0.0
0.0
0.0
0.0
0.0
0.0
0.0
0.0
0.0
0.0
0.0
0.0
0.0
0.0
0.0
2.38159
0.0
0.0
0.0
0.0
0.0
0.0
1.08298
1.81812
0.0
0.0
0.0
0.331942
0.0
0.359145
0.0
0.0
0.0
0.0
0.0
0.157433
0.0
0.0
0.0
0.0
0.0
0.0
0.0
0.0
0.0
0.0
0.539784
0.0
1.85564
0.0
0.0
0.22332
2.30579
0.0
0.0
0.0
0.0
0.0
0.0
0.0
0.0
0.0
2.96809
0.0
0.0
0.0
0.0
0.0
0.0
0.0
0.0
0.0
0.0
0.0
0.0
0.0
0.0
0.0
0.0
0.0
0.0
0.0
0.0
0.0
0.0
0.0
0.0
0.0
0.0
0.583477
0.0
0.0
0.0
0.0
0.0
1.70982
0.0
0.0
0.0
0.0
0.0
0.0
0.0
0.0
0.0
0.0
0.85817
0.0
0.46452
0.0
0.0
0.0
0.0
0.0
0.0
0.0
0.0
0.0
0.0
0.0
0.0
0.0
0.0
0.0
0.0
0.0
0.0
0.0
0.0
0.0
0.0
0.0
0.0
0.0
0.0
0.0
0.0
0.0
0.393968
0.0
0.0
0.0
0.0
3.16372
0.0
3.02365
1.98232
0.0
0.0
0.0
0.0
0.0
0.731169
0.0
0.0
0.0
0.361627
0.0
3.60583
0.0
2.039
0.0
0.0
0.0
0.0
0.0
0.0
0.0
0.0
0.0
0.0
2.23085
0.0
0.0
0.0
0.0
0.0
0.0
0.0
0.0
0.0
0.208306
0.0
1.1194
0.0
0.0
0.0
0.0
0.0
0.0
0.0
0.0
0.0
0.0
0.0
0.0
0.0
0.0
0.0
0.0
0.0
0.0
0.0
0.0
0.0
0.0
0.0
0.0
0.0
0.0
1.22618
0.0
0.950238
0.0
0.0
0.0
0.0
0.0
0.0
0.0
0.0
1.48946
0.0
0.0
0.0
0.0
0.0
0.233916
0.0
0.0
0.0
0.0
0.0
0.0
0.0
0.0
1.81041
0.0
0.0
0.0
0.0
0.0
2.75453
1.20465
0.0
0.0
0.0
0.807208
0.0
0.0
0.139112
0.0
0.0
0.0
0.337523
0.0
0.631744
0.0
0.0
0.0
0.0
0.0
0.0
0.0
0.0
0.0
0.972784
0.0
0.0
0.954805
0.0
0.0
0.630387
0.505538
0.0
0.0
0.0
0.0
0.0
0.0
0.0
0.0
0.0
0.0
0.0
0.0
0.0
1.23341
0.131207
0.0
0.0
0.0
0.0
0.0
0.0
0.858206
0.0
0.0
0.0
0.0
0.571385
0.0
0.0
0.0
1.3933
3.20691
0.216216
0.0
0.0
0.0
0.0
1.17943
0.0
0.0
0.331977
0.0
1.86832
0.0
0.0
0.474647
0.0
0.0
0.498225
0.0
0.0
0.0
0.0
0.0
0.0
0.0
0.0
0.0
0.0
0.0
0.0
0.0
0.0
0.0
0.0
0.0
0.0
0.0
0.0
0.522681
0.0
0.0
0.0
0.0
0.0
0.0
1.03226
0.0
1.47158
1.94754
0.0
0.0459991
0.0
4.21085
0.0
0.0
0.101005
0.0
0.0
0.0
0.0
0.0
0.0
0.0
0.0
0.0
3.25446
0.0
0.0
0.970802
0.0
2.27592
0.0
1.98984
2.9036
0.0
0.0
0.0
0.0
1.0757
0.0
2.84277
1.50696
0.0
0.0
2.24918
0.0
0.0
0.0
1.15554
0.0
0.0
0.0
0.0
0.0
0.0
0.0
1.27732
0.0
0.0
0.0
0.0
0.0
0.0
0.0
0.911513
0.57882
0.0
3.12503
0.0
0.0
1.03949
0.0
0.0
1.82672
0.0
0.0
0.481454
0.233681
0.0
1.10563
0.273061
0.0
0.0
0.0
0.0
0.0
0.0
0.0
0.0
2.24807
0.0
0.0
0.66997
0.0
0.0
0.0
0.0
1.33993
0.0
0.0
0.0
3.20039
0.0
0.0
0.0
0.0
0.18023
0.0
0.0
0.884741
0.0
0.0
0.0
0.0
0.647213
0.0
0.0
0.0
0.0
0.0
0.0
1.72752
0.0
0.0
0.0
0.0
0.0
0.0
0.0
0.0
0.0
0.0
0.0
0.0
0.0
0.0
4.36123
0.187824
0.0
0.0
0.0
0.0
0.0
0.0
0.0
0.0
0.0
0.0
0.0
0.0
0.0
0.0
0.457896
0.0
0.0
0.0634406
1.31119
0.402294
0.0
0.0
0.0
5.58148
0.0
0.0
0.0
0.0
0.889006
0.0
0.0
2.95244
0.0
0.0
1.07055
0.0
0.0
0.0
0.0
0.0
0.0
0.0653533
0.0
0.0
0.0
0.0
1.34519
0.0
0.0
0.0
0.0
0.0
0.0
0.0
0.0
0.0
0.315306
2.34442
0.0
0.0
0.0
0.0
2.90637
0.0
0.0
0.0
0.0
0.0
1.02018
0.0
0.0
0.0
0.0
0.0
0.0
0.0
0.0
0.0
0.0
0.926066
0.0
0.0
0.0
0.0
0.0
0.0
0.0
0.0
1.12292
0.0
0.0
2.12395
0.0
0.0
0.0
0.0
0.0
1.0643
0.0
0.0407805
0.0
0.0
0.0
0.0
0.0
0.0
2.46671
0.0
0.0
0.0
0.0
2.20313
0.0
0.0
0.0
0.0
0.0
0.0
0.0
0.0
0.0
0.0
0.0
0.0
0.0
0.0
0.0
0.0
2.38648
0.0
0.0
0.0
2.72851
0.0
0.0
0.720353
1.79267
0.0
0.0
0.0
0.0
0.0
0.0
0.755306
0.0
0.0
1.26576
0.0
0.0
0.0
1.81791
0.0
0.0
1.02771
0.0661145
0.0
0.0
0.0
0.678895
0.0
0.39971
0.0
0.0
0.133651
0.0
0.272821
0.0
3.07631
0.0
0.0
0.0
0.0
0.0
0.0
0.0
0.0
0.0
0.0
0.0
0.78622
0.0
0.0
0.0
0.0
0.0
0.0
0.0
0.0
2.75629
0.0
0.0
0.0576539
0.0
0.0
0.0
0.0
0.0
0.0
0.0
0.0
2.19722
0.0
0.0
0.0
0.0
0.0
0.0
0.0
0.0
0.53415
0.0
0.0
0.24003
1.62137
0.0691524
0.0
1.34793
0.0
0.0
0.0
0.882998
4.60055
0.0
1.8983
0.0
0.27896
0.0
0.413985
0.0
0.0
1.96332
0.0
0.0
0.0
0.0
0.0
0.0
0.0
0.0
0.0
0.0
0.696505
0.0
0.0
0.0
0.0
0.0
0.241825
0.0
0.0
0.0
0.0
0.0
0.0
0.0
0.0
0.0
0.189584
0.0
0.0
0.0
3.83087
0.0
0.0
0.0
0.0
0.0
0.0
0.0
1.17304
0.0
0.0
0.0
0.0
0.0
0.0
0.0
0.0
2.16435
0.175245
0.0
0.0
0.0347235
0.0
0.0
1.7234
0.0
0.0
0.0
0.100209
0.0
0.0
0.0
0.0
0.0
0.0
3.3798
0.0
0.0
0.0
2.05615
0.0
0.0
0.0
0.0
0.0
2.11595
0.0
0.0
0.0
0.0
0.0
0.0
0.0
1.95381
4.55201
1.02373
0.768659
1.11401
0.0
0.0
0.0
0.0
0.837275
0.0
1.02763
0.0
0.0
0.0
0.0
0.0
0.0
0.0
0.0
0.0
0.0
0.0
0.0
0.0
0.0
0.0
0.0
0.0
0.0
2.4978
0.0
0.0941592
0.0
0.0
0.0
0.0
0.0
0.0
0.0
0.0651925
1.49965
5.08053
0.0
0.0
0.0
0.0
0.0
0.0
0.0
0.0
0.0
0.0
0.0
0.0
0.651116
0.0
0.0
0.0
0.0
0.0
0.0
0.0
0.0
0.0
0.0
0.0
0.0
0.0
0.0
0.0
0.0
0.0
0.0
0.0
3.25761
0.0
0.0
0.0
0.0
0.681202
0.0
0.0
0.0
0.0
0.0
0.0
0.0
0.0
1.59681
0.0
1.44692
0.0
0.0
0.956404
0.0
0.0
0.0
0.85006
0.0
0.0
0.0
0.0
0.0
0.0
0.0
0.0
0.0
0.0
0.0
4.15689
0.0
2.02313
0.0
0.0
0.0
0.0
0.0
0.0
0.0
0.0
0.0
0.0
1.04457
0.0
0.0
0.0
0.0
0.0
0.0
0.0
0.0
0.0
0.0
0.0
0.0
0.0
0.0
0.0
0.0
0.0
0.0
0.0
0.0
0.0
0.0
0.0
0.0
0.0
0.0
0.0
0.0
0.0
0.0
0.0
0.0
0.0
0.0
0.0
0.0
0.0
0.0
2.10875
0.0
0.0
0.0
0.0
0.0
0.0
0.0
0.0
0.0
0.0
0.0
0.0
0.0
0.0
0.0
0.0
0.0
0.0
0.0
0.0
0.0
0.0
0.0
0.407401
0.0
0.0
0.0
0.0
0.0
0.0
0.0
0.0
0.0
0.0
0.0
0.0
0.0
0.0
0.0
0.0
0.0
0.0
0.0
0.0
0.0
0.0
0.0
0.0
0.0
0.0
0.605215
0.17546
0.0
2.08161
0.0
0.0
0.0
0.0
0.0
0.0
0.0
0.0
0.0
0.0
1.35961
0.0
0.0
0.0
0.0
2.90976
0.0
0.0
2.34816
0.0
0.0
0.0
0.0
0.0
0.0
0.0
0.0
0.0
0.0
0.0
0.469852
0.0
0.0
0.652636
1.68483
0.0
0.0
0.0
0.0
0.0
0.241501
0.994719
0.0
0.0
0.0
0.0
0.0
0.0
0.0
0.0
0.0
0.0
0.0
0.0
0.0
0.0
0.0
0.0
0.0
0.0
0.0
0.0
0.0
0.0
3.64419
0.883336
0.0
0.0
0.0
2.05877
0.0
0.0
1.15133
0.157634
0.0
0.0
5.36664
0.0
0.0
0.0
0.0
0.0
0.0
0.0
0.0
0.0
0.0
2.12765
0.0
0.0
0.0
0.0
0.0
0.0
0.0
0.0
0.0
0.0
0.0
0.0
0.0
0.0
0.0
0.0
0.168265
0.0
0.0
0.0
0.0
0.0
0.0
0.0
0.625534
0.10979
0.0
0.0
0.0
0.0
0.0
0.0
0.0
0.0
0.0
0.386787
0.0
0.0
0.0
0.0
0.0
2.05276
0.0
0.0
0.0
0.0
0.0
0.0
0.0
0.0
0.0
0.190499
0.0
3.11911
3.05937
0.0
0.0
0.0
0.0
0.0
2.79176
0.0
0.0
0.918607
0.0
0.0
0.0
0.0
0.0
0.0
0.0
0.0
0.0
0.303944
0.0
0.0
0.806778
0.0
0.0
0.0
0.0
0.0
0.0
0.0
0.0
0.0
0.0
0.0
0.0
0.209766
0.0
0.0
0.0
0.0
0.0
0.0
0.0
0.0
0.0
0.0
0.0
0.0
0.0
1.3482
0.0
0.0
0.0
0.0
0.0
0.0
0.850971
0.0
0.0
0.0
2.19159
0.0
1.18636
4.37173
1.31104
0.0
0.0
0.0
0.0
2.55145
0.0
0.0
0.0
0.0
0.0
0.0
0.0
0.0
0.0
0.0
0.0
0.0
0.101752
0.0
1.165
0.0
0.0
0.0
0.0
0.0
0.0
0.0
0.0
0.0
0.824425
0.0
0.0
0.0
2.83895
0.0
0.0
0.0
0.0
0.0
0.0
0.0
0.0
0.0
0.0
1.52586
0.0
0.0
0.0
0.0
0.0
0.0
0.0
0.0
0.0
0.0
0.0
0.0
0.0
3.57568
0.0
0.0
0.0
0.0
0.0
1.85658
0.0
0.0
0.0
0.0
0.0
0.0
0.0
0.0
0.0
0.0
0.0
0.0
2.6214
0.0
0.0
0.127752
0.0
0.0
0.0
0.0
0.0
0.0
0.0
0.0
0.0
0.0
0.0
0.0
0.0
0.0
0.0
0.411853
0.0
0.0
0.0
1.46601
0.0
0.0
1.94476
0.0
0.0
0.0
0.0
0.0
0.0
0.0
0.0
0.0
0.703061
0.0
0.0
0.0
0.70041
0.0
0.0
0.0
0.0
0.0
0.0
0.0
0.0
0.0
0.0
0.0
0.0
0.888783
0.0
0.0
0.0
1.08665
0.0
0.0
0.82524
0.0
0.0
0.225141
0.0
0.0
0.0
2.9936
0.0
0.326081
0.0
0.0
0.0
0.0
0.0
0.0
0.0
1.32616
0.0
0.0
0.0
0.0
0.0
0.0
0.0
0.0
0.0
0.0
0.0
0.0
0.0
0.0
0.0
1.22398
2.39059
0.0
0.0
0.0
0.0
0.0
0.0
0.0
0.0
0.0
0.0
0.0
0.0
0.0
0.0
0.0
0.0
0.716844
0.0
0.0
0.0
0.235615
0.0
0.0
0.0
0.0
0.0
0.0
0.0
0.0
1.85864
0.350656
0.0
0.0
0.0
0.0
0.0
0.0
0.0
0.0
1.66672
1.5022
0.0
0.0114392
0.0
1.4371
0.347737
0.0
0.0
0.0
0.0
0.0
0.0
0.0
0.0
0.0
0.0
0.0
2.96365
0.0
0.0
0.0
0.0
0.0
0.0
0.0
0.0
0.0
0.254236
1.56202
0.0
0.0
0.0
0.0
0.0
0.0
1.64853
0.0
0.0
0.0
0.0
0.0
0.0
0.0
0.0
0.723082
0.0
0.0
0.0
0.0
0.0
0.0
0.0
0.0
2.97241
0.0
0.0
0.0
0.0
0.0
0.0
0.0
0.0
0.0
0.0
0.0
0.0
0.0
0.0419018
0.0
0.0
0.0
0.0
0.0
0.238545
0.0
0.0
0.0
0.0
0.194099
0.0
0.0
0.0
0.0
0.0
0.763972
0.0
0.0
0.0
0.0
0.0
0.0
0.0
0.0
0.0
0.0
0.0
0.0
0.0
0.0
0.0
0.25194
0.0
0.0
0.0
0.0
0.0
0.0
0.769884
0.0
0.0
0.0
0.0
0.0
0.0
0.0
0.0
0.0
0.0
0.0
0.0
0.0
0.0
0.0
0.0
0.0
0.0
1.59033
0.0
0.0
0.0
0.0
0.0
0.0
0.0
0.751923
0.0
0.0
0.0
0.0
0.746941
0.0
0.0
0.0
0.0
0.0
0.562968
0.0
1.56085
0.0
0.0
0.0
0.0
0.0
0.0
0.0
2.61579
0.0
0.0
0.0
0.0
0.0
0.0
0.0
0.0
0.0
0.0
0.0
0.314933
0.0
0.0
0.0
0.0
0.0
3.51399
0.0
0.0
1.06804
0.0
0.853123
0.0
0.0
0.0
0.0
1.23089
0.0
0.0
0.0
0.0
0.0
0.0
0.0
0.0
0.0
0.0
0.0
1.11844
0.0
0.0
0.0
0.0
0.0
0.598382
0.0
0.0
0.0
0.0
0.98894
0.0
0.0
0.0
0.0
0.0
0.0
0.0
0.0
2.07183
0.0
0.0
0.0
0.0
0.0
0.0
0.0
0.0
0.0
0.0
0.0
0.45246
0.0
0.0
0.0
2.79451
0.0
0.0
0.0
0.0
0.0
0.0
0.0
0.0
0.0
0.0
0.0
0.0
0.0
1.13891
0.0
2.79148
0.0
1.48437
0.0
0.0
0.0
0.0
1.07904
0.0
0.0
0.203193
0.0
0.0
0.0
0.0
0.0
0.0
0.191061
0.0
0.0
0.0
0.691015
0.0
0.0
0.90383
0.0
0.0
0.0
0.0
0.0
0.0
0.0
0.0
0.0
0.0
0.0
1.45158
0.0
0.0
0.0
0.0
0.0
0.0
0.190314
0.0
0.0
0.0
0.0
0.0
0.0384936
0.0
0.0
0.0
0.0
0.0
0.0
0.0
0.0
0.0
0.0
0.0
0.0
0.700499
0.0
0.0
0.0
0.0
0.0
0.0
0.0
0.0
0.0
0.0
0.0
0.964473
0.0
0.0
0.0
0.0
0.0
0.0
0.0
0.0
0.0
0.0
0.20929
0.0
0.0
0.0
0.0
0.0
0.873018
0.0
0.0
5.00561
0.0755419
0.0
0.0
1.83972
0.0
0.0
0.0
0.0
0.0
0.0
0.851746
0.0
0.0
0.0
0.317053
0.0
0.0
0.725964
0.0
0.0
0.0
0.0
0.0
0.0
0.0
0.0
0.0
0.0
0.0
0.0
0.0
0.0
1.53112
0.0
0.0
2.90916
0.0
0.875353
0.0
0.0
0.0
0.0
0.0
0.0
0.0
0.0
0.0
1.4129
0.971158
0.0
0.0
0.0
0.0
0.0
0.0
0.0
0.0
0.0
0.0
0.0
0.0
0.0
0.0
0.0
0.0
0.0
0.0
0.0
0.0
0.0
0.0
0.0
0.0
0.0
3.94615
0.0
0.504172
0.496869
0.0
0.0
0.0
0.0
0.0
0.0
0.0
0.0
0.0
0.8888
0.0
0.0
0.0
0.0
0.0
0.0
0.0
0.0
0.622071
0.0
0.0
0.0
0.0
0.0
0.0
0.0
0.0
0.0
0.0
0.0
0.0
0.0
0.0
0.0
0.0
0.0
0.0
0.0
0.0
0.227132
0.0
0.0
0.0
0.0
0.0
0.0
0.0
1.23236
0.0
0.0
0.883009
0.0
0.0
0.0
0.0
0.0
3.08262
0.674369
0.0
0.0
0.0
0.0
0.0
0.743041
0.0
0.0
0.247373
0.0
0.0
0.0
0.277599
0.0
0.0
0.0
0.0
0.0
0.0
0.0
0.0
0.0
0.0
0.874786
0.0
0.0
1.67975
0.0
0.0
0.0
0.0
0.0
0.0
2.07165
0.0
1.9026
0.0
0.2119
0.0
0.0
0.0
0.0
0.0
0.0
0.0
0.0
0.0
0.0
0.0
1.53815
0.0
0.0
0.0
0.0
2.2887
0.0
0.0
0.0
0.0
0.0
0.0
0.0
0.0
0.0
0.0
0.0
0.0
0.0
0.0
0.0
0.0
0.0
0.0
0.0
0.0
0.0
0.244553
0.0
0.0
0.0
0.0
0.85008
0.0
0.0
0.0
0.0
0.0
0.0
0.0
1.92292
0.0
0.0
0.0
0.0
1.24146
0.0
0.0
2.78168
0.0
1.1366
0.0
0.0
0.0
1.59293
0.0
0.0
0.0
0.0
0.0
1.79915
0.0
0.338102
0.0
0.0
0.0
0.0
0.0
0.0
0.0
0.0
0.0
0.0
0.914149
0.0
0.0
0.0
0.0
0.0
0.0
0.0
0.0
5.95888
0.0
0.0
0.0
2.09538
0.0
0.0
0.0
0.0
0.0
0.0
0.0272008
0.0
0.0
0.0
0.0
0.0
0.0
1.52795
0.0
0.0
0.0
0.0
0.317753
0.0
0.0
0.0
0.0
1.41473
0.350648
1.66875
0.0
0.0
0.202955
0.0
0.0
0.0
0.0
0.0
0.0
0.0
0.0
0.0
0.0
0.0
0.0
0.0
0.498319
0.0
1.47257
0.0
0.0
3.01907
0.0
0.0
0.0
0.0
0.0
0.0
0.0
0.0
0.0
0.0
0.0
0.0
0.0
0.0
0.0
0.0
0.0
0.0
0.532654
0.0
0.351934
0.0
0.0
0.0
0.0
0.0
0.0
0.0
0.0
0.0
4.0861
0.553643
0.0
0.0
0.0
0.0
0.0
0.0
0.0
0.0
0.717959
0.0
0.0
0.0
0.0
0.0
0.0
0.0
0.747371
0.0
0.0
0.0
0.0
0.0
1.98991
0.0
0.0
0.0
0.0
0.0
0.0
0.0
2.09528
0.384992
0.0
0.0
0.0
0.0
0.970568
0.0
1.00314
0.0
0.0
0.0
0.0
2.13295
0.0
0.0
0.0
0.0
0.0
0.0
0.0
0.0
0.0
0.0
0.0
0.0
0.0
0.0
1.22605
0.0
3.64945
0.0
2.29844
0.572512
1.17343
0.0
0.0
1.17612
0.0
0.0
0.0
0.0
0.0
0.0
0.0
0.0
0.0
0.0
0.0
0.0
0.0
0.0
0.0
0.0
0.0
0.0
0.0
0.0
0.0
0.0
0.0
0.0
0.0
0.0
0.335704
0.0
0.0
0.0
0.0
0.0
0.0
0.0
0.303317
0.0
0.0
0.0
0.0
0.0
0.0
0.0
0.0
0.251658
0.0
0.0
0.0
0.0
0.0
0.0
0.0
2.9712
0.0
0.0
2.78819
0.0
1.62631
0.0
0.0
0.0
0.0
0.58074
1.25586
0.0
0.0
0.0
1.92924
0.0
0.0
1.33488
0.0
0.0
0.0
0.0
0.0
0.0
0.0
0.0
0.0
0.0
0.0
0.0
0.0
0.0
0.0
0.0
0.0
0.0
0.0
0.380932
0.0
0.0
0.0
0.0
0.225994
0.0
0.750478
0.0
0.0
2.28006
0.0
0.0
0.0
0.0
0.0
0.0
0.0838343
0.0
2.05151
0.0
2.21502
0.0
0.666618
0.0
0.136884
0.0
0.0
0.257146
0.0
0.0
0.0
0.0
0.832658
0.0
0.0
0.0
0.28736
0.0
0.0
0.0
0.0
0.0
0.0
2.44431
0.0
0.0
1.43371
0.0
0.0
5.53032
0.0
0.0
0.0
0.0
0.0
0.0
0.0
0.0
0.0
0.0
0.0
0.0
0.0
0.0
0.575726
0.0
0.0
0.0
0.689302
0.0
0.0
0.0
0.0
0.0
0.0
0.0
0.0
0.0
0.0
1.95617
0.0
0.0
0.0
0.0
0.0
2.24935
1.08122
0.0
0.0
0.0
0.0
0.0
0.136679
0.0
0.0
0.469052
0.0628634
0.0
0.0
0.0
0.0
0.0
0.0
0.0
0.0
0.0
0.0
0.0
0.0
0.0
0.0
0.0
0.937288
0.0
0.0
0.0
0.0
0.0
0.0
2.04224
0.0
0.0
0.0
3.7047
0.0
0.0
1.71322
1.1363
0.0
2.59027
0.0
0.0
0.0
0.0
0.0
2.71566
0.0
0.0
0.0
0.0
0.0
0.0
0.0
0.0
0.0
0.0
0.0
0.0
0.0
0.0
0.0
0.0
0.0
0.0
0.0
0.0
0.0
0.0
0.0
1.46459
0.711942
0.0
0.0
0.0
0.0
0.0
0.0
3.34811
0.0
0.0
0.0
0.0
0.0
0.0
0.282657
0.0
0.0
0.0
0.0
0.0
0.0
0.0
0.0
0.0
0.0
0.0
0.0
0.0
0.322224
