0.0
0.0
3.00716
0.0
0.561864
0.0
0.0
0.0
0.0
0.0
0.0
0.0
0.0
0.0
0.0
0.96366
0.0
0.0
3.14683
0.0
0.0
0.127846
0.0
0.0
0.0
0.0
0.0
0.0
0.0
0.0
0.0
1.59201
0.0
3.88241
0.0
0.0
0.0
0.772027
0.0
0.0
0.0
0.0
4.88801
0.0
0.0
0.16708
0.0
1.35912
0.722498
3.80991
0.0134107
0.0
0.0
0.0
0.0
0.0
0.0
0.0
0.0
0.0
0.0
0.0
0.0
5.30512
1.15178
0.0
0.0
0.0
0.0
0.0
0.0
0.0
0.0
0.0
0.0
0.0
0.0
0.0
0.0
0.0
2.36239
0.0
0.0
0.0
0.0
0.0
0.0
0.0
0.0
0.0
0.0
0.0
0.0
0.0
0.0
0.0
0.0
0.0
2.84836
0.0
0.0
0.125131
0.0
0.0
0.0
0.0
0.0
0.0
0.0
0.0
0.0
0.0
0.0
2.71173
0.0
0.0
0.0
0.62575
1.54419
0.0
0.0
0.0
0.0
0.0
0.0
0.0
0.0
3.05769
0.0
0.0
0.0
0.0
0.0
0.0
0.0
0.0
0.287168
0.0
0.0
0.0
0.0
0.22197
0.0
0.0
0.0
0.0
0.0
0.0
0.0
0.0
0.0
0.0
0.0
0.0
0.0
0.0
0.0
0.333941
0.0
0.0
0.0
0.0
0.0
0.0
0.0
0.0
0.0
0.0
0.0
0.0
0.0
0.0
0.0
0.0
0.0
0.0
0.723484
0.0
0.26993
0.0
2.07638
0.0
0.0
0.0
0.0
0.0
0.0
0.0
0.0
0.0
0.0
0.0
3.00935
0.218173
0.0
0.0
0.0
0.0
0.0
2.6923
0.0
2.00798
0.0
0.0
0.0
0.0
0.0
0.0
0.0
0.0
0.0
0.0
0.0
0.0
0.470885
0.599476
0.0
0.0
0.0
0.355073
0.0
0.0
0.0
0.0
0.136293
0.0
0.0
0.000687897
0.0
0.0
0.0
0.0
0.0
0.0
0.0
0.0
0.0
0.121308
0.0
0.370287
0.0
0.0
0.0
1.6441
0.685958
0.0
0.0
5.12237
0.0
0.0
0.0
0.0
0.0
0.0
0.0
0.0
0.0
1.71922
0.0
0.0
0.0
0.0
1.35632
0.0
0.0
0.0
0.0
0.0
0.0
0.249553
0.0
0.493289
0.0
0.0
0.0
0.0
2.75943
0.51367
0.0
0.0
1.21343
1.69179
0.0
2.61774
0.0
0.0
0.0
0.104528
0.0
0.0
0.0
0.0
0.0
0.0
0.0
0.0
0.0
0.0
0.0
0.0580445
0.0
4.18783
2.13474
0.0
0.0
3.73653
0.0
0.0200944
2.04496
0.0
0.0
0.0
0.0
0.0
0.0
0.0
0.0
0.0
1.95986
0.0
0.0
0.0
0.0
0.0
0.0
0.0
1.42588
0.0
0.0
0.0
0.0
0.0
0.0
0.0
0.0
0.0
0.0
0.0
0.0
0.0
0.072538
0.0
0.0
0.0
0.0
0.94954
0.0
0.0
0.0
0.0
0.0
0.0
0.0
0.0
0.0
0.0
0.0
0.935661
0.0
2.4267
0.0
0.0
0.0
0.0
0.0
2.5235
0.0
0.0
0.0
0.0
0.0
0.0
0.0
0.0
0.0
0.0
0.0
0.0
0.0
0.0
0.0
0.0
0.186152
0.731458
0.0
0.0
0.0
3.94164
0.0
2.84345
0.0
0.0
0.0
0.0
0.0
5.20114
2.55546
0.0
0.0
0.622666
0.0
0.0
0.0
0.0
0.0
0.0
0.0
0.0
0.0
0.0
0.0
0.0
0.0
0.0
0.866713
0.0
0.0
0.0
0.0
1.21301
0.0
0.0
0.454114
0.0
0.0
0.0
0.0
0.0
0.0
1.56867
1.9414
0.0
0.0
0.00112039
0.0
0.0
0.0
0.0
0.98696
0.0
0.0
0.0
0.0
0.0
0.626128
0.0
0.0
0.0
0.0
0.0
0.0
0.0
0.0
4.39252
0.0
0.0
0.0
0.0
0.0
0.0
0.0
0.0
0.0
0.0
0.0
0.0
0.0
0.0
0.0
4.62062
0.0
0.0
0.0
0.383373
0.0
0.102507
0.0
0.0
1.00292
0.0
0.0
0.0
0.0
3.28333
0.0
0.0
0.0
0.0
0.0
0.0
0.0
0.0
0.0
0.0
0.0
0.555977
3.06242
0.577847
0.0
0.0
0.0
0.0
0.0
0.0
0.0
0.0
0.0
0.0
0.0
0.0
0.0
0.0545681
0.0
0.0
0.0
0.0
0.0
0.922121
0.0
0.0
0.0
0.0
0.0
4.26848
0.0
0.0
0.0
0.0
0.0
0.0
0.0
0.0
0.0
2.79364
0.0
0.0
2.4485
0.0
0.0
0.0
0.0
0.0
0.0
0.0
0.0
0.0
0.0
0.0
0.0
0.0
0.0
0.0
0.0
0.0
0.0
0.0
1.87979
0.0
0.0
0.0
0.0
0.0
0.0
0.0
0.0
0.0
0.301769
0.0
0.0
0.0
0.0
0.0
0.0
0.0
0.0
0.0
0.0
0.0
0.0
0.0
0.0
0.0
0.0
0.0
0.0
0.0
2.54339
0.0
0.0
0.0
0.0
0.0
0.128987
0.0
0.0
0.0
0.0
0.0
0.0
0.0
0.0
0.0
0.0
0.0
0.0
0.0
0.2645
0.0
2.12733
0.0
0.0
0.0
0.0
0.0
0.0
0.0
0.0
0.0
0.0
0.0
4.95613
0.0
0.0
0.0
3.4975
0.0
0.0
0.0
0.0
0.0
0.0
0.0
0.0
0.0
0.0
0.0
0.687676
0.0
0.0
0.0
0.0
0.0
0.0
0.0
0.0
0.0
0.0
0.0
0.0
0.0
0.0
0.0
0.0
0.0
0.0
0.0
0.0
0.0
0.0
0.0
3.04733
1.33884
0.0
0.0
0.0
0.0
0.409261
0.0
0.0
0.0
0.0
0.0
0.0
0.0
0.173374
0.0
2.68772
0.0
0.0
0.0
0.0
0.0
0.0
2.30645
0.0
0.0
0.0
0.0
0.0
0.0
0.0
0.0
0.0
0.0
0.0
0.0
0.0
0.0
0.0
0.0
0.0
0.0
0.0
0.0
0.414732
0.0
0.0
0.0
0.0
0.0
0.0
0.0
3.13488
0.0
0.0
0.0
0.0
0.0481539
0.0
0.0
0.0
0.0
0.0
0.0
0.0
0.218614
0.0
0.0
2.58854
0.0
0.0
0.0
0.0
0.0
2.9955
0.197574
0.0
0.0
1.16296
0.0
0.0
0.0
0.0
0.0
0.0
0.32166
0.0
0.0
0.0
0.0
0.0
0.0
0.0
0.0
0.0
0.0
0.0
0.0
0.0
0.0
2.12732
1.65444
0.0
0.0
0.0
0.0
0.0
0.0
0.0
0.0
0.0
0.0
0.0
0.716215
0.0
0.0
0.937551
0.0
0.0
1.71297
0.0
1.39284
0.0
0.0
0.0
0.0
0.769575
0.0
0.0
0.0
0.0
3.0229
0.0
0.0
0.0
0.0
4.18683
0.0
0.0
0.629351
0.0
0.0
0.856338
0.0
0.0
0.647185
0.122574
0.0
0.0
0.0
0.0
0.0
0.0
0.0
0.0
0.783331
0.0
0.0
0.0
1.68143
0.0
0.0
0.0
0.0
0.0
1.30374
0.0
0.0
0.0
0.0
0.0
0.0
0.0
0.0
0.0
0.0
0.0
0.0
0.0
0.0
0.0
0.0
0.868919
0.0
1.23562
0.0
0.0
0.0
0.129169
1.90242
0.0
0.0
0.720457
0.0
0.734007
0.0
0.0
0.0
0.0
0.0
1.03663
0.163907
0.0
0.0
0.0
0.0
0.0
0.421856
0.0
0.0
0.12968
0.0
0.0
0.0
0.0
0.0
0.0
0.0
0.0
0.0
0.0
0.0
0.0
0.0
0.0
0.423643
0.0
0.0
0.0
0.0
0.0
0.0
0.0
0.0
0.0
0.0
0.0
0.0
0.0
0.0
0.0
0.0
0.0
0.0
0.0
0.0
0.0
0.0
3.27985
0.0
0.0
0.0
0.0
0.0
0.0
0.0
0.0
0.0
1.0111
0.0
0.0
0.943175
0.0
0.0
0.0
0.0
0.0
0.0
0.0
0.0
0.0
0.0
0.0
0.0
0.0
0.457682
0.0
0.0
0.0
0.0
0.0
0.0
0.0
2.03381
0.0
0.0
1.35733
0.0
0.0
0.102555
0.0
0.0
0.0
0.0
0.0
1.20987
0.0
1.39224
0.0
0.437568
0.0
0.0
0.0
0.0
0.830385
0.0
0.0
5.92051
0.0
0.0
0.0
0.0
0.0
0.0
0.0
0.0
0.0
0.0
0.0
0.912623
0.0
0.0
0.728134
0.0
2.93042
1.81912
0.0
0.0
0.0
0.0
0.0
0.0
0.0
0.0
0.0
0.40591
0.0
0.0
0.0
0.0
0.0
0.0
0.0
0.0
0.0
0.0
0.0
0.162499
0.0
0.0
0.0
0.0
0.0
0.0
2.68629
0.0
0.0
0.0
0.0
0.558532
0.0
0.0
0.0
0.0
0.0
0.0
0.0
0.0
0.706225
0.0
2.70875
0.0
0.0
0.0
3.25652
3.12969
0.0
0.129582
0.0
0.0
0.0
0.0
0.0
2.07081
0.0
0.0
0.749053
0.0
0.0
0.0
0.0
0.0
0.0
0.0741128
0.0
0.0
0.0
0.0
0.373518
0.0
0.0
0.0
0.0
0.0
0.0
0.0
0.0
0.258209
0.364661
0.0
0.0
0.0
0.0
0.157102
0.938266
0.0
3.16318
0.0
0.0
0.0
0.0
0.402459
0.0
0.0
0.0
0.0
0.0
0.338681
0.0
0.0
0.0
0.0
0.0
0.0
0.0
0.0
0.0
2.12484
0.0
1.56764
0.0
0.0
1.27497
0.0
0.0
0.0
0.0
0.0
0.0
0.0
0.0
0.0
1.95201
0.0
0.0
0.757523
0.0
0.0
0.0
0.0
0.0
0.0
0.0
0.0
0.0
0.426663
2.08521
0.0
0.0
1.10963
0.0
0.0
0.0
0.0
0.0
1.37394
0.0
0.0
0.0
0.0
0.718059
0.0663281
0.0
3.12162
0.0
0.0
0.0
0.0
0.0
2.23843
0.0
0.0
0.0
1.0823
3.4531
0.0
0.0
0.0
0.0
0.0
0.0
0.0
1.52939
0.0
0.0
0.0
0.0
0.0
0.0
0.0
0.0
2.29078
2.15315
0.0
0.0
0.0
0.0
0.0
0.0
0.0
0.0
0.0556957
0.0
0.0
0.0
0.0
0.0
0.0
0.435656
0.0
0.0
0.0
0.0
0.0
0.0
0.0
0.0
0.0
0.0
0.0
0.0
0.0
1.7674
0.0
0.0
0.0
0.0
0.0
0.0
0.0
0.0
0.0
0.0
0.0
0.0
0.0
0.0
0.0
0.975742
7.54123
0.0
0.0949919
0.0
0.0
0.0
1.6066
0.0
0.0
0.670289
0.0
0.0
0.0
0.0
0.221092
0.0
0.0
0.0
0.0
1.50261
0.0
0.0
0.0
0.0
0.0
2.45292
0.0
0.0
0.0
0.0
0.0
0.0
0.0
0.0
3.24889
0.0
0.0
0.0
0.0
0.0
1.99611
0.0
0.0
0.0
0.0
0.0
0.0
0.0
0.0
0.0
0.0
0.0
0.0
0.0
0.0
0.0
0.0
1.99368
1.48538
0.0
3.73327
0.0
0.0
0.0
0.0
0.0
0.0
0.0
0.0
0.0
0.795009
0.0
5.912
0.0
0.225752
0.0
0.0
0.0
0.0
0.0
0.0
0.0
0.0
0.0
0.0
1.39111
0.463358
1.47196
0.0
0.0
0.616594
0.0
0.0
0.0
0.0
0.0
0.0
0.0
0.0
0.0
0.0
0.0
0.0
0.111084
0.0
0.0
0.0
0.0
0.0
0.0
0.0
0.0
0.0
0.0
0.0
0.0
0.0
0.0
0.0
2.08667
0.159733
0.0
0.0
0.0
0.0
0.0
0.0
0.0200409
0.0
0.0
0.0
0.0
0.0
0.0
0.0
0.0
0.0
0.0
0.0
0.571873
0.0
0.0
0.0
0.0
0.0
0.0
0.0
0.0
0.0
0.0
0.0
0.0
2.85841
0.0
0.0
0.0
0.637452
0.0
0.0
0.0
0.0
0.0
0.0
0.264571
0.134554
0.914337
0.0
0.0
1.11773
0.0
0.0
0.0
0.0
0.0
0.0
0.0
0.0
0.0
1.92476
0.0
0.0
0.0
0.0880078
0.99668
0.0
0.0
0.0
0.0
0.34715
0.94032
0.0
0.0
0.0
0.0
0.0
0.0
0.0
0.0
0.0
0.0
4.25486
0.0
0.0
0.0
0.0
0.0
0.0
0.0
0.353038
0.0
0.63102
0.0
0.0
1.40491
1.39836
0.0
0.0
0.0
0.0
0.885857
0.0
0.102948
0.0
0.0
0.859704
1.46528
0.0
0.0
0.0
0.0
3.32557
0.0
0.0
0.476325
0.0
0.0
0.0
0.0
0.0
0.0
0.0
0.0
0.0
0.992579
0.0
0.0
0.0
2.13884
0.0
0.0
0.0
0.0
0.0
0.0
0.0
0.0
0.0
0.0
0.0
0.0
0.0
0.0
0.0
0.0
0.0
0.0
0.0
0.0
0.0
0.0572919
0.0
0.0
0.0
0.0
0.0
0.359765
0.0
0.97956
0.0
0.0
0.0
0.0
0.0
0.0
0.0
0.0
2.71896
0.870048
1.64887
1.11685
0.0
0.0
0.0
0.0
0.0
0.0
0.0
0.0
0.0
0.0
0.0
0.0
0.0
0.864076
0.0
0.0
0.0
0.0
0.0
0.0
0.0
2.99522
0.0
0.0
0.141619
0.0
0.0
0.0
0.0
0.0
0.0
0.0
0.0
0.0
0.0863556
0.0
0.0
0.0
0.0
0.0
0.0
0.0
0.944369
0.0
0.0
0.0
0.0
0.0
2.22655
0.804325
0.0
1.5344
1.41271
0.0
0.0
0.298485
0.0
0.0
0.0
0.0
0.0
0.0
0.0
0.0849561
0.0
0.0
0.0
0.0
0.0
0.0
0.0
0.0
0.0
0.0
0.0
0.0
0.0
0.0
0.0
0.0
0.0
0.0
0.0
0.0
0.0
0.0
0.0
0.0
0.0
0.0
1.8946
0.0
0.4914
0.0
0.0
0.0
0.0
0.0
0.0
0.0
0.0
0.0
0.0
0.0
0.0
0.0
0.0
0.0
0.0
0.0
0.0
3.58539
0.066576
0.0
0.0
0.0
0.0
0.0
0.0
0.0
0.0
0.0
0.0
0.0
0.0
0.0
1.50293
0.0
0.0563727
0.500773
0.0
0.0
0.0
0.0
0.0
1.1029
2.32194
0.0
0.0
0.0
0.0
0.0
2.04958
0.0
0.0
0.0
0.0
0.0
0.0
0.835302
0.0
0.0
0.0
0.0
1.13416
0.270038
0.0
0.0
0.0
0.275855
0.0
0.578997
0.23343
0.0
3.34668
1.69636
0.0
0.0
0.968686
1.51526
0.0
0.0
0.0
0.0
0.0
0.477509
0.0
0.0
0.0
0.0
0.0
0.0
0.0
0.0
0.0
0.0
0.0
0.0
0.0
0.0
0.0
0.0
0.0
0.0
0.0
0.0
1.02615
0.0
1.38852
0.0
0.0
0.0
2.36397
0.0
0.0
0.0
0.0
0.0
0.0
0.711467
0.0
0.0
0.0
0.0
0.0
0.0
0.0
0.0
0.0
0.0
0.210949
0.753693
0.0
0.0
0.712347
0.714657
2.29496
0.0
0.0
0.0
0.0
0.0
1.27224
0.0
0.0
0.0
0.0
0.0
0.0
0.0
0.0
0.0
0.0
0.0
0.0
0.0
0.0
0.0
0.0
0.0
0.0
3.24358
0.0
0.0
0.0
0.0
0.829536
0.616778
1.793
0.288365
0.0
0.0
0.0
0.0
0.0
0.0
0.0
0.0
0.0
1.10196
0.0
1.90941
0.0
0.0
0.0
0.0
0.0
0.0
0.0
0.0
0.0
0.0
0.0
0.0
0.0
0.0
0.0
0.0
0.0
0.0
0.0
0.0
0.0
0.0
0.0
0.0
0.408583
0.0
0.0
0.0
0.0
0.0
0.0
0.0
2.62884
3.63755
0.0
0.956521
0.0
0.0
0.0
0.0
0.0
0.0
0.0
0.0
0.0
0.0
1.03419
0.0
0.0
0.0
0.0
0.0
0.0
0.0
0.451392
0.0
0.0
0.0
0.0
0.0
0.0
1.71615
0.0
0.0
0.0
0.0
0.0
0.0
1.53111
0.0
0.0
0.0
0.0
0.0
0.0
0.0
0.0
2.92877
0.0
0.0
0.0
0.0
0.0
1.23253
0.452244
0.0
0.0
0.0
1.55473
0.0
0.0
0.0
0.0
0.0
0.0
2.37935
0.0
0.0
0.0
0.0
0.0
0.0
0.0
0.0
0.0
0.0
0.0231375
0.0639938
0.0
0.0
0.0
0.0
0.0
0.0
0.493042
0.0
0.0
0.0
0.0
0.0
0.0
0.0
0.281291
0.0
0.0
0.0
0.0
0.0
0.0
0.0
0.0
0.0
0.0
0.0
0.0
0.0
2.37516
0.0
0.0
0.0
0.0
0.586426
0.0
0.0
0.0
0.0
2.12472
0.0
0.216532
0.0
0.0
0.0
1.43757
0.0
0.0
1.38974
0.0
0.0
0.0
0.0
1.37716
0.0
0.0
0.0
0.0
0.0
0.0
0.0
1.70095
0.0
0.0
0.0
0.0
0.0
0.0
0.0
0.0
0.220411
0.0
0.0
0.0
0.0
1.56495
0.0
0.817969
0.0
0.0
0.0
1.05352
0.0
0.0
3.63459
0.0
3.61236
1.64378
0.0
0.0
0.0
1.60984
0.0
0.0
1.30806
0.0
0.0
0.0
0.0
0.0
0.0
0.0
0.0
0.0
1.17484
0.0
1.36068
1.45153
0.0
1.10243
0.0
0.318798
1.35385
2.42712
0.0
0.0
0.0
0.0
0.0
1.88712
0.0
0.0
0.0
0.0
1.53635
0.0
0.0
0.0
0.0
2.2529
0.0
0.0
0.0
0.0
0.0
0.0
0.0
0.0
0.0
0.0
0.0
0.0
0.0
1.68351
0.0
0.0897496
1.68202
0.0
0.0
0.0
0.0
0.0
0.80468
0.0
0.0
0.0
2.69198
0.0
0.0
0.0
0.0
0.955808
0.0
0.0
0.0
0.0
0.0
0.0
2.58874
0.707897
0.0
0.0
0.0
0.0
0.0
0.0
0.0
0.0
0.0
0.0
0.665621
0.0
0.0
0.0
0.0
5.73258
0.0
0.0
0.0
0.0
0.0
0.0
0.0
3.08343
0.0
0.0
0.0
0.0
0.0
0.0
4.44658
0.0
0.0
0.0
0.0
0.0
2.4486
0.0
0.0
0.0
0.0
0.0
0.0
0.0
0.0
2.28696
0.0
0.0
0.0
0.0
0.0
0.0
2.12433
0.0
0.0
0.0
0.0
0.0
0.0
0.0
0.0
1.55
0.0
0.0
0.0
0.0
0.259994
0.0
0.55599
0.0
5.22118
0.435859
0.0
0.0
2.08612
0.0
0.0
0.0
5.59717
0.0
2.27758
0.0
0.0
0.0
0.0
0.0
0.0
0.0
0.721587
0.0
0.0
0.0
0.418987
2.10196
0.0
0.0
0.0
0.0
0.0
0.0
0.0
0.0
0.0
0.0
0.566407
0.0
0.0
0.0
0.0
1.21525
0.230088
0.45978
0.0
1.8866
0.0
0.854119
0.0
0.0
0.0
0.0
0.0
0.0
0.0
0.0
0.0
0.0
0.0
0.0
0.0
0.0
0.0
0.0
1.5227
0.0
0.0
0.0
0.0
0.0
0.0
0.0
0.0
0.259223
0.801514
0.0
0.0
0.0
0.478715
0.0
0.0
0.0
0.0
0.0
0.518923
4.04189
0.0
0.0
0.0
0.0
2.31538
0.0
0.0
0.0
0.0
0.0
0.0
0.0
0.0
0.0
0.0
0.0
0.0
0.0
0.0
0.154932
0.0
3.31033
0.0
0.0
0.0584584
1.18862
0.0
0.0
0.214498
1.08908
0.0
0.0
0.0
0.200453
0.0
0.0
0.0
0.0
0.0
0.211574
0.0
0.0
0.0
0.876011
0.0
0.0
3.12815
0.0
0.0
0.0
0.0
2.67022
0.0
0.0
0.0
0.0
0.0
0.0
0.668166
0.0
4.77932
0.0
0.0
0.0
0.0
0.0
0.0
0.0
0.0
0.0
0.0
0.0
0.0
0.0
0.0
0.216964
0.0
0.0
0.0
0.0
0.0
3.21073
0.0
0.0
0.901262
0.0
0.0
0.0
0.0
0.0
0.0
0.0
0.0
4.74214
0.0
0.0
0.0
0.0
0.0
0.0
0.0
0.0
0.180304
0.865846
0.0
0.829596
0.0
0.0
0.0
0.0
0.0
0.0
0.0
0.401984
3.16171
0.0
0.0
0.0
0.298842
1.36463
0.0
0.0
0.0
2.23591
0.0
0.0
0.0
0.0
0.0
0.0
0.0
0.0
0.0
0.0
1.35975
0.0
0.0
0.0
0.0
2.12748
0.0
0.0
0.0
0.0
0.0
0.0
0.0
1.18583
1.20191
0.0
0.0
0.0
0.0
0.0
0.657853
0.0
0.0
0.0
0.0
0.0
0.0
0.0
0.0
0.0
0.0
0.0
0.0
0.0
0.0
0.0
1.23632
0.0
0.0
0.563215
0.0
0.0
0.0
1.0574
0.662856
0.0
0.0
0.0
4.56156
0.0
0.0
0.0
0.0
0.0
0.0
0.877102
0.0
0.0
0.0
0.654339
0.0
0.0
0.0
0.0
0.0
2.06968
0.0
0.0
0.416679
0.989379
0.0
0.0
0.0
1.13329
3.49404
2.04405
1.2892
0.0
0.0
0.0
0.0
0.0
0.68326
0.0
0.0
0.0
0.0
0.0
0.0
0.0
0.0
0.741539
0.0
0.0
0.623436
0.0
0.276401
0.0
0.0
1.44343
0.0
0.0
0.667762
4.03309
0.0
0.0
0.0
0.0
0.0
0.0
0.0
0.0
0.0
0.0
2.79169
3.50573
0.0
0.0
0.0
0.0
0.0
0.0
0.0
0.0
0.0
0.0
0.0
0.0
0.0
0.0
0.0
0.0
0.0
0.0
0.0
0.823491
0.0
0.0
0.0
0.0
0.0
0.0
0.0
0.0
0.0
0.0
0.0
0.0
1.89844
0.0
0.0
0.0
0.0
0.0
0.369231
0.0
0.0
0.0
0.0
0.0
0.0
0.0
0.0
0.0
1.54812
0.0
0.0
0.0
0.0
0.0
0.0
0.566926
0.0
0.0
0.0
0.0
0.0
0.0
0.348823
0.0
0.0
0.0
0.0
3.87865
0.0
0.0
0.0
0.0
0.0
0.0
0.0
0.0
0.0
0.397895
1.82565
0.0
0.0
2.47598
0.0
0.0
0.0
0.0
0.0
0.0
0.908869
0.0
0.0
0.0
0.0
0.0
0.0
0.0
0.0
0.0
0.0
0.00730492
0.0
0.0
0.0
0.0
0.0
0.0
0.0
0.0
0.0
0.260116
0.0
0.0
0.0
2.65045
0.0
0.0
0.0
0.0
0.0
0.0
0.0
0.0
1.6629
0.0
0.0
0.0
0.0
0.0
0.0
0.0
0.0
0.0
0.0
0.0
0.0
0.0
0.0
0.0
0.0
0.0
0.0
0.0
0.0
3.05671
0.0
0.0
0.0
0.0
0.0
0.0
0.0
0.0
0.0
0.0
0.0
0.0
0.0
0.0
0.0
0.0
0.0
0.0
0.0
1.25442
0.0
0.0
0.0
0.0
0.0
0.0
0.0498502
1.60225
0.0
2.00405
2.82448
0.0
1.32212
0.0
0.0
0.0
0.0
0.0
0.0
0.0
0.389886
0.0
0.0
0.0
0.316839
0.239255
0.0
0.0
0.586108
0.0
0.0
0.0
0.0
0.0
0.0
0.0
0.0
0.0
0.0314134
0.0
4.79047
0.0
0.0
0.740489
0.0811858
0.0
0.0
0.0
0.0
0.0
0.0
0.0
1.89822
0.0
0.0
0.0
0.0
0.0
0.873498
0.0
0.0
0.0
0.0
0.0
0.568893
0.225218
0.0
0.0
0.0
0.0
0.0
0.0
0.0
0.0
3.44404
2.68823
0.0
0.0
0.0
4.17064
0.0
0.0
0.0
0.0
0.0
0.0
1.79709
0.0
0.0
0.0
0.0
0.0
0.0
0.0
0.0
0.0
0.0
1.71379
0.0
0.194007
1.60724
0.0
0.0
0.0
0.0
0.0
0.0
0.0
0.0
0.0
0.0
0.0
0.0
0.0
1.64687
0.0
0.0
0.0
0.0
0.0
0.0
0.0
0.0
0.0531835
0.0
2.26993
0.0
0.0
0.0
0.0
0.0
0.0
0.0
0.0
0.0
0.0
0.208619
0.0
0.0
0.0
0.0
0.0
0.0
1.60342
0.0
0.0
0.0
0.0
0.0
0.0
0.0
0.735524
2.84632
0.519164
0.0
2.29351
0.0
0.0
1.46052
0.0
0.0
2.16025
0.0
0.0
0.0
0.0
0.0
0.658333
0.0
0.0
0.0
1.81586
0.0
0.0
1.14736
0.0
0.0
0.0
0.0
0.0
0.0
0.0
0.0
0.0
0.0
0.0
0.0
0.0
0.0
0.0
0.0
0.0
0.0
0.0
1.41368
0.0
0.0
0.0
0.0
0.0
0.878551
0.828424
1.2121
0.0
0.0
0.0
1.21996
0.0
0.0
0.0
0.0
0.0
0.195117
0.0
2.03078
4.33663
0.0
0.0
0.0
0.0
0.0
3.28866
0.0
0.0
0.59804
0.0
0.0
0.0
0.0
1.6632
0.584792
0.0
0.0
0.0
0.0
0.0
3.46988
0.0
0.0
0.0
0.0
0.0
0.0
3.4427
0.0
0.0
0.0
0.0
0.0
0.0
2.49458
0.0
0.0
0.0
0.0
0.0
0.0
0.0
0.0
0.0
0.0
0.0
0.0
0.0
0.0
0.0919581
0.0
0.0
0.0
0.195991
0.0
0.0
0.0
0.0
0.0
0.388258
0.0
0.0
0.0
0.0
2.28097
1.70482
0.0
0.0
0.0
0.0
0.0
0.0
0.0
0.0
3.38472
0.0
0.0
0.418792
3.22776
0.0
0.414755
0.0152885
0.142091
0.0
0.0
0.0
2.18594
0.0
0.0
0.0
0.0
0.0
0.0
0.0
0.0
0.0
0.0
0.264752
0.0
0.0
0.0
0.74659
0.0
1.78725
0.0
0.0
0.0
0.0
0.0
0.0
0.0
0.0
0.0
0.0
1.35279
0.0
0.0
0.0
0.0
0.0
0.0
0.0
0.0
0.0
0.0
0.0
0.0
0.0
0.0
0.0
0.0
0.0
0.0
0.0
0.0
0.0
2.43741
0.0
2.12903
1.91771
2.70054
0.0
0.0
0.0
0.0
0.477838
0.0
0.0
0.0
0.0
0.0
0.0
0.0
0.0
0.0
3.62691
0.0
0.0
0.0
0.0
0.0
0.0
0.0
0.0
0.0
0.0452218
0.0
0.0
0.0
0.0
0.0
0.0
4.29372
0.0
0.0
0.0
0.868599
0.0
0.0
0.192743
0.0
0.0
0.0
0.0
0.0
0.0
0.0
0.0
0.0
0.0
0.0
0.0
0.0
0.0
0.0
0.0
0.0
0.0
0.0
0.871425
0.0
0.0
1.94542
0.0
0.0
0.0
0.0
0.0
0.0
0.0
0.0
0.0
2.28839
1.81245
0.0
2.07569
0.0
0.0
0.0
0.0
0.0
0.0
0.0
0.0
0.0
0.0
0.0
0.0
0.0
1.15512
1.435
0.0
0.0
0.542834
0.0
0.0
0.0
0.0
0.0
0.0
0.0
0.0
0.0
0.0
0.0
0.0
0.0
0.0
0.0
0.0
0.0
0.0
1.35157
0.0
0.0
0.0
0.0
0.0
0.0
0.0
0.0
0.0
0.0
0.0
0.0
0.0
3.10549
0.0
0.0
0.0
0.0
0.0
0.0
0.0
0.0
0.0
0.0
0.0
0.453422
0.0
0.0
0.0
0.0
1.33275
0.0
0.0
1.60589
0.0
0.0
0.0
0.0
0.0
0.0
0.722115
0.0
0.0
0.0
0.0
0.0
0.0
0.0
0.0
0.0
0.0
0.0
0.565035
0.0
0.0
0.0
0.0
0.0
0.0
0.0
1.85123
0.0
0.0
0.0
0.0
0.0
0.0
0.0
0.0
0.0
0.0
1.48877
0.0
0.0
0.0
0.0
0.0
0.0
0.0
0.0
0.0
0.0
0.0
0.0
0.0
0.0
1.9353
0.0
0.0
0.0
0.0
0.0
0.0
0.0
0.0
0.0
0.0
0.0
0.0
1.50604
0.0
0.0
0.0
0.0
0.0
0.0
0.0
2.83834
0.0
0.0
0.0
0.0
0.0
0.0
0.0
1.51382
0.0
0.0
0.0
1.94942
0.0
0.0
0.0
0.0
0.0
0.0
0.0
3.4004
0.0
0.0
0.0
2.22302
0.0
4.43008
0.0
0.0
0.0
0.0
0.0
1.16314
0.0
0.0
0.0
4.51791
0.0
0.0
1.08453
0.0
0.0
0.0
0.0
0.0
0.0
0.0
0.0
2.96522
0.0
0.0
0.0
0.0
0.0
0.0
0.0
0.0
0.0
0.0
0.0
0.0
0.841518
0.0
0.0
0.0
0.0
0.0
0.0
0.275337
0.0
0.0
1.85516
0.0
0.0
0.0
0.0
0.0
0.0
0.0
0.0
0.0
0.0
0.0
0.0
1.84487
0.0
0.0
0.0
0.0
0.0
0.0
0.0
0.0
0.742827
0.0
0.0
0.0
0.0
0.0
0.0
0.0
0.0
0.788049
0.0
1.34563
0.0
0.0
0.0
0.0
0.0
1.01309
1.59812
0.0
0.0638776
0.0
0.0
0.0
1.46685
0.0
0.0
1.05852
0.0
0.0
0.0
0.90877
0.0
0.0
0.0
0.0
0.0459402
0.0
0.0
0.0
1.11238
0.0
0.0
1.06117
0.0
0.0
0.0
0.536987
1.04298
0.0
0.0
0.357532
0.0
0.0
0.0
0.0
2.34163
0.0
0.66372
0.0
0.0
0.0
0.0
0.0
0.0
0.0
0.0
0.0
0.0
0.327828
0.0
0.0
0.0
0.0
0.0
0.0
0.0
0.0
0.0
0.0
0.0
0.155382
0.0
0.0
0.0
0.767258
0.0
0.0
0.0
0.0
0.0
0.0
0.610074
0.0
0.0
0.0
0.0
0.0
0.0
1.92745
0.0
9.70274
0.0
0.0
0.0
0.0
0.0
0.0
0.0
0.0
0.0
0.0
0.879523
0.0
2.26011
0.0
0.0
0.0
0.0
0.0
0.0
0.0
0.0
0.0
0.0
0.0
1.85643
0.0
0.0
0.0
0.0
0.0
0.0
0.0
0.0
0.0
0.0
1.83016
0.0
0.0
0.0
0.0
0.0
1.27774
3.30692
0.0
0.545212
1.52146
0.0
1.76598
0.773839
0.0
0.0
0.0
1.64318
0.0
0.0
0.0
0.512277
0.0
0.0
0.0
0.0199597
0.0
0.0
0.0
0.0
0.0
0.0
0.0
0.0
0.0
0.0
0.0
0.0
0.0
4.11765
0.0
0.600778
1.22574
0.0
0.0
0.0
0.0
0.0
0.0
0.0
0.0
0.0
0.0
0.0
0.0
0.0
0.0
0.0
0.0
0.0
0.0
0.0
0.0
0.0
0.0
0.0
1.96877
0.0
0.0
0.0
0.0
0.0
1.10696
0.0
0.0
0.0
0.0
0.0
0.0
0.0
0.0
0.330143
0.0
0.0
0.0
0.0
0.0
0.0
0.0
2.13
0.26608
0.0
0.0
0.318151
0.0
0.30941
0.0
0.0
0.0
0.0
0.0524964
0.0
0.0
0.0
0.0
0.0
0.0
0.0
0.0
0.0
0.0
0.0
0.0
3.64823
0.0
0.0
0.0
0.0
0.0
0.0
0.0
0.0
0.590527
0.0
0.0
0.0
0.0
0.0
0.0
0.0
1.10733
0.0
0.0
0.0
1.25921
0.0
0.0
0.0
0.0
0.0
0.0
0.0
0.0
0.960692
0.883366
0.0
0.0
0.0
0.0
0.0
1.57789
0.104537
0.0
0.0
0.0
4.34926
2.71267
0.0
0.0
0.0
0.0
0.0
0.0
0.0
0.0
0.687804
0.0
0.0
0.0
0.0
1.03881
0.0
0.0
0.0
2.12656
0.0
0.0
2.63993
0.0
0.0
0.0
0.0
2.05117
0.0
0.0
0.0
0.942537
0.0
0.0
0.0
0.0
0.0
0.0
0.0
0.0
0.811203
0.0
0.0
0.0
0.0
0.0
0.0
0.0
0.0
0.0
0.852295
0.0
0.0
0.0
0.615874
1.05021
0.0
0.0
0.0
0.0
0.0
0.0
0.0
0.0
0.0
0.0
0.0
0.818787
0.0
0.0
0.0
0.0
0.0
0.0
0.0
0.0
0.0
6.40615
1.47035
0.0
0.0
2.30699
0.0
2.51748
0.0
0.0
0.0
0.154322
0.0
0.0
0.0
0.0
0.0
0.0
0.0
3.84601
0.0
0.283612
0.0
0.0
0.0
0.0
0.0
0.0
0.0
0.313944
0.966367
0.328571
0.0
0.0
0.0
0.0
0.0
0.0
0.0
0.0
0.0
0.0
0.0
0.0
0.0
0.0
0.0
0.0
2.36529
0.0
0.564708
0.843472
0.0
1.90926
0.0
0.0
0.0
0.0
1.69795
0.0
0.0
0.0
0.0
0.0
0.0
0.0
0.0
0.0
2.29718
0.0
0.0
0.0
0.0
0.0
2.73702
0.0
0.0
0.0
0.0
1.89082
0.0
0.967226
0.0
0.0
3.76907
0.0
0.0
0.0
0.0
0.176915
0.0
0.0
0.0
0.0
1.91865
0.0
0.0
0.872006
0.0
0.0
0.0
0.0
0.174173
0.0
0.0
0.0
0.0
0.0
0.982049
0.0
0.0
0.0
0.0
0.0
0.0
0.0
2.99503
0.0
0.293241
0.0
0.0
0.0
0.00692719
0.0
1.31803
0.0
0.0
0.0
0.0
1.45756
0.0
0.0
1.35923
0.0
0.0
0.0
0.232863
0.0
0.0
0.0
0.0
0.0
0.0
0.132663
0.0
0.0
5.23463
0.0
1.94617
0.0
0.645859
0.0
0.0
1.06728
0.0
0.0
0.0
0.0
0.0
0.0
0.0
0.0
0.0
0.0
0.0
0.0
0.0
0.0
0.0
0.0
0.0
0.771328
0.0
0.0
0.0
0.0
0.567247
0.0
0.0
0.0
3.86821
0.0
0.0
0.0
0.0
0.0
0.0
0.0
0.0
0.0
0.0
0.0
0.0
0.0
0.0
0.0252097
1.11091
0.0
0.0
0.0
0.0
0.0
0.0
0.542294
0.0
2.07741
0.0
0.0
1.07182
0.0
3.30004
0.0
0.0
0.129494
0.0
1.24555
1.64069
0.0
0.0
0.0
3.81939
0.0
0.0
0.0
0.0
0.0
0.0
0.0
0.0
0.0
0.109809
3.69936
0.0
0.0
0.0
0.0
0.0
0.0
0.0
0.0
0.0
0.683427
0.0
0.0
0.0
0.0
0.0
0.0
0.731779
0.0
2.66287
0.0
0.0
1.67979
0.0
0.0
0.0
1.2087
0.0
0.0
1.24509
0.0
3.80589
0.0
0.93891
0.0
1.75719
2.05552
0.0
0.0
0.0
0.990773
0.0
2.27403
0.0
0.0
0.866644
0.0
0.0
0.526116
0.0
0.0
0.0
0.0
0.0
0.0
0.0
0.0
0.0
0.0
0.0
0.0
0.0
4.28125
0.0
0.0
0.0
0.0
0.0
0.394425
0.0
0.0
0.0
0.0
0.0
0.0
0.0
0.503875
1.71742
0.0
0.502783
0.0
3.74289
0.0
0.0
0.0
0.501851
0.0
0.753698
0.0
0.0
0.0
0.0
0.0
0.0
0.0
0.0
0.0
0.0
0.0
0.29663
0.0
0.0
0.0
0.0
0.0
0.0
0.0
0.0
2.79546
0.606519
0.0
0.0
0.210873
0.0
0.0
0.0
0.0
0.0
1.55848
0.0
0.0
0.714987
0.0
0.0
0.0
0.0
0.0
0.0
0.0
1.12534
0.0
0.0
0.0
0.0
0.0
0.0
1.14925
0.0
0.0
3.35582
0.0
0.0
2.20816
0.0
0.0
0.0
0.0
0.692387
4.77816
0.0
0.0
0.0
0.0
0.775827
0.0
0.0
0.0
0.0
0.0
0.0
0.0
0.0
0.0
0.0
0.0
0.0
0.0
0.0
0.0
0.0
0.0
0.0
0.0
0.0
0.0
0.0
0.0
0.0
0.0
0.0
3.37696
0.0
0.0
0.0
0.0
0.0
0.0
2.22577
0.0
0.0
0.334157
0.0
0.278228
0.0
0.0
0.0
0.0
0.0
0.0
0.0115853
0.0
0.0
