0.0
0.0
3.38204
0.0
0.0
0.0
0.0
0.0
0.0
0.0
0.760791
0.0
0.0
0.0
2.23834
0.0
0.0
0.0
1.91757
1.14678
0.0
0.0
0.0
0.0
0.0
0.0
0.0
0.0
0.0
0.0
0.0
0.0
0.0
3.47103
0.0
0.0
0.0
1.3232
0.317365
1.19029
0.0
0.0
5.55318
0.0
0.0
4.09665
0.0
1.8446
1.17443
2.1405
0.327278
0.774216
0.696444
0.0
0.0
0.252602
0.0
1.49999
0.0
0.245624
0.0
0.0
0.0
1.66691
0.0
1.92877
0.0
0.0
1.14027
0.0
0.0
0.0
0.0
0.253493
0.0
0.0
0.0
0.0
0.811348
0.0
2.13555
0.054672
0.0
0.671682
0.0
0.27946
0.588498
1.4698
4.5841
0.0
0.0
0.0
0.0
2.16945
0.0
0.0
0.0
0.0
0.341094
0.889497
0.0
2.06644
0.0
0.0
1.47212
0.0
0.0
0.0
0.0
1.39718
0.0
1.08468
0.0
0.32831
1.33262
0.0
0.0
0.825984
0.0
0.0
0.908346
0.0
0.0
0.708461
2.01804
0.504154
0.31666
0.0
0.0
0.0418099
0.0
0.0
0.0
0.0
3.08833
1.35382
0.19131
0.0
1.98198
0.0
0.0
1.54669
0.0449009
0.0
0.0
0.0
0.0
0.0
0.0620958
0.0
0.0
0.0
0.489433
0.0
0.0
0.0
0.645871
0.0
0.164668
0.0
0.793016
0.530857
0.0
0.0
0.0
0.697875
0.0
0.0
1.46103
0.0
0.0
0.0
0.0
0.0
0.0
0.0
1.12704
1.33435
0.0
1.05485
4.98371
0.281304
0.0
0.0
0.0
0.0
0.645258
0.0
0.0
0.0
0.424948
0.0
1.0677
0.0
0.0
0.0
0.0
0.0
0.0
0.0
0.0
0.847904
0.0
1.84895
0.0
0.0
0.0
0.000776023
0.0
0.240142
0.0
2.02614
0.0
0.0706124
2.24945
1.03586
0.0
0.0
0.674628
0.335026
0.0
0.828529
0.0
0.0
0.0
0.0
0.0
0.0
0.0
0.0
0.0
0.0
0.0
0.0
0.0
0.0
0.0
0.0
0.157861
0.863429
0.0
0.0
0.0
0.414118
2.52722
0.0
0.0
5.55606
0.0
0.0
0.0
0.0
0.106724
0.42902
0.0
0.0
0.668407
0.0
0.0
0.0
0.0
0.0
1.24322
0.824942
0.0
0.0
1.31534
0.0
0.0
0.0
0.0
0.0
1.14202
0.810016
0.0
0.0
2.74862
2.71634
0.0
0.0
0.0
0.0
1.28629
2.34968
0.0
0.0
0.0
0.305585
0.449243
0.0
0.17574
0.0
1.83793
0.430312
1.33469
0.0
0.0
0.0
0.0
0.0
1.23409
3.66232
3.89745
0.0
1.25488
2.41608
0.0
0.0
0.661674
0.0
0.228329
0.0
0.0
0.0
0.0
0.0
0.0
0.0
1.17647
0.0
0.0
0.0
0.0
0.0
0.0
0.315253
1.45589
0.0
0.0
1.37367
0.785008
0.0
0.0
0.0
1.6483
0.0
1.80462
0.0
2.56584
0.0
0.59066
0.38436
0.555182
0.0
2.08006
0.0
0.0
0.0
0.0
0.0
1.31032
0.400401
0.377009
0.0
0.0
0.0
0.0
0.0
0.0
1.24387
0.0
0.0
1.4149
0.0
0.0
2.61671
0.0
0.0
0.102431
0.0
0.0
0.0
0.0
0.0
0.0
0.0
0.0
0.0
0.0
0.0
0.683245
0.889488
0.502785
0.764448
0.0350081
0.0
0.0
2.43624
0.0
1.56456
0.0
0.0
0.173535
1.16601
0.0
3.04425
4.70551
3.44831
0.0
0.905197
0.0
0.0
1.31956
0.0
0.254818
0.0
0.0
0.0
0.307626
0.0
0.0
0.0
0.0
0.0
0.486919
0.0
0.0
0.0
0.439811
2.828
0.0
0.0
0.0
0.0
0.0
0.0
1.88846
0.0205625
0.0
1.41543
1.65797
0.0
0.0
1.74992
0.0
0.0
0.0
0.0
2.12145
0.0
0.0
0.0
0.0
0.0
0.0
0.0
0.251024
0.269518
0.34424
0.0
0.0
0.0
0.758397
1.06209
0.0
0.0
0.0
0.0
0.0
0.979669
0.0
0.0
0.0
0.0
0.0
0.0
0.0
0.0
0.0
0.297247
0.0
0.0
0.718255
0.0
0.0
2.78538
0.0
0.0
0.0
0.0
1.26396
0.0
0.0
3.34947
0.0
0.0
0.0
0.0
0.0
0.0
0.0
0.0
0.0
0.0
0.0
0.0
4.46967
1.63324
0.736316
0.0
0.0
2.13201
0.0
0.0
0.43923
0.647131
0.0
0.0
0.0
0.0
0.0
0.521839
2.21542
0.511579
0.0
0.0
0.752104
0.0
0.0
0.0
0.0
0.0
0.414949
1.48141
1.54694
0.0
0.0
0.0771594
0.0
0.0
0.0
0.0886683
0.88428
2.18581
2.07851
0.0
3.26148
0.0
0.0
0.0
0.0
0.0
0.0
1.31823
0.178874
0.0
0.0
0.0
0.120637
0.0
0.0
0.0
0.0
0.0
0.0
0.0
2.51767
0.0
0.0
0.0
0.0
0.0
0.0
0.0
3.1368
0.0
1.2449
0.103346
0.0
0.0
0.0
0.40032
0.0
0.0727024
0.599012
0.0
0.0
0.0
1.29091
0.0
0.0
1.79821
1.995
0.37499
0.0
0.439805
0.0
0.0
0.0
0.0
0.0
0.0
0.0
0.0
0.0
0.0
1.19503
0.0
0.0
0.0
0.0
0.0
0.0
0.0
0.0
0.0
0.0
0.0
0.0
1.36404
0.0
0.0
0.0
0.0
0.863673
0.392267
0.0
2.02481
2.78428
2.14794
2.46887
0.0
1.99077
0.0
1.53198
0.0
0.0
0.0
0.0
0.0
0.0
0.0
0.0
0.0
0.0
0.0
0.321828
0.0
0.0
0.0
0.225873
0.968638
1.10633
0.0
0.0
1.01217
2.48373
1.05935
0.0
0.0363092
0.740826
0.0
1.52736
0.907776
0.0
0.0
0.0
0.0
0.0
3.60151
1.92246
1.65993
0.0
0.0
0.44261
0.0
0.0
0.0
0.0
0.0
2.6341
0.0
0.0
0.0
0.0
2.19246
0.0
0.0
0.308637
0.0565615
1.21211
0.0
0.0
2.54034
0.0
0.0
0.0
0.0
1.44796
0.0
0.0
0.0
0.0
0.0
0.0
0.731735
0.0
0.0
0.0
0.0
0.761031
0.0
0.0
0.671719
0.0788053
0.0
0.0
0.0
0.0
0.0
0.0
1.40097
4.71729
0.0
0.799408
1.54216
0.0
2.07165
0.0
0.0
0.0
0.840901
0.0
0.0
1.25137
1.44746
0.0
0.0
1.63957
0.692165
0.0
0.0
0.0
0.0
3.14058
0.0
0.230354
0.0
0.0
0.0
0.708588
0.0
0.0
0.0
0.0
0.0
0.689587
0.0
0.0
0.0
0.0
1.34893
0.0
0.0
0.0
0.0
0.0
2.56005
1.89114
0.0
0.133453
3.53451
0.860518
0.0
0.0
0.0
1.83061
0.0
0.0
0.0
0.0
0.0
0.0
1.05835
0.0
0.0
0.0
0.0
0.0
0.413699
0.0
0.860077
0.0
1.81262
0.0
0.0
1.61264
0.0
0.0
0.0
0.0
0.0
0.0
0.0
0.0
0.0
2.78496
0.0
0.0
1.05553
0.0
0.0
0.0
1.65936
0.0
1.73165
0.603576
0.0
0.0
0.0
0.0
0.0
0.0
0.0
0.0
0.0
0.477589
0.0
0.0
2.08581
0.0
0.0
0.0
0.375555
0.0
1.44045
0.505301
1.28626
0.190933
0.874855
0.740394
0.0
0.58235
0.0
0.0285433
0.0
0.0
0.0
1.58946
0.0
0.0
1.36546
1.00258
0.0
0.364439
0.0
0.0
3.6531
0.80039
0.206324
0.0
0.0
0.966336
0.0
0.0
0.0
0.260745
0.0
1.83242
0.330796
2.67106
0.603685
0.0
0.0
1.25427
0.0
0.0
0.622722
0.840472
2.50303
0.0
0.0
0.0
0.0
0.0
0.0
0.355543
0.0
2.40075
0.0
0.0
2.04259
0.0
0.805712
0.0
0.0694418
0.0
0.0
0.000972733
0.0
1.5541
1.99619
0.0
0.810192
0.379931
0.0506924
0.850359
0.0
0.0
0.0
0.0
0.0
0.0
0.0
1.16439
0.0
0.0
0.0
0.745264
0.0
0.0
1.70129
0.0
0.0
0.0
0.0
0.0
2.0147
1.25384
0.875128
2.35179
0.482027
0.0
1.0833
0.0
0.0
0.0
0.0
0.0
0.0
0.165565
0.0
0.0
0.297107
0.0
1.07321
0.0
0.0
0.0
0.0
0.0
0.0
2.6297
3.17215
1.22208
0.0
1.83147
0.0
0.0
2.69065
0.0
0.0
0.0
0.0
0.0
0.0122706
0.0
2.25814
0.0
0.0
0.0
0.0
0.0
0.0
0.0
0.0
0.0
1.85105
0.0
0.0
2.66947
0.0
0.0
0.0
0.362376
0.0
0.0
0.0
0.859779
0.0
0.0
1.0182
0.0
0.436607
1.47568
0.0
0.0
0.0
0.0
0.0
0.0
0.0
0.211537
0.0
0.271428
1.82436
0.0
1.98037
0.0
0.0
0.0
0.0
0.198633
0.0
0.0
1.25423
0.0
1.46538
0.0
0.804243
0.0
0.0
0.0
0.0
1.90876
0.0
0.334538
0.0
0.0
1.73384
0.0
0.0
0.0
0.0
0.0
0.0
0.0
2.45358
0.920612
0.121242
0.937037
0.0
0.0
1.03726
3.02427
3.17441
0.0
0.0
0.0
0.0
0.0
0.0
0.0667462
0.629993
0.0
0.0
2.18735
0.0
0.891489
0.0
2.33784
0.0
0.0
0.0
0.0
0.0
0.0
0.0
0.0
0.0
0.0
0.0
0.0
0.0
0.0
0.830266
0.0
0.184539
1.9124
0.0
1.65551
0.0484529
0.0
1.41753
2.70358
0.0
0.0
0.0
0.0
0.683518
0.0
2.75047
0.0
0.0
0.382382
0.0
0.0
2.06467
0.0
0.0
0.0
0.0
1.54156
0.794958
2.15751
0.0
0.0
0.188364
0.0
1.80658
0.0
0.0
0.0
1.55073
0.0
0.0
0.773081
0.0
0.0
0.0
3.26215
0.0
4.59049
0.0
0.0
0.558836
0.0
0.0
0.0
0.0
0.0
0.0
0.0
0.0
0.5794
1.37031
0.0
0.0
0.0
0.881537
0.0
0.0
0.0
0.0
0.0
1.73495
0.0
0.0
0.0
0.0
0.0
0.0
0.29789
1.43394
2.74125
0.0
1.24655
0.0
0.0
0.107046
0.0
0.0
0.0
0.0
2.14534
0.0
0.0
0.583037
0.0
0.0
0.0
0.798734
1.19146
0.0
0.0
0.0
0.0
0.0
0.865699
0.368221
1.38018
1.76402
1.39017
0.0
0.0
0.0
0.0
0.0
1.04119
0.0
0.0
1.26469
2.94707
0.0
0.0
0.0
0.0
0.0
2.02115
0.62141
0.0
0.0
1.24057
0.0
0.0
0.0
0.382012
0.0
0.0
0.264654
0.0
0.0
0.608884
0.0
0.0
0.774482
0.255084
0.0
0.388359
0.0
0.0
0.0
0.0
0.0
0.0
0.0
2.23085
0.0
1.82781
3.85337
0.0
0.0
0.0
0.0
2.09808
3.26129
0.0
1.12567
1.85194
0.0
0.0
2.50917
1.6256
0.0
0.0
0.0
0.0
0.0
1.07603
0.0567912
0.0
0.0
0.0
0.0
0.817044
0.907547
0.0
0.0
0.597773
0.435377
0.0
0.0
0.0
2.72505
0.0
0.0
0.0
0.0
0.0
0.942243
0.0
0.0
0.0
0.0
0.0
0.0
0.0
0.0
0.0
2.82662
0.0
0.0
0.0
0.0
0.0
0.0
1.44636
0.0
0.4266
1.32332
0.0
0.0
0.0
0.0
0.0309508
0.0
0.0
0.0
0.383484
3.18908
0.0
3.29928
0.0
0.0
0.0
0.0
0.0
0.0
0.0
0.0
0.0
0.0
0.534905
0.0
1.88979
2.29817
0.75937
0.0
0.0
0.0
0.0
0.507061
1.16157
0.0
0.407429
0.0
0.0
3.33628
0.0
0.0
0.0
2.19562
0.0
2.2781
0.0340716
0.0
0.0
0.0
0.0
0.0
0.0
0.0
0.0
1.13509
0.0
0.0
0.0
0.364499
2.75331
2.19808
0.0
0.0
0.0
0.263485
0.0
0.0
2.13645
0.0
0.0
0.0
0.0
0.0
2.25594
0.0
0.0
0.0
0.0
0.0
0.0
0.0
0.0
0.0
0.0
0.0
0.0
0.0
0.0
2.91266
1.00334
1.46196
0.0
0.0
0.0
0.125356
0.0
2.83894
0.995939
1.4742
0.618544
1.49042
0.949266
0.331682
0.0
2.40305
0.0
1.32119
0.0
1.89035
0.0
0.0
0.0
0.0
0.0
1.56602
1.551
0.0
0.128862
0.0
0.0
0.0
1.18714
0.179673
0.331475
0.0
0.0
0.131018
0.0
0.256306
3.25841
0.0
1.5528
0.0
0.503897
0.0
0.0
1.15857
0.368699
0.0
0.0
0.0
0.0
2.75983
0.0
0.0
0.0
0.0
1.12426
0.29312
0.244937
0.466091
0.0
0.0
0.0
1.03807
0.717528
0.0
1.05595
0.0
1.63529
0.0
0.0
0.0
0.0
2.33076
2.40126
0.0
0.0
0.348822
0.0
3.15089
0.0
0.0
0.688707
0.245289
0.0
0.0
0.0
0.0
0.0
0.0
0.0
0.0
2.23413
0.0
0.0
0.0
3.81075
0.0
0.0
0.173203
0.0
0.0
0.0
0.0
0.0
1.72551
0.0
0.488053
0.0
0.0
0.91173
1.08702
0.0
0.0
0.0
1.38993
0.0
1.81373
0.0
0.0
0.0
0.0
0.0
0.203681
0.135248
0.0
2.26326
0.393258
0.0
0.0
0.0
0.0
0.0
0.695288
0.0
1.86609
0.0
0.491377
0.188562
0.0361663
1.63567
0.0
1.08898
0.0
0.719191
0.603722
0.0
0.43875
0.0
0.0
0.0
0.0
0.0
0.0432273
0.0
0.0
0.0
0.0
0.0
0.0
1.75536
0.0
0.34734
0.0802642
0.339062
0.0
0.0
0.0
0.0
1.67018
0.0
0.226805
0.0
1.89927
0.0
3.12152
0.0
0.0
0.0
0.9226
0.0
0.227118
0.0
0.143709
0.0
0.0
0.0
0.0
0.0
0.0
0.748199
0.0
0.0
0.0
0.0
0.0
0.0
0.244492
0.0
0.385474
2.40228
0.0
0.538622
3.09504
0.0
0.158397
0.0
0.0
0.0
0.0
0.71695
0.0
0.0
0.0
0.0
1.22447
0.0
0.0
0.0
0.0
0.0
0.0
0.0
0.0
0.0
0.0
0.0
0.0
0.0358292
0.738224
0.0
0.743871
0.0
0.33817
0.362618
0.0
0.0392702
0.0
0.0
1.32817
0.0
0.301367
0.0
0.0
0.0
0.0
0.0
0.0
0.0
0.0
2.35732
0.56738
0.0
0.0
0.0
0.0
0.0
0.0
0.0
0.0
0.0
0.0
0.0
0.0
0.0
3.74257
1.21023
1.43316
0.0
0.0
0.0
1.54516
0.0232981
0.0
0.0
2.92426
0.0
0.0
2.15383
0.904826
0.082662
0.0
0.0
0.406443
0.0
0.0
0.0
0.114238
1.10687
4.71309
0.0
0.283299
0.0
0.0
0.192385
0.0
0.0
0.251337
0.15507
0.0
1.6306
1.31556
0.0
0.907421
2.91027
0.0
1.21578
0.0
1.89205
0.0
0.0
0.0
0.0
0.0
0.0
0.616536
0.0
0.0
1.76696
0.0
0.0
0.243376
0.0
1.24969
0.0
0.0
0.0
0.0
0.211198
0.0
0.130066
0.0
0.0
0.0
0.0
0.368838
1.01407
0.538683
0.0
0.0
0.0
3.37111
0.100343
0.0
1.07976
0.0
0.0
0.0
1.0326
0.0
0.0
0.0
0.0
0.0
0.0
0.0
0.0
0.0
2.78684
1.46811
0.252022
0.0
0.0
0.689589
0.191087
1.44849
0.0
0.0
0.0
0.0
0.701636
0.0
0.0
0.0
0.204736
0.0
0.0
0.0
0.0
0.0
0.0
0.0
0.0
0.0
0.0
0.0
0.0
0.442881
0.404115
0.0
0.0
0.0
0.0
0.0
0.0
0.916559
3.07651
4.33448
0.111804
0.0
2.12203
0.0
0.0
0.0
1.19597
0.0
1.1064
0.0
0.861717
1.45869
0.0
0.0
0.527752
1.91376
0.0
0.0
0.0
0.714044
0.0
0.0
0.0
0.0
0.0
1.43941
0.0
0.997017
0.0
0.0
0.0
0.0
0.2481
0.0
0.0
0.49537
0.0
0.0
0.0
0.0
0.0
0.0
0.0
0.0
0.0
1.22831
2.89042
0.0
0.0
0.0
0.539821
0.469567
0.0
0.234346
0.0
0.309374
0.0
0.0
1.65312
2.6117
0.0
0.0
0.0
0.0
0.0
0.0
0.706102
0.0
0.0
0.0
0.286789
0.0
0.0
1.05757
0.0
0.0
1.12776
0.511105
0.0
0.0
0.0
2.07998
0.0
0.0
0.0
0.0
0.0
0.0
0.0
0.0
1.72556
1.03451
0.0
0.0
2.4826
0.0318628
0.157243
1.87792
0.0
0.0
0.0
0.0
0.0
0.0
0.0772251
0.0630652
0.0
0.0
3.46524
0.0654451
0.0
0.0
0.0
0.0
1.75644
0.0
3.18707
0.0
0.0
1.72427
0.965899
2.42712
0.372777
0.0
0.0
0.358084
0.0
0.0
0.0
0.0
0.0
0.0
0.0
0.884968
0.0
0.0
0.862729
0.0
0.0
0.0
0.0
0.0
1.59349
0.0
0.0
0.0
0.0
0.0
0.0
4.38452
0.0
3.46553
0.0
0.0
0.0
0.0
0.0
0.0
0.936356
3.66715
0.0
1.11715
0.0
1.51251
0.0
0.0
0.0
0.0
0.357197
0.0
0.0
1.96847
0.0
0.0
0.0
0.0
0.0
0.0
0.0
0.0
0.426921
0.73464
0.0
0.0
0.0
0.0
0.0
0.0
0.0
0.0
0.0
0.0
0.0
0.0
0.0
1.25022
0.0
0.0
0.0
1.23131
0.535987
0.0
0.906445
0.0
2.43749
0.0
1.44592
1.94161
1.96331
0.0
1.08874
0.0143349
0.0
1.99446
2.76785
0.0
0.51211
1.83703
1.37197
0.0
0.125057
0.0
0.0
0.0
1.43992
0.0
0.795358
3.42306
0.0
3.81852
0.0
0.0
1.50524
0.5088
0.0
1.23898
0.206198
1.02478
0.0
2.70543
2.05744
0.0
0.0
1.86131
0.0
0.0
0.0
0.0
0.75777
0.0
0.0
0.0
0.0
0.388572
0.0
0.725111
0.0
0.0
0.0
0.0
0.0
2.28616
0.0
1.74115
1.72722
0.535195
0.0
0.0
0.0
0.0
0.0
0.0
1.09994
0.0
0.0
0.0
2.44813
0.0
1.52727
2.22257
2.03386
1.27782
0.594272
0.0
0.0
0.0
0.0
0.0
0.0
1.85562
0.0
1.1918
0.0
0.0
0.0
0.0856303
3.37353
0.083296
0.0
0.0
0.225109
0.0
0.0
0.0
0.0
4.61065
0.0
0.00271907
1.04973
0.0
0.0
0.0
0.0
0.944636
0.843517
0.0
0.0
0.0
0.0
0.0
6.26051
0.0
0.909298
1.09326
0.0
0.0
2.44656
0.0
0.0
0.0
0.0
2.16257
1.70334
0.0
0.0
1.38718
0.0
1.52652
0.0
0.0
0.0
0.0
0.630346
2.3277
0.0
0.0
0.0
0.0
0.0
0.0
0.108943
3.72102
0.0
1.30836
0.0
0.705117
0.181963
0.0
0.999605
0.0
3.34281
0.0
0.0
0.0
1.16237
0.0
0.0
0.0
3.12155
0.0
1.41153
1.16181
0.0
0.0
0.0
0.0
0.0
0.0
1.98917
0.216565
0.0
0.0
2.27515
1.00269
0.0
0.0
0.0
0.0
0.326518
0.0
0.39654
0.0
1.82801
0.0
0.0
3.37789
0.0
0.0
0.0
1.40251
0.0
1.53841
0.0
3.25923
1.83683
0.0
0.0
0.0
1.03916
0.0
0.424348
0.0
0.0
0.0
0.0
2.02259
0.0
0.0
0.0
1.43187
0.0
1.2502
0.0
0.0
0.0
0.0
0.792158
0.0
2.07114
0.0
0.0
0.062992
3.00049
0.0
0.451368
0.0
0.0
0.0
0.0
0.0
0.0
0.81338
0.841861
1.01654
0.0
0.541936
0.0
1.71111
2.79224
0.0
1.26987
0.0
0.0
0.0
0.0
0.746326
0.0
0.0
0.798911
0.0
0.0
0.0
0.0
0.0
0.61197
2.91124
0.0
0.177876
0.0
1.15687
1.86321
0.799687
1.87023
0.854391
0.0
0.0
0.0
1.0236
0.574727
0.194023
0.0
0.0
0.389171
2.08844
3.51433
0.0
1.25061
1.34013
0.0
0.0
0.0
0.0
0.763094
0.0
0.0
0.0
0.438106
0.0
0.0
0.0
2.10241
0.0
1.29112
0.973174
0.501784
0.0
0.19998
0.0
0.0
0.0
0.0
0.0
0.0
0.0
0.0
0.0
0.752618
0.0
1.27486
0.750824
0.0
0.0
0.0
0.0
0.71212
0.0
0.0
0.0
2.93212
0.0
0.0
2.63599
0.0
0.0
0.293519
0.0
0.810449
5.38565
1.36755
0.0
0.0105595
0.0
0.0
0.0
2.67674
1.04566
0.822379
0.0
0.0
0.0
0.710384
0.0
2.52008
0.0
0.674469
0.0
0.0
1.79913
0.0
0.0
0.428793
0.0
0.0
0.0
0.0
0.0
0.0
0.19419
0.0
2.14101
2.20668
0.0
0.34339
0.189293
0.0
0.0
0.299992
0.0
2.64465
0.0
0.0
0.0
0.0
0.0
0.0
0.0
0.0
0.0
0.0
0.0
0.0
0.0
2.59016
0.525666
1.26253
0.0
0.963559
0.476939
0.973933
0.0
0.762036
0.0
0.0
0.0
0.0
0.0
0.0
1.64035
0.0
0.0
0.0
0.0123339
0.0
0.0
0.493631
0.0
0.0
0.246132
0.0
0.541412
0.0
1.95441
3.03243
0.10964
0.0
0.0
4.18088
2.11298
3.18124
0.0
0.729902
2.42273
0.0
0.0
0.0
0.0
0.0
0.0
0.0
0.623292
0.0
0.0
0.0
1.53147
0.0
0.0
0.0
2.20244
0.0
2.33925
0.0
0.517086
0.385436
2.22852
0.425028
0.0
2.8741
0.0
0.0
0.0
0.0
0.0
0.0
1.36283
0.817478
0.0
0.0
0.0
0.0
0.0667275
0.0
0.0
0.0
0.0
1.66701
0.0
0.330744
0.0
0.231209
0.0
2.55691
2.56067
2.44204
0.0
0.795837
0.0
0.0
0.0
0.0
0.0
0.316159
0.0
3.45591
0.245894
0.0
0.0
0.0
0.0
0.0
0.0
0.0
1.54371
0.0
0.0
2.22509
0.0
0.0
0.0
0.0
0.0
0.0
2.56512
0.0
0.0
2.3001
0.0
1.39947
0.0
0.0
0.0
0.0
0.722943
0.0
0.0
0.0
0.0
0.0
0.0
0.0
0.12546
0.0
2.20127
0.90996
0.318607
0.290161
0.0
0.0
0.0
0.0
0.0
0.0
1.3624
3.44815
0.869581
1.22832
0.0
0.0
0.0
0.0
0.0
0.0
0.0
0.0
0.00817221
0.0
2.96994
0.605727
0.0
0.269926
0.0
0.0
0.0
0.0
0.0
0.0
0.0
0.0
0.952075
0.0
0.0
0.0
0.0
0.0
0.0
1.31319
1.01687
0.0
1.87899
0.0
0.0
0.0
0.588737
3.83839
0.0
0.0
0.0
0.0
0.0
3.32503
0.0
0.0
0.0
0.0
0.297221
0.0
0.0
0.0
0.0
0.407159
0.0
0.0
0.0
0.0
0.0175257
0.0
0.0
0.0796004
1.34147
0.747126
0.0
0.0
0.0
0.0
0.0
0.0
0.382809
1.87452
0.0
0.827472
0.0
0.873916
0.0
0.0
0.0
0.686515
0.0
0.0
0.0
0.0
0.0
1.61408
0.0
0.0
0.0
0.0
0.0
0.0
0.73742
0.791789
0.0
0.0
1.05589
0.0
1.64144
0.0
0.0870714
0.0
0.0
0.0
0.0
0.0
0.0
0.0
0.0
0.0
0.717377
1.06435
0.256611
0.0
0.0
1.54966
0.0
0.0
0.0
0.0
0.0
0.0
0.257631
2.63094
0.0
0.0
0.0
0.0
0.0
0.0
0.101515
0.0
0.543126
0.37039
0.0
0.0
0.0
1.30863
0.118674
0.0
0.0
0.0
0.0
0.0
2.51448
0.0
0.0
0.860312
0.0
0.0
0.0
0.906818
0.383539
0.695696
0.0
0.0
0.0
0.385285
0.0
1.39645
0.928569
0.0
0.0
0.0
0.180152
2.19283
0.123221
0.0
0.0
0.666313
0.0
0.811963
0.0
0.0
0.0
0.18517
0.550853
1.01585
0.720556
0.0
0.0556438
0.0
0.0
1.52987
0.378385
0.0
0.287573
0.0
2.47322
0.0
0.0
1.21457
3.20489
0.0
0.0
1.54747
0.980593
0.0
0.0
0.833706
0.0
0.0
0.252276
0.0
0.0
0.0
0.0
0.0
0.916709
0.0352894
1.00625
0.0
0.635772
5.19775
0.595928
0.0123935
0.640298
1.95059
0.88817
0.0
0.343727
0.0
3.30997
0.0
0.0
0.0
0.0
1.61518
0.0
0.0
0.0
0.0
0.0
1.0108
0.0
3.62464
1.89018
1.67906
1.08219
0.0
0.0
0.0
1.97866
0.0
3.1244
0.0
2.24722
1.62857
0.0
0.930836
0.0
0.792167
0.0
0.0
0.0
0.0
0.0
0.0
0.0
0.0
0.0
0.0
0.0
0.0
2.96585
0.0
0.0
0.529263
0.0
0.0
0.820524
2.3364
0.296099
0.0
0.190961
0.0
0.0
0.0
0.0
0.508037
0.156521
0.0
0.0
0.0
0.0
0.191865
0.0
0.0
1.86588
0.0
0.0
0.994056
0.0
0.0
0.0
0.0
0.857718
0.620929
0.0
2.10473
0.011134
0.0
0.0
0.0
2.94956
0.0
0.0
1.68906
0.0
1.36531
0.0284342
0.0
1.05914
1.40891
0.0
1.57264
0.295244
0.0
0.0
0.893116
0.0
0.0
0.0
0.0
0.0
0.770818
0.0
0.0
4.52931
0.0
0.0
0.194251
0.0
0.0
1.11909
0.0
0.592545
0.0700935
1.25983
0.0
0.0
0.0
0.114421
0.0
0.0
0.0
0.0
0.50078
0.446443
0.533266
0.391648
0.0
0.0
1.0333
0.90683
1.56272
2.2828
1.13074
0.0
0.839173
0.442582
1.88625
0.397957
0.0
0.0
0.0
0.0
0.0
0.0
0.0
0.0
0.0
0.0
0.0
2.20414
0.300117
0.782465
0.0
1.67333
0.0
0.0
0.0
0.0
0.0
0.0
0.0
0.0
0.0
0.0
0.0
0.0
0.0
0.995067
0.0
0.177379
0.954081
0.414728
0.0414499
0.0
0.0
0.880724
1.8024
0.0
2.73942
0.0
0.0
3.25529
0.0
0.0
2.26052
0.0
0.0
0.0
0.0
1.33846
0.0
0.0
1.76295
0.303142
0.0
0.0
0.0
0.0
0.133016
0.569748
0.0
2.64532
0.0
0.0
0.0
2.04921
0.486703
1.71668
0.0
0.0
0.0
0.00360738
0.0
0.0
0.0
0.0
0.0
0.0
2.20426
0.0
0.0
0.813599
0.261627
0.0
0.0
0.0
0.0
0.0
0.0
0.118018
0.0
0.0
2.09483
0.0
0.0
0.0
0.0
0.0
0.0
0.0
0.0
0.0
2.10321
1.48596
2.93886
0.0
0.941957
0.0
0.0
1.20606
1.38916
0.874173
0.0
0.0
1.41344
0.0
0.0
0.0
0.0
0.322124
0.0
0.0
0.0
0.0
0.0
0.821688
0.0
0.483597
1.63615
0.83875
0.0
0.0
0.0
0.0
0.0
0.0
1.36175
0.0
0.0
0.0
0.263073
0.196859
0.0
0.0
0.0
0.0
0.0
0.0
0.0
0.637347
2.25337
0.0
0.0
0.501932
0.0
0.0
0.0
0.0
0.0
0.0
0.0
1.35685
1.20385
0.0
1.69251
0.0
0.0
0.0
0.0
0.0
0.0
0.0
0.0
0.0
0.0
1.62672
0.0456901
0.243207
0.0
3.616
0.0
1.38964
0.0
0.0994834
0.0
0.0
0.0
0.0
0.0
0.0
0.0
0.0
0.0
0.200846
0.626524
0.0
0.0
1.80685
0.0
0.398354
0.0344046
0.201302
0.0
0.00432338
0.0
0.050203
3.02347
0.0
0.721514
0.0
0.0
0.0
3.03726
0.0
0.0980255
0.504804
0.0
0.0
0.0
0.265919
0.0
0.0
3.89537
0.0
0.0
0.807519
0.0
0.0
0.0
0.0
1.64753
0.0
0.849903
0.0
0.978509
0.0
0.0
0.0
0.0
0.029024
0.0
0.244546
0.0
0.0
2.02516
0.0
1.03272
0.0342274
0.627539
0.0
2.55253
0.0
0.85719
0.0
0.0
0.684101
0.0
0.104562
0.519643
0.0
0.759144
0.0
0.0
0.0
0.0
0.77661
0.0
0.0
0.388099
0.0
0.0
0.0
0.0
0.0
0.69576
0.874138
0.0
2.62717
2.56542
0.0
0.0
0.0
0.0
0.397791
0.159355
0.0
1.33709
0.0
0.0
0.0926085
0.0
0.0
0.0
0.0
0.271755
0.0
0.0
1.50056
0.0
0.0
0.0
0.0
0.0
0.0
0.108575
0.0
1.00261
0.0
0.0
0.0
0.0
0.0
1.23723
1.12599
0.0
0.0
0.0
0.0
0.0
0.0
0.0
0.0
0.0
0.0
1.84048
0.0
0.544887
2.00516
0.0
1.20016
0.0
0.0
0.0598338
0.0
0.0
0.0
2.36456
0.0
0.0
0.0
0.0690232
0.0
0.0
0.0
0.0818319
0.0
0.0
0.0
2.63726
0.0
0.0
0.842866
0.0
0.704112
0.84837
0.898373
0.199835
0.0
0.0
0.0
1.97637
0.0
2.32042
0.0
0.0
0.329963
0.0
0.0
0.0
0.0926326
0.0
0.0
2.49277
0.0
0.0
0.0
0.064059
1.9598
0.0
0.0
0.0395465
0.0
0.0
1.99907
0.0
0.0
0.0
0.0
0.0
2.2458
0.0
1.10592
0.582158
0.0
0.612907
3.63298
0.0
1.35084
0.0
2.39983
0.0
0.340908
0.0
0.0
2.39787
1.18681
0.0
0.0
0.0
0.722426
0.0
4.37071
1.56854
0.0
1.93254
0.0
0.0
1.29784
0.0
0.0
0.0
0.0
1.10679
3.70527
0.734174
1.82635
0.931345
0.0
0.0
1.0233
0.0
1.86238
0.0
0.570885
2.08191
0.202274
0.0
0.0
0.0
0.0
0.0
2.11113
0.0
0.119386
0.211634
0.0
0.62684
0.0
2.11771
0.0
0.0
0.0
0.0
1.97066
0.0
0.0
0.0
0.0
0.0
0.0
0.0
0.0
0.0
0.0
0.771225
0.18346
0.0
0.0
1.66872
1.54787
0.0
0.0
0.0
0.349851
0.0
0.43565
0.489514
2.63924
0.0
0.0
0.0
0.0
0.0
0.0
0.0
0.475709
0.153353
0.0
0.0
0.0
0.0
0.700748
0.111649
0.0
0.13671
0.104393
0.0
0.0
0.754006
0.0
0.673237
0.0
0.0
0.0
0.0
0.0
0.0
0.0
0.0
0.404628
0.0
0.0
0.0
0.197547
0.0
0.162905
3.37389
0.429532
1.78984
1.10786
0.835639
0.0
1.18886
0.0
0.0
1.26154
0.0
0.0
0.0
0.0
1.97501
0.0
0.0
2.38138
0.0
0.737097
0.0
1.81188
0.634366
0.888308
0.0
0.0
0.518207
0.58113
0.0
1.89534
0.0
1.39829
0.0
0.0
0.0
1.175
0.689764
0.701041
0.371749
0.0
0.337994
0.0
0.0
0.0
0.0
1.15261
0.0
0.0
0.0
0.0
0.467896
1.923
1.02771
0.0124215
0.0
0.175505
0.0
0.0
0.395737
0.188593
0.0
0.0
0.0
1.52191
0.0
0.0
0.762237
0.0
0.0
0.0368881
0.00998533
0.0
0.0
0.0
0.0
0.0
0.0
0.0118022
0.0
1.51906
1.67308
0.0
0.817358
0.0
0.0
0.0
0.0
0.0
0.605541
0.413119
0.0
0.0
0.0
0.0
0.0
0.0
0.0
0.0
0.0
0.0
0.26573
0.0
1.32436
0.351356
0.714984
0.0
0.0
0.0
1.30147
0.0
1.26712
0.45929
0.0
0.0
0.0
0.0
0.0
0.0
0.0
0.0
0.0
0.217581
0.245976
0.0
0.0
0.0
0.0
1.85008
0.376655
0.622298
0.0
3.45931
0.0
2.64851
0.0
0.0
0.0
1.06838
2.96651
0.0
0.0
0.0
0.872243
0.0
0.0
0.118839
0.0
0.0
0.0
0.0
0.312508
0.94334
1.39236
0.0
0.540908
0.0
0.0
0.0
0.0
0.0
0.252342
0.0
0.0
0.0
2.03274
0.0
0.0
0.0
1.21285
1.3486
0.0
0.0
0.0
0.0
0.0
0.0
0.0
0.0
0.0
0.0
0.0
0.0
0.280618
0.109914
1.33602
0.0
0.0
0.835035
0.729389
0.0
0.0
0.0
0.0
2.40927
2.37382
0.0
0.061923
0.0
0.0
0.0
0.0
0.0
1.07526
1.16996
0.0
0.0
1.57216
0.0
0.0
0.0
1.61737
0.0
0.0
0.0
0.0
4.16634
0.0
0.911891
0.0
0.636665
2.99988
0.0
0.0
0.0
0.0
0.0
0.0
0.0
0.0
0.0
0.0
0.0
0.0
0.0
0.0
0.0
0.416657
0.0
2.99351
0.0
0.0
0.0
0.473057
0.0
0.0
0.0
0.0
0.752594
0.817463
0.0
1.15711
0.0
0.0
0.0
0.0
0.0
0.0
0.0
0.0
0.0
0.495896
3.80845
0.0
0.0
0.0
0.0
0.0
0.0252371
0.0
0.0277687
1.91213
0.537212
0.0
0.0
2.10047
0.0
0.108911
0.0
0.0
0.0
0.0
0.624759
0.0
0.0
0.811994
0.0768524
0.0
0.0
1.78154
0.822667
0.0
0.0
0.163536
0.279469
0.0686696
0.0
0.0
0.208799
0.0
2.392
2.0156
0.0
0.422963
0.681134
0.0
1.54938
0.662017
0.0
0.0
0.470733
0.0
0.0
0.217083
1.27884
0.0
0.0
0.0
0.610099
0.129054
2.88579
0.187151
0.0
1.18474
0.236854
0.0
0.0
0.0
1.59562
0.0
0.0
0.0
0.0
0.0
0.0
0.0
0.459718
0.0
3.6694
0.0
0.0
0.0
2.02344
0.0
1.37295
0.0
0.0
0.0
1.04009
0.257264
0.0
0.0
0.0
0.0
5.17029
0.0
0.0
0.469028
0.213742
0.647923
0.0
0.0
2.13038
0.0
3.6897
0.0
0.0
2.33264
0.412297
0.199709
0.0
3.04406
2.29556
0.0
0.0
0.0
0.0
0.985425
0.0
3.42669
0.0
0.0
0.0
0.0
0.0
0.0
1.2717
0.938967
0.0
0.0
0.0
0.0
0.0
0.0
0.0
0.0
0.0
2.83261
0.0
2.03622
0.0
0.0
0.514172
1.67647
0.000351876
0.522898
0.0
0.0
1.71153
0.0
0.0
1.01063
0.0
1.52149
3.18196
0.0
1.8981
0.0
2.42236
0.620022
0.75758
0.0370174
0.0287836
0.0
0.278964
2.70431
0.0
2.04278
0.0
0.0
0.0
0.140347
0.278363
0.0
1.35002
2.89514
0.0
3.44534
0.0
0.0
0.0
0.0
0.0
0.0584976
0.0
0.318805
0.259344
1.19155
0.0
0.0
3.54979
1.43905
0.0
0.0
0.529756
0.0
0.0
0.0
0.0
0.0
0.0
0.0
0.226188
0.0
0.0
0.0
0.0
0.0
0.0
0.0
0.0
1.83773
0.321065
0.0
0.0
0.0
0.0
0.0
0.0
0.0
1.7543
0.0
0.0
1.90546
0.0
1.92354
0.0
0.0
0.0
0.0
1.55693
0.0
0.0
0.0
0.0
0.808438
0.0
0.0
0.0
0.211479
1.16512
0.766284
0.0
0.0
0.0
0.0
0.0
0.0
0.0
0.0360136
0.822864
3.39355
0.0
0.602548
0.0
0.0
0.606969
0.0
0.0
0.0
4.96917
0.0
0.72353
2.09047
0.0
0.0
0.0
1.88124
0.0
0.0
2.85994
0.0
0.365682
0.0
1.77153
0.0
1.62311
2.01398
0.0
0.0
0.90917
0.0
0.51798
2.74953
0.0
0.0
3.48765
0.0
0.0
0.0
0.874347
0.0
0.0
0.0
0.0
0.0
1.62417
0.937874
0.0
0.0
1.79648
2.824
0.792122
1.40623
1.09922
0.0
0.0
1.61764
0.0
0.0
0.0
0.0
3.2333
0.0
0.0
0.0
1.78877
0.0
0.0
0.0
0.246852
0.0
3.24764
2.21642
0.0
0.0
0.0
0.438574
1.59652
0.0
0.0
0.746315
0.0
0.648785
0.0
0.0
0.0
0.0
2.82345
0.0313394
1.58051
0.0
0.0
0.268945
0.0
0.0
0.372512
0.0
0.0
1.42329
0.231613
0.17296
0.0
4.06682
0.0
0.334945
0.0
0.0
0.0
4.21864
0.0
0.0
0.741063
0.315694
0.0
0.0
0.0
1.94797
0.0
0.0
1.13173
0.0
0.0
4.5028
0.809961
0.0
0.0
2.85134
0.0
0.0
0.0
0.328317
0.0
0.39255
1.17573
0.308088
0.0
0.0
0.0
1.88088
0.736178
0.0
1.37843
1.63012
1.72866
0.0
0.0
2.0591
0.0
0.0
0.512411
0.0
0.494177
0.0
0.0
2.05252
0.0
0.0
0.0
1.39216
0.0
0.0
0.0
1.29966
0.0
1.69014
0.0
0.0
0.0
0.0
0.0
5.90664
0.0
0.345231
0.0
0.0
0.0
2.40823
1.42086
1.25053
0.0
1.28481
0.0
1.18562
1.90927
1.44003
0.922876
0.0
0.0
0.0
0.580487
0.0
0.0
