0.0
0.0
2.46907
1.3578
1.01507
0.0
0.0
0.0
0.0
0.0
0.0
3.23456
0.0
0.0
0.0
0.6504
0.0
0.0
0.0
0.0
0.0
0.190472
0.0
0.0
0.0
0.0
0.0
0.0
0.0
0.0
0.0
0.0
0.0
5.20574
0.0
0.0
0.0
0.173902
0.0
0.0
0.0
0.0
3.23142
0.0
0.0
0.305415
0.0
0.0
0.0
3.94376
0.0
1.40241
0.0
0.0
0.0
0.0
0.0
0.0
0.0
0.0
0.0
0.0
0.0
2.20417
0.484184
0.0
0.0
0.851984
0.0
0.0
0.0
0.0
0.0
0.0
0.0
0.0
0.0
0.0
0.0508417
0.0
1.85071
0.0
0.0
0.0
0.0
0.0
0.0
0.599999
0.0
0.0
0.0
0.0
0.0
0.0
0.0
0.0
0.0
0.0
1.73316
0.0
0.0
0.0
0.0
0.0
0.0
0.0
0.0
0.0
0.0
0.302662
0.0
0.0
0.0
2.73717
2.08392
0.0
0.0
0.0
0.737361
0.0
0.0
0.0
0.0
0.0
0.0
0.0
0.0
4.3618
0.0
0.0
0.0
0.0
0.0
0.0
1.22889
0.0
0.0
0.0
0.0
0.0
0.0
1.41529
0.0
0.0
0.0
0.0
0.0
0.0
0.304359
0.0
0.0
0.0
2.45176
0.0
0.0
0.0
0.0
0.804935
0.0
0.0
1.02551
0.0
0.0
0.0
0.0
0.414137
0.0
0.0
0.175206
3.0078
0.0
0.0
0.920292
0.0
0.0
0.0
1.43223
0.0
0.0
0.985211
3.74052
0.0
0.0
0.0
0.0
0.0
0.0
0.0
0.0
0.0
0.0
0.0
1.00033
0.487789
0.0
0.0
0.0
0.0
0.0
1.24742
0.0
0.235196
0.0
1.11898
0.0
0.0
0.0
0.0
0.0
0.0
0.0
0.0
0.0
0.0
0.0
1.69402
0.0
0.0
0.0
0.0
0.0
1.57086
0.0
0.0
0.865892
0.0
0.0439931
1.34958
0.0
0.0
0.0
0.0
0.0
0.0
0.0
0.0
0.0
0.0
0.0
0.303983
0.0
1.06973
0.0
1.64572
2.33747
0.0
0.0
3.70089
0.0
0.0
0.0
0.0
0.0
0.0
0.0
0.0
0.0
0.0
0.0
0.0
0.0
0.0
3.12099
0.0
0.0
0.0
2.49785
0.0
0.0
0.520566
0.0
0.0
0.0
0.0
0.0
0.0
0.193339
0.326584
0.0
0.0
0.0
0.298244
0.0
2.74157
0.0
0.0
0.0
0.0
0.0
0.0
0.0
0.0
0.0
0.0
1.67848
0.375649
0.0
0.0
0.0
0.0
0.0
3.93896
1.36829
0.0
0.0
1.53574
0.0
0.788374
0.0
0.0
0.0
0.0
0.0
0.0
0.0
0.0
0.0
0.0
1.07648
0.0
0.0
0.0
0.0
0.0
0.0141413
0.0
1.05735
0.0
0.0
0.0
0.0
0.0
0.0
0.0
0.0
0.0
0.0
0.0
0.0
0.0
0.0
0.0
0.0
0.0
0.339845
0.115661
0.184283
0.0
0.0
0.0
0.0
0.0
0.0
0.104171
0.0
0.0
0.0
0.0
0.0
2.01744
0.0
0.0
0.0
0.0
0.0
3.04227
0.0
0.0
0.0
0.0
0.0
0.0
0.0
0.0
0.0
0.0
0.0
0.0
0.0
0.0
0.0
0.0
0.0
1.51578
0.0
0.0
0.0
6.59279
0.0
1.08699
0.0
0.0
0.0
1.58677
0.0
1.15425
3.73773
0.0
0.0
0.969192
0.0
0.0
0.0
0.0
0.0
0.0
0.0
0.0
0.0
0.0
0.0
0.0
0.0
0.0
0.0
0.0
0.0
0.0
0.0
2.30303
0.0
0.0
0.681588
0.0
0.0
0.0
0.0
0.0
0.0
0.562942
0.0
0.0
0.0
0.0
0.0
0.0
0.0
0.0
0.0398899
0.0
0.0
0.0
0.0
0.0
2.06994
0.0
0.0
0.0
0.850568
0.284712
0.0
0.0
0.0
2.50317
0.0
0.0
0.0
0.0
0.0
0.0
0.0
2.07832
0.0
0.0
0.0
0.0
0.930031
0.0
0.0
1.10299
0.0
0.0
0.0
0.0
0.0
0.0992699
0.0
0.0
0.0
0.0
0.0
0.0
0.0
0.445143
0.0
0.0
0.0
0.0
0.574844
0.0
0.0
0.0
0.0
0.0
0.0
0.0
1.6804
0.0
0.0
0.0
0.0
0.0
0.0
0.0
1.47074
0.0
0.0
0.0
0.0
0.0
0.0
0.637483
0.0
0.0
0.0
0.0
0.0
1.48699
0.0
0.0
0.0
0.0
0.0
1.55595
0.0
0.0
0.0
0.0
0.0
0.0
0.0
0.0
0.678955
4.98585
0.0
0.0
0.615276
0.0
0.0
0.0
0.0
0.0
3.71389
0.189308
0.0
0.0
0.0
0.0
0.0
0.0
0.0
0.0
0.0
0.0
0.0
0.0
0.0
0.0
0.0389365
0.0
0.0
0.0
0.0
0.0
0.516207
0.0
0.0
0.0
0.0
0.0
0.0
0.0
0.93195
0.0
2.4815
0.0
0.0
0.0
0.0
0.0
0.0
0.0
0.0
0.0
0.0
0.0
2.65692
2.14229
0.0
0.0
0.0
0.0
0.488965
0.0
0.0
0.0
0.0
0.0
0.0
0.0
0.0
0.0
0.0
0.676278
0.0
0.0
0.0
0.0
0.61778
0.0
0.0
0.0
0.0
0.0
0.0
2.95579
0.0
0.0
0.0
0.72524
4.03032
0.0
2.31278
0.0
0.0
0.0
0.0
0.0
0.0
0.0
0.0
0.0
0.0
0.278194
0.0
0.0
0.0
0.0
0.0
0.0
0.0
0.0
0.0
0.0
0.0
0.100393
0.0
0.0
0.0
0.0
0.0
0.965652
0.0
0.0
0.0
0.0
0.0
0.0
0.0
0.0
1.97249
3.97226
0.0
0.0
0.0
0.0
0.0
0.0
0.0
0.0
0.0
0.0
0.0
0.0
0.0
0.0
1.91181
0.0
0.0
0.0
0.0
0.0
0.0
1.85171
0.0
0.0
0.0
0.0
0.0
0.0
0.0
0.0
0.0
0.0
0.0
0.0
0.0
0.0
0.0
0.0
0.0
0.0
0.0
0.236917
0.0
0.0
0.0
0.0
0.0
0.0
0.0
0.0
4.24104
0.0
0.0
0.0
0.0
0.814753
0.0
0.0
0.0
0.0
0.0
0.0
0.0
0.0
0.0
0.0
3.21672
0.387043
0.0
0.0
0.0
0.0
2.64475
0.4939
0.0
0.0
4.57131
0.0
0.0
0.0
0.0
0.0
0.0
0.699976
0.0
0.0
0.0
0.0
0.0
0.0
0.233894
0.0
0.0
0.0
0.0
4.0192
1.70177
0.0
4.24907
0.0
0.0
0.0
0.0
0.0
0.0
0.0
0.0
0.0
0.0
0.0
0.0
0.0
0.0
1.21956
0.315899
0.0
0.0
2.19763
0.0
0.0
0.0
0.0
0.0
0.0
0.0
0.0
0.0
0.0
0.0
0.451925
0.0
0.0
0.0
0.0
6.61655
0.0
0.0
0.0
0.0
0.0
0.0
2.7309
0.0
0.636389
0.0
0.0
0.0
0.0
0.0
0.319066
0.0
0.0
0.0
0.0
0.0
0.0
4.24831
0.0
0.0
0.0
0.0
0.0
0.0
3.22006
0.0
0.0
0.0
0.0
0.0
0.0
0.0
0.0
0.0
0.0
0.0
0.0
0.0
0.0
0.0
0.0
1.83982
0.0
0.0
2.68188
0.0
0.0
0.0
0.0
0.0
0.0
0.316132
0.0
0.175276
0.0
0.0
0.0
0.0
0.0
1.95191
0.828865
0.0
0.0
0.0
0.0
0.0
0.219687
0.0
0.256243
0.0
0.0
1.09284
0.154618
0.0
0.0
0.0
0.0
0.0
1.62193
0.0
1.21477
0.0
0.0
0.0
0.0
0.0
0.0
0.0
0.0
0.0
2.16549
0.0
0.0
0.0
0.0
0.203791
0.0
0.0
0.0
0.443427
0.0
0.0
0.0
0.0
0.0
0.0
0.0
3.21003
0.0
0.0
0.0
0.0
0.0
0.0
0.0335338
0.0
0.90947
0.0
0.0
0.0
2.33094
0.0
0.605779
0.0
0.0
0.0
1.53571
0.661872
0.0
0.0
0.0
0.0
0.0
0.0
0.0
0.0
0.0
0.0
0.0
0.0
0.0
0.0
0.0
0.237892
0.0
0.0
0.0
0.0
1.03022
0.0
0.0
0.0
0.0
0.0
0.0
0.0
0.321828
0.0
1.11766
0.0
0.0
0.0
0.0
0.0
0.0
0.0
3.53631
0.0
0.0
0.0
0.0
0.0
0.0
0.0
0.0
0.0
0.0
0.0
0.0
0.0
1.15371
0.0
0.0
1.19947
2.81129
0.0
0.0
0.0
0.0
0.0
0.0
1.4554
0.0
0.0
0.0
0.0
0.0
0.0
0.0
0.0
1.47184
0.0
0.0
0.0
0.0
0.0
0.0
0.0
0.0
0.0
0.0
0.0
0.0
1.36653
0.0
1.83533
0.0
0.0
0.0
0.0
0.0
0.0
0.201624
0.0
0.0
0.0
0.0
0.0
0.0
1.23511
0.0
0.0
0.0
4.15267
0.0
0.0
0.0
0.0
0.0
0.0
0.0
0.0
1.58097
0.0
0.0
0.0
0.0
0.0
0.0
0.0
0.0
0.0
0.0
0.0
0.0
0.0
0.0
1.33012
0.0
0.0
0.0
0.0
2.1672
0.0
0.0
3.26722
2.04869
0.0
0.0
0.0
0.0
0.0
1.46984
0.0
0.0
3.06337
0.0
0.0
0.0
0.0
0.983325
0.0
0.0
0.0
0.0
0.0
0.0
0.0
0.0
0.0
0.0
3.16693
1.13154
0.0
0.0
0.0
1.73614
0.0
0.0
0.0
0.0
1.19912
0.0
0.0
0.0
1.54375
0.0
0.0
0.0
0.0
0.0
2.67289
0.0
0.0
0.846047
0.0
0.0
0.138592
0.0
0.0
0.0
0.0
0.0
0.0
0.0
0.212954
0.0
0.0
0.0
0.0
0.0
0.0
0.0
0.0
0.0
0.0
0.0
0.368084
0.0
0.0
1.4229
0.0
1.90583
0.0
0.0
1.0298
0.0
0.0
1.77094
0.0
0.0
0.0
0.133292
1.79583
0.0
0.0
0.0
0.0
0.0
0.0
0.0
0.679103
0.0
0.818593
0.0
0.0
1.21096
0.0
0.0
0.0
1.97462
3.37595
0.0
0.0
0.0
0.0
0.0
0.0542919
1.22957
0.0
0.0
3.73072
0.0
0.0
0.0
0.0
0.0
3.24489
0.0
0.0
0.0
0.0
0.0
0.0
0.0
0.0
0.424783
0.0
0.0
0.0
0.0
0.231226
0.0
0.0
0.0
0.0
0.0
0.0
0.0
0.0
0.0
0.0
0.0
0.0
0.0
0.0
0.0
0.0
7.09269
0.0
0.757755
0.0
0.0
3.52468
2.47533
0.0
0.402163
0.0
0.0
0.0
0.0
0.0
0.192717
0.0
0.577666
0.223459
0.0
2.09138
0.0
0.0
0.0
0.0
0.0
2.44801
0.000219375
0.0
0.0
0.264487
0.0
0.0
0.0
0.0
1.81408
0.0
0.0
0.0
0.0
0.0
0.480195
0.0
0.290942
0.0
0.0
0.0
0.0
0.0
0.0
0.0
0.689429
0.0
0.0
0.0
0.0
0.0
1.7566
0.0
6.45857
0.0
0.11032
0.0
0.0
0.0
0.0
0.0
0.0
0.0
0.0
0.0
0.502285
0.0
5.37555
0.0
0.0
0.365088
0.0
0.0
0.0
0.0
0.0
0.0
0.0
0.371744
0.0
0.0566617
0.465372
0.109103
0.0
0.0
0.276905
0.0
0.0
0.0
0.0
1.38309
1.7861
0.0
0.0
0.0
0.0
0.0
0.0
0.0
0.0
0.0
0.0
0.0
0.0
0.0
0.0
0.0
0.0
0.0
0.0
0.0
0.0
0.0
0.0
0.733761
0.0
0.0
0.0
0.0
0.0
0.0
0.0
1.24761
0.0
0.0
0.0
0.0
0.0
0.0
0.0
0.0
0.0
0.0
0.0
1.57891
0.0
0.0
0.889709
0.0
0.0
0.0
0.0
0.0
0.0
0.0
0.0
0.0
0.0
0.0
0.0
0.0
0.0
0.0
0.0
0.399364
0.546275
0.0
0.0
0.0
0.0
0.0
1.43008
0.0
1.10263
0.0
0.0
0.0
0.0
0.0
0.0
0.0
0.0
1.57517
0.0
0.0
0.0
0.0
0.0
2.28854
0.0
0.0
1.01825
0.0
0.0
1.56859
0.0
0.0
0.0
0.0
0.0
0.0
0.0
0.0
0.0
0.0
0.0
0.0
0.111737
0.0
0.0
0.0
0.0
0.0
0.0
0.0
0.0
0.0
0.0
1.05296
0.0
0.0
0.0
0.0
0.0
0.0
0.0
0.0
0.0
0.0
0.0
1.60005
0.0
0.0
0.153828
0.0
3.40269
0.0
0.0
0.0
0.0
0.0
0.0
0.0
0.0
0.0
0.0
0.0
0.0
0.976245
0.0
0.0731269
0.0
4.05325
0.0
0.0
0.0
2.14101
0.0
0.0
0.0
0.0
0.629226
3.16524
0.0
0.0
0.0
0.0
0.0
0.0
0.0
0.0
0.0
0.0
0.0
0.0
0.0
0.0
0.0
0.0
0.0
0.0
0.0
0.929566
0.0
0.0
0.0
0.0
0.0
0.0
0.0
0.0
1.84643
1.88047
0.0
1.01505
0.0
0.0
0.0
0.0
0.0
0.85966
0.0
0.0
0.0
0.0
0.0
0.0
0.0
0.0
0.0
0.0
0.0
0.0
0.0
0.0
0.0
0.232685
0.0
0.0
1.29916
0.0
0.0
0.0
0.0
0.0
0.0
0.0
0.889436
0.0
2.4239
0.0
0.0
0.0
0.0
0.0
0.0
0.0
2.26195
0.0
3.05118
0.635734
0.0
0.0
0.0
0.0
0.0
0.0
1.94045
0.0
0.559278
0.0
0.0
0.0
0.0
0.0
0.0
1.81304
0.0
0.0
0.892104
0.0
0.0
0.0
0.0
0.0
0.0
0.0
0.0
0.0
0.0
0.0
0.0
0.0
0.0
0.0
0.0
0.0
0.0
0.0
0.0
0.0
0.0
0.0
0.0
0.0
2.54379
0.0
2.06295
2.17936
0.0
0.0
0.0
0.0
0.0
2.68072e-05
0.0
0.0
0.0
0.0
0.0
0.0
0.0
0.0
0.0
0.0
0.0
0.0
0.264087
0.0
0.0
0.859945
0.0
0.0
0.0
0.0
0.0
0.0
0.0
0.0
0.0
0.0
1.20394
1.05668
0.0
2.30175
0.0
0.0
0.0
0.0
0.0
0.0
4.87633
0.0
0.0
0.0
0.321666
0.0
0.0
0.0
0.0
0.0
0.0
0.0
0.0
0.0
1.31025
0.0
0.0
0.0
0.350107
0.0
0.0
0.0
0.0
0.0
4.43491
2.20366
2.0337
0.0
2.48375
0.654099
0.0
0.0
0.0179301
1.43591
0.0
0.0
0.0
0.0
0.0
0.817969
0.0
0.0
0.0
0.87456
0.0
0.0
0.0
0.0
0.404759
0.0
0.0
0.0
0.0
1.35078
0.0
0.0
0.0
0.0
0.0
0.0
3.10743
0.0
0.0
0.0
0.0
0.0
5.08164
0.0
0.0
0.0
0.0
0.0
0.296405
0.695675
0.0
0.192393
0.0
0.0
0.0
0.0
0.0
0.0
0.0
0.0
0.0
0.0
0.0
0.0
0.0
0.0
2.63948
0.0
0.0
0.0
0.0
0.0
2.67695
0.0
0.0
0.0
0.0
0.0
0.0
0.0
0.0
0.0
0.0
0.0
0.0
0.0
0.0
0.0
0.0
0.0
0.0
4.0017
0.0
0.0
0.0
0.0
0.980641
0.0
1.32723
0.108892
0.0
0.0
0.0
0.0
0.0
0.0612734
0.0
1.5029
0.0
0.0
0.0
0.0
0.0
0.294037
0.0
0.0
0.0
0.0
0.0
0.0
0.0
0.0
0.0
0.0
0.0
0.0
0.0
0.0
0.0
0.0
0.0
0.0
0.0954658
0.0
0.0
0.0
0.0
0.0
0.0
0.0
0.0
0.0
0.0
0.0
0.0
0.0
0.0
0.0
0.0
0.0
0.0
0.0
0.353399
0.0
0.612638
0.0
0.0
2.3511
0.499744
0.0
0.0
0.0
0.0
0.0
0.0
3.94616
0.0
0.0
0.0
0.0
0.0
0.0
0.0
0.0
1.36089
0.0
0.0
0.0
0.0
0.0
0.0
0.0
0.0
0.0
0.0
0.0
0.0
0.0
0.0
2.74848
0.0
0.0
0.0
0.0
0.0
3.02158
0.907276
0.0
0.0
0.0
0.0
0.0
0.0
3.43744
0.0
0.0
0.0
1.5203
0.0
0.0
0.0
0.0
0.0
0.0
0.0
0.0
0.0
0.0
0.0
0.0
0.0
0.0
0.0
0.0
0.0
0.0
0.937653
0.0
0.0
0.0
0.43431
0.0
0.611066
0.0
0.0
0.0
0.0
0.0
0.0
0.0
0.0
0.0
0.0
0.0
0.0
0.0
0.0
0.0
0.0
0.0
0.0
0.0
0.0
1.49708
0.0
0.0
0.0
0.0
0.0
0.0
0.0
0.0
0.0
0.0
0.0
0.0
0.0
0.995318
0.0
0.0
0.0
0.0
0.0
0.0
0.0
0.0
0.0
0.0
0.0
0.0
0.205822
0.0
0.0
0.0
0.0
0.0
0.0
0.0
0.0
0.0
0.0
0.0
0.0
0.0
0.0
0.0
0.0
0.0
0.0
0.0
0.678181
0.0
0.0
2.6712
0.0
3.84417
1.29741
0.0
0.0
0.0
2.12491
0.0
0.0
0.0
0.0
0.0
0.0
0.0
0.0
0.0
0.0
0.0
0.0
0.32875
0.0
3.42051
1.29468
0.0
4.40185
0.0
0.0
3.51044
0.0
0.0
0.0
0.0
0.14467
0.0
0.969709
0.0
0.0
0.0
0.449321
2.71891
0.0
0.0
0.432355
0.0
4.83623
0.0
0.0
0.0
0.637944
0.0
0.0
0.0
0.0
0.0
0.0
0.0
0.0
0.0
0.922605
0.0
0.0
0.0
0.0
0.0
0.0
0.0
0.0
0.0
0.0
0.0
3.51468
2.51831
0.0
0.0
0.0
0.0
0.0
0.0
0.0
0.0
0.0
0.0
0.0
2.89556
1.49373
0.903874
0.0
0.0
0.0
0.0
0.0
0.0
0.0
0.0
0.0
2.22528
0.0
0.0
1.41447
0.0
3.93767
0.0
0.0
0.550755
0.0
0.0
0.0
0.0
5.40692
0.0
0.0
0.0
0.0
0.0
0.0
3.78861
0.0
0.0
0.0
0.0
0.0
4.5809
0.0
0.0
0.0
0.0
0.0
0.0
0.0
0.0
0.0
0.0
0.0
0.0
0.0
0.0
0.0
0.0
0.813498
0.0
0.0
0.0
0.0
0.0
0.0
0.0
0.0
0.0
0.0
0.0
0.0
0.818911
0.0
0.0
0.0
2.52874
0.0
0.0
0.0
0.0
0.0
1.92965
0.0
7.81541
0.0
1.37136
0.0
0.0
0.0
0.0
0.0
0.0
0.0
1.28322
0.0
0.0
0.0
0.0
3.81789
0.0
0.0
0.0
0.0
0.0
0.0
0.0
0.0
0.0
0.0
0.0
0.0
0.0
0.0
0.0
1.69072
0.0
0.0
0.0
0.0
0.0
0.0
0.0
0.0
0.0
0.0
0.0
0.0
0.197866
0.0
0.660786
0.0
0.0
0.0
2.06727
0.0
0.0
0.0
0.0
0.0
0.0
0.0
0.174799
0.0
0.0
0.0
0.0
0.0
1.95988
0.0
0.0
0.0
0.0
0.0
0.0
0.0
0.0
0.0
0.0
3.13222
0.0
0.0
0.0
0.0
2.95164
0.0
0.0
0.0
0.0
0.0
0.0
0.0
0.0
0.0
0.0
0.0
0.0
0.0
0.0
0.562862
0.0
0.878019
0.0
0.0
0.0
1.76537
0.0
0.0
3.04387
0.0
0.0
0.0
0.0
0.0
0.0
0.0
0.0
0.0
0.0
0.194362
0.0
0.0
0.0
0.0
0.0
0.0
2.30336
0.0
0.0
0.0
0.0
0.799032
0.0
0.0
0.0
0.0
0.0
0.0
2.40515
0.0
5.51693
0.0
0.0
0.0
0.0
0.0
0.0
0.0
0.0
0.0
0.0
0.0
1.26812
0.0
0.0
0.035142
0.251634
0.348306
0.0
0.0
0.0
3.66138
0.0
0.0
2.8265
0.0
0.0
0.0
0.0
0.0
0.0
0.0
0.0
0.0
0.0
0.0
0.0
0.0
0.0
0.0
0.0
0.0
0.0
0.800382
0.0
1.42583
1.83461
0.0
0.0
0.0
0.0
0.0
0.0
0.891717
1.42219
0.0
0.366758
0.0
0.0
0.148521
0.0
0.426171
0.0
3.15724
0.0
1.2998
0.0
0.0
0.0
0.0
0.0
0.0
0.0
0.0
0.535239
0.0
0.0
0.0
0.0
2.72074
0.0
0.0
0.0
0.0
0.0
0.0
0.0
0.0
0.0
0.796551
0.0
0.0
0.0
0.0
4.1493
0.0
0.0
0.0
0.0
0.0
0.0
0.0
0.0
0.0
0.0
0.0
0.0
1.66161
0.0
0.0
0.0
0.0
0.0
1.37929
0.0
0.881895
0.0
1.27001
3.00751
0.0
0.0
0.0
0.0
0.979849
1.24177
0.566435
0.0
0.0
0.0
0.453708
0.0
0.0
0.0
2.9248
0.0
0.0
0.0
0.0
0.0
0.329121
0.0
0.0
0.948431
0.0
1.61105
0.0
0.0
2.04056
0.657714
0.721324
0.0
0.0
0.0
0.0
0.0
0.0
1.20422
0.0
0.58497
0.0
0.0
0.0
0.0
0.0
0.0
0.0
0.0
0.0
0.0
0.0
0.0
0.0
0.0
0.0
0.0
0.0
0.0
4.93448
0.0
0.672297
0.0
0.0
0.0
0.0
0.0
0.0
0.0
0.0
2.55941
2.42656
0.0
0.0
0.0
0.0
0.0
0.0
0.0
0.504686
0.0
0.0
0.0
0.0
1.04081
0.0
0.0
0.0
0.0887192
0.0
0.0
0.0
0.59725
0.0
0.0
0.0
0.0
0.0
0.0
0.0
0.0
0.0
0.0
0.0
0.0
0.0
0.0
0.0
0.0
0.0
0.0
0.0
0.0
0.0
0.0
0.0
0.0
0.0
0.0
0.0
0.0
0.0
0.0
0.0
0.0
0.0
0.0
0.0
0.0
0.0
0.0
0.0
0.0
0.649748
0.0
0.0
0.0
0.0
0.0
1.58955
0.0
1.02983
0.0
0.0
0.0
0.0
0.0
0.0
0.0
0.0
0.0
0.0
1.87349
0.0
0.0
0.0
0.0
1.05133
0.0
0.0
0.626626
0.0
0.0
0.0
0.0
0.0
0.0
0.0
0.0
0.0
0.0
0.0
0.0
0.0
0.0
0.0
0.0
0.0
0.0
0.0
1.17287
0.0
0.0
0.0
0.0
4.97955
0.0
0.0
0.0
0.0
0.0
0.0
0.0
0.0
0.0
0.327983
0.0
0.858839
0.0
0.918492
4.25322
0.0
0.0
0.0
0.0
0.0
0.0
0.0
0.238765
0.0
0.0
0.0
0.0
0.0
0.0
1.71702
0.0
0.0
0.0
0.0
0.0
1.85839
0.0
0.0
0.0
0.0
0.0
0.0
0.0
0.0
0.0
0.0
0.0
0.0
0.0
0.0
0.527975
0.0
0.0
0.0
0.0
0.0
0.704038
0.0
0.0
3.41877
2.06041
0.0
1.30998
0.0
0.0
0.0
0.0
0.0
0.0
0.420989
1.47998
0.0
0.0
0.32393
0.0
0.117997
0.0
0.0
0.0
0.0
0.0
2.65333
0.0
0.0
0.0
0.0
0.0
0.0
0.0
0.0
1.85499
0.263606
0.0
0.0
0.0483173
0.0
0.0
0.0
0.0
1.42936
0.0
0.0
0.0
0.23137
0.0
0.0
0.0
0.0
0.0
0.0
2.0227
0.0
0.0
0.0
0.0
0.0
0.0
0.0
0.0
0.0
0.0
0.0
0.0
0.0
0.0
1.57206
0.0
0.0
0.0
7.54498
0.0
0.0
0.0
1.93576
0.0
0.0
3.34589
0.0
0.0
0.0
0.0
0.0
0.0
0.0
0.0
0.0
0.0
0.0
0.0
0.0
1.56469
0.0
0.635503
0.0
0.0
1.8913
0.0
0.0
0.0
0.0
0.0
0.0
0.0
0.0
3.3602
0.0
0.0
0.0
0.0
0.0
0.0
0.0
0.0
1.10114
0.584265
0.368985
0.0
0.0
0.0
0.0
0.0
0.0
0.0
1.96642
2.82274
0.0
0.0
0.0
0.0
0.0
0.0
0.0
0.0
0.0
0.0
0.0
0.0
0.0
0.0
0.0
0.0
2.95854
0.0
2.97762
0.0
4.15641
0.0
0.0
0.895742
0.0
0.0
0.465191
0.988547
0.0
0.0
0.589352
0.0
0.0
0.0
0.0
0.0
0.685098
0.0
0.0
0.47204
0.0
0.0
0.0
0.0
0.0
0.0
0.0
1.26883
0.0
0.0
0.0
0.0
0.0
0.0
0.0
0.0
0.0
0.0
0.0
0.80847
0.0
0.0
0.0
0.0
0.0
2.03182
0.0
2.35596
0.0
0.0
0.0
0.0
0.0
0.0
0.0
0.0
0.0
0.47915
0.0
0.00970048
3.50092
0.0
0.0
0.964218
0.0
0.0
2.5345
0.0
0.0
0.374771
0.0
1.9392
0.0
0.0
0.0
1.2274
0.0
0.0
0.0
0.0
0.0
3.60126
0.0
0.0
0.0
0.0
0.0
3.77736
2.73368
0.0
0.0
0.0
0.0
0.0
0.0
1.25342
0.0
0.0
0.0
0.0
0.0
0.0
0.0
0.0
0.0
0.0
1.6659
0.0
0.0
0.0
0.0
0.0
0.0
0.0
0.925732
0.0
0.0
0.953379
0.0
0.0
2.05386
0.0
0.0
0.0
0.0
0.343309
0.0
0.0
0.0
0.0
0.0
0.0
0.0
0.0
0.0
0.0
0.0
0.0
0.0
0.596831
0.0
0.0
1.9331
0.0
0.0
0.0
0.0
0.0
0.0
0.0
0.0
0.0
0.0
0.0
0.0
0.0
0.0
0.0
0.535045
0.0
0.0
0.0
1.23147
0.0
0.0
0.0
0.0
0.0
0.316624
0.0
0.0
0.0
0.0
0.0
0.0
1.17121
0.0
0.0
0.0
0.0
0.0
0.0
0.0
0.0
0.0
3.10876
0.0
0.0
1.07813
0.0
0.0
0.0
0.0
0.0
0.0
0.0
0.0
3.03527
0.0
5.40504
0.0
4.18211
0.0
0.0
0.0
0.0
0.0
0.90905
0.0
0.0
0.0
0.0
0.0
0.0
0.0
0.0
1.25446
0.0
0.0
0.0
0.0
0.0
0.0
0.0
1.9508
1.08951
0.0
0.0
0.0
0.0
0.0
0.0
0.0
3.2819
0.0
0.0
0.0
1.71497
0.0
0.0
0.0
0.0
0.0
0.0
0.0
0.0
0.0
0.0
0.0
0.0
0.0
0.0
0.0
0.0
0.0
0.0
0.0
0.0
0.0
1.05341
0.0
0.0
0.0
0.0
0.0
0.0
0.0
0.0
0.0
0.0
0.0
0.0
0.0
4.1613
0.0
0.0
3.12927
0.0
0.175074
0.0
0.0
0.0
0.0
0.0
0.0
0.0
0.0
0.0
0.0
0.0
1.75942
4.66839
0.0
0.0
0.0
0.0
0.0
0.0
0.0989746
0.0
2.48273
0.0
0.0
0.0
0.0
0.0
0.0
0.0
0.0
1.12606
0.0
0.0
0.0
0.0
0.0
0.0
0.0
0.0
0.0
0.882221
0.0
0.0
0.651072
0.0
0.0
0.0
0.0
0.193197
0.0
0.0
0.0
0.0
0.0
0.0
0.0
0.0
0.0
0.0
0.0
0.399485
0.0
0.0
0.0
0.0
0.748673
0.626342
0.0
3.12751
0.591906
0.0180427
0.0
0.0
1.20013
0.0
0.281922
0.0
0.0
0.0
0.0
0.0
0.0
0.0
0.890145
0.0
0.0
0.719395
0.0
0.0
0.0
0.0
0.0
0.0
0.0
0.0
0.0
0.0
0.0
0.0
0.0
0.0
0.0
5.09514
0.0
0.464412
0.0
1.76
1.60036
0.0
0.0
0.469026
0.0
0.0
0.0
0.0
0.0
0.0
0.0
0.0
0.0
0.60525
0.0
1.08663
0.0
0.0
0.0
0.0
0.0
0.0
0.0
0.0
0.0
0.0
0.0
0.0
0.0
0.0
0.0
0.0
0.0
0.0
0.0
1.94072
0.0
0.0
0.668088
0.0
0.0
0.0
0.565794
0.0
0.0
0.0
0.0
0.280576
0.0
0.0
0.0
0.0
0.0
0.0
0.0
0.0
0.0
0.0
0.0
0.395595
0.0
1.12356
0.0
0.0
0.0
0.0
0.0
0.0
0.0
0.83623
0.0
0.841276
0.0
0.0
1.55735
0.0
1.22598
0.0
0.0
0.0
0.0
0.0
0.0
4.34398
0.0
0.0
0.0
1.26845
0.0
0.0
0.0
0.0
0.0
0.0
0.0
0.0
2.39051
0.0
0.0
0.0
0.0
0.0
0.0
1.14388
0.0
0.0
0.0
0.0
0.0
0.0
1.74024
0.0
0.0
0.0
0.0
2.37341
2.18021
0.0
0.0
0.488431
0.0
0.0
0.0
0.0
0.0
0.0
0.0
0.0
0.63193
0.0
0.0
0.0
0.0
0.0
0.0
0.0
0.0
0.179599
0.0
0.0
0.0
0.0
0.0
0.0
0.0
0.530277
0.0
0.0
0.887538
0.0
0.0
0.0
1.3052
0.0549452
0.0
0.0
0.0
0.0
0.0
0.125064
0.0
0.0
0.0
0.0
0.0
0.0
0.0
0.0
0.842937
0.0
0.0
0.0
0.0
0.0
0.0
2.83059
1.87285
0.0
0.0
0.0275024
0.0
0.0
0.0
0.0
0.0
0.0
2.09419
0.0
0.0
0.0
0.0
0.0
0.0
0.0
0.0
0.0
0.0
0.0
1.27403
0.0
0.0
0.0
0.0
0.0
0.0
0.0
0.0
0.0
0.0
1.81495
0.0
0.0
0.0
2.30656
0.0
0.0
0.0
0.0
0.0
0.0
2.30464
0.0
0.0
0.0
0.0
0.0
0.0
2.39191
0.0
10.9166
0.0
0.0
0.0
0.0
0.0
0.0
0.0
0.0
0.0
0.0
0.0
1.39894
0.0
0.0
0.0
0.0
0.0
0.0
0.0
0.0
0.0
0.0
0.0
0.3431
0.0
0.0
0.0
0.0
0.0
0.0
0.0
0.0
0.0
0.0
0.0
0.0
0.0
0.461053
0.0
0.0
0.0
0.584798
2.38548
0.0
0.186914
0.0
0.0
0.0
0.0
0.0
0.607425
0.0
0.0
0.0
0.0
0.0
2.98868
0.0
0.0
0.0
1.59595
0.0
0.0
0.0
0.0
0.0
0.0
0.0
0.0
0.0
0.0
0.0
0.0
0.0
4.55692
0.0
0.0
0.0
0.0
0.0
0.0
0.0
0.0
0.0
0.0
0.0
0.0
0.0478112
0.0
0.0
0.0
0.0
0.0
0.0
0.0
0.0
0.0
0.0
0.0
0.0
0.0
0.0
0.0
0.0
0.0
0.0767814
0.0
0.0
0.0
0.0
0.0
0.0
0.0
0.0
0.0
0.0
0.0
0.0
0.0
0.0
0.956959
0.0
0.0
0.0
0.0
0.0
0.0
0.0
2.0326
0.0
0.0
0.0
0.0
0.0
0.0
1.2026
0.0
0.0
0.0
0.0
0.0
0.0
0.0
0.0
0.0
0.0
0.0
0.0
1.29455
0.0
0.0
0.0
0.0
0.0
0.0
0.0
0.0
0.0
0.0
0.0
0.0
0.0
0.0
0.0
0.0
0.751467
0.0
0.0
0.0
0.0
0.0
0.0341626
2.00671
0.0
0.0
0.0
0.214845
0.0
0.0
0.0
0.0
0.0
0.0
0.0
0.0
2.08449
0.0
1.33281
0.0
0.0
3.58007
3.31511
0.0
0.0
0.0
0.0
0.0
0.0
0.0
0.0
0.0
0.0
0.0
0.727151
0.0
0.0
0.0
1.35367
0.0
0.0
0.0
0.0
4.93024
0.0
0.0
0.0
0.0
0.0
0.0
0.0
0.0
0.0856437
0.0
0.0
0.0
0.0
0.0
0.0
0.0
0.0
0.0
0.0
0.0
0.0
0.0230307
0.0
0.0
0.0
0.0
0.0
1.43281
0.0
0.0
0.0
0.0
0.228321
0.0
0.0
0.0
0.0
0.0
0.0
0.0
0.0
0.0
0.0
0.0
0.0
0.29259
0.0
0.0
0.0
0.0
0.576122
0.0
0.0
0.0
1.08656
0.817959
0.0
0.0
2.09459
1.69937
1.59603
0.0
0.0
0.0
1.80304
0.0
0.0
1.02894
0.0
0.0
0.0
0.0
0.981082
0.0
0.0
0.0
0.0
0.0
0.0
0.0
0.245207
0.0
0.0
1.13152
1.18889
0.0
0.0
0.0
0.0
0.415834
0.497063
0.0
0.0
0.0
0.0
2.81132
0.511287
0.0
0.0
0.0
0.0
3.21159
0.0
0.343079
1.15494
0.0
0.0
0.0
0.0
0.0
0.0
1.99282
0.0
0.0
0.0
0.0
0.0
0.0
0.0
0.0
0.0
0.13973
0.0
0.0
0.0
0.924622
0.0
1.54036
0.0
0.0
0.0
0.0
1.54224
0.0
0.0
0.0
0.0
3.52536
0.168149
0.0
0.0
0.0
2.16836
0.0
0.0
0.0
0.0
2.54034
0.0
0.0
4.75091
0.0
0.0
0.0
0.0
0.0534054
0.0
0.0
0.0
0.0
0.0
0.0
0.0
0.0
0.0
0.0
0.0
0.0
0.0
3.07593
0.0
0.0
0.0
0.0
0.0
0.0
0.0
0.730027
0.0
0.0
0.0
0.0
4.19139
0.634823
0.0
0.549137
0.0
0.0
0.0
0.0
0.0
0.0
0.0
0.0
0.0
0.0
0.856402
0.875841
0.0
5.51491
0.0
1.89918
0.0
1.39543
0.0
0.0
1.70408
0.0
1.40512
0.0
0.415867
0.0
0.0427288
0.0
0.0
0.0
0.0
0.0
1.45525
0.0
0.0
0.0
0.0
0.0
0.0
0.0
0.0
0.0
0.240536
0.0
0.0
0.0
0.0
3.89514
1.71726
0.0
0.0
0.0
0.0
0.0
0.0
0.0
0.0
0.0
0.0
0.0
0.0
0.0
0.0
0.0
0.0
0.0
0.0
0.0
0.409758
0.0
0.418422
0.0
0.733182
0.0
0.0
0.660347
0.0
3.6195
0.0
0.0
0.310625
0.0
0.803133
0.0
0.0
0.0
0.0
0.625276
0.0
0.0
0.0
0.0
0.0
0.0
0.0
0.0
0.0
0.0
2.3369
0.0
0.0
0.0
0.0
0.0734822
0.0
0.0
0.0
0.0
2.30297
0.0
0.0
0.0
0.0
0.0
0.0
2.33265
0.0
2.35841
0.0
0.0
3.33772
0.165297
0.0
0.0
1.39451
0.0
0.0
2.8904
0.0
2.51151
0.0
2.17725
0.0
0.0
1.57019
0.0
0.0
0.0
0.0
0.0
0.90492
0.0
1.76018
3.19429
0.0
0.0
0.0
0.0
0.0
0.0
0.0
0.0
0.0
0.0
0.0
0.0
0.0
0.0
0.215799
0.0
3.33592
1.21725
0.0
0.0
0.0
0.0
0.0
0.0
0.0
0.0
0.0
0.0
0.0
0.0
1.39066
2.01407
0.0
0.0
0.0
2.09241
0.779598
0.0
0.0
0.646912
0.0
0.0
0.0
0.0
0.0
0.0
0.0
0.0
1.92699
0.0
0.0
0.0
1.13028
0.0
0.0
0.0
0.0
0.0
0.0
0.0
0.0
0.0
1.64627
4.45659
0.0
0.0
0.0
0.0
0.619643
0.0
0.0
0.0
2.71968
0.0
0.0
1.14458
0.0
0.0
0.0
0.0
1.06484
0.0
0.0
0.352497
0.0
0.0
0.0
0.0
0.0
1.55766
1.62134
0.0
0.0
4.15978
0.0
0.0
0.631317
0.0
0.0
0.0
0.0
0.0
4.58375
0.0
0.0
0.0
0.0
1.35807
0.0
0.0
0.0
0.0
0.0
0.0
0.0
0.0
0.0
0.0
0.0
0.0
0.0
0.0
0.0
0.0
0.0
0.0
0.0
4.66295
0.0
0.0
0.0
0.0
0.420015
0.0
4.65638
0.0
0.0
0.0
0.0
0.0
0.0
0.0
0.0
0.0
0.0
0.0
0.0
0.0
0.0
0.0
0.0
0.0
0.0
0.0
0.0
0.0
