0.0
0.0
0.0
0.0
0.0
0.0
0.0
0.0
0.0
0.0
0.0
22.1291
0.0
0.0
0.0442878
0.0
6.27887
0.0
13.9448
0.0
0.0
2.81452
17.1647
0.0
28.2069
0.0
0.0
0.0
0.0
0.0
0.0
7.53092
0.0
0.0
0.0
0.0
0.0
0.0
0.0
0.0
0.0
0.0
0.0
0.0
6.69412
0.0
0.0
0.0
0.0
0.0
0.0
1.08604
0.0
1.79487
0.0
0.0
0.0
2.63246
9.34072
0.0
0.0
0.0
0.0
0.0
0.0
0.0
0.0
14.4798
0.0
0.0
1.16105
18.9851
0.0
0.0
0.0
13.5993
0.0
0.0
0.0
0.0
0.0
0.0
0.0
7.63579
0.0
0.0
0.0
0.0
0.0
8.46178
0.0
0.0
0.0
0.0
0.0
0.0
0.0
0.0
0.0
11.353
0.0
0.0
10.2047
0.0
0.0588758
8.85936
0.0
0.959222
0.0
2.16077
0.0
0.0
0.0
0.0
0.0
0.0
0.0
0.0
0.0
2.7359
0.0
0.0
0.0
0.0
0.0
0.0
36.2052
0.0
0.0
0.0
0.0
24.5657
0.0
0.0
0.0
5.96274
0.0
3.98326
0.0
0.0
0.0
0.0
0.0
0.0
0.0
0.0
0.0
0.0
0.0
0.0
0.0
13.9902
0.0
0.0
0.0
0.0
27.1972
0.0
0.0
0.0
0.0
0.0
0.0
0.0
0.0
0.0
0.0
20.9386
18.3175
0.0
0.0
0.0
0.0
0.0
0.0
0.0
0.0
0.0
0.0
0.0
0.0
0.0
0.0
0.0
0.0
0.0
0.0
0.0
0.0
0.0
52.7351
0.0
0.0
0.0
0.0
0.0
0.0
0.0
0.0
1.16876
0.0
0.0
0.0
0.0
0.0
0.0
0.0
0.0
0.0
0.0
0.0
0.0
0.0
0.0
0.0
0.0
0.0
0.0
0.0
0.0
5.47369
0.0
0.0
0.0
0.0
0.0
0.0
18.4422
0.0
0.0
0.0
0.0
0.0
0.0
0.0
0.0
0.0
0.0
0.0
0.0
0.0
1.43397
0.0
10.4641
0.0
0.0
0.0
0.0
0.0
0.0
0.0
0.0
0.0
0.0
0.0
3.11294
0.0
0.0
0.0
22.1309
0.0
0.0
0.0
0.0
12.1649
0.0
0.0
31.0583
0.0
0.0
0.0
0.0
27.1827
0.0
21.7957
0.0
0.0
5.31405
0.0
8.20862
2.05567
0.0
3.76024
0.0
0.0
1.26648
0.0
3.87393
0.0
0.0
0.0
0.0
0.0
0.0
0.0
0.0
0.0
6.85701
0.0
0.0
0.0
0.0
8.80924
3.22771
0.0
0.0
0.0
0.0
0.0
0.0
0.0
0.0
0.0
6.6555
0.0
0.0
9.02121
0.0
0.0
0.0
0.0
0.0
0.121538
0.0
0.0
15.3544
0.0
0.0
0.0
0.0
0.0
50.3863
0.0
0.0
0.0
0.0
0.103457
21.1469
0.0
8.21407
0.0
0.0
0.0
0.0
0.0
6.38866
0.0
0.0
0.0
0.0
0.0
0.0
0.0
0.0
0.0
0.721437
0.0
0.0
0.0
0.0
0.0
0.0
0.0
0.0
0.0
0.0
0.0
0.0
0.0
0.0
0.0
0.0
0.0
0.0
0.0
7.92393
0.0
0.0
0.0
1.83942
2.06043
11.0619
36.2052
6.74883
0.0
0.0
0.0
2.87395
0.0
0.0
0.0
2.66682
0.0
0.0
1.24115
0.0
0.0
0.0
1.16077
0.0
0.0
0.0
0.0
0.0
0.0
0.0
0.0
34.1585
0.0
0.0
0.0
0.0
19.5793
0.0
0.0
0.0
0.0
8.08313
0.0
0.0
0.0
0.0
0.0
7.79247
18.3175
0.0
3.13539
0.0
0.0
0.0
0.0
0.0
0.0
0.0
0.0
0.0
0.0
0.0
0.0
0.0
0.0
0.0
0.0
0.0
0.0
16.3314
36.633
5.21762
0.0
0.0
14.8175
0.0
0.0469416
6.10963
0.0
23.915
0.0
0.0
0.0
15.5818
0.0
0.0
0.0
0.0
0.0
0.0
0.0
0.0
0.0
0.0
0.0
0.0
0.0
0.0
0.0
0.0
5.47369
0.0
0.0
0.0
0.0
0.0
0.0
18.4422
0.0
0.0
0.0
0.0
0.0
17.3261
0.0
7.17595
0.0
0.0
0.0
0.0
0.0
5.30161
12.2481
21.0978
0.0
0.0
0.0
0.0
0.0
0.0
0.0
0.0
0.0
0.0
5.79377
0.0
0.0
0.0
0.0
32.8635
0.0
0.0
0.0
0.0
12.1649
0.0
0.0
13.5847
0.0
0.0
0.0
0.0
30.9573
0.0
11.9985
0.0
2.50253
0.0
21.5311
4.4661
3.82545
0.0
3.76024
0.0
0.0
0.0
0.0
3.87393
2.84413
0.0
0.0
0.0
0.0
0.0
0.0
0.0
0.0
6.85701
0.0
0.0
0.0
0.0
14.4559
3.22771
0.0
2.67801
0.0
0.0
11.5205
0.0
0.0
0.0
0.0
25.2937
0.0
0.0
4.80097
0.0
0.0
0.0
0.0
0.0
0.0
0.0
0.0
32.5971
0.0
0.0
0.0
0.0
0.0
31.5208
0.0
0.0
0.0
0.0
12.4094
67.6052
0.0
0.0
0.0
0.0
0.0
3.97558
0.0
16.7227
0.0
0.0
0.0
0.0
0.0
0.0
0.0
0.0
0.0
0.0
0.0
0.0
0.0
0.0
1.75564
0.0
23.7746
0.0
0.0
0.0
0.0
0.0
0.0
0.0
0.0
0.0
0.0
0.0
0.0
5.81752
0.0
0.0
0.0
16.3138
0.0
16.6813
7.56225
24.489
7.37004
0.0
44.6193
8.68153
0.0
8.0058
0.0
2.39491
0.0
0.624887
1.24115
0.0
0.0
0.0
15.44
0.0
0.0
0.0
0.0
0.0
0.0
0.0
3.48147
43.586
0.0
0.0
0.0
0.0
0.0
17.2966
0.0
0.0
0.0
12.1155
0.0
0.0
0.0
0.0
0.0
6.01472
46.8638
0.0
0.0
0.0
0.0
0.0
0.0
0.0
21.4593
0.0
0.0
0.0
0.0
0.0
0.0
0.0
0.0
0.0
0.0
0.0
5.76801
16.3314
16.773
23.7037
0.0
0.0
14.8175
8.97448
11.0171
0.0
0.0
23.915
0.0
0.0
0.0
15.5818
0.0
0.0
0.0
0.0
0.0
0.0
0.0
0.0
0.0
0.0
0.0
0.0
0.0
0.0
0.0
0.0
16.3504
0.0
36.2722
0.0
0.0
0.0
0.0
0.0
2.76001
0.0
0.0
0.0
0.0
19.7991
0.0
13.0946
0.0
0.0
0.0
0.0
0.0
7.85779
12.2481
21.0978
0.0
0.0
0.0
0.0
0.0
3.39305
0.0
0.0
0.0
0.0
9.43974
0.0
0.0
0.0
0.0
32.8635
0.0
0.0
0.0
0.0
0.0
0.0
0.0
0.425083
0.0
0.0
0.0
0.0
24.3138
0.408325
7.58834
0.0
2.50253
2.50237
21.5311
0.0
24.6136
0.0
0.0
0.0
0.0
7.95527
0.0
0.0
1.73177
0.0
0.0
0.0
12.7972
0.0
0.0
0.0
0.0
0.0
0.0
0.0
0.0
0.0
14.4559
0.0
0.0
7.97248
0.0
0.0
11.5205
0.0
0.0
0.0
0.0
25.2937
0.0
0.0
0.0
0.0
0.0
0.0
0.0
0.0
0.0
0.0
0.0
23.1432
0.0
0.0
0.0
0.0
0.0
0.0
0.0
0.0
0.0
0.0
1.30829
67.6052
0.0
0.0
0.0
0.0
0.0
0.0
0.0
16.7227
0.0
0.0
0.0
0.0
0.0
0.0
0.0
0.0
0.0
9.63513
0.0
0.0
0.0
0.0
0.0
0.0
23.7746
0.0
0.0
0.0
0.0
0.0
0.0
8.37905
0.0
0.0
0.0
0.0
0.0
7.65897
2.14736
0.0
0.0
16.3138
0.0
12.2458
10.4462
19.8215
0.0
0.0
44.6193
5.25133
0.0
8.0058
0.0
2.39491
0.0
6.47521
0.0
0.0
0.0
0.0
15.44
0.0
0.0
0.0
0.0
0.0
0.0
0.0
3.48147
32.5823
0.0
0.0
0.0
0.0
0.0
17.2966
0.0
0.0
0.0
12.1155
0.0
0.0
0.0
0.0
0.0
0.0
53.0561
0.0
0.0
0.0
0.0
0.0
0.0
0.0
21.4593
0.0
0.0
0.0
0.0
0.0
0.0
0.0
0.0
0.0
0.0
0.0
5.76801
0.0
7.54197
23.4921
0.0
0.0
0.0
14.4509
11.0171
0.0
0.0
14.2984
0.0
0.0
0.0
0.0
0.0
0.0
0.0
0.0
0.0
0.0
0.0
0.0
0.0
0.0
0.0
0.0
0.0
0.0
0.0
0.0
20.3377
0.0
36.2722
0.0
0.0
6.46204
0.0
0.0
2.76001
0.0
0.0
0.0
0.0
16.9344
0.0
13.0946
0.0
0.0
0.0
0.0
0.0
7.85779
0.0
16.8044
0.0
0.0
0.0
0.0
0.0
0.0
0.0
0.0
0.0
0.0
5.28543
20.5496
0.0
0.0
0.0
0.0
0.0
0.0
0.339693
0.0
0.0
0.0
0.0
0.0
0.0
0.0
0.0
0.0
0.0
1.50277
7.58834
0.0
0.0
5.19953
2.48646
0.0
24.6136
0.0
0.0
0.0
0.0
7.95527
0.0
0.0
0.0
0.0
0.0
0.0
12.7972
0.0
0.0
0.0
0.0
0.0
0.0
0.0
0.0
0.0
0.0
0.0
0.0
5.63311
0.0
0.0
0.0
0.0
0.0
0.0
0.0
7.8752
0.0
0.0
0.0
0.0
0.0
0.0
0.0
0.0
0.0
3.81817
0.0
0.0
0.0
0.0
0.0
0.0
0.0
2.39994
0.0
0.0
0.0
0.0
0.0
6.85094
0.0
0.0
0.0
0.0
0.0
0.0
0.0
5.98671
0.0
0.0
0.0
0.0
0.0
0.0
0.0
0.0
0.0
11.3981
0.0
0.0
6.11697
0.0
0.0
0.0
8.32077
0.0
0.0
0.0
0.0
0.0
0.0
8.37905
0.0
0.0
0.0
0.0
0.0
5.53662
8.21113
0.0
0.0
0.0
0.0
0.0
24.575
0.0
0.0
0.0
0.0
3.12323
0.0
0.0
0.0
0.0
0.0
3.86347
0.0
0.0
0.0
0.0
0.0
0.0
0.0
0.0
0.0
0.0
0.0
0.0
0.0
0.0
0.0
0.0
0.0
0.0
0.0
7.70789
0.0
0.0
0.0
0.0
0.0
0.0
0.0
0.0
0.0
0.0
50.6741
0.0
0.0
0.0
0.0
0.0
0.0
0.0
2.24721
0.0
0.0
0.0
0.0
0.0
0.0
0.0
0.0
0.0
0.0
0.0
0.0
0.0
20.1328
0.0
0.0
0.0
0.0
4.04975
0.0
0.0
0.0
0.0
0.0
0.0
0.0
0.0
0.0
0.0
0.0
0.0
0.0
0.0
0.0
0.0
0.0
0.0
0.0
0.0
0.0
0.0
0.0
0.0
20.3377
0.0
0.0
0.0
0.0
6.46204
0.0
0.0
0.0
0.0
0.0
0.0
0.0
0.0
0.0
0.0
0.0
0.0
4.93503
0.0
0.0
0.0
0.0
0.0
0.0
0.0
0.0
0.0
0.0
0.0
0.0
0.0
0.0
0.0
0.0
27.1223
0.0
0.0
0.0
0.0
0.0
0.0
0.0
0.0
0.0
0.0
0.0
0.0
0.0
0.0
0.0
0.0
0.0
0.0
2.37762
0.0
0.0
3.32177
0.0
0.0
15.623
0.0
0.0
0.0
0.0
0.720568
0.0
0.0
0.0
2.01135
0.0
0.0
0.0
0.0
0.0
0.0
0.0
0.0
0.0
0.0
0.0
0.0
0.0
0.0
0.0
0.0
0.0
0.0
0.0
0.0
0.0
0.0
0.0
9.7161
4.82687
0.0
0.0
0.0
0.0
0.0
0.0
0.0
0.0
24.5923
0.0
0.0
3.75446
0.0
0.0
0.0
1.50283
0.0
0.0
0.0
0.0
0.0
0.0
0.0
0.0
12.7132
0.0
0.0
0.0
0.0
0.0
9.21779
0.0
0.0
0.0
0.0
0.0
0.0
0.0
0.0
0.0
14.2745
0.0
0.0
9.81551
0.0
0.0
0.0
0.0
0.0
0.0
0.0
0.0
0.0
0.0
0.0
0.0
0.0
0.0
0.0
0.0
0.0
8.21113
0.0
0.0
0.0
0.0
0.0
6.35575
0.0
0.0
0.0
0.0
26.6693
8.06033
0.0
0.0
0.0
0.0
0.0
0.0
0.0
0.0
0.0
0.0
0.0
0.0
0.0
0.0
0.0
0.0
0.0
0.0
0.0
0.0
0.0
0.0
0.0
0.0
0.0
0.0
0.0
0.0
0.0
0.0
0.0
0.0
0.0
0.0
24.4879
0.0
0.0
0.0
0.0
0.0
0.0
0.0
0.0
0.0
0.0
0.289218
0.0
0.0
0.0
0.0
0.0
0.0
0.0
0.0
0.0
0.0
0.0
62.9691
0.0
0.01662
0.0
0.0
0.0
0.0
0.0
0.0
0.0
0.0
0.0
0.0
0.0
0.0
0.0
0.0
0.0
0.0
0.0
0.0
0.0
0.0
0.0
0.0
0.0
0.0
0.0
0.0
0.0
0.0
0.0
0.0
0.0
0.0
0.0
0.0
0.0
0.0
0.0
0.0
0.0
0.0
0.0
0.0
0.0
0.0
0.0
0.0
0.0
0.0
0.0
0.0
0.0
0.0
0.0
9.04672
4.11479
0.0
0.0
0.0
0.0
0.0
0.0
0.0
7.56352
0.0
0.0
0.0
0.0
0.0
0.0
0.0
0.0
0.0
0.0
0.0
22.1291
0.0
0.0
0.0442878
0.0
6.27887
0.0
13.9448
0.0
0.0
2.81452
17.1647
0.0
28.2069
0.0
0.0
0.0
0.0
0.0
0.0
7.53092
0.0
0.0
0.0
0.0
0.0
0.0
0.0
0.0
0.0
0.0
0.0
0.0
6.69412
0.0
0.0
0.0
0.0
0.0
0.0
1.08604
0.0
1.79487
0.0
0.0
0.0
2.63246
9.34072
0.0
0.0
0.0
0.0
0.0
0.0
0.0
0.0
14.4798
0.0
0.0
1.16105
18.9851
0.0
0.0
0.0
13.5993
0.0
0.0
0.0
0.0
0.0
0.0
0.0
7.63579
0.0
0.0
0.0
0.0
0.0
8.46178
0.0
0.0
0.0
0.0
0.0
0.0
0.0
0.0
0.0
11.353
0.0
0.0
10.2047
0.0
0.0588758
8.85936
0.0
0.959222
0.0
2.16077
0.0
0.0
0.0
0.0
0.0
0.0
0.0
0.0
0.0
2.7359
0.0
0.0
0.0
0.0
0.0
0.0
36.2052
0.0
0.0
0.0
0.0
24.5657
0.0
0.0
0.0
5.96274
0.0
3.98326
0.0
0.0
0.0
0.0
0.0
0.0
0.0
0.0
0.0
0.0
0.0
0.0
0.0
13.9902
0.0
0.0
0.0
0.0
27.1972
0.0
0.0
0.0
0.0
0.0
0.0
0.0
0.0
0.0
0.0
20.9386
18.3175
0.0
0.0
0.0
0.0
0.0
0.0
0.0
0.0
0.0
0.0
0.0
0.0
0.0
0.0
0.0
0.0
0.0
0.0
0.0
0.0
0.0
52.7351
0.0
0.0
0.0
0.0
0.0
0.0
0.0
0.0
1.16876
0.0
0.0
0.0
0.0
0.0
0.0
0.0
0.0
0.0
0.0
0.0
0.0
0.0
0.0
0.0
0.0
0.0
0.0
0.0
0.0
5.47369
0.0
0.0
0.0
0.0
0.0
0.0
18.4422
0.0
0.0
0.0
0.0
0.0
0.0
0.0
0.0
0.0
0.0
0.0
0.0
0.0
1.43397
0.0
10.4641
0.0
0.0
0.0
0.0
0.0
0.0
0.0
0.0
0.0
0.0
0.0
3.11294
0.0
0.0
0.0
22.1309
0.0
0.0
0.0
0.0
12.1649
0.0
0.0
31.0583
0.0
0.0
0.0
0.0
27.1827
0.0
21.7957
0.0
0.0
5.31405
0.0
8.20862
2.05567
0.0
3.76024
0.0
0.0
1.26648
0.0
3.87393
0.0
0.0
0.0
0.0
0.0
0.0
0.0
0.0
0.0
6.85701
0.0
0.0
0.0
0.0
8.80924
3.22771
0.0
0.0
0.0
0.0
0.0
0.0
0.0
0.0
0.0
6.6555
0.0
0.0
9.02121
0.0
0.0
0.0
0.0
0.0
0.121538
0.0
0.0
15.3544
0.0
0.0
0.0
0.0
0.0
50.3863
0.0
0.0
0.0
0.0
0.103457
21.1469
0.0
8.21407
0.0
0.0
0.0
0.0
0.0
6.38866
0.0
0.0
0.0
0.0
0.0
0.0
0.0
0.0
0.0
0.721437
0.0
0.0
0.0
0.0
0.0
0.0
0.0
0.0
0.0
0.0
0.0
0.0
0.0
0.0
0.0
0.0
0.0
0.0
0.0
7.92393
0.0
0.0
0.0
1.83942
2.06043
11.0619
36.2052
6.74883
0.0
0.0
0.0
2.87395
0.0
0.0
0.0
2.66682
0.0
0.0
1.24115
0.0
0.0
0.0
1.16077
0.0
0.0
0.0
0.0
0.0
0.0
0.0
0.0
34.1585
0.0
0.0
0.0
0.0
19.5793
0.0
0.0
0.0
0.0
8.08313
0.0
0.0
0.0
0.0
0.0
7.79247
18.3175
0.0
3.13539
0.0
0.0
0.0
0.0
0.0
0.0
0.0
0.0
0.0
0.0
0.0
0.0
0.0
0.0
0.0
0.0
0.0
0.0
16.3314
36.633
5.21762
0.0
0.0
14.8175
0.0
0.0469416
6.10963
0.0
23.915
0.0
0.0
0.0
15.5818
0.0
0.0
0.0
0.0
0.0
0.0
0.0
0.0
0.0
0.0
0.0
0.0
0.0
0.0
0.0
0.0
5.47369
0.0
0.0
0.0
0.0
0.0
0.0
18.4422
0.0
0.0
0.0
0.0
0.0
17.3261
0.0
7.17595
0.0
0.0
0.0
0.0
0.0
5.30161
12.2481
21.0978
0.0
0.0
0.0
0.0
0.0
0.0
0.0
0.0
0.0
0.0
5.79377
0.0
0.0
0.0
0.0
32.8635
0.0
0.0
0.0
0.0
12.1649
0.0
0.0
13.5847
0.0
0.0
0.0
0.0
30.9573
0.0
11.9985
0.0
2.50253
0.0
21.5311
4.4661
3.82545
0.0
3.76024
0.0
0.0
0.0
0.0
3.87393
2.84413
0.0
0.0
0.0
0.0
0.0
0.0
0.0
0.0
6.85701
0.0
0.0
0.0
0.0
14.4559
3.22771
0.0
2.67801
0.0
0.0
11.5205
0.0
0.0
0.0
0.0
25.2937
0.0
0.0
4.80097
0.0
0.0
0.0
0.0
0.0
0.0
0.0
0.0
32.5971
0.0
0.0
0.0
0.0
0.0
31.5208
0.0
0.0
0.0
0.0
12.4094
67.6052
0.0
0.0
0.0
0.0
0.0
3.97558
0.0
16.7227
0.0
0.0
0.0
0.0
0.0
0.0
0.0
0.0
0.0
0.0
0.0
0.0
0.0
0.0
1.75564
0.0
23.7746
0.0
0.0
0.0
0.0
0.0
0.0
0.0
0.0
0.0
0.0
0.0
0.0
5.81752
0.0
0.0
0.0
16.3138
0.0
16.6813
7.56225
24.489
7.37004
0.0
44.6193
8.68153
0.0
8.0058
0.0
2.39491
0.0
0.624887
1.24115
0.0
0.0
0.0
15.44
0.0
0.0
0.0
0.0
0.0
0.0
0.0
3.48147
43.586
0.0
0.0
0.0
0.0
0.0
17.2966
0.0
0.0
0.0
12.1155
0.0
0.0
0.0
0.0
0.0
6.01472
46.8638
0.0
0.0
0.0
0.0
0.0
0.0
0.0
21.4593
0.0
0.0
0.0
0.0
0.0
0.0
0.0
0.0
0.0
0.0
0.0
5.76801
16.3314
16.773
23.7037
0.0
0.0
14.8175
8.97448
11.0171
0.0
0.0
23.915
0.0
0.0
0.0
15.5818
0.0
0.0
0.0
0.0
0.0
0.0
0.0
0.0
0.0
0.0
0.0
0.0
0.0
0.0
0.0
0.0
16.3504
0.0
36.2722
0.0
0.0
0.0
0.0
0.0
2.76001
0.0
0.0
0.0
0.0
19.7991
0.0
13.0946
0.0
0.0
0.0
0.0
0.0
7.85779
12.2481
21.0978
0.0
0.0
0.0
0.0
0.0
3.39305
0.0
0.0
0.0
0.0
9.43974
0.0
0.0
0.0
0.0
32.8635
0.0
0.0
0.0
0.0
0.0
0.0
0.0
0.425083
0.0
0.0
0.0
0.0
24.3138
0.408325
7.58834
0.0
2.50253
2.50237
21.5311
0.0
24.6136
0.0
0.0
0.0
0.0
7.95527
0.0
0.0
1.73177
0.0
0.0
0.0
12.7972
0.0
0.0
0.0
0.0
0.0
0.0
0.0
0.0
0.0
14.4559
0.0
0.0
7.97248
0.0
0.0
11.5205
0.0
0.0
0.0
0.0
25.2937
0.0
0.0
0.0
0.0
0.0
0.0
0.0
0.0
0.0
0.0
0.0
23.1432
0.0
0.0
0.0
0.0
0.0
0.0
0.0
0.0
0.0
0.0
1.30829
67.6052
0.0
0.0
0.0
0.0
0.0
0.0
0.0
16.7227
0.0
0.0
0.0
0.0
0.0
0.0
0.0
0.0
0.0
9.63513
0.0
0.0
0.0
0.0
0.0
0.0
23.7746
0.0
0.0
0.0
0.0
0.0
0.0
8.37905
0.0
0.0
0.0
0.0
0.0
7.65897
2.14736
0.0
0.0
16.3138
0.0
12.2458
10.4462
19.8215
0.0
0.0
44.6193
5.25133
0.0
8.0058
0.0
2.39491
0.0
6.47521
0.0
0.0
0.0
0.0
15.44
0.0
0.0
0.0
0.0
0.0
0.0
0.0
3.48147
32.5823
0.0
0.0
0.0
0.0
0.0
17.2966
0.0
0.0
0.0
12.1155
0.0
0.0
0.0
0.0
0.0
0.0
53.0561
0.0
0.0
0.0
0.0
0.0
0.0
0.0
21.4593
0.0
0.0
0.0
0.0
0.0
0.0
0.0
0.0
0.0
0.0
0.0
5.76801
0.0
7.54197
23.4921
0.0
0.0
0.0
14.4509
11.0171
0.0
0.0
14.2984
0.0
0.0
0.0
0.0
0.0
0.0
0.0
0.0
0.0
0.0
0.0
0.0
0.0
0.0
0.0
0.0
0.0
0.0
0.0
0.0
20.3377
0.0
36.2722
0.0
0.0
6.46204
0.0
0.0
2.76001
0.0
0.0
0.0
0.0
16.9344
0.0
13.0946
0.0
0.0
0.0
0.0
0.0
7.85779
0.0
16.8044
0.0
0.0
0.0
0.0
0.0
0.0
0.0
0.0
0.0
0.0
5.28543
20.5496
0.0
0.0
0.0
0.0
0.0
0.0
0.339693
0.0
0.0
0.0
0.0
0.0
0.0
0.0
0.0
0.0
0.0
1.50277
7.58834
0.0
0.0
5.19953
2.48646
0.0
24.6136
0.0
0.0
0.0
0.0
7.95527
0.0
0.0
0.0
0.0
0.0
0.0
12.7972
0.0
0.0
0.0
0.0
0.0
0.0
0.0
0.0
0.0
0.0
0.0
0.0
5.63311
0.0
0.0
0.0
0.0
0.0
0.0
0.0
7.8752
0.0
0.0
0.0
0.0
0.0
0.0
0.0
0.0
0.0
3.81817
0.0
0.0
0.0
0.0
0.0
0.0
0.0
2.39994
0.0
0.0
0.0
0.0
0.0
6.85094
0.0
0.0
0.0
0.0
0.0
0.0
0.0
5.98671
0.0
0.0
0.0
0.0
0.0
0.0
0.0
0.0
0.0
11.3981
0.0
0.0
6.11697
0.0
0.0
0.0
8.32077
0.0
0.0
0.0
0.0
0.0
0.0
8.37905
0.0
0.0
0.0
0.0
0.0
5.53662
8.21113
0.0
0.0
0.0
0.0
0.0
24.575
0.0
0.0
0.0
0.0
3.12323
0.0
0.0
0.0
0.0
0.0
3.86347
0.0
0.0
0.0
0.0
0.0
0.0
0.0
0.0
0.0
0.0
0.0
0.0
0.0
0.0
0.0
0.0
0.0
0.0
0.0
7.70789
0.0
0.0
0.0
0.0
0.0
0.0
0.0
0.0
0.0
0.0
50.6741
0.0
0.0
0.0
0.0
0.0
0.0
0.0
2.24721
0.0
0.0
0.0
0.0
0.0
0.0
0.0
0.0
0.0
0.0
0.0
0.0
0.0
20.1328
0.0
0.0
0.0
0.0
4.04975
0.0
0.0
0.0
0.0
0.0
0.0
0.0
0.0
0.0
0.0
0.0
0.0
0.0
0.0
0.0
0.0
0.0
0.0
0.0
0.0
0.0
0.0
0.0
0.0
20.3377
0.0
0.0
0.0
0.0
6.46204
0.0
0.0
0.0
0.0
0.0
0.0
0.0
0.0
0.0
0.0
0.0
0.0
4.93503
0.0
0.0
0.0
0.0
0.0
0.0
0.0
0.0
0.0
0.0
0.0
0.0
0.0
0.0
0.0
0.0
27.1223
0.0
0.0
0.0
0.0
0.0
0.0
0.0
0.0
0.0
0.0
0.0
0.0
0.0
0.0
0.0
0.0
0.0
0.0
2.37762
0.0
0.0
3.32177
0.0
0.0
15.623
0.0
0.0
0.0
0.0
0.720568
0.0
0.0
0.0
2.01135
0.0
0.0
0.0
0.0
0.0
0.0
0.0
0.0
0.0
0.0
0.0
0.0
0.0
0.0
0.0
0.0
0.0
0.0
0.0
0.0
0.0
0.0
0.0
9.7161
4.82687
0.0
0.0
0.0
0.0
0.0
0.0
0.0
0.0
24.5923
0.0
0.0
3.75446
0.0
0.0
0.0
1.50283
0.0
0.0
0.0
0.0
0.0
0.0
0.0
0.0
12.7132
0.0
0.0
0.0
0.0
0.0
9.21779
0.0
0.0
0.0
0.0
0.0
0.0
0.0
0.0
0.0
14.2745
0.0
0.0
9.81551
0.0
0.0
0.0
0.0
0.0
0.0
0.0
0.0
0.0
0.0
0.0
0.0
0.0
0.0
0.0
0.0
0.0
8.21113
0.0
0.0
0.0
0.0
0.0
6.35575
0.0
0.0
0.0
0.0
26.6693
8.06033
0.0
0.0
0.0
0.0
0.0
0.0
0.0
0.0
0.0
0.0
0.0
0.0
0.0
0.0
0.0
0.0
0.0
0.0
0.0
0.0
0.0
0.0
0.0
0.0
0.0
0.0
0.0
0.0
0.0
0.0
0.0
0.0
0.0
0.0
24.4879
0.0
0.0
0.0
0.0
0.0
0.0
0.0
0.0
0.0
0.0
0.289218
0.0
0.0
0.0
0.0
0.0
0.0
0.0
0.0
0.0
0.0
0.0
62.9691
0.0
0.01662
0.0
0.0
0.0
0.0
0.0
0.0
0.0
0.0
0.0
0.0
0.0
0.0
0.0
0.0
0.0
0.0
0.0
0.0
0.0
0.0
0.0
0.0
0.0
0.0
0.0
0.0
0.0
0.0
0.0
0.0
0.0
0.0
0.0
0.0
0.0
0.0
0.0
0.0
0.0
0.0
0.0
0.0
0.0
0.0
0.0
0.0
0.0
0.0
0.0
0.0
0.0
0.0
0.0
9.04672
4.11479
0.0
0.0
0.0
0.0
0.0
0.0
0.0
7.56352
0.0
0.0
0.0
0.0
0.0
0.0
0.0
0.0
0.0
0.0
0.0
22.1291
0.0
0.0
0.0442878
0.0
6.27887
0.0
13.9448
0.0
0.0
2.81452
17.1647
0.0
28.2069
0.0
0.0
0.0
0.0
0.0
0.0
7.53092
0.0
0.0
0.0
0.0
0.0
0.0
0.0
0.0
0.0
0.0
0.0
0.0
6.69412
0.0
0.0
0.0
0.0
0.0
0.0
1.08604
0.0
1.79487
0.0
0.0
0.0
2.63246
9.34072
0.0
0.0
0.0
0.0
0.0
0.0
0.0
0.0
14.4798
0.0
0.0
1.16105
18.9851
0.0
0.0
0.0
13.5993
0.0
0.0
0.0
0.0
0.0
0.0
0.0
7.63579
0.0
0.0
0.0
0.0
0.0
8.46178
0.0
0.0
0.0
0.0
0.0
0.0
0.0
0.0
0.0
11.353
0.0
0.0
10.2047
0.0
0.0588758
8.85936
0.0
0.959222
0.0
2.16077
0.0
0.0
0.0
0.0
0.0
0.0
0.0
0.0
0.0
2.7359
0.0
0.0
0.0
0.0
0.0
0.0
36.2052
0.0
0.0
0.0
0.0
24.5657
0.0
0.0
0.0
5.96274
0.0
3.98326
0.0
0.0
0.0
0.0
0.0
0.0
0.0
0.0
0.0
0.0
0.0
0.0
0.0
13.9902
0.0
0.0
0.0
0.0
27.1972
0.0
0.0
0.0
0.0
0.0
0.0
0.0
0.0
0.0
0.0
20.9386
18.3175
0.0
0.0
0.0
0.0
0.0
0.0
0.0
0.0
0.0
0.0
0.0
0.0
0.0
0.0
0.0
0.0
0.0
0.0
0.0
0.0
0.0
52.7351
0.0
0.0
0.0
0.0
0.0
0.0
0.0
0.0
1.16876
0.0
0.0
0.0
0.0
0.0
0.0
0.0
0.0
0.0
0.0
0.0
0.0
0.0
0.0
0.0
0.0
0.0
0.0
0.0
0.0
5.47369
0.0
0.0
0.0
0.0
0.0
0.0
18.4422
0.0
0.0
0.0
0.0
0.0
0.0
0.0
0.0
0.0
0.0
0.0
0.0
0.0
1.43397
0.0
10.4641
0.0
0.0
0.0
0.0
0.0
0.0
0.0
0.0
0.0
0.0
0.0
3.11294
0.0
0.0
0.0
22.1309
0.0
0.0
0.0
0.0
12.1649
0.0
0.0
31.0583
0.0
0.0
0.0
0.0
27.1827
0.0
21.7957
0.0
0.0
5.31405
0.0
8.20862
2.05567
0.0
3.76024
0.0
0.0
1.26648
0.0
3.87393
0.0
0.0
0.0
0.0
0.0
0.0
0.0
0.0
0.0
6.85701
0.0
0.0
0.0
0.0
8.80924
3.22771
0.0
0.0
0.0
0.0
0.0
0.0
0.0
0.0
0.0
6.6555
0.0
0.0
9.02121
0.0
0.0
0.0
0.0
0.0
0.121538
0.0
0.0
15.3544
0.0
0.0
0.0
0.0
0.0
50.3863
0.0
0.0
0.0
0.0
0.103457
21.1469
0.0
8.21407
0.0
0.0
0.0
0.0
0.0
6.38866
0.0
0.0
0.0
0.0
0.0
0.0
0.0
0.0
0.0
0.721437
0.0
0.0
0.0
0.0
0.0
0.0
0.0
0.0
0.0
0.0
0.0
0.0
0.0
0.0
0.0
0.0
0.0
0.0
0.0
7.92393
0.0
0.0
0.0
1.83942
2.06043
11.0619
36.2052
6.74883
0.0
0.0
0.0
2.87395
0.0
0.0
0.0
2.66682
0.0
0.0
1.24115
0.0
0.0
0.0
1.16077
0.0
0.0
0.0
0.0
0.0
0.0
0.0
0.0
34.1585
0.0
0.0
0.0
0.0
19.5793
0.0
0.0
0.0
0.0
8.08313
0.0
0.0
0.0
0.0
0.0
7.79247
18.3175
0.0
3.13539
0.0
0.0
0.0
0.0
0.0
0.0
0.0
0.0
0.0
0.0
0.0
0.0
0.0
0.0
0.0
0.0
0.0
0.0
16.3314
36.633
5.21762
0.0
0.0
14.8175
0.0
0.0469416
6.10963
0.0
23.915
0.0
0.0
0.0
15.5818
0.0
0.0
0.0
0.0
0.0
0.0
0.0
0.0
0.0
0.0
0.0
0.0
0.0
0.0
0.0
0.0
5.47369
0.0
0.0
0.0
0.0
0.0
0.0
18.4422
0.0
0.0
0.0
0.0
0.0
17.3261
0.0
7.17595
0.0
0.0
0.0
0.0
0.0
5.30161
12.2481
21.0978
0.0
0.0
0.0
0.0
0.0
0.0
0.0
0.0
0.0
0.0
5.79377
0.0
0.0
0.0
0.0
32.8635
0.0
0.0
0.0
0.0
12.1649
0.0
0.0
13.5847
0.0
0.0
0.0
0.0
30.9573
0.0
11.9985
0.0
2.50253
0.0
21.5311
4.4661
3.82545
0.0
3.76024
0.0
0.0
0.0
0.0
3.87393
2.84413
0.0
0.0
0.0
0.0
0.0
0.0
0.0
0.0
6.85701
0.0
0.0
0.0
0.0
14.4559
3.22771
0.0
2.67801
0.0
0.0
11.5205
0.0
0.0
0.0
0.0
25.2937
0.0
0.0
4.80097
0.0
0.0
0.0
0.0
0.0
0.0
0.0
0.0
32.5971
0.0
0.0
0.0
0.0
0.0
31.5208
0.0
0.0
0.0
0.0
12.4094
67.6052
0.0
0.0
0.0
0.0
0.0
3.97558
0.0
16.7227
0.0
0.0
0.0
0.0
0.0
0.0
0.0
0.0
0.0
0.0
0.0
0.0
0.0
0.0
1.75564
0.0
23.7746
0.0
0.0
0.0
0.0
0.0
0.0
0.0
0.0
0.0
0.0
0.0
0.0
5.81752
0.0
0.0
0.0
16.3138
0.0
16.6813
7.56225
24.489
7.37004
0.0
44.6193
8.68153
0.0
8.0058
0.0
2.39491
0.0
0.624887
1.24115
0.0
0.0
0.0
15.44
0.0
0.0
0.0
0.0
0.0
0.0
0.0
3.48147
43.586
0.0
0.0
0.0
0.0
0.0
17.2966
0.0
0.0
0.0
12.1155
0.0
0.0
0.0
0.0
0.0
6.01472
46.8638
0.0
0.0
0.0
0.0
0.0
0.0
0.0
21.4593
0.0
0.0
0.0
0.0
0.0
0.0
0.0
0.0
0.0
0.0
0.0
5.76801
16.3314
16.773
23.7037
0.0
0.0
14.8175
8.97448
11.0171
0.0
0.0
23.915
0.0
0.0
0.0
15.5818
0.0
0.0
0.0
0.0
0.0
0.0
0.0
0.0
0.0
0.0
0.0
0.0
0.0
0.0
0.0
0.0
16.3504
0.0
36.2722
0.0
0.0
0.0
0.0
0.0
2.76001
0.0
0.0
0.0
0.0
19.7991
0.0
13.0946
0.0
0.0
0.0
0.0
0.0
7.85779
12.2481
21.0978
0.0
0.0
0.0
0.0
0.0
3.39305
0.0
0.0
0.0
0.0
9.43974
0.0
0.0
0.0
0.0
32.8635
0.0
0.0
0.0
0.0
0.0
0.0
0.0
0.425083
0.0
0.0
0.0
0.0
24.3138
0.408325
7.58834
0.0
2.50253
2.50237
21.5311
0.0
24.6136
0.0
0.0
0.0
0.0
7.95527
0.0
0.0
1.73177
0.0
0.0
0.0
12.7972
0.0
0.0
0.0
0.0
0.0
0.0
0.0
0.0
0.0
14.4559
0.0
0.0
7.97248
0.0
0.0
11.5205
0.0
0.0
0.0
0.0
25.2937
0.0
0.0
0.0
0.0
0.0
0.0
0.0
0.0
0.0
0.0
0.0
23.1432
0.0
0.0
0.0
0.0
0.0
0.0
0.0
0.0
0.0
0.0
1.30829
67.6052
0.0
0.0
0.0
0.0
0.0
0.0
0.0
16.7227
0.0
0.0
0.0
0.0
0.0
0.0
0.0
0.0
0.0
9.63513
0.0
0.0
0.0
0.0
0.0
0.0
23.7746
0.0
0.0
0.0
0.0
0.0
0.0
8.37905
0.0
0.0
0.0
0.0
0.0
7.65897
2.14736
0.0
0.0
16.3138
0.0
12.2458
10.4462
19.8215
0.0
0.0
44.6193
5.25133
0.0
8.0058
0.0
2.39491
0.0
6.47521
0.0
0.0
0.0
0.0
15.44
0.0
0.0
0.0
0.0
0.0
0.0
0.0
3.48147
32.5823
0.0
0.0
0.0
0.0
0.0
17.2966
0.0
0.0
0.0
12.1155
0.0
0.0
0.0
0.0
0.0
0.0
53.0561
0.0
0.0
0.0
0.0
0.0
0.0
0.0
21.4593
0.0
0.0
0.0
0.0
0.0
0.0
0.0
0.0
0.0
0.0
0.0
5.76801
0.0
7.54197
23.4921
0.0
0.0
0.0
14.4509
11.0171
0.0
0.0
14.2984
0.0
0.0
0.0
0.0
0.0
0.0
0.0
0.0
0.0
0.0
0.0
0.0
0.0
0.0
0.0
0.0
0.0
0.0
0.0
0.0
20.3377
0.0
36.2722
0.0
0.0
6.46204
0.0
0.0
2.76001
0.0
0.0
0.0
0.0
16.9344
0.0
13.0946
0.0
0.0
0.0
0.0
0.0
7.85779
0.0
16.8044
0.0
0.0
0.0
0.0
0.0
0.0
0.0
0.0
0.0
0.0
5.28543
20.5496
0.0
0.0
0.0
0.0
0.0
0.0
0.339693
0.0
0.0
0.0
0.0
0.0
0.0
0.0
0.0
0.0
0.0
1.50277
7.58834
0.0
0.0
5.19953
2.48646
0.0
24.6136
0.0
0.0
0.0
0.0
7.95527
0.0
0.0
0.0
0.0
0.0
0.0
12.7972
0.0
0.0
0.0
0.0
0.0
0.0
0.0
0.0
0.0
0.0
0.0
0.0
5.63311
0.0
0.0
0.0
0.0
0.0
0.0
0.0
7.8752
0.0
0.0
0.0
0.0
0.0
0.0
0.0
0.0
0.0
3.81817
0.0
0.0
0.0
0.0
0.0
0.0
0.0
2.39994
0.0
0.0
0.0
0.0
0.0
6.85094
0.0
0.0
0.0
0.0
0.0
0.0
0.0
5.98671
0.0
0.0
0.0
0.0
0.0
0.0
0.0
0.0
0.0
11.3981
0.0
0.0
6.11697
0.0
0.0
0.0
8.32077
0.0
0.0
0.0
0.0
0.0
0.0
8.37905
0.0
0.0
0.0
0.0
0.0
5.53662
8.21113
0.0
0.0
0.0
0.0
0.0
24.575
0.0
0.0
0.0
0.0
3.12323
0.0
0.0
0.0
0.0
0.0
3.86347
0.0
0.0
0.0
0.0
0.0
0.0
0.0
0.0
0.0
0.0
0.0
0.0
0.0
0.0
0.0
0.0
0.0
0.0
0.0
7.70789
0.0
0.0
0.0
0.0
0.0
0.0
0.0
0.0
0.0
0.0
50.6741
0.0
0.0
0.0
0.0
0.0
0.0
0.0
2.24721
0.0
0.0
0.0
0.0
0.0
0.0
0.0
0.0
0.0
0.0
0.0
0.0
0.0
20.1328
0.0
0.0
0.0
0.0
4.04975
0.0
0.0
0.0
0.0
0.0
0.0
0.0
0.0
0.0
0.0
0.0
0.0
0.0
0.0
0.0
0.0
0.0
0.0
0.0
0.0
0.0
0.0
0.0
0.0
20.3377
0.0
0.0
0.0
0.0
6.46204
0.0
0.0
0.0
0.0
0.0
0.0
0.0
0.0
0.0
0.0
0.0
0.0
4.93503
0.0
0.0
0.0
0.0
0.0
0.0
0.0
0.0
0.0
0.0
0.0
0.0
0.0
0.0
0.0
0.0
27.1223
0.0
0.0
0.0
0.0
0.0
0.0
0.0
0.0
0.0
0.0
0.0
0.0
0.0
0.0
0.0
0.0
0.0
0.0
2.37762
0.0
0.0
3.32177
0.0
0.0
15.623
0.0
0.0
0.0
0.0
0.720568
0.0
0.0
0.0
2.01135
0.0
0.0
0.0
0.0
0.0
0.0
0.0
0.0
0.0
0.0
0.0
0.0
0.0
0.0
0.0
0.0
0.0
0.0
0.0
0.0
0.0
0.0
0.0
9.7161
4.82687
0.0
0.0
0.0
0.0
0.0
0.0
0.0
0.0
24.5923
0.0
0.0
3.75446
0.0
0.0
0.0
1.50283
0.0
0.0
0.0
0.0
0.0
0.0
0.0
0.0
12.7132
0.0
0.0
0.0
0.0
0.0
9.21779
0.0
0.0
0.0
0.0
0.0
0.0
0.0
0.0
0.0
14.2745
0.0
0.0
9.81551
0.0
0.0
0.0
0.0
0.0
0.0
0.0
0.0
0.0
0.0
0.0
0.0
0.0
0.0
0.0
0.0
0.0
8.21113
0.0
0.0
0.0
0.0
0.0
6.35575
0.0
0.0
0.0
0.0
26.6693
8.06033
0.0
0.0
0.0
0.0
0.0
0.0
0.0
0.0
0.0
0.0
0.0
0.0
0.0
0.0
0.0
0.0
0.0
0.0
0.0
0.0
0.0
0.0
0.0
0.0
0.0
0.0
0.0
0.0
0.0
0.0
0.0
0.0
0.0
0.0
24.4879
0.0
0.0
0.0
0.0
0.0
0.0
0.0
0.0
0.0
0.0
0.289218
0.0
0.0
0.0
0.0
0.0
0.0
0.0
0.0
0.0
0.0
0.0
62.9691
0.0
0.01662
0.0
0.0
0.0
0.0
0.0
0.0
0.0
0.0
0.0
0.0
0.0
0.0
0.0
0.0
0.0
0.0
0.0
0.0
0.0
0.0
0.0
0.0
0.0
0.0
0.0
0.0
0.0
0.0
0.0
0.0
0.0
0.0
0.0
0.0
0.0
0.0
0.0
0.0
0.0
0.0
0.0
0.0
0.0
0.0
0.0
0.0
0.0
0.0
0.0
0.0
0.0
0.0
0.0
9.04672
4.11479
0.0
0.0
0.0
0.0
0.0
0.0
0.0
7.56352
0.0
0.0
0.0
0.0
0.0
0.0
0.0
0.0
0.0
0.0
0.0
22.1291
0.0
0.0
0.0442878
0.0
6.27887
0.0
13.9448
0.0
0.0
2.81452
17.1647
0.0
28.2069
0.0
0.0
0.0
0.0
0.0
0.0
7.53092
0.0
0.0
0.0
0.0
0.0
0.0
0.0
0.0
0.0
0.0
0.0
0.0
6.69412
0.0
0.0
0.0
0.0
0.0
0.0
1.08604
0.0
1.79487
0.0
0.0
0.0
2.63246
9.34072
0.0
0.0
0.0
0.0
0.0
0.0
0.0
0.0
14.4798
0.0
0.0
1.16105
18.9851
0.0
0.0
0.0
13.5993
0.0
0.0
0.0
0.0
0.0
0.0
0.0
7.63579
0.0
0.0
0.0
0.0
0.0
8.46178
0.0
0.0
0.0
0.0
0.0
0.0
0.0
0.0
0.0
11.353
0.0
0.0
10.2047
0.0
0.0588758
8.85936
0.0
0.959222
0.0
2.16077
0.0
0.0
0.0
0.0
0.0
0.0
0.0
0.0
0.0
2.7359
0.0
0.0
0.0
0.0
0.0
0.0
36.2052
0.0
0.0
0.0
0.0
24.5657
0.0
0.0
0.0
5.96274
0.0
3.98326
0.0
0.0
0.0
0.0
0.0
0.0
0.0
0.0
0.0
0.0
0.0
0.0
0.0
13.9902
0.0
0.0
0.0
0.0
27.1972
0.0
0.0
0.0
0.0
0.0
0.0
0.0
0.0
0.0
0.0
20.9386
18.3175
0.0
0.0
0.0
0.0
0.0
0.0
0.0
0.0
0.0
0.0
0.0
0.0
0.0
0.0
0.0
0.0
0.0
0.0
0.0
0.0
0.0
52.7351
0.0
0.0
0.0
0.0
0.0
0.0
0.0
0.0
1.16876
0.0
0.0
0.0
0.0
0.0
0.0
0.0
0.0
0.0
0.0
0.0
0.0
0.0
0.0
0.0
0.0
0.0
0.0
0.0
0.0
5.47369
0.0
0.0
0.0
0.0
0.0
0.0
18.4422
0.0
0.0
0.0
0.0
0.0
0.0
0.0
0.0
0.0
0.0
0.0
0.0
0.0
1.43397
0.0
10.4641
0.0
0.0
0.0
0.0
0.0
0.0
0.0
0.0
0.0
0.0
0.0
3.11294
0.0
0.0
0.0
22.1309
0.0
0.0
0.0
0.0
12.1649
0.0
0.0
31.0583
0.0
0.0
0.0
0.0
27.1827
0.0
21.7957
0.0
0.0
5.31405
0.0
8.20862
2.05567
0.0
3.76024
0.0
0.0
1.26648
0.0
3.87393
0.0
0.0
0.0
0.0
0.0
0.0
0.0
0.0
0.0
6.85701
0.0
0.0
0.0
0.0
8.80924
3.22771
0.0
0.0
0.0
0.0
0.0
0.0
0.0
0.0
0.0
6.6555
0.0
0.0
9.02121
0.0
0.0
0.0
0.0
0.0
0.121538
0.0
0.0
15.3544
0.0
0.0
0.0
0.0
0.0
50.3863
0.0
0.0
0.0
0.0
0.103457
21.1469
0.0
8.21407
0.0
0.0
0.0
0.0
0.0
6.38866
0.0
0.0
0.0
0.0
0.0
0.0
0.0
0.0
0.0
0.721437
0.0
0.0
0.0
0.0
0.0
0.0
0.0
0.0
0.0
0.0
0.0
0.0
0.0
0.0
0.0
0.0
0.0
0.0
0.0
7.92393
0.0
0.0
0.0
1.83942
2.06043
11.0619
36.2052
6.74883
0.0
0.0
0.0
2.87395
0.0
0.0
0.0
2.66682
0.0
0.0
1.24115
0.0
0.0
0.0
1.16077
0.0
0.0
0.0
0.0
0.0
0.0
0.0
0.0
34.1585
0.0
0.0
0.0
0.0
19.5793
0.0
0.0
0.0
0.0
8.08313
0.0
0.0
0.0
0.0
0.0
7.79247
18.3175
0.0
3.13539
0.0
0.0
0.0
0.0
0.0
0.0
0.0
0.0
0.0
0.0
0.0
0.0
0.0
0.0
0.0
0.0
0.0
0.0
16.3314
36.633
5.21762
0.0
0.0
14.8175
0.0
0.0469416
6.10963
0.0
23.915
0.0
0.0
0.0
15.5818
0.0
0.0
0.0
0.0
0.0
0.0
0.0
0.0
0.0
0.0
0.0
0.0
0.0
0.0
0.0
0.0
5.47369
0.0
0.0
0.0
0.0
0.0
0.0
18.4422
0.0
0.0
0.0
0.0
0.0
17.3261
0.0
7.17595
0.0
0.0
0.0
0.0
0.0
5.30161
12.2481
21.0978
0.0
0.0
0.0
0.0
0.0
0.0
0.0
0.0
0.0
0.0
5.79377
0.0
0.0
0.0
0.0
32.8635
0.0
0.0
0.0
0.0
12.1649
0.0
0.0
13.5847
0.0
0.0
0.0
0.0
30.9573
0.0
11.9985
0.0
2.50253
0.0
21.5311
4.4661
3.82545
0.0
3.76024
0.0
0.0
0.0
0.0
3.87393
2.84413
0.0
0.0
0.0
0.0
0.0
0.0
0.0
0.0
6.85701
0.0
0.0
0.0
0.0
14.4559
3.22771
0.0
2.67801
0.0
0.0
11.5205
0.0
0.0
0.0
0.0
25.2937
0.0
0.0
4.80097
0.0
0.0
0.0
0.0
0.0
0.0
0.0
0.0
32.5971
0.0
0.0
0.0
0.0
0.0
31.5208
0.0
0.0
0.0
0.0
12.4094
67.6052
0.0
0.0
0.0
0.0
0.0
3.97558
0.0
16.7227
0.0
0.0
0.0
0.0
0.0
0.0
0.0
0.0
0.0
0.0
0.0
0.0
0.0
0.0
1.75564
0.0
23.7746
0.0
0.0
0.0
0.0
0.0
0.0
0.0
0.0
0.0
0.0
0.0
0.0
5.81752
0.0
0.0
0.0
16.3138
0.0
16.6813
7.56225
24.489
7.37004
0.0
44.6193
8.68153
0.0
8.0058
0.0
2.39491
0.0
0.624887
1.24115
0.0
0.0
0.0
15.44
0.0
0.0
0.0
0.0
0.0
0.0
0.0
3.48147
43.586
0.0
0.0
0.0
0.0
0.0
17.2966
0.0
0.0
0.0
12.1155
0.0
0.0
0.0
0.0
0.0
6.01472
46.8638
0.0
0.0
0.0
0.0
0.0
0.0
0.0
21.4593
0.0
0.0
0.0
0.0
0.0
0.0
0.0
0.0
0.0
0.0
0.0
5.76801
16.3314
16.773
23.7037
0.0
0.0
14.8175
8.97448
11.0171
0.0
0.0
23.915
0.0
0.0
0.0
15.5818
0.0
0.0
0.0
0.0
0.0
0.0
0.0
0.0
0.0
0.0
0.0
0.0
0.0
0.0
0.0
0.0
16.3504
0.0
36.2722
0.0
0.0
0.0
0.0
0.0
2.76001
0.0
0.0
0.0
0.0
19.7991
0.0
13.0946
0.0
0.0
0.0
0.0
0.0
7.85779
12.2481
21.0978
0.0
0.0
0.0
0.0
0.0
3.39305
0.0
0.0
0.0
0.0
9.43974
0.0
0.0
0.0
0.0
32.8635
0.0
0.0
0.0
0.0
0.0
0.0
0.0
0.425083
0.0
0.0
0.0
0.0
24.3138
0.408325
7.58834
0.0
2.50253
2.50237
21.5311
0.0
24.6136
0.0
0.0
0.0
0.0
7.95527
0.0
0.0
1.73177
0.0
0.0
0.0
12.7972
0.0
0.0
0.0
0.0
0.0
0.0
0.0
0.0
0.0
14.4559
0.0
0.0
7.97248
0.0
0.0
11.5205
0.0
0.0
0.0
0.0
25.2937
0.0
0.0
0.0
0.0
0.0
0.0
0.0
0.0
0.0
0.0
0.0
23.1432
0.0
0.0
0.0
0.0
0.0
0.0
0.0
0.0
0.0
0.0
1.30829
67.6052
0.0
0.0
0.0
0.0
0.0
0.0
0.0
16.7227
0.0
0.0
0.0
0.0
0.0
0.0
0.0
0.0
0.0
9.63513
0.0
0.0
0.0
0.0
0.0
0.0
23.7746
0.0
0.0
0.0
0.0
0.0
0.0
8.37905
0.0
0.0
0.0
0.0
0.0
7.65897
2.14736
0.0
0.0
16.3138
0.0
12.2458
10.4462
19.8215
0.0
0.0
44.6193
5.25133
0.0
8.0058
0.0
2.39491
0.0
6.47521
0.0
0.0
0.0
0.0
15.44
0.0
0.0
0.0
0.0
0.0
0.0
0.0
3.48147
32.5823
0.0
0.0
0.0
0.0
0.0
17.2966
0.0
0.0
0.0
12.1155
0.0
0.0
0.0
0.0
0.0
0.0
53.0561
0.0
0.0
0.0
0.0
0.0
0.0
0.0
21.4593
0.0
0.0
0.0
0.0
0.0
0.0
0.0
0.0
0.0
0.0
0.0
5.76801
0.0
7.54197
23.4921
0.0
0.0
0.0
14.4509
11.0171
0.0
0.0
14.2984
0.0
0.0
0.0
0.0
0.0
0.0
0.0
0.0
0.0
0.0
0.0
0.0
0.0
0.0
0.0
0.0
0.0
0.0
0.0
0.0
20.3377
0.0
36.2722
0.0
0.0
6.46204
0.0
0.0
2.76001
0.0
0.0
0.0
0.0
16.9344
0.0
13.0946
0.0
0.0
0.0
0.0
0.0
7.85779
0.0
16.8044
0.0
0.0
0.0
0.0
0.0
0.0
0.0
0.0
0.0
0.0
5.28543
20.5496
0.0
0.0
0.0
0.0
0.0
0.0
0.339693
0.0
0.0
0.0
0.0
0.0
0.0
0.0
0.0
0.0
0.0
1.50277
7.58834
0.0
0.0
5.19953
2.48646
0.0
24.6136
0.0
0.0
0.0
0.0
7.95527
0.0
0.0
0.0
0.0
0.0
0.0
12.7972
0.0
0.0
0.0
0.0
0.0
0.0
0.0
0.0
0.0
0.0
0.0
0.0
5.63311
0.0
0.0
0.0
0.0
0.0
0.0
0.0
7.8752
0.0
0.0
0.0
0.0
0.0
0.0
0.0
0.0
0.0
3.81817
0.0
0.0
0.0
0.0
0.0
0.0
0.0
2.39994
0.0
0.0
0.0
0.0
0.0
6.85094
0.0
0.0
0.0
0.0
0.0
0.0
0.0
5.98671
0.0
0.0
0.0
0.0
0.0
0.0
0.0
0.0
0.0
11.3981
0.0
0.0
6.11697
0.0
0.0
0.0
8.32077
0.0
0.0
0.0
0.0
0.0
0.0
8.37905
0.0
0.0
0.0
0.0
0.0
5.53662
8.21113
0.0
0.0
0.0
0.0
0.0
24.575
0.0
0.0
0.0
0.0
3.12323
0.0
0.0
0.0
0.0
0.0
3.86347
0.0
0.0
0.0
0.0
0.0
0.0
0.0
0.0
0.0
0.0
0.0
0.0
0.0
0.0
0.0
0.0
0.0
0.0
0.0
7.70789
0.0
0.0
0.0
0.0
0.0
0.0
0.0
0.0
0.0
0.0
50.6741
0.0
0.0
0.0
0.0
0.0
0.0
0.0
2.24721
0.0
0.0
0.0
0.0
0.0
0.0
0.0
0.0
0.0
0.0
0.0
0.0
0.0
20.1328
0.0
0.0
0.0
0.0
4.04975
0.0
0.0
0.0
0.0
0.0
0.0
0.0
0.0
0.0
0.0
0.0
0.0
0.0
0.0
0.0
0.0
0.0
0.0
0.0
0.0
0.0
0.0
0.0
0.0
20.3377
0.0
0.0
0.0
0.0
6.46204
0.0
0.0
0.0
0.0
0.0
0.0
0.0
0.0
0.0
0.0
0.0
0.0
4.93503
0.0
0.0
0.0
0.0
0.0
0.0
0.0
0.0
0.0
0.0
0.0
0.0
0.0
0.0
0.0
0.0
27.1223
0.0
0.0
0.0
0.0
0.0
0.0
0.0
0.0
0.0
0.0
0.0
0.0
0.0
0.0
0.0
0.0
0.0
0.0
2.37762
0.0
0.0
3.32177
0.0
0.0
15.623
0.0
0.0
0.0
0.0
0.720568
0.0
0.0
0.0
2.01135
0.0
0.0
0.0
0.0
0.0
0.0
0.0
0.0
0.0
0.0
0.0
0.0
0.0
0.0
0.0
0.0
0.0
0.0
0.0
0.0
0.0
0.0
0.0
9.7161
4.82687
0.0
0.0
0.0
0.0
0.0
0.0
0.0
0.0
24.5923
0.0
0.0
3.75446
0.0
0.0
0.0
1.50283
0.0
0.0
0.0
0.0
0.0
0.0
0.0
0.0
12.7132
0.0
0.0
0.0
0.0
0.0
9.21779
0.0
0.0
0.0
0.0
0.0
0.0
0.0
0.0
0.0
14.2745
0.0
0.0
9.81551
0.0
0.0
0.0
0.0
0.0
0.0
0.0
0.0
0.0
0.0
0.0
0.0
0.0
0.0
0.0
0.0
0.0
8.21113
0.0
0.0
0.0
0.0
0.0
6.35575
0.0
0.0
0.0
0.0
26.6693
8.06033
0.0
0.0
0.0
0.0
0.0
0.0
0.0
0.0
0.0
0.0
0.0
0.0
0.0
0.0
0.0
0.0
0.0
0.0
0.0
0.0
0.0
0.0
0.0
0.0
0.0
0.0
0.0
0.0
0.0
0.0
0.0
0.0
0.0
0.0
24.4879
0.0
0.0
0.0
0.0
0.0
0.0
0.0
0.0
0.0
0.0
0.289218
0.0
0.0
0.0
0.0
0.0
0.0
0.0
0.0
0.0
0.0
0.0
62.9691
0.0
0.01662
0.0
0.0
0.0
0.0
0.0
0.0
0.0
0.0
0.0
0.0
0.0
0.0
0.0
0.0
0.0
0.0
0.0
0.0
0.0
0.0
0.0
0.0
0.0
0.0
0.0
0.0
0.0
0.0
0.0
0.0
0.0
0.0
0.0
0.0
0.0
0.0
0.0
0.0
0.0
0.0
0.0
0.0
0.0
0.0
0.0
0.0
0.0
0.0
0.0
0.0
0.0
0.0
0.0
9.04672
4.11479
0.0
0.0
0.0
0.0
0.0
0.0
0.0
7.56352
0.0
0.0
0.0
0.0
0.0
0.0
0.0
0.0
0.0
0.0
0.0
22.1291
0.0
0.0
0.0442878
0.0
6.27887
0.0
13.9448
0.0
0.0
2.81452
17.1647
0.0
28.2069
0.0
0.0
0.0
0.0
0.0
0.0
7.53092
0.0
0.0
0.0
0.0
0.0
0.0
0.0
0.0
0.0
0.0
0.0
0.0
6.69412
0.0
0.0
0.0
0.0
0.0
0.0
1.08604
0.0
1.79487
0.0
0.0
0.0
2.63246
9.34072
0.0
0.0
0.0
0.0
0.0
0.0
0.0
0.0
14.4798
0.0
0.0
1.16105
18.9851
0.0
0.0
0.0
13.5993
0.0
0.0
0.0
0.0
0.0
0.0
0.0
7.63579
0.0
0.0
0.0
0.0
0.0
8.46178
0.0
0.0
0.0
0.0
0.0
0.0
0.0
0.0
0.0
11.353
0.0
0.0
10.2047
0.0
0.0588758
8.85936
0.0
0.959222
0.0
2.16077
0.0
0.0
0.0
0.0
0.0
0.0
0.0
0.0
0.0
2.7359
0.0
0.0
0.0
0.0
0.0
0.0
36.2052
0.0
0.0
0.0
0.0
24.5657
0.0
0.0
0.0
5.96274
0.0
3.98326
0.0
0.0
0.0
0.0
0.0
0.0
0.0
0.0
0.0
0.0
0.0
0.0
0.0
13.9902
0.0
0.0
0.0
0.0
27.1972
0.0
0.0
0.0
0.0
0.0
0.0
0.0
0.0
0.0
0.0
20.9386
18.3175
0.0
0.0
0.0
0.0
0.0
0.0
0.0
0.0
0.0
0.0
0.0
0.0
0.0
0.0
0.0
0.0
0.0
0.0
0.0
0.0
0.0
52.7351
0.0
0.0
0.0
0.0
0.0
0.0
0.0
0.0
1.16876
0.0
0.0
0.0
0.0
0.0
0.0
0.0
0.0
0.0
0.0
0.0
0.0
0.0
0.0
0.0
0.0
0.0
0.0
0.0
0.0
5.47369
0.0
0.0
0.0
0.0
0.0
0.0
18.4422
0.0
0.0
0.0
0.0
0.0
0.0
0.0
0.0
0.0
0.0
0.0
0.0
0.0
1.43397
0.0
10.4641
0.0
0.0
0.0
0.0
0.0
0.0
0.0
0.0
0.0
0.0
0.0
3.11294
0.0
0.0
0.0
22.1309
0.0
0.0
0.0
0.0
12.1649
0.0
0.0
31.0583
0.0
0.0
0.0
0.0
27.1827
0.0
21.7957
0.0
0.0
5.31405
0.0
8.20862
2.05567
0.0
3.76024
0.0
0.0
1.26648
0.0
3.87393
0.0
0.0
0.0
0.0
0.0
0.0
0.0
0.0
0.0
6.85701
0.0
0.0
0.0
0.0
8.80924
3.22771
0.0
0.0
0.0
0.0
0.0
0.0
0.0
0.0
0.0
6.6555
0.0
0.0
9.02121
0.0
0.0
0.0
0.0
0.0
0.121538
0.0
0.0
15.3544
0.0
0.0
0.0
0.0
0.0
50.3863
0.0
0.0
0.0
0.0
0.103457
21.1469
0.0
8.21407
0.0
0.0
0.0
0.0
0.0
6.38866
0.0
0.0
0.0
0.0
0.0
0.0
0.0
0.0
0.0
0.721437
0.0
0.0
0.0
0.0
0.0
0.0
0.0
0.0
0.0
0.0
0.0
0.0
0.0
0.0
0.0
0.0
0.0
0.0
0.0
7.92393
0.0
0.0
0.0
1.83942
2.06043
11.0619
36.2052
6.74883
0.0
0.0
0.0
2.87395
0.0
0.0
0.0
2.66682
0.0
0.0
1.24115
0.0
0.0
0.0
1.16077
0.0
0.0
0.0
0.0
0.0
0.0
0.0
0.0
34.1585
0.0
0.0
0.0
0.0
19.5793
0.0
0.0
0.0
0.0
8.08313
0.0
0.0
0.0
0.0
0.0
7.79247
18.3175
0.0
3.13539
0.0
0.0
0.0
0.0
0.0
0.0
0.0
0.0
0.0
0.0
0.0
0.0
0.0
0.0
0.0
0.0
0.0
0.0
16.3314
36.633
5.21762
0.0
0.0
14.8175
0.0
0.0469416
6.10963
0.0
23.915
0.0
0.0
0.0
15.5818
0.0
0.0
0.0
0.0
0.0
0.0
0.0
0.0
0.0
0.0
0.0
0.0
0.0
0.0
0.0
0.0
5.47369
0.0
0.0
0.0
0.0
0.0
0.0
18.4422
0.0
0.0
0.0
0.0
0.0
17.3261
0.0
7.17595
0.0
0.0
0.0
0.0
0.0
5.30161
12.2481
21.0978
0.0
0.0
0.0
0.0
0.0
0.0
0.0
0.0
0.0
0.0
5.79377
0.0
0.0
0.0
0.0
32.8635
0.0
0.0
0.0
0.0
12.1649
0.0
0.0
13.5847
0.0
0.0
0.0
0.0
30.9573
0.0
11.9985
0.0
2.50253
0.0
21.5311
4.4661
3.82545
0.0
3.76024
0.0
0.0
0.0
0.0
3.87393
2.84413
0.0
0.0
0.0
0.0
0.0
0.0
0.0
0.0
6.85701
0.0
0.0
0.0
0.0
14.4559
3.22771
0.0
2.67801
0.0
0.0
11.5205
0.0
0.0
0.0
0.0
25.2937
0.0
0.0
4.80097
0.0
0.0
0.0
0.0
0.0
0.0
0.0
0.0
32.5971
0.0
0.0
0.0
0.0
0.0
31.5208
0.0
0.0
0.0
0.0
12.4094
67.6052
0.0
0.0
0.0
0.0
0.0
3.97558
0.0
16.7227
0.0
0.0
0.0
0.0
0.0
0.0
0.0
0.0
0.0
0.0
0.0
0.0
0.0
0.0
1.75564
0.0
23.7746
0.0
0.0
0.0
0.0
0.0
0.0
0.0
0.0
0.0
0.0
0.0
0.0
5.81752
0.0
0.0
0.0
16.3138
0.0
16.6813
7.56225
24.489
7.37004
0.0
44.6193
8.68153
0.0
8.0058
0.0
2.39491
0.0
0.624887
1.24115
0.0
0.0
0.0
15.44
0.0
0.0
0.0
0.0
0.0
0.0
0.0
3.48147
43.586
0.0
0.0
0.0
0.0
0.0
17.2966
0.0
0.0
0.0
12.1155
0.0
0.0
0.0
0.0
0.0
6.01472
46.8638
0.0
0.0
0.0
0.0
0.0
0.0
0.0
21.4593
0.0
0.0
0.0
0.0
0.0
0.0
0.0
0.0
0.0
0.0
0.0
5.76801
16.3314
16.773
23.7037
0.0
0.0
14.8175
8.97448
11.0171
0.0
0.0
23.915
0.0
0.0
0.0
15.5818
0.0
0.0
0.0
0.0
0.0
0.0
0.0
0.0
0.0
0.0
0.0
0.0
0.0
0.0
0.0
0.0
16.3504
0.0
36.2722
0.0
0.0
0.0
0.0
0.0
2.76001
0.0
0.0
0.0
0.0
19.7991
0.0
13.0946
0.0
0.0
0.0
0.0
0.0
7.85779
12.2481
21.0978
0.0
0.0
0.0
0.0
0.0
3.39305
0.0
0.0
0.0
0.0
9.43974
0.0
0.0
0.0
0.0
32.8635
0.0
0.0
0.0
0.0
0.0
0.0
0.0
0.425083
0.0
0.0
0.0
0.0
24.3138
0.408325
7.58834
0.0
2.50253
2.50237
21.5311
0.0
24.6136
0.0
0.0
0.0
0.0
7.95527
0.0
0.0
1.73177
0.0
0.0
0.0
12.7972
0.0
0.0
0.0
0.0
0.0
0.0
0.0
0.0
0.0
14.4559
0.0
0.0
7.97248
0.0
0.0
11.5205
0.0
0.0
0.0
0.0
25.2937
0.0
0.0
0.0
0.0
0.0
0.0
0.0
0.0
0.0
0.0
0.0
23.1432
0.0
0.0
0.0
0.0
0.0
0.0
0.0
0.0
0.0
0.0
1.30829
67.6052
0.0
0.0
0.0
0.0
0.0
0.0
0.0
16.7227
0.0
0.0
0.0
0.0
0.0
0.0
0.0
0.0
0.0
9.63513
0.0
0.0
0.0
0.0
0.0
0.0
23.7746
0.0
0.0
0.0
0.0
0.0
0.0
8.37905
0.0
0.0
0.0
0.0
0.0
7.65897
2.14736
0.0
0.0
16.3138
0.0
12.2458
10.4462
19.8215
0.0
0.0
44.6193
5.25133
0.0
8.0058
0.0
2.39491
0.0
6.47521
0.0
0.0
0.0
0.0
15.44
0.0
0.0
0.0
0.0
0.0
0.0
0.0
3.48147
32.5823
0.0
0.0
0.0
0.0
0.0
17.2966
0.0
0.0
0.0
12.1155
0.0
0.0
0.0
0.0
0.0
0.0
53.0561
0.0
0.0
0.0
0.0
0.0
0.0
0.0
21.4593
0.0
0.0
0.0
0.0
0.0
0.0
0.0
0.0
0.0
0.0
0.0
5.76801
0.0
7.54197
23.4921
0.0
0.0
0.0
14.4509
11.0171
0.0
0.0
14.2984
0.0
0.0
0.0
0.0
0.0
0.0
0.0
0.0
0.0
0.0
0.0
0.0
0.0
0.0
0.0
0.0
0.0
0.0
0.0
0.0
20.3377
0.0
36.2722
0.0
0.0
6.46204
0.0
0.0
2.76001
0.0
0.0
0.0
0.0
16.9344
0.0
13.0946
0.0
0.0
0.0
0.0
0.0
7.85779
0.0
16.8044
0.0
0.0
0.0
0.0
0.0
0.0
0.0
0.0
0.0
0.0
5.28543
20.5496
0.0
0.0
0.0
0.0
0.0
0.0
0.339693
0.0
0.0
0.0
0.0
0.0
0.0
0.0
0.0
0.0
0.0
1.50277
7.58834
0.0
0.0
5.19953
2.48646
0.0
24.6136
0.0
0.0
0.0
0.0
7.95527
0.0
0.0
0.0
0.0
0.0
0.0
12.7972
0.0
0.0
0.0
0.0
0.0
0.0
0.0
0.0
0.0
0.0
0.0
0.0
5.63311
0.0
0.0
0.0
0.0
0.0
0.0
0.0
7.8752
0.0
0.0
0.0
0.0
0.0
0.0
0.0
0.0
0.0
3.81817
0.0
0.0
0.0
0.0
0.0
0.0
0.0
2.39994
0.0
0.0
0.0
0.0
0.0
6.85094
0.0
0.0
0.0
0.0
0.0
0.0
0.0
5.98671
0.0
0.0
0.0
0.0
0.0
0.0
0.0
0.0
0.0
11.3981
0.0
0.0
6.11697
0.0
0.0
0.0
8.32077
0.0
0.0
0.0
0.0
0.0
0.0
8.37905
0.0
0.0
0.0
0.0
0.0
5.53662
8.21113
0.0
0.0
0.0
0.0
0.0
24.575
0.0
0.0
0.0
0.0
3.12323
0.0
0.0
0.0
0.0
0.0
3.86347
0.0
0.0
0.0
0.0
0.0
0.0
0.0
0.0
0.0
0.0
0.0
0.0
0.0
0.0
0.0
0.0
0.0
0.0
0.0
7.70789
0.0
0.0
0.0
0.0
0.0
0.0
0.0
0.0
0.0
0.0
50.6741
0.0
0.0
0.0
0.0
0.0
0.0
0.0
2.24721
0.0
0.0
0.0
0.0
0.0
0.0
0.0
0.0
0.0
0.0
0.0
0.0
0.0
20.1328
0.0
0.0
0.0
0.0
4.04975
0.0
0.0
0.0
0.0
0.0
0.0
0.0
0.0
0.0
0.0
0.0
0.0
0.0
0.0
0.0
0.0
0.0
0.0
0.0
0.0
0.0
0.0
0.0
0.0
20.3377
0.0
0.0
0.0
0.0
6.46204
0.0
0.0
0.0
0.0
0.0
0.0
0.0
0.0
0.0
0.0
0.0
0.0
4.93503
0.0
0.0
0.0
0.0
0.0
0.0
0.0
0.0
0.0
0.0
0.0
0.0
0.0
0.0
0.0
0.0
27.1223
0.0
0.0
0.0
0.0
0.0
0.0
0.0
0.0
0.0
0.0
0.0
0.0
0.0
0.0
0.0
0.0
0.0
0.0
2.37762
0.0
0.0
3.32177
0.0
0.0
15.623
0.0
0.0
0.0
0.0
0.720568
0.0
0.0
0.0
2.01135
0.0
0.0
0.0
0.0
0.0
0.0
0.0
0.0
0.0
0.0
0.0
0.0
0.0
0.0
0.0
0.0
0.0
0.0
0.0
0.0
0.0
0.0
0.0
9.7161
4.82687
0.0
0.0
0.0
0.0
0.0
0.0
0.0
0.0
24.5923
0.0
0.0
3.75446
0.0
0.0
0.0
1.50283
0.0
0.0
0.0
0.0
0.0
0.0
0.0
0.0
12.7132
0.0
0.0
0.0
0.0
0.0
9.21779
0.0
0.0
0.0
0.0
0.0
0.0
0.0
0.0
0.0
14.2745
0.0
0.0
9.81551
0.0
0.0
0.0
0.0
0.0
0.0
0.0
0.0
0.0
0.0
0.0
0.0
0.0
0.0
0.0
0.0
0.0
8.21113
0.0
0.0
0.0
0.0
0.0
6.35575
0.0
0.0
0.0
0.0
26.6693
8.06033
0.0
0.0
0.0
0.0
0.0
0.0
0.0
0.0
0.0
0.0
0.0
0.0
0.0
0.0
0.0
0.0
0.0
0.0
0.0
0.0
0.0
0.0
0.0
0.0
0.0
0.0
0.0
0.0
0.0
0.0
0.0
0.0
0.0
0.0
24.4879
0.0
0.0
0.0
0.0
0.0
0.0
0.0
0.0
0.0
0.0
0.289218
0.0
0.0
0.0
0.0
0.0
0.0
0.0
0.0
0.0
0.0
0.0
62.9691
0.0
0.01662
0.0
0.0
0.0
0.0
0.0
0.0
0.0
0.0
0.0
0.0
0.0
0.0
0.0
0.0
0.0
0.0
0.0
0.0
0.0
0.0
0.0
0.0
0.0
0.0
0.0
0.0
0.0
0.0
0.0
0.0
0.0
0.0
0.0
0.0
0.0
0.0
0.0
0.0
0.0
0.0
0.0
0.0
0.0
0.0
0.0
0.0
0.0
0.0
0.0
0.0
0.0
0.0
0.0
9.04672
4.11479
0.0
0.0
0.0
0.0
0.0
0.0
0.0
7.56352
0.0
0.0
0.0
0.0
0.0
0.0
0.0
0.0
0.0
0.0
0.0
22.1291
0.0
0.0
0.0442878
0.0
6.27887
0.0
13.9448
0.0
0.0
2.81452
17.1647
0.0
28.2069
0.0
0.0
0.0
0.0
0.0
0.0
7.53092
0.0
0.0
0.0
0.0
0.0
0.0
0.0
0.0
0.0
0.0
0.0
0.0
6.69412
0.0
0.0
0.0
0.0
0.0
0.0
1.08604
0.0
1.79487
0.0
0.0
0.0
2.63246
9.34072
0.0
0.0
0.0
0.0
0.0
0.0
0.0
0.0
14.4798
0.0
0.0
1.16105
18.9851
0.0
0.0
0.0
13.5993
0.0
0.0
0.0
0.0
0.0
0.0
0.0
7.63579
0.0
0.0
0.0
0.0
0.0
8.46178
0.0
0.0
0.0
0.0
0.0
0.0
0.0
0.0
0.0
11.353
0.0
0.0
10.2047
0.0
0.0588758
8.85936
0.0
0.959222
0.0
2.16077
0.0
0.0
0.0
0.0
0.0
0.0
0.0
0.0
0.0
2.7359
0.0
0.0
0.0
0.0
0.0
0.0
36.2052
0.0
0.0
0.0
0.0
24.5657
0.0
0.0
0.0
5.96274
0.0
3.98326
0.0
0.0
0.0
0.0
0.0
0.0
0.0
0.0
0.0
0.0
0.0
0.0
0.0
13.9902
0.0
0.0
0.0
0.0
27.1972
0.0
0.0
0.0
0.0
0.0
0.0
0.0
0.0
0.0
0.0
20.9386
18.3175
0.0
0.0
0.0
0.0
0.0
0.0
0.0
0.0
0.0
0.0
0.0
0.0
0.0
0.0
0.0
0.0
0.0
0.0
0.0
0.0
0.0
52.7351
0.0
0.0
0.0
0.0
0.0
0.0
0.0
0.0
1.16876
0.0
0.0
0.0
0.0
0.0
0.0
0.0
0.0
0.0
0.0
0.0
0.0
0.0
0.0
0.0
0.0
0.0
0.0
0.0
0.0
5.47369
0.0
0.0
0.0
0.0
0.0
0.0
18.4422
0.0
0.0
0.0
0.0
0.0
0.0
0.0
0.0
0.0
0.0
0.0
0.0
0.0
1.43397
0.0
10.4641
0.0
0.0
0.0
0.0
0.0
0.0
0.0
0.0
0.0
0.0
0.0
3.11294
0.0
0.0
0.0
22.1309
0.0
0.0
0.0
0.0
12.1649
0.0
0.0
31.0583
0.0
0.0
0.0
0.0
27.1827
0.0
21.7957
0.0
0.0
5.31405
0.0
8.20862
2.05567
0.0
3.76024
0.0
0.0
1.26648
0.0
3.87393
0.0
0.0
0.0
0.0
0.0
0.0
0.0
0.0
0.0
6.85701
0.0
0.0
0.0
0.0
8.80924
3.22771
0.0
0.0
0.0
0.0
0.0
0.0
0.0
0.0
0.0
6.6555
0.0
0.0
9.02121
0.0
0.0
0.0
0.0
0.0
0.121538
0.0
0.0
15.3544
0.0
0.0
0.0
0.0
0.0
50.3863
0.0
0.0
0.0
0.0
0.103457
21.1469
0.0
8.21407
0.0
0.0
0.0
0.0
0.0
6.38866
0.0
0.0
0.0
0.0
0.0
0.0
0.0
0.0
0.0
0.721437
0.0
0.0
0.0
0.0
0.0
0.0
0.0
0.0
0.0
0.0
0.0
0.0
0.0
0.0
0.0
0.0
0.0
0.0
0.0
7.92393
0.0
0.0
0.0
1.83942
2.06043
11.0619
36.2052
6.74883
0.0
0.0
0.0
2.87395
0.0
0.0
0.0
2.66682
0.0
0.0
1.24115
0.0
0.0
0.0
1.16077
0.0
0.0
0.0
0.0
0.0
0.0
0.0
0.0
34.1585
0.0
0.0
0.0
0.0
19.5793
0.0
0.0
0.0
0.0
8.08313
0.0
0.0
0.0
0.0
0.0
7.79247
18.3175
0.0
3.13539
0.0
0.0
0.0
0.0
0.0
0.0
0.0
0.0
0.0
0.0
0.0
0.0
0.0
0.0
0.0
0.0
0.0
0.0
16.3314
36.633
5.21762
0.0
0.0
14.8175
0.0
0.0469416
6.10963
0.0
23.915
0.0
0.0
0.0
15.5818
0.0
0.0
0.0
0.0
0.0
0.0
0.0
0.0
0.0
0.0
0.0
0.0
0.0
0.0
0.0
0.0
5.47369
0.0
0.0
0.0
0.0
0.0
0.0
18.4422
0.0
0.0
0.0
0.0
0.0
17.3261
0.0
7.17595
0.0
0.0
0.0
0.0
0.0
5.30161
12.2481
21.0978
0.0
0.0
0.0
0.0
0.0
0.0
0.0
0.0
0.0
0.0
5.79377
0.0
0.0
0.0
0.0
32.8635
0.0
0.0
0.0
0.0
12.1649
0.0
0.0
13.5847
0.0
0.0
0.0
0.0
30.9573
0.0
11.9985
0.0
2.50253
0.0
21.5311
4.4661
3.82545
0.0
3.76024
0.0
0.0
0.0
0.0
3.87393
2.84413
0.0
0.0
0.0
0.0
0.0
0.0
0.0
0.0
6.85701
0.0
0.0
0.0
0.0
14.4559
3.22771
0.0
2.67801
0.0
0.0
11.5205
0.0
0.0
0.0
0.0
25.2937
0.0
0.0
4.80097
0.0
0.0
0.0
0.0
0.0
0.0
0.0
0.0
32.5971
0.0
0.0
0.0
0.0
0.0
31.5208
0.0
0.0
0.0
0.0
12.4094
67.6052
0.0
0.0
0.0
0.0
0.0
3.97558
0.0
16.7227
0.0
0.0
0.0
0.0
0.0
0.0
0.0
0.0
0.0
0.0
0.0
0.0
0.0
0.0
1.75564
0.0
23.7746
0.0
0.0
0.0
0.0
0.0
0.0
0.0
0.0
0.0
0.0
0.0
0.0
5.81752
0.0
0.0
0.0
16.3138
0.0
16.6813
7.56225
24.489
7.37004
0.0
44.6193
8.68153
0.0
8.0058
0.0
2.39491
0.0
0.624887
1.24115
0.0
0.0
0.0
15.44
0.0
0.0
0.0
0.0
0.0
0.0
0.0
3.48147
43.586
0.0
0.0
0.0
0.0
0.0
17.2966
0.0
0.0
0.0
12.1155
0.0
0.0
0.0
0.0
0.0
6.01472
46.8638
0.0
0.0
0.0
0.0
0.0
0.0
0.0
21.4593
0.0
0.0
0.0
0.0
0.0
0.0
0.0
0.0
0.0
0.0
0.0
5.76801
16.3314
16.773
23.7037
0.0
0.0
14.8175
8.97448
11.0171
0.0
0.0
23.915
0.0
0.0
0.0
15.5818
0.0
0.0
0.0
0.0
0.0
0.0
0.0
0.0
0.0
0.0
0.0
0.0
0.0
0.0
0.0
0.0
16.3504
0.0
36.2722
0.0
0.0
0.0
0.0
0.0
2.76001
0.0
0.0
0.0
0.0
19.7991
0.0
13.0946
0.0
0.0
0.0
0.0
0.0
7.85779
12.2481
21.0978
0.0
0.0
0.0
0.0
0.0
3.39305
0.0
0.0
0.0
0.0
9.43974
0.0
0.0
0.0
0.0
32.8635
0.0
0.0
0.0
0.0
0.0
0.0
0.0
0.425083
0.0
0.0
0.0
0.0
24.3138
0.408325
7.58834
0.0
2.50253
2.50237
21.5311
0.0
24.6136
0.0
0.0
0.0
0.0
7.95527
0.0
0.0
1.73177
0.0
0.0
0.0
12.7972
0.0
0.0
0.0
0.0
0.0
0.0
0.0
0.0
0.0
14.4559
0.0
0.0
7.97248
0.0
0.0
11.5205
0.0
0.0
0.0
0.0
25.2937
0.0
0.0
0.0
0.0
0.0
0.0
0.0
0.0
0.0
0.0
0.0
23.1432
0.0
0.0
0.0
0.0
0.0
0.0
0.0
0.0
0.0
0.0
1.30829
67.6052
0.0
0.0
0.0
0.0
0.0
0.0
0.0
16.7227
0.0
0.0
0.0
0.0
0.0
0.0
0.0
0.0
0.0
9.63513
0.0
0.0
0.0
0.0
0.0
0.0
23.7746
0.0
0.0
0.0
0.0
0.0
0.0
8.37905
0.0
0.0
0.0
0.0
0.0
7.65897
2.14736
0.0
0.0
16.3138
0.0
12.2458
10.4462
19.8215
0.0
0.0
44.6193
5.25133
0.0
8.0058
0.0
2.39491
0.0
6.47521
0.0
0.0
0.0
0.0
15.44
0.0
0.0
0.0
0.0
0.0
0.0
0.0
3.48147
32.5823
0.0
0.0
0.0
0.0
0.0
17.2966
0.0
0.0
0.0
12.1155
0.0
0.0
0.0
0.0
0.0
0.0
53.0561
0.0
0.0
0.0
0.0
0.0
0.0
0.0
21.4593
0.0
0.0
0.0
0.0
0.0
0.0
0.0
0.0
0.0
0.0
0.0
5.76801
0.0
7.54197
23.4921
0.0
0.0
0.0
14.4509
11.0171
0.0
0.0
14.2984
0.0
0.0
0.0
0.0
0.0
0.0
0.0
0.0
0.0
0.0
0.0
0.0
0.0
0.0
0.0
0.0
0.0
0.0
0.0
0.0
20.3377
0.0
36.2722
0.0
0.0
6.46204
0.0
0.0
2.76001
0.0
0.0
0.0
0.0
16.9344
0.0
13.0946
0.0
0.0
0.0
0.0
0.0
7.85779
0.0
16.8044
0.0
0.0
0.0
0.0
0.0
0.0
0.0
0.0
0.0
0.0
5.28543
20.5496
0.0
0.0
0.0
0.0
0.0
0.0
0.339693
0.0
0.0
0.0
0.0
0.0
0.0
0.0
0.0
0.0
0.0
1.50277
7.58834
0.0
0.0
5.19953
2.48646
0.0
24.6136
0.0
0.0
0.0
0.0
7.95527
0.0
0.0
0.0
0.0
0.0
0.0
12.7972
0.0
0.0
0.0
0.0
0.0
0.0
0.0
0.0
0.0
0.0
0.0
0.0
5.63311
0.0
0.0
0.0
0.0
0.0
0.0
0.0
7.8752
0.0
0.0
0.0
0.0
0.0
0.0
0.0
0.0
0.0
3.81817
0.0
0.0
0.0
0.0
0.0
0.0
0.0
2.39994
0.0
0.0
0.0
0.0
0.0
6.85094
0.0
0.0
0.0
0.0
0.0
0.0
0.0
5.98671
0.0
0.0
0.0
0.0
0.0
0.0
0.0
0.0
0.0
11.3981
0.0
0.0
6.11697
0.0
0.0
0.0
8.32077
0.0
0.0
0.0
0.0
0.0
0.0
8.37905
0.0
0.0
0.0
0.0
0.0
5.53662
8.21113
0.0
0.0
0.0
0.0
0.0
24.575
0.0
0.0
0.0
0.0
3.12323
0.0
0.0
0.0
0.0
0.0
3.86347
0.0
0.0
0.0
0.0
0.0
0.0
0.0
0.0
0.0
0.0
0.0
0.0
0.0
0.0
0.0
0.0
0.0
0.0
0.0
7.70789
0.0
0.0
0.0
0.0
0.0
0.0
0.0
0.0
0.0
0.0
50.6741
0.0
0.0
0.0
0.0
0.0
0.0
0.0
2.24721
0.0
0.0
0.0
0.0
0.0
0.0
0.0
0.0
0.0
0.0
0.0
0.0
0.0
20.1328
0.0
0.0
0.0
0.0
4.04975
0.0
0.0
0.0
0.0
0.0
0.0
0.0
0.0
0.0
0.0
0.0
0.0
0.0
0.0
0.0
0.0
0.0
0.0
0.0
0.0
0.0
0.0
0.0
0.0
20.3377
0.0
0.0
0.0
0.0
6.46204
0.0
0.0
0.0
0.0
0.0
0.0
0.0
0.0
0.0
0.0
0.0
0.0
4.93503
0.0
0.0
0.0
0.0
0.0
0.0
0.0
0.0
0.0
0.0
0.0
0.0
0.0
0.0
0.0
0.0
27.1223
0.0
0.0
0.0
0.0
0.0
0.0
0.0
0.0
0.0
0.0
0.0
0.0
0.0
0.0
0.0
0.0
0.0
0.0
2.37762
0.0
0.0
3.32177
0.0
0.0
15.623
0.0
0.0
0.0
0.0
0.720568
0.0
0.0
0.0
2.01135
0.0
0.0
0.0
0.0
0.0
0.0
0.0
0.0
0.0
0.0
0.0
0.0
0.0
0.0
0.0
0.0
0.0
0.0
0.0
0.0
0.0
0.0
0.0
9.7161
4.82687
0.0
0.0
0.0
0.0
0.0
0.0
0.0
0.0
24.5923
0.0
0.0
3.75446
0.0
0.0
0.0
1.50283
0.0
0.0
0.0
0.0
0.0
0.0
0.0
0.0
12.7132
0.0
0.0
0.0
0.0
0.0
9.21779
0.0
0.0
0.0
0.0
0.0
0.0
0.0
0.0
0.0
14.2745
0.0
0.0
9.81551
0.0
0.0
0.0
0.0
0.0
0.0
0.0
0.0
0.0
0.0
0.0
0.0
0.0
0.0
0.0
0.0
0.0
8.21113
0.0
0.0
0.0
0.0
0.0
6.35575
0.0
0.0
0.0
0.0
26.6693
8.06033
0.0
0.0
0.0
0.0
0.0
0.0
0.0
0.0
0.0
0.0
0.0
0.0
0.0
0.0
0.0
0.0
0.0
0.0
0.0
0.0
0.0
0.0
0.0
0.0
0.0
0.0
0.0
0.0
0.0
0.0
0.0
0.0
0.0
0.0
24.4879
0.0
0.0
0.0
0.0
0.0
0.0
0.0
0.0
0.0
0.0
0.289218
0.0
0.0
0.0
0.0
0.0
0.0
0.0
0.0
0.0
0.0
0.0
62.9691
0.0
0.01662
0.0
0.0
0.0
0.0
0.0
0.0
0.0
0.0
0.0
0.0
0.0
0.0
0.0
0.0
0.0
0.0
0.0
0.0
0.0
0.0
0.0
0.0
0.0
0.0
0.0
0.0
0.0
0.0
0.0
0.0
0.0
0.0
0.0
0.0
0.0
0.0
0.0
0.0
0.0
0.0
0.0
0.0
0.0
0.0
0.0
0.0
0.0
0.0
0.0
0.0
0.0
0.0
0.0
9.04672
4.11479
0.0
0.0
0.0
0.0
0.0
0.0
0.0
7.56352
