0.0
0.0
0.325462
0.0
0.0213297
0.0
0.0
0.0
0.0
0.0
0.0
0.0
0.0
3.78304
0.0
4.0184
0.0
0.0
0.0
0.0
0.0
0.0
0.0
0.0
0.0
0.0
0.0
0.0
0.0
0.0
0.0
1.35465
0.0
4.89648
0.0
0.0
0.0
0.0
0.0
0.0
0.0
0.0
0.746267
0.0
0.0
0.502283
0.0
0.80606
0.0
0.79877
0.0
0.0
0.0
0.0
0.0
0.0
0.0
0.0
0.0
0.0
0.0
0.228843
0.0
3.87338
1.64035
0.0
0.0
0.0
0.0
0.0
0.0
0.0
0.0
0.0
0.0
0.0
0.0
0.542485
0.0641555
0.0
2.57337
0.0
0.0
0.0
0.0
0.0
0.0
0.0
0.0
0.0
0.0
0.0
0.0
0.0
0.0
0.0
0.0
0.0
1.84759
0.0
0.0
0.0
0.0
0.0
0.0
0.0
0.0
0.0
0.0
0.0
0.0
0.0
0.0
1.97425
0.635409
0.0
0.0
0.0
3.03503
0.0
2.11702
0.0
0.0
0.0
0.0405894
0.0
0.0
3.67167
0.0
0.0
0.0
0.174112
0.0
0.0
0.0
0.0
0.675375
0.0
0.247204
0.0
0.0
1.22786
0.0
0.0
0.0
0.0
1.75138
0.0
0.0
0.0
0.0
0.0
0.0
0.965416
0.0
0.0
0.0
0.0
0.0
0.0
0.0
0.0
0.0
0.0
0.0
0.0
0.0
0.0
3.55457
0.138873
0.0
0.0
0.00489914
2.01296
0.0
0.0
0.119871
0.0
0.0
0.0
2.45969
0.0
0.0
0.0
0.0
0.0
0.0
0.0
0.0
0.0
0.0
0.0
1.80342
0.940645
0.0
0.0
0.0
0.0
0.0
3.76265
0.0
0.0
0.0
1.72146
0.0
0.0
0.0
0.0
0.0
0.0
0.0
2.09886
0.0
0.0
0.0
3.93266
0.0
0.0
0.0
0.322609
0.0
2.08923
0.0
0.0
0.0
0.0
1.77805
0.442775
0.0
0.0
0.0
0.0
0.0
0.0
0.0
0.0
0.0
0.0
1.06053
0.0
0.0
0.0
0.0
2.85402
0.0
0.0
0.0
1.22944
0.0
0.0
1.30747
0.0
0.254248
0.0
0.0
0.0
0.0
0.0
0.0
0.0
0.0
0.0
0.828872
0.0
0.0
0.0
0.0
0.0
0.0
1.39
0.0
1.52235
0.0
0.0
0.0
0.0
2.22165
0.805241
0.0
0.0
0.0
1.72676
0.149193
1.03798
0.0
0.0
0.0
0.0
0.0
0.0
0.0
0.0
0.0
0.550386
0.948127
0.0
0.0
0.0
0.0
0.0
0.0
6.13903
0.0
0.0
0.0
2.43746
0.0
0.0
0.0
0.0
0.0
0.0
0.177194
0.0
0.0
0.0
0.146455
0.0
0.0
0.0
0.0
0.0
0.0
0.0
0.0
0.0
0.0
0.257012
0.0
0.0
0.0
0.0
0.0
0.0
0.0
0.0
0.0
0.0
0.0
0.0
0.0
0.0
0.0
0.0
0.690132
0.0
0.197362
0.0
0.0
0.0
0.0
0.0
0.0
0.0
0.0704525
0.0
0.0
0.0
0.0
0.106586
0.0
0.0
0.0
0.0
0.0
0.600254
0.0
0.0
0.0
0.0
0.0
0.0
0.0
0.0
0.0
0.0
0.0
0.0
0.0
0.413184
0.0
0.0
0.0
0.0
0.390157
0.0
0.0
4.52354
2.24137
2.19354
0.0
0.0
0.0
0.0
0.0
3.75133
2.59887
0.0
0.0
0.0
0.0
0.0
0.0
0.0
0.0
0.0
0.0
0.0
0.382398
0.0
0.0
0.0
0.0
0.0
0.0
0.0
0.0
0.0
0.0
0.909067
0.0
0.0
4.21391
0.0
0.0
0.0
0.0
0.0
0.0
0.0
0.68474
0.0
0.0
0.0
0.0
0.0
0.0
0.0
1.28102
0.0
0.0
0.0
0.0
0.0
0.0
0.0
0.0
0.0
0.0
0.900596
0.0
0.0
0.0
2.51302
0.0
0.0
0.0
0.0
0.0
0.0
0.0
0.0
0.0
0.0
0.182862
0.0
0.0
0.0
0.0
3.93448
0.0
0.0
0.0
0.0
0.0
0.0
0.0
0.0
2.38777
0.0
0.0
0.0
0.0
0.0
0.0
0.0
0.0
0.0
0.0
0.0
0.0
0.0
0.0
0.0
0.0
0.710609
0.640152
0.0
0.0
0.0
0.0
0.282705
0.0
0.0
0.0453033
0.0
0.0
0.0
0.0
0.0
0.0
1.3622
0.0
0.0
0.0
0.0
0.0
1.21244
0.0
0.0
0.0
0.0
0.0
0.0
0.0
0.573825
0.0
0.0
0.0
0.0
0.0
0.0
0.0
0.74806
0.0
0.0
2.01762
0.0
0.0
0.0
0.0
0.0
3.85741
0.0
0.0
0.0
0.0
0.0
0.0
0.0
0.0
0.0
0.0
0.0
0.929085
0.0
0.0555775
0.0
0.0
0.0
0.0
0.0
0.0
0.0
0.0
0.0
2.01465
0.0
0.0
0.0
1.61242
0.0
0.0
1.04323
0.0
1.3703
0.442543
0.0
0.0
0.0
0.0
0.0
2.11582
0.0
0.0
0.0
1.70597
0.0
0.0
0.0
0.0
0.0
0.0
0.0
0.0
0.0
0.637079
0.0
0.0
0.0
0.0
0.0
0.0
0.0
0.291755
0.0
0.0
0.0
1.24458
0.0
2.15545
0.0
0.0
0.0
0.0
0.458951
0.491529
0.0
0.0
0.0
3.20082
0.0
0.516068
0.0
2.47252
0.0
0.0
0.0
0.0
0.0
0.0
0.0
0.0
0.0
0.0
0.0
0.0
0.0
0.551384
0.0
0.0
0.0
0.0
0.0
0.0
0.0
0.0
0.0
0.0
0.0
0.0
0.0
0.0
0.0
0.0
0.0
0.0
1.46334
0.0
0.0
0.815006
3.50248
0.0
0.0
0.0
0.0
0.0
0.0
0.0
0.0
0.0
0.0
0.0
0.0
1.08675
0.0
0.0
0.0
0.0
0.0
0.0
0.0
0.0
3.26281
0.0
0.0
0.0
0.0
0.0
0.0
0.0
0.0
0.0
0.0
0.0
0.0
0.0
0.0
0.0
0.0
0.0
0.0
0.0
0.0
1.00326
0.0
0.0
0.0
0.0
0.0
0.0
0.0
2.56102
0.0
0.0
0.174074
0.0
0.0
0.0
0.0
0.0
0.0
0.0
0.0
0.0
2.0606
0.0
0.0
4.92476
0.483648
0.0
0.279747
0.0
0.0
0.779432
3.27433
0.0
0.0
2.88127
0.0
0.0
0.0
0.0
0.0
0.0
0.0
0.0
0.0
0.0
0.0
2.21597
0.0
0.0
0.0
0.0
0.0
0.0
0.0
0.0
0.0
1.9946
0.430472
1.13217
0.0
0.0
0.0
0.0
0.0
0.0
0.0
0.0
0.0
0.0
3.34956
0.0
0.0
0.0
0.0
0.0
0.0
0.0
0.0
0.0
4.42199
0.0
0.0
0.0
0.0
0.0
0.0
0.0
0.0
0.0
0.0
0.0
0.0
3.48129
0.0
0.044762
1.4581
0.0
0.0
0.0
0.0
0.0
2.40121
0.0
0.0
0.0
0.0
0.0
1.46511
0.0
0.0
0.0
0.0
1.88412
0.0
0.0
0.0
0.0
0.0
0.0
0.0
0.0
1.89954
0.0
0.0
0.0
0.0
0.0
0.0
0.0
0.0
0.0
0.0
0.0
0.0
0.0
0.0
0.0
0.201467
0.0
0.0
0.82702
0.0
0.0
0.815918
2.40463
3.27259
0.13019
0.0
2.75693
0.0
1.13263
0.0
0.0
0.0
0.0
0.0
3.36986
2.25033
0.0
0.0
0.0854939
0.0
0.0
0.535507
0.0
0.0
0.0
0.0
0.0410172
0.0
0.777692
0.0
0.0
0.0
1.2816
0.0
0.0
0.0
0.0
0.0
0.0
0.0
0.0
0.0
0.0
0.0
0.0
0.0
0.682633
0.0
2.3542
0.0
0.0
0.0
0.0
0.0
0.0
0.0
0.0
0.0
0.0
0.0
0.0
0.0
1.8573
0.0
0.0
0.0
0.0
0.0
0.0
0.0
0.0
0.0
0.0
0.0
0.0
0.0
0.0
0.688945
0.0
0.0
0.0
0.350266
0.0
0.0
0.0
0.0
0.0
0.0
0.0
0.0
0.0
0.0
0.0
0.0
0.0
0.0
0.0
1.50365
0.00596017
0.0
0.0504721
0.0
0.0
0.0
0.0
0.0
0.0
0.0
0.0
0.325408
0.0
1.51542
0.0
0.0
0.0
0.0
0.0
0.0
0.794087
0.0
0.0
2.08415
0.0
0.0
0.0
0.0
0.0
0.0
0.0
0.0
0.0
0.0
0.0
0.0
0.0
0.0
2.70138
0.0
3.77003
0.621252
0.0
0.0
0.0
0.0
0.0
0.0
0.161638
0.472756
0.0
0.0
0.0
0.0
0.0
0.0
0.0
0.0
0.0
0.0
0.0
0.0
0.0
0.0
0.0
0.0
0.0
0.0
0.0
0.0
0.54716
0.0
0.0
0.0
0.0
0.48761
0.0
0.0
0.0
0.0
0.0
0.0
0.117284
0.0
0.0
0.0
0.286305
0.0
0.0
0.0
0.0
1.81238
0.0
0.0
0.0
0.0
0.0
0.0
0.0
0.0135289
0.0
0.0
0.0
0.0
1.96667
0.0
0.0
0.0019151
0.0
1.88815
0.0
0.0
0.0
0.437291
1.53693
0.0
0.0
0.0
0.0
1.0252
0.0
0.0
0.0
3.82841
0.533822
0.0
0.0
0.0
0.0
0.0
1.22191
0.0
0.941408
0.0
0.0
0.0
0.0
0.0
0.0
0.0
0.0
0.0
0.0
1.1719
0.0
0.0
0.0
0.0
0.0
0.0
0.0
0.0
0.0
1.36486
0.0
0.0
0.0
0.0
0.833101
0.0381419
0.0
0.0
0.0
0.0
0.0
0.0
0.0
0.0
1.24905
0.0
0.0
0.0
0.0
0.0
0.0
0.0
0.68726
0.0
0.0
0.0
0.0
0.0
0.0
0.207346
0.0
0.0
0.0
0.0
0.0
0.0
0.0
0.0
0.0
0.0
0.0
0.0
0.0
1.41777
0.0
0.442055
0.0
0.0
0.0
0.0
0.0
0.0
0.0
0.439206
0.0
0.933329
3.2045
0.0
0.0
0.0
0.0
0.0
0.0
0.0
2.32473
0.0
0.0
0.0
0.0
0.997039
0.0
0.0
0.0
4.3398
0.410798
0.0
0.144882
0.0
0.0
0.0
0.0
0.0
0.771764
0.105516
0.0939398
0.838543
0.0
0.0
0.0
0.0
0.737012
0.0
0.0
0.0
0.0
0.0
0.0
0.0
0.0
0.0
0.0
0.0
0.0
0.0
1.73745
0.0
0.0
0.0
0.0
0.0
0.0
0.0
0.0
0.0
0.0
0.177993
0.0
0.0
0.246805
0.0
0.0
6.68939
0.0
1.7327
0.0
0.0
0.0
1.72565
0.0
0.0
0.0
0.0
0.0
0.0
0.0965696
0.0
0.0
2.38383
0.0
0.0
0.95687
0.0
0.0
0.0
0.0
0.0
1.96552
0.0
0.0
0.0
0.121077
0.0
0.0
0.0
0.0
2.28284
0.0
0.0
0.0
0.0
0.0
0.0
1.9462
0.0
0.0
0.0
0.0
1.59677
0.0
0.0
0.0
0.0
0.0
0.0
0.0
0.316477
0.0
0.0
0.0
3.66011
0.0
2.29031
0.0
0.0
0.0
0.0
0.0
0.0
0.0
0.0
0.0
0.0
0.0
5.56167
0.0
0.0
0.996241
0.0
0.0
0.0
0.0
0.0
0.62404
0.0
0.0
0.0
0.249607
0.890994
2.12812
0.0
0.0
2.72508
0.0
0.0775501
0.0
0.0
0.0
0.0
0.0
0.0
0.0
1.3074
0.0
0.0
0.0
0.0
0.0
0.0
0.0
0.0
0.0
0.0
0.0
0.0
0.0
0.0
0.0
0.0
0.0
0.0
0.729247
0.0
0.0
0.0
0.0
0.0
0.0
0.0
1.8641
0.0
0.0
0.0
0.0
0.0
0.0
0.0
1.61371
0.0
0.0
0.0
2.78568
0.0
0.0
0.0
0.0
0.512698
0.0
0.0
0.0
0.0
0.0
0.0
0.0
3.2195
0.0
0.0
0.0
0.0
0.0
0.968779
0.0139646
2.79576
0.0
1.44195
0.0
0.0
0.0
3.85267
0.0
0.0
0.0
0.0
0.0
0.0
0.0
0.0
0.0
0.0
0.0
1.51235
0.0
0.0
0.0
0.0
0.0
0.0
0.0
0.0
0.0
0.0
1.99098
0.0
0.0
0.0
0.0
0.0
0.0
0.364003
0.0
0.400025
0.0
0.433652
0.0
0.0
0.0
0.0
0.0
0.0
0.190489
0.0
0.0
1.40005
0.0
0.0
2.58663
1.17043
0.0
0.0
0.0
0.0
0.0
0.0
0.667682
0.0
0.0
0.0
0.0
0.0
0.0
0.0
0.0
2.43282
0.0
0.0
0.0
0.0
0.0
0.0
0.0
0.0
0.0
0.0046185
0.0
0.0
0.0
0.449757
0.0
0.0
2.25084
0.0
1.67376
0.0
0.322978
0.0
0.0
0.0
0.0
0.0
0.0
0.0
0.0
0.0
0.0
0.0
0.0
0.0
0.0
0.0
0.0
0.0
0.574561
0.0
0.0
0.0
1.33331
0.0
0.0
0.0
0.0
0.0
0.0
0.0
0.0
0.0
0.0
0.0
0.0
2.74374
1.02412
1.83156
1.85982
0.0
0.0
0.0
3.39769
0.0
0.0
0.0
0.0
0.0
0.0
0.0
0.0
0.0
0.0
0.0
0.0
0.0
0.0
0.0
0.0
0.0
1.50115
0.0
0.0
0.0
0.0
0.0
0.0
1.22871
0.0
0.524865
0.918563
0.0
0.0
1.83448
0.0
0.0
0.0
0.0
0.0
0.0
0.0
0.0
0.0
0.0
0.0
0.0
0.0
0.0
0.0
0.0
0.0
0.0
0.0
0.0
0.0
0.0
0.0
0.0
0.0
1.64909
1.35188
0.0
0.0
0.0
0.0
0.0
0.0
0.0
0.0
0.0
0.0
0.0
0.0
0.0
0.0
0.0
0.0
0.0
0.0
0.0
0.0
0.0
0.0
0.0
0.0
0.0
0.0
0.0
1.58829
0.0
0.0
0.0
1.51535
0.0
0.0
0.0
0.0
0.0
3.95749
0.0
0.0
0.0
0.0
0.0
0.0
0.0
1.13187
0.0
0.0
0.0
0.446773
0.0
0.0
0.0
0.947351
0.0
0.0
0.0
0.0
0.0
0.0
0.0
0.0
0.0
0.0
0.0
0.0
0.338633
2.37669
0.0
0.0
0.0
0.0
0.0
0.0
5.14599
0.0
0.0
0.36029
0.0
0.0
0.0
0.0
0.0
0.0
0.0
0.0
1.35516
0.127153
0.0
0.0
0.0
0.0
0.0
2.5091
0.0
0.0
1.37037
0.530189
3.51439
0.717488
1.65983
0.0
0.0
1.18247
0.0
0.0
0.659503
0.0
0.0
0.0
0.0
0.0
0.0
0.958836
0.0
0.0
0.0
1.02302
0.0
0.0
0.0
0.0
0.0825593
0.0
0.0
0.0
0.0
0.0522199
1.45343
0.0
0.0
0.0
0.0
0.0
0.0
0.0
2.42047
0.0
0.0
0.0
4.82146
0.0
0.0
0.132859
0.0
0.0
2.39568
0.439471
0.0
0.0
0.0
0.0
0.0
0.0
0.0
0.0
0.0
0.755661
0.925439
0.246357
0.0
0.0
0.0
0.0
0.0
0.0
0.0
0.0
0.0
0.0
0.302665
0.0
0.0
0.0
0.0
0.0
0.0
0.0
0.0
0.0
0.0
0.0
0.0
0.0
0.0
0.954153
0.0
0.0
0.0
2.8327
0.0
0.0
0.0
0.0
0.76168
0.0
3.20424
1.13078
0.0
0.0
0.0
0.0
0.0
0.0
0.0
0.229841
0.0
1.29422
0.0
1.61168
0.0
0.0
0.0
0.0
0.0
0.0
0.0
0.0
0.0
0.0
0.0
0.0
0.0
0.0
0.0
0.0
0.0
0.0
0.0
0.0
0.0
0.0
0.0
0.0
0.0
0.0
0.0
0.0
0.0
0.0
0.0
0.0
0.0414114
3.78492
0.0
0.0
0.0
1.99595
0.208703
0.0
0.0
0.0
0.0
0.0
0.0
0.881559
1.61617
0.0
0.0
0.0
0.0
0.0
0.0
0.0
0.0
0.0
0.0
0.0
0.0
0.0
0.44107
0.0
2.25907
0.0
0.0
0.0
0.0
0.0
1.20662
0.0
0.0
0.0
0.0
0.0
0.0
0.0
0.0
2.96164
0.0
0.0
0.0
0.0
0.0
2.06268
0.0
0.0
0.0
0.0
0.0
0.0
0.0728196
0.310932
0.0
0.0
0.0
3.05369
0.0
0.0
0.0
0.0
0.0
0.0
0.0
0.0
0.0
0.0
0.0
0.970953
0.0
0.0
0.0
0.0
0.0143296
0.0
0.966652
0.0
0.0
0.0
0.0
0.0
0.0
0.0
2.39951
0.0
0.0
0.0
0.0
0.0
2.13881
0.0
0.0
0.0
0.0
0.0
0.0
0.0
3.27113
0.0
0.0
0.0
0.0
0.0
0.0
0.0
0.0
0.92761
0.670326
0.410886
0.0
0.0
0.0
0.0
0.0
0.0
0.0
1.98132
0.0
2.28406
0.0
0.0
0.081168
0.0
0.0
0.0
0.0
0.0
0.0
0.0
0.507575
0.0
0.0
0.0
0.0
0.0
0.0
0.0
0.0
0.0
0.0
0.0
0.0
0.0
0.522261
0.0
0.627732
0.0
0.0
0.0
0.0
0.0
0.0
2.12284
0.0
3.31023
0.749876
0.0
0.632842
0.0
2.91145
0.0
0.0
0.541348
0.0
0.672182
0.0
0.0
0.0
0.0
0.0
0.0
0.0
2.3913
0.0
0.0
2.2113
0.0
0.805479
0.0
0.0
2.55589
1.68691
0.0
0.0
0.0
0.0
0.0
2.06133
1.01254
0.0
0.0
4.21494
0.829621
0.0
0.0
0.0
3.96003
0.0
0.0
0.093946
0.0
0.0
0.0
0.0
0.0
0.0
0.0
0.0
0.0
0.0
0.0
5.25781
0.370026
0.0
4.51271
0.0
0.0
0.373507
0.0
0.661793
0.0
0.0
0.0
0.475635
0.758108
0.0
0.418013
0.0
0.0
1.79486
0.0
0.0
0.0
0.0
0.0
0.0
1.06289
0.0
0.0
0.0
0.224843
0.0
0.0
0.0
1.72822
0.0
0.0
0.0369385
2.88687
0.0
0.0
1.51842
0.0
3.3607
0.0
0.0
0.0
0.0
0.0
0.0
0.130746
1.28212
0.0
0.0
0.0
0.0
0.0
0.0
4.79044
0.0
0.0
0.0
0.0
0.0
5.11852
0.0
0.0
0.0
0.0
0.0
0.0
0.0
0.0
0.0
0.0
0.261345
0.0
0.0
0.0
0.0
0.813048
0.0
0.0
0.0
0.0
0.0
0.0
0.0
0.0
0.0
0.0
0.0218616
0.0
1.10143
0.804265
0.0
1.1197
0.0
6.71927
0.0
0.0
0.0
1.25457
0.0
0.0
0.0
4.83922
0.0
0.0542214
0.0
0.0
0.0
0.0
0.0
0.0
0.0
0.0
0.0
0.0
0.0
0.0
0.52032
0.0
0.0
0.0
0.0
0.0
0.0
0.0
0.0
0.0
0.0
2.10077
0.0
0.0
0.0
0.0
1.78303
1.64484
0.0
0.0
1.30995
0.0
0.0
0.0
0.0
0.0695308
0.0
0.0
0.0
0.0
0.0
0.0
0.0
0.0
0.0
0.0
0.0
0.0
0.0
0.251956
0.0
0.0
1.05909
0.515311
0.0
0.283225
0.0
0.0
0.0
0.0
0.0
0.0
0.0
0.0
0.0
0.0
0.0
0.0
0.0346463
0.0
4.32326
0.0
0.0
0.0
0.0
0.0858285
0.0
0.0
0.0
0.0
0.0
0.0
0.0
0.0
0.0
0.0
0.0
0.0
0.0
0.0
0.0866644
0.0
1.55046
0.0
0.0
0.0
2.69075
0.0
0.0
2.82968
0.230951
0.0
0.0
0.0
0.0
0.0
0.0
0.0
0.0
0.0
0.0
0.0
0.0
0.0
0.299373
0.0
0.0
0.68021
0.0
0.0
0.0
0.0
3.60663
0.0
0.60108
0.0
0.0
1.55892
0.0
1.71337
0.0
5.41518
0.0
0.0
0.0
0.0
0.0
0.0
0.0
0.0
0.0
0.0
0.0
0.0
0.0
0.0
0.0
0.592098
0.0
0.0
0.0
0.0
4.28033
0.0
0.0811071
1.59043
0.0
0.636407
0.0
0.0
0.0
0.0
0.0
0.0
0.516302
0.0
0.0
0.0
0.217713
0.0
0.0
0.0
0.0
0.0
0.0
0.0
3.16469
0.0
0.0
0.0
1.88127
0.0
0.354701
0.0
0.0
2.9798
0.0
0.52138
0.0
0.0
5.0258
0.0
0.0
0.0
5.44423
0.0
0.0
0.0
0.0
0.0
0.0
0.0
0.0
0.0
0.0
1.32622
0.0
0.0
0.0
0.0
1.56833
0.0
0.0
0.0
0.0
0.0
0.0
0.0
0.0
1.82912
0.47771
0.0
0.0
0.0
0.0
2.8719
0.0
0.0
0.0
0.0
0.21163
0.0
0.0
0.542794
0.0
0.0
0.0
0.0
1.02555
0.0
0.0
0.0
0.0
0.0
0.0
0.161177
0.0
0.0
0.0
2.59316
0.0
0.0
0.0
3.67964
0.0
0.0
1.74049
0.0
0.0
0.0
3.14124
0.0
0.0
0.0
0.152972
0.0
0.0
0.0
0.0
0.0
1.55755
0.0
0.0
0.0
0.0
0.322043
0.0
0.630452
0.925244
2.84644
0.0
0.0
0.0
0.571307
0.0
0.0
0.0
0.0
0.0
0.0
0.0
0.0
0.0
0.0
0.0
0.0
0.013963
0.0
0.0
0.236659
0.0
1.53698
0.0
0.0
0.0
0.0
0.0
0.0
2.11738
0.0
0.0
0.492088
0.0
0.931911
0.0
0.0
0.0
0.0
0.0
5.53586
2.86802
0.0
0.0
0.986551
0.0
0.0
0.0
0.0
0.0
0.0
0.0
0.0
0.0
0.0
0.0
0.0
0.0
1.9873
0.0
0.0
0.0
0.0
0.0
0.0
0.0
0.0
0.0
0.0
0.0
0.0
0.0
0.0
0.0
1.6365
0.0
0.0
0.0
0.0
0.730168
0.0
0.0
0.131437
0.0
0.0
0.0
0.0
0.0
0.379881
0.0
1.60549
0.0
0.0
0.0
0.0
0.0
0.0
0.132193
0.0
0.0
0.0
0.0
0.0
0.0
1.24111
0.0
0.0
0.0
0.0
2.37064
0.0
3.33081
0.0
0.0
0.0
0.0
0.0
0.0
0.0
0.0
1.06579
0.0
0.0
0.0
0.0
0.0
0.0
1.37088
0.0
0.0
0.355071
0.0
0.0
0.0
0.0
0.440055
0.0
0.0
0.0
0.0
0.0
0.0
0.872414
0.0
0.0
0.0
0.0
0.0
0.0
0.0
0.0
0.0
0.0
0.0
0.0
0.0
0.0
0.0
0.0
0.0
0.0
0.444826
0.0
0.0
0.0
0.0
0.0
0.0
0.0
0.0
0.0
0.177124
0.0
0.0
0.0
0.0
0.0
0.0
0.0
0.0
0.0
0.0
0.0
0.0
0.0
0.0
0.0
0.0
0.0
0.0
0.0
0.0537539
0.0
0.0
0.0
0.0
0.0
0.0
0.0
0.0
0.0
0.0
0.0
0.0
0.0
0.0
0.0
0.0
0.0
0.0
0.0
0.0
0.481088
1.26465
0.0
1.18988
0.678364
0.30393
0.0
0.0
0.0
0.0
0.172912
0.0
0.0
0.664778
0.457184
0.0
0.0
0.741309
0.0
0.0
0.0
0.0
1.10649
0.0
0.0
0.0
0.551516
0.0
0.0
0.0
0.0
0.0
0.0
0.0
0.354049
0.0
0.0
1.23283
1.84039
0.0
1.40974
0.0
0.0
0.0
0.0
0.0
0.0
1.05072
0.0
0.0
1.4818
0.0
0.0
0.0
0.0
0.0
0.0
0.0
0.0
0.0
0.317406
0.0
0.0
0.0
0.0
1.37321
0.0
0.0
6.84751
2.75701
0.0
0.0
0.0
3.04315
0.0
0.0
0.0
0.0
0.0
0.0
5.46861
0.0
0.153919
0.0
0.0
0.0
0.0
0.0
0.0
0.0
0.0
0.347022
0.0
0.390761
3.90585
0.0
0.342217
0.0
0.0
0.156522
0.0
0.0
0.0
0.0
0.0
0.0
0.0
0.0
0.0
0.0
0.0
0.0
0.0
0.0
1.20023
0.0
1.42764
0.0
1.49819
0.0
0.0
0.0
0.0
0.0
0.0
0.0
0.0
0.104887
1.41122
0.0
0.0
0.434086
0.0
0.756606
0.0
0.0
0.0
0.0
0.0
0.0
1.20184
0.0
0.0
0.0
0.0
1.75463
3.46641
0.0
0.304181
0.978465
0.0
0.0
3.81409
0.0
0.0
1.59333
0.0
0.316608
0.0
0.0
0.0
1.8167
0.0
0.0
0.0
0.0
0.0
0.0
0.0
0.0
0.0
0.0
0.0
0.0
0.0
0.654029
0.0
0.0
0.0
0.0
0.0
0.0
0.0
0.0
0.0
2.30544
0.0
0.0
0.779358
0.0
0.0
0.0
0.0
0.0
0.0
0.0978232
0.0
0.0
0.0
0.0
0.0
0.0
0.0
0.0
0.0
0.0
0.868449
0.0
2.85134
3.17133
0.0
0.0
0.0
0.0
0.0
1.42573
0.0
0.0
0.0
0.0
0.0
0.0
0.0
1.33222
1.0496
0.0
0.0
0.0
0.0
0.0
2.58817
0.0
0.0
0.0
0.0
0.0
2.06852
2.96518
0.0
0.0
0.0
0.0
0.0
0.0
1.64763
0.0
0.0
0.0
0.0
0.0
0.0
0.0
0.0
0.0
0.0
0.0893106
0.0
0.0
0.0
0.0
0.0
0.0
0.0
0.0106789
0.0
0.0
1.06442
0.0
0.0
0.740534
0.0
0.0
0.0
0.0
0.171846
4.34406
0.0
0.0
0.0
0.0
0.0
0.0
0.0
0.0
2.2159
0.0
0.0
0.0
2.59763
0.0
1.4873
0.0810562
0.354073
0.0
0.0
0.0
0.0
0.0
3.22108
0.0
0.0
0.0
0.502143
0.0
0.0
0.0
0.0
0.133209
0.0
0.0
0.0
0.498206
0.0
1.87349
0.0
0.0
0.0
0.434162
0.0
0.0
0.0
0.0
0.0
0.0
2.27749
0.0
0.0
0.0
0.0
0.0
0.0
0.0
0.0
0.834106
1.08618
0.0
0.0
0.0
0.0
0.0
0.0
0.0
0.0
0.0
0.0
0.0
0.441333
0.0
2.50318
0.0
0.706328
0.0
0.0
0.0
0.0
1.75769
0.0
0.0
0.0
0.0
0.0
0.0
0.0
0.0
0.0
4.2571
0.0
0.0
0.0
0.0
0.0
0.0
0.0
0.425827
1.98116
0.0
0.0
0.0
0.0
0.0
0.0
1.26096
1.53128
0.0
0.0
0.0
0.0
0.0
0.0
0.0
0.0
0.0
0.0
0.0
0.0
0.0
0.0
0.0
0.0
0.0
0.0
0.0
0.0
0.0
0.0
0.0
0.0
0.0
1.21265
0.0
0.0
0.0
3.98166
0.0564442
0.0
0.0
0.0
0.0
0.0
0.0
0.0
2.18871
0.0
0.635653
0.0
0.0
0.0
0.0
1.7545
0.0
0.0
0.0
0.0
0.0
0.0
0.0
0.0
0.0
0.0
0.0
6.29967
0.0
0.0
0.0
0.0
0.0
0.0
0.0
0.0
0.0
2.0987
1.16018
0.0
0.0
0.0
0.0
0.0
0.0
2.98998
0.0
0.450921
0.0
0.0
0.0
0.0
0.0
0.0
0.0
1.21392
0.0
0.0
1.62431
0.0
0.0
0.0
0.0
0.60501
0.0
0.0
0.301233
0.0
0.0
0.0
0.0
0.0
0.0
0.0
0.0
0.0
0.0
0.0
0.0
0.0
0.0
0.0
0.0
1.05627
0.0
0.0
0.0
0.0
0.0
0.0
0.0
0.0
0.0
0.0
0.400203
0.0
0.0
0.0
0.0
0.0
0.0
0.0
0.0
0.0
0.0
0.0
0.0
0.0
0.0
0.0
0.0
0.0
0.0
0.0
0.0
0.0
0.0
4.83443
0.0
0.0
0.0
1.1321
0.0
0.0
0.0
0.0
0.0
0.0
0.0
0.0
0.0
0.0
0.0
0.0
0.0
0.0
0.594751
0.0
0.0
0.0
0.0
0.0
0.0
0.912491
0.185576
0.0
0.0
0.0
0.0
0.0
0.0
0.0
0.0
0.0
0.0
0.0
0.0
0.0
0.0
0.0
0.0
0.0
0.0
0.0
0.562017
1.40096
0.0
0.0
0.0
5.83953
0.0
0.0
0.0
0.0
0.0
0.0
0.0
1.23379
0.0
0.0
0.0
1.04316
0.0
0.887097
0.0
0.0
0.0
0.0
0.0
0.0
0.0
0.701347
0.0
0.0
0.0
0.0
0.0
0.0
0.0
0.0
0.0
0.0
0.0
0.0
0.0
0.673065
0.0
0.0
0.0
0.0
0.0716312
0.0
0.0
0.0
0.0
0.0
0.0
0.0
0.480381
0.0
0.0
0.455818
0.0
0.0
0.0
0.1054
0.0
0.0725376
3.22096
0.0
0.0
0.0
0.0
0.0
0.0
0.0
0.0
0.784392
0.0
0.0
0.0
2.01003
0.0
0.0
0.0
0.0
0.0
0.0
0.0
1.04947
0.0
0.0
0.0
0.0
0.0
0.0
0.0
1.33942
0.0
0.0
0.0
0.0
0.0
0.0
0.0
0.0
0.0
0.0
0.0
0.0
0.0
0.0
0.0
0.0
0.0
1.41649
0.0
1.25928
0.541998
0.0
0.0
1.48642
0.0
0.0
0.0
0.0
0.0
0.0
0.0
0.0
0.0268609
0.0
0.0
1.54116
0.0
0.0
0.0
0.0
0.0
0.0
0.0
0.0
0.0
0.0
0.0
0.0
4.94428
0.0
0.714991
0.0
0.0
0.0
0.0748454
0.0
1.87
0.0
0.0
0.0
0.0
0.0
0.0
0.0
0.0
0.0
0.0
0.0
0.0
0.517101
0.0
0.0
0.0
0.0
0.0
0.0
0.0
0.999665
0.0
0.0
0.0
0.0
0.0
0.0
0.0
0.0
1.74779
0.0
0.0
0.0
0.0
0.124308
0.0
7.86036
0.0
0.0
0.0
0.0
0.0
0.0
0.451851
0.0
0.0
0.0
0.0
0.0
1.91812
0.0
1.20617
0.0
0.0
0.0
0.0
0.0
0.0
0.0
0.0
0.0
0.0
0.0
1.38948
0.0
0.0
0.0
0.0
0.0
0.0
0.0
0.0
3.44158
0.0
0.0424141
0.0
0.0
0.0
0.0
2.65578
0.0
0.0
0.0
0.0
1.47556
1.74632
0.221875
0.0
0.0
0.790374
0.359002
0.0
0.0
0.309433
0.0
0.0
0.0
0.0
0.0
0.0
0.0
0.0
0.0
0.0
0.0
0.0
0.0
0.0
0.0
0.0
0.0
2.30376
0.0
1.78726
0.0
0.0
0.0
0.0
0.0
0.0
0.0
0.0
0.0388708
1.01334
0.460724
0.0
0.0
0.0
0.0
0.0
0.0
0.0
0.0
0.0
0.0
0.0
0.0
0.0
0.0
0.0
0.0
0.0
0.0
0.0
0.0
0.0
0.0
0.0
0.0
0.0
0.0
0.0
0.0
0.0
0.666789
0.0
0.0
0.491115
0.0
0.0
0.0
0.0
0.0
0.0
0.0
0.884598
0.0
0.0
0.0
0.0
0.0
0.117624
0.0
0.0
0.0
0.0
0.0
0.0
0.0
0.0
0.0
1.03102
0.0
0.0
0.0
1.86095
0.0
0.0
0.0
0.0
0.0
0.0
0.0
0.0
0.0
0.0
0.0
0.0
0.0
0.0
0.0
0.0
0.129542
0.0
0.0
0.0
1.05364
0.0
4.39078
0.0
0.0
0.0
0.0
0.0
0.0
0.0
0.0
0.0
0.0
0.0
0.0
0.0
3.28484
0.0
0.0
0.0
0.0
1.61443
1.26556
0.0
0.0
0.0
0.0
0.0
0.0
0.0
0.0
0.0
0.0
0.0
0.0
0.0
0.176994
0.0
0.690989
0.0
3.30701
0.0
0.0
2.04078
0.0
0.0
0.0
0.0
0.0
0.0
0.0
0.0
0.0
0.0
0.0
0.0
1.25481
0.0
0.0
0.0
0.0
0.0
0.0
0.0
0.795657
0.0
2.52712
0.0
0.0
0.0
0.91173
0.0
0.0
0.0
0.0
0.0
3.24262
0.0
0.566756
0.0
0.0
0.0
0.0
0.0
0.0
0.0
0.0
0.0
0.0
1.68505
0.0
0.0
0.0
0.0
0.389429
0.0
0.0
0.0
4.65768
0.0
3.93827
0.0
1.61544
1.05968
1.85033
0.0
0.0
0.0
0.0
0.0
0.42321
0.0
0.0
0.0
0.0
0.0
0.851935
0.0
2.57434
0.0
0.0
0.510322
0.0
0.0
0.0
0.0
2.1115
0.0
2.53924
0.0
0.0
0.0
0.0
0.686162
0.0
0.0
0.0
1.16942
0.0
1.74234
0.0
1.08391
0.0
0.0
0.0
0.64132
0.0
0.904383
0.839143
0.0
1.40425
0.0
0.0
0.0
0.0
1.95764
0.0
0.0
0.0
0.0
0.0
0.0
0.0
0.0
0.0
0.0
0.0
0.0
0.0
0.0
0.0
3.71688
0.0
0.0
0.0
0.0
0.0
0.0
0.0
0.0
0.0
7.42121
1.78372
1.73901
0.0
0.498327
0.0
0.0
0.0
0.0
0.0
2.23284
0.0
0.0
2.60591
0.0
0.0
0.0
0.0
3.16
0.0
0.0
0.22093
0.0
0.0
2.64831
0.0
0.0
0.142029
0.0
0.0
0.0
0.0
5.14972
0.0
0.0
0.0
0.0
0.0
0.0
0.0
1.96887
0.0
0.0
0.0
0.0
2.21469
2.49207
0.0
0.0
0.0
0.0
0.0
1.63078
0.0
0.0
0.0
0.0
0.0
0.0
1.59296
0.0
0.0
2.96912
0.0
1.11899
0.0
1.6557
0.0
0.0
0.43297
0.0
0.0
0.0
1.23274
0.0
0.0
0.0
0.986013
0.0
0.0
0.0
0.0
0.0
0.0
0.0
0.0
0.0
0.250055
0.0
0.0
0.0
0.0
0.661066
0.0
0.0
0.0
1.54931
1.30732
0.0
0.0
0.0
0.0
0.0
0.0
0.0
0.0
0.0
0.0
0.0
0.0
0.0
0.0
0.0
0.0
0.0
0.0
0.0
0.573998
0.0
0.0
0.0
5.39089
0.0
0.26213
2.97863
0.0
0.0
0.0
0.0
0.0
0.0
0.0
0.213057
1.52646
0.0
0.0
1.57235
0.0
0.0
0.0
0.0
0.0
0.0
0.583875
0.0
1.49597
0.0
0.626284
0.0
0.0
0.0
0.0
0.0
0.0
0.0
0.0
0.0
3.36245
0.0
0.0
0.0
0.0
0.0
0.0
0.0397671
0.0
1.97843
0.0
0.0
1.84609
0.0
0.0
0.0
1.37551
0.0
0.0
0.0
0.0
0.127745
0.0
2.10214
0.0
0.0
1.24003
0.0
0.0
0.430607
0.209844
0.0
3.8306
0.0
0.0
2.71469
0.0
0.0
0.0
0.0
0.0
0.0
0.0
0.0
0.0
0.0
0.0
0.0
0.0
0.0
0.0
0.0
4.73916
3.20043
0.0
0.0
0.0
0.0
0.0
0.0
0.0
0.0
0.0
0.0
0.0
1.53866
0.0
1.86252
0.0
2.18618
0.0
1.62401
1.37477
0.0
0.0
0.0
0.0
0.0
0.0
0.0
0.0
0.0
1.06835
0.0
0.0
0.0
0.0
0.0
3.24348
0.0
0.0
0.0
0.0
0.0
0.0
0.0
0.726945
0.0
0.0
0.0
0.0
0.0
0.0
0.0
0.957624
0.0
0.0
0.0
1.24592
0.0
0.0
0.484387
0.0
0.0
0.0
0.0
0.0
0.0
0.0
1.14578
0.0
0.0
0.0
0.0
0.0
0.0
1.86063
0.0
0.0
4.11645
0.0
0.0
3.88963
0.0
0.0
0.0
0.0
0.0
1.6023
0.0
0.0
0.0
0.238063
0.0
0.37668
0.0
0.0
0.0
0.213141
0.0
0.0
0.0
0.0
0.0
0.0
0.0
0.0
0.0
1.98419
0.0
0.0
0.0
0.233433
0.305895
0.0
0.0
0.0
1.03803
0.0
0.0
5.00599
0.0
0.0
0.0
0.0
0.0
0.0
0.0
0.0
0.0
0.0
0.0
0.0
0.0
0.0
0.0
0.0
0.0
0.0
0.0
0.0
0.0
