0.304419
0.0
2.53712
0.0
0.658021
0.0
0.0
0.0
0.0
0.0
0.0
0.457919
0.0
0.493468
0.0
0.0130779
0.0
0.0
1.33582
0.0
0.0
1.61872
0.0
0.0
0.0
0.0
0.0
0.0
0.0
0.0
0.0
0.0
0.0
3.9649
0.0
0.0
0.0
0.0
0.0
0.0
0.0
0.0
4.53594
0.0
0.0
0.585012
0.728285
1.49015
0.0
0.579792
0.760311
0.0
0.0
0.0
0.0
0.0
0.0
0.0
0.0
0.0
0.0
0.0
1.21228
3.53116
0.870535
1.5024
0.0
0.0
0.260168
0.960939
0.0
0.0
0.63268
0.0
0.0
0.0
0.0
0.0
0.862332
0.0
3.08079
0.0
0.0
0.0
0.0
0.0
0.0
0.117824
1.63777
0.0
0.0
0.0
0.0
1.66261
0.0
0.0
0.0
0.0
1.75547
0.0
0.97179
0.0
0.0
0.0
0.0
0.0
0.0
0.0
0.0
0.0
0.0
0.032832
0.0
3.64546
2.08691
0.0
0.0
1.64256
0.567703
0.0
0.372344
0.0
0.0
0.0
0.791026
0.0769981
0.0
0.892718
0.0
0.0
0.0
0.0
0.0
0.0
4.6167
1.72312
0.954142
0.0
1.38299
0.0
0.0
2.51296
0.0
0.0
0.0
0.0
0.0
0.0
0.555351
0.0
0.0
0.876602
0.0
0.0
0.0
0.0
0.0
1.8253
0.584076
0.0
2.6656
1.37915
0.0
0.0
0.0
0.503117
0.0
0.0
2.57917
1.89411
0.905421
0.0
0.0
0.0
0.0
0.0
2.07123
0.0
1.21158
0.861225
4.16737
0.0
0.0
0.0
0.0
0.0
2.34907
0.60268
0.0
0.0
0.570275
0.848194
2.40317
0.0
0.0
0.0
0.0
0.0
0.0
0.766571
0.0
1.8656
0.0
0.0
0.0
0.0
1.08383
0.0
0.0
0.0
0.0
2.98883
0.0
0.0
3.6101
1.95273
0.0
0.0
0.904523
0.0570304
0.0
1.9097
0.0
1.21306
0.0
0.0
0.797507
0.0
0.0
0.0
0.0
0.0
0.0
0.0
0.0
0.0
0.0
1.23285
0.0
0.0
0.0
0.0
0.0
0.398146
1.36183
0.0
0.0
3.13819
0.0
0.0
1.08653
0.0
0.709314
0.0
0.0
0.0
0.0
0.0
0.0
0.0
0.0
0.0
0.0
0.0
0.0
0.0
0.0
0.0
0.0
0.0
0.665626
0.0
0.0
0.84027
0.0
0.0
1.82749
0.0
0.0
0.0
0.705211
0.0
1.50833
2.43211
0.0
0.0
0.0
0.419405
0.503084
0.0
0.500736
0.198995
0.0
0.0
2.79598
1.01384
0.0
0.513877
0.0
0.0
1.65175
4.49527
3.79819
0.0425918
2.48484
2.22751
0.29989
0.0
0.0290342
0.0
0.0
0.0
0.497163
0.896155
0.741845
0.0
0.0
0.0
0.0198529
0.0
0.0
0.0
0.0
0.0
0.0
1.2409
1.09628
0.32025
0.0
2.75599
1.16031
0.0
0.0
0.0
1.34537
0.0
0.0
0.411356
0.529365
0.0
0.0
0.0
0.33392
0.0
1.61837
0.0
0.0
0.0
0.0
0.0
0.0
0.0
0.0
0.0
0.0
0.0
0.0
0.0980999
0.0
0.780489
0.0
0.0
0.0
0.0
0.0
6.00818
0.0
0.0
0.0
0.0
0.0
0.0
0.0
0.0
1.10865
0.0
0.104974
0.0
0.0
0.0
0.0
0.0
0.0
2.21755
1.03359
0.0
0.0
4.45654
0.0
2.73415
0.0
0.0613413
0.0
0.974545
0.242152
1.37767
3.46713
0.0
0.675199
0.371936
0.0
0.229408
1.54291
0.559201
0.580596
0.0
0.0
0.0
0.0
0.0
0.0
0.0
0.0
0.0
0.149547
0.0
0.0
0.0
0.0307232
0.0454444
0.0
0.0
1.17882
0.0
0.0
0.0
0.0
0.907962
0.0
1.11517
3.46552
1.91107
1.12868
0.0
0.0
0.0
0.0
0.0
1.41325
0.235921
0.0
0.0
0.0
0.0
0.0
0.0
0.604545
0.0
0.867303
0.0
0.0
0.0
0.0
3.47514
0.725497
0.0
0.0
0.0
0.0
0.0
0.0
0.150722
0.372826
0.0
0.0161249
0.0
1.25365
0.0
0.0
3.96655
0.319102
0.0
0.46224
0.0
0.0
2.01941
0.0
0.0
0.659658
0.0
0.0
0.0
0.0
1.17605
0.0
0.0
2.55073
0.0
0.0
0.0
0.0
0.0
0.0
0.0
0.0
3.42838
1.07419
1.64621
3.42244
0.0
0.0
2.07989
0.0
0.0
0.0
0.0
0.0
0.0
0.0
0.845964
0.0
0.687353
0.0
0.797929
0.0
0.0
0.716647
0.0
0.0
0.0
0.0
0.0
0.0
4.86766
3.1029
0.0
0.0
0.0
0.0
0.0
0.446874
0.0
4.29414
1.9518
0.0
0.0
5.30172
0.0
0.0
0.0
0.0
0.0
0.526725
0.0
0.0
0.0
0.0
0.0
0.0
0.0
0.0
0.0620403
0.0
0.0
0.0
0.0
0.785162
0.0
0.0
0.0
0.0
0.0
0.0
0.0
0.0
0.0
0.345976
0.0
1.18516
0.0
1.60493
0.0
0.0
0.295065
0.0
0.0
1.13904
0.0
0.0
0.256138
0.0
0.774234
0.874525
0.0
0.0
0.0
0.441967
0.0
0.0
0.0
0.0
0.0
0.0
0.0
0.0
0.0
0.471003
0.901067
0.0106893
0.0
0.0
0.0
0.0
0.0
0.0
1.79841
1.10862
0.0
1.74527
0.0
0.0
0.0
0.0
0.0
0.46911
0.0
1.26101
0.367808
2.03292
0.00883809
1.73254
0.0
1.93869
0.0
3.05687
0.0
0.0
0.0
0.0
0.0
0.0
0.596013
0.0
0.0
0.0
0.0
1.10068
0.0
2.56243
0.0
0.0
0.0413268
0.0
2.57316
0.0
0.0937231
0.264821
0.0
1.36406
0.0
0.0
3.64174
0.0
0.0
0.0
0.0
0.0
0.868868
0.0
1.1936
4.36416
2.71867
0.0
0.0
0.0
0.219747
1.02684
0.0
0.0
0.0
0.0
0.0
0.0
0.0895394
2.83818
0.0
0.196616
0.0
1.58076
0.0
0.0
0.0
0.0
7.12839
0.0
0.0
0.0
0.0
0.0
0.0
0.0
0.0
0.0
0.0
1.09814
0.0
0.0
0.539726
0.0
0.0
1.62671
0.189271
0.0
1.15924
0.607254
0.0
0.0
0.0
0.0
0.0
0.0
2.11054
2.2293
0.0
0.0
0.0
0.0
1.63654
0.0
0.0
0.0
2.55749
0.0
0.16042
0.59132
1.57457
0.0
0.0801645
0.870485
0.312929
0.0
1.52028
0.0
0.0
2.94551
1.56796
1.10503
0.0
0.0
0.0
0.0
0.0
0.0
0.0
0.0
0.0
0.0
0.0
0.0
0.0
0.0
0.272294
0.0567649
0.0
1.69172
0.0
1.78656
0.963409
1.86754
0.0
2.31762
0.0
0.0
0.0
0.0
0.0
0.0
0.0
0.0437704
0.0
0.0
0.0
0.0
0.0
1.70475
0.0
0.0
0.0
0.0
2.07758
0.0
0.406329
0.0
1.6826
0.0
0.0
1.10741
0.0
0.0
0.0
0.0
2.24145
0.0
0.798635
0.270572
0.0
0.803436
0.0
0.0
0.0
0.0
0.0
0.0
3.8449
0.0
0.0
1.52358
0.0
0.0
0.0
0.0
0.0
0.0
0.0
0.0
0.0
2.25296
0.0
0.945044
1.92839
0.0
0.649166
0.0
0.0
0.0
1.66335
0.0
0.0
0.0
0.0
0.0
1.46175
0.0
0.0
0.00153545
0.0
0.0
0.0
0.477194
0.0
0.0
2.01312
1.30548
0.0
1.65177
0.0
0.0
0.622098
0.0
0.438392
0.0
0.566234
0.278051
0.0
1.4923
0.0
0.959616
0.0
0.108435
0.0809373
3.66162
1.15621
0.0
2.14966
0.0547779
0.0
0.0
0.0
0.0
0.0
0.224355
0.0
0.0
0.108871
0.0
0.0
0.987518
0.0
0.463046
0.0
0.0
6.36502
0.0
0.0
0.0
1.22369
0.0
0.0
0.0
0.0
0.0
5.00799
0.884485
0.599955
3.74441
0.791924
0.0
0.0
0.0
0.0
0.0
0.0
1.15465
0.0
0.0
0.0
0.681821
0.0
1.86389
1.00763
0.0
0.0
0.0
0.0
1.12265
0.242074
0.0
1.4832
1.05361
0.0
0.126702
0.0
0.0
0.569288
0.0
0.0
0.0
0.0
0.0
0.0
0.0
0.0
0.0
0.0
0.0
0.0
0.0
0.0
0.0
0.0
0.0
0.0
0.97008
3.4724
0.0
0.0
1.74025
0.0
0.0
0.0
0.0
0.892411
0.0
0.0
0.0
0.305926
0.0
1.53904
0.257843
0.603215
0.0
0.0
0.0
0.0
1.63898
0.0
0.0
1.65343
0.0
0.0
1.26907
0.0
0.0
0.0
0.0
0.873851
0.0
0.0
0.0
0.0
0.0
0.415638
2.01171
0.0
0.762115
0.166034
0.0
1.16343
0.0
0.533275
0.0
1.39008
1.30366
0.0
0.0
3.29661
0.0
0.0
0.516757
0.0
0.0
0.0
0.443658
0.0
0.0
2.40472
0.0
0.0
0.0
0.0
0.918173
0.0
0.0
0.0
0.0
0.606958
0.0
0.113042
0.0
2.23039
0.0
0.0
0.0
1.14947
0.0
0.0
0.406763
0.0
0.0
0.0
1.18228
0.0
0.0
3.172
1.78895
0.0
0.0
0.0
0.0
0.0
0.0
0.0
0.348454
2.62029
0.0
0.0240916
0.0
0.0
0.0
0.0
0.0
0.0
0.0
0.0
0.0
0.0
0.0
0.0
0.481299
0.0
0.0
0.0
0.0
0.0
0.0
0.218829
2.55661
3.3213
0.0
0.0
0.0
0.351713
0.0
0.0
0.0
0.0
1.28588
0.0
0.885321
1.10257
0.597279
0.0
0.352297
0.0
0.0
0.0
0.0
1.38432
0.0
0.262042
0.0
0.0
1.31835
0.0
0.0
0.0
0.0
1.66782
0.0
0.0
0.0
0.0
3.18881
0.967447
0.481234
0.140835
0.0
0.0
0.0
0.0
0.0
0.0
1.16792
0.0
0.0
1.56217
0.138899
0.0
0.0
0.0
0.0
0.0
0.0
0.0
0.0
2.26182
0.495004
0.0
0.0
0.0
1.11869
0.0
0.0
0.0
0.0
1.82038
0.0
0.0
0.0
0.0
0.0
0.0
0.0
1.78143
0.570841
0.0
2.15601
0.0
0.0
0.904437
1.50557
0.961467
0.0
2.06721
1.71872
0.0
0.0
0.0
0.0
0.0
0.0
1.61865
0.60181
0.0
0.839124
0.0
1.39426
0.0
0.6597
0.0
0.0
1.57766
2.64862
0.597339
1.00623
0.145228
1.24699
0.0
0.268131
0.0
0.0
3.14809
2.3388
0.0
0.0
0.0
0.599744
0.0
0.774889
0.943227
0.0
0.0
0.669864
0.0
0.0
0.0
1.21658
0.0
0.0
0.0
0.0
0.0
1.95611
0.0
0.0
0.0
0.0
0.0
0.0
2.06757
0.0
0.0
0.0
0.692721
0.0
0.0
1.15479
0.148247
1.43874
4.69994
1.49344
0.0
0.0
0.0
0.585607
3.69916
0.0
2.01671
0.112402
0.0
0.0
1.00343
0.0
0.0
0.0
0.0
0.0
0.0
4.33426
2.38212
0.0
0.0
0.0
0.0
3.65006
0.0
0.0
0.0
1.18011
0.0
0.0
0.0
0.0
4.05685
0.0
0.986928
2.63849
0.0
0.0
1.00536
0.0
0.0
0.0
0.0
0.0
0.0
0.0
0.0
0.0
0.0
0.0
0.0
1.23148
0.0
0.0
0.0
5.09069
0.0
0.0
0.0
0.0
0.0
0.0
0.0
0.19734
0.0
0.0
0.0
0.0
3.73027
0.0
0.953941
0.0
0.092672
1.15046
0.0
0.0
0.0
0.0
0.0
0.0
0.0
0.0
0.0
1.1235
2.32578
2.35799
0.0
0.0
0.000895917
0.0
0.0
0.0
0.0
1.61845
1.72022
0.0
1.9585
0.0
0.0
0.0
1.41305
0.0
1.08064
1.17302
0.0
0.0
0.0
0.0
0.0
0.0
0.0
0.0
0.0
0.0
0.597885
0.0
0.0
2.0393
2.4281
0.0
0.0
0.0
0.0
0.0
0.0
2.43268
0.0
0.0
3.54069
0.0
0.880009
1.38728
0.0
0.347777
0.0
0.0
0.0
0.0
0.0
1.80668
0.765741
0.0
0.0
0.0
0.0
0.0
0.0
0.0
0.964529
0.0
1.35305
0.0
0.0
0.0
0.0
0.0
1.73126
0.0
2.534
0.019149
0.152955
0.0
1.54581
0.704903
1.46927
0.495689
0.0
0.0
0.0
0.0
0.188803
0.0
0.0
0.960547
0.0
0.0
0.913243
0.0
0.0
0.171757
1.2887
0.358558
0.0
0.0
0.0
0.0
0.701975
0.0
0.0
0.0
0.0
0.0
0.0
0.0
0.0
0.0
3.09596
0.652624
0.477715
0.0
0.451445
0.0
0.0
1.75225
0.0
0.609223
0.901793
0.0
1.96426
0.279779
0.0
0.727957
0.762346
0.0
0.0
1.61829
0.0
1.43201
1.09137
0.0
0.0
0.415752
2.53431
0.858003
0.0
0.0
0.0
0.0
2.5656
0.367441
0.0
0.652425
0.0
0.0
0.0
0.0
0.615326
0.0
0.0
0.0
0.0
1.41917
0.0
0.0
0.0
6.43886
0.0
0.591034
0.0
1.7719
0.0
0.0
0.0
0.0
0.0
0.0
0.0
0.0
0.0
0.0
0.0
0.0
0.0
0.0
0.258628
0.0
0.901095
1.41564
0.0
0.0
0.0
0.698358
0.0
2.08493
1.7589
2.14329
0.214814
0.00385103
0.0
0.0
0.0
0.0
1.18991
0.0
3.93492
0.0
1.1592
3.88896
0.0
0.0
0.0
2.469
0.0
0.331724
0.0
0.432487
0.0
0.0
0.0
0.0
0.0
0.0
0.0
0.0
0.0
0.0
0.0
0.0
0.299276
2.45266
0.0
0.364268
3.97032
0.756839
0.0
0.0
0.946946
0.921139
0.0
0.955471
0.0
0.0
4.82419
0.0
0.0
0.0
0.0
0.0
0.0
0.0
2.58964
0.0
0.13358
0.2391
0.0
0.0
0.543457
0.0
0.0
2.79989
0.0
0.111017
0.0
0.0
0.0
0.0
0.0
0.0
1.67568
0.810092
0.0
0.0
0.530761
0.0
0.0
0.0
0.0
0.0
0.0
0.0
0.0
1.44931
0.0
0.0
0.0
0.0
0.0
0.0
0.0
0.0
0.0
0.0
0.0
0.0
0.0
0.0
0.0
1.64678
0.0
0.0946969
0.244316
0.0
0.0186847
0.0
1.10274
0.0
0.0
0.0
0.379423
0.0
0.0
3.00078
0.0
0.364887
0.0
1.55077
0.0
0.0
0.0
0.0907987
0.0
0.0
0.0
0.0
0.655094
0.133215
0.0
0.529394
0.0
0.0
0.0
0.0
0.0
0.0
0.104894
0.0
0.516569
1.21982
0.0
0.0
2.91657
0.0
0.938259
0.611804
3.14205
0.0
0.0
1.0126
0.0
0.347402
0.0
0.0
0.0
0.0
0.0
0.0
0.0781564
0.480318
0.41703
0.0
2.02938
0.0
2.42629
2.92297
0.0
0.0
0.0
1.44073
0.0
0.0652937
2.46284
0.0
0.0
0.0
0.0
0.0
0.483269
0.0
0.0
0.0
0.0
0.0
0.0
0.0
0.0
0.0
0.0
2.16011
0.0
0.0
0.0
0.0
0.126523
2.08908
0.19872
0.0
0.0
0.00463623
0.0
0.0
0.0
0.0
0.0
0.0
0.0
0.0
0.0
0.0
0.0
0.204327
3.0284
0.0
0.0
1.52594
0.0
0.0
0.0
2.32878
0.0
0.0
0.0
0.0
1.06187
0.22625
0.0
0.0
0.0
0.792589
1.19769
0.0
0.0
0.0
0.0
1.53045
0.0
0.0
0.0
0.0
0.0
0.0
1.32238
0.0
0.0
0.0
0.0
0.0
0.0199488
0.0
0.0
0.0
0.0
0.154897
0.416184
0.0
0.0
0.0
0.0
0.0
0.0
0.963253
0.0
0.0
0.0
0.0
0.595991
0.0
0.0
0.462814
0.0
2.33817
0.0
0.0
0.0
0.359728
0.885161
0.0
0.0
1.11537
0.786285
4.5302
0.0
0.72218
0.0
0.434155
0.0
0.0
0.0
0.0
0.0
0.0
0.0
0.0
0.0
0.0
0.32982
0.0
0.0
0.0
0.0
0.735548
1.1243
1.2402
0.0
0.0
0.0
0.0
0.0
0.0
0.0
0.0
0.0
0.52779
1.77635
2.01981
0.0
0.0
0.0
0.0
0.0
0.0
0.0873004
0.0
0.0
0.0
0.0
1.15167
0.885366
0.0
0.0
0.0
0.0
0.0
0.0
2.15548
1.49954
0.0
0.251801
1.58546
0.0
0.0
0.661325
0.161048
2.39882
1.52245
1.07719
0.0
0.0
0.0
1.99319
0.0
0.0
0.0
0.0
0.0
0.0
0.0
0.0
2.72165
0.0
0.0
0.0
0.0
0.0
0.0
0.0
0.0
0.0
0.0
0.200314
0.0
3.37443
0.0
0.0
0.0
0.0
2.98564
1.04267
0.0
0.0
0.0
0.0
2.44608
0.0
1.44758
0.0
0.0
2.55072
0.0
1.46797
0.50682
0.0
0.0
2.94105
0.0
0.283867
0.0206711
0.0
0.0
0.0
0.0
0.0
0.24051
0.0
0.0293002
0.0
0.0
0.0
0.0
0.0
0.0
0.0
0.0
0.0
0.0
0.0
0.0
2.95764
0.0
0.0
0.0
0.0
0.0
0.0
0.0
0.0
0.862497
2.7219
1.05388
2.74754
0.0
0.0
0.0
1.372
0.0
0.0
2.7226
0.0
2.03246
0.0
1.3471
1.26916
0.0
1.55432
0.556397
0.0
0.0
1.28219
1.27161
1.24025
0.0
0.0
0.53473
0.0
0.0
0.0
0.0
0.0
0.0
0.0
0.0
0.0
0.0
3.18704
0.0
0.0
0.0
0.0
0.0
1.10439
0.0
0.0
1.42877
0.0
1.3745
1.86658
0.59234
0.0320809
0.430387
0.0
0.0
1.84599
0.0
0.0
0.971301
0.0
0.0
1.02171
0.204775
0.741601
0.0
0.0
2.19825
0.0
3.38493
3.41614
0.0
4.35613
0.0
0.0
2.5761
1.2292
0.0
0.0
0.0
0.0
0.259707
3.14889
0.507942
0.0
0.0
1.49262
0.0
0.0
0.598322
0.0
2.97008
1.8773
0.0
2.80263
0.0
0.0
0.0
0.603349
0.0
0.0
0.0
0.0
0.0
0.0
0.0
3.20458
0.0
3.98841
0.338129
0.0
0.0
0.0
0.592737
0.0
0.343521
0.0
0.0
4.03082
0.0
0.0
0.926316
0.124572
0.384837
1.0914
0.0
0.0
0.0
0.0
0.236956
0.0
0.511657
1.75228
0.260148
0.455369
0.0
0.0
0.0
0.649245
1.92658
0.0
0.0
1.61024
1.45396
0.0
0.0
1.62682
0.0
3.77605
0.0
0.350348
0.0
0.0
0.0
0.0
0.0
3.91958
0.0
0.0
1.10577
0.0
0.328615
0.0
4.07751
0.0
0.0
1.3445
2.11908
0.0
1.58015
0.0
0.593072
0.0
0.0
0.807391
0.0
0.0
0.0
2.73456
0.0
0.298689
0.139733
0.0
0.0
0.0
0.0
3.89094
0.683463
0.0
0.0
0.0
0.0
1.31256
0.0
2.39717
0.0
1.69497
0.0
2.68406
0.0
0.0
0.0
1.68395
5.67427
0.0
0.0
0.0
0.811114
0.0
0.0279378
1.29284
3.893
0.389586
1.26686
0.747308
0.0
0.0
0.0
0.0
0.867679
0.0
1.0687
0.0
0.0
0.0
0.306234
1.78293
0.0
0.0
0.0
0.0
0.346156
0.0
0.270736
0.0
1.29486
0.602535
2.73422
7.92948
0.0
0.0
0.0
0.0
0.0
1.81414
0.0
0.0
0.540442
0.767534
0.0
0.0
0.0
0.849382
0.0
0.0
0.0
0.0
0.0
0.0
0.0
0.0
0.0
0.0
0.0
0.143597
0.0
0.0
0.0
0.0
0.0
0.0
0.0
0.0
0.0
0.0
0.845018
0.0
0.0
0.0
0.546601
0.533224
1.67333
0.0
0.0
0.91452
1.41966
4.06938
1.43756
0.0
0.0
0.0
2.09566
0.0
0.0
2.35275
0.0
0.0
1.47373
0.426175
0.0
0.0
0.0
0.0
0.0
0.0
0.0
1.35096
1.40254
0.311167
0.0
0.0
0.666436
1.7467
2.06466
0.0
3.0597
0.0604131
0.0
0.0
0.0
0.0
0.0
0.0
1.64023
0.0
0.0
0.0
0.289966
1.76278
1.37756
0.0
0.0
1.49342
0.222505
0.453842
0.656098
0.0
0.1311
0.0
0.0
0.184457
0.0
0.0
0.0
0.0
2.29471
1.03758
4.39535
0.0
0.239868
0.0
0.0
0.0
0.0
0.0
0.0
0.0
0.0
0.0
0.0
0.0
0.767367
0.0
1.7197
0.225266
0.0
0.0
0.0
0.161081
0.0
0.0
6.41212
0.0
0.301934
0.0
0.0
0.0
0.191135
0.0
0.911971
2.24129
0.0
0.0
0.0
0.0
0.0
0.0
2.71977
0.964962
0.0
0.0
0.0
0.0
1.46971
0.431492
1.1115
0.209451
1.64151
0.0
0.0
1.01689
0.0
0.0
1.20876
0.0
0.180847
3.60188
0.0
0.0
0.0
0.733333
0.0
8.54345
0.391457
0.0
0.0
0.0
0.0
0.0
1.58884
0.0
0.961042
0.0
0.0
0.0
0.0
0.234026
0.0
0.0
0.0
0.0
0.0
0.0
0.0
0.0
3.33137
2.39303
0.619716
0.0
0.0
0.0
2.304
0.0
0.0
0.281426
0.0
0.0
0.0
0.0
0.0
0.0
0.0
0.0
0.0
0.340825
0.0
0.0
3.23979
0.21416
0.0
0.0
0.0
1.56428
0.0
0.0
4.29626
0.1576
0.0
0.398722
2.48214
0.0
0.0
1.5353
0.0
0.0
0.0
4.59216
0.0
0.0
0.55559
1.27329
0.0
1.22059
0.172399
2.09411
0.0
0.0
0.0
0.0
0.545489
1.70338
0.0
0.0
0.797012
0.0
2.37621
1.04711
1.6871
0.0
2.88015
0.0
0.0
0.0
0.0
0.0
0.0
0.0
0.0
0.0
0.0
0.0
0.0
0.0
0.0
0.0
2.24779
0.0
3.2848
0.0
0.0
1.83195
0.0
0.0
0.0
0.347176
0.362793
0.0
0.180698
0.0
0.0
0.0
0.0
0.0
0.0
0.0
4.49459
0.0
0.0
0.0
0.634659
0.0
0.0
0.0
0.0
0.0
0.0
0.0
0.0
0.0
1.40978
0.0
0.0
0.0
2.93024
0.0
0.0
1.40351
0.0538713
0.0
0.0
0.37728
0.0
0.0
0.0601961
0.0
0.0
0.0
0.0
0.0
3.28052
0.0
0.0
1.22135
0.0
0.657762
3.01457
0.0
0.560472
0.0
0.0
0.0
0.0
0.0
0.0
0.0
0.518269
0.0
0.0
0.0
0.0
0.0
0.0
1.19223
0.0
0.0
0.0
0.0
0.0
0.570654
0.867911
0.0
0.0
0.0
0.0
0.446799
0.847081
0.144143
0.0
0.0
0.0
1.25778
0.0
0.0
0.0
0.285452
2.16022
0.0
0.0
1.53208
0.694458
8.96306
0.0
0.0
0.0
1.17847
0.0
0.0
0.0
0.0
0.0
0.0
0.0
0.0
0.0
0.0
0.0
0.0
0.0
0.0
0.0
0.0
0.0
0.0
0.0643955
0.0
0.0
1.42085
0.0
0.844055
0.0
2.58299
0.721102
0.0
0.0
0.0
0.0
0.219778
0.0
0.445376
1.32284
0.0
0.0
0.0
0.0
0.0
2.88258
0.587561
0.0
0.0
0.0
0.0
0.0
0.0
0.0287607
0.0
0.0
0.0
0.0
0.0
0.0
2.42225
0.574141
0.0
0.0
0.0
0.0
0.0
0.0
0.0
0.0
0.0
0.0
0.0
0.0
0.0
0.0
0.0
0.0
0.0
0.0
0.644553
0.0
0.0
0.0
0.0
0.0
0.0
0.0
0.0
0.0
1.75902
0.181349
0.0
2.25303
1.19815
0.0
0.0
0.630555
0.0
0.0
2.05924
0.744518
3.03812
0.0
2.11579
0.0
1.39342
0.0
0.0
0.325064
0.0
0.0
1.34118
0.0
0.0
0.0
0.0
0.0
0.0
0.0
2.31927
2.80851
0.0
0.0
0.189243
0.0
0.0
0.0
0.0
2.90018
0.832633
0.0
0.0
0.934182
4.55312
0.0
0.0
3.04279
0.0
0.0
0.0
0.0
0.0
0.0
0.0
0.0
0.0
0.0
1.78014
1.64168
0.0
1.08322
0.0
0.0
0.0
1.53109
3.78672
0.0
0.0
0.388276
4.53706
0.146802
0.0
1.14433
0.0
0.0
0.0
2.10502
0.0
0.0
0.0
0.0
0.0
0.0
0.0
0.0
0.0
0.18192
0.908305
0.0
1.41949
4.00955
0.595249
0.39227
2.2879
0.0
1.06535
0.219346
0.0
0.0
1.10379
0.0
0.0
0.0
0.704629
0.718838
0.0
0.0
0.0
0.420017
0.0
0.0
0.0
1.09388
0.0
1.24569
0.129627
0.0884213
0.0
0.0
1.00277
0.0
0.0
0.0
1.2047
1.94846
0.0
0.0
0.0
0.747561
0.0
0.0
0.0
0.0
0.0
0.0
1.62559
0.0
0.0
0.0481732
0.580461
0.0
2.7806
3.5273
0.0
3.90812
3.48366
0.0
0.0
2.15858
0.0
0.0
0.306778
0.817369
1.53514
0.0
0.0
0.0
0.0
0.0
0.0
0.0
0.0
0.0
0.0
0.522731
0.0
0.879267
0.0
0.255876
0.0
0.0
1.05814
0.0
0.0
0.102049
0.0
1.58209
0.0
0.0
0.0
0.0
2.35407
0.114106
0.0
0.0
0.0
0.90376
0.0
0.0
0.0
2.222
0.0
0.0
0.0
0.0
0.0
0.0584421
1.05006
0.0
0.0
0.0
0.127279
3.04395
0.0
1.2695
3.66445
0.0
0.0
0.471432
0.0
0.0
4.73309
0.0
0.0
0.0
0.0
0.0
0.0
0.0
1.82303
0.0
0.0
0.0
0.0
0.0
0.093782
3.09736
0.0
0.0
0.0
0.0
0.742506
1.64066
2.98403
0.0
0.0
0.0
0.0
0.0
0.0
2.0857
0.0
0.0367862
0.0
0.0
0.0
0.0
0.0
0.0
0.0
0.0
0.224964
0.0
2.71297
0.510897
0.732223
0.0
0.0
0.575077
1.65727
0.0
0.0
1.37193
0.0
0.785808
1.22842
0.0
0.0
0.0
0.0
0.0
4.959
0.0
0.0
0.0
0.0
0.0
0.0
0.0
0.0
1.88804
0.0
0.0
1.88945
1.41478
0.728884
0.733406
0.0
0.0
1.14465
0.0725238
0.0
0.70901
0.0
0.0
0.0
0.0
0.0
0.369669
0.0
0.0
0.133029
0.0
0.170898
0.0
0.0
0.0
4.57408
0.0
0.517077
0.214689
0.0
0.0
0.214392
0.0
0.0
0.0
1.88097
0.0
0.0
1.94979
0.0
2.50471
1.21572
0.0
0.0
0.0
0.0
0.867593
0.0543036
2.38758
0.0481935
0.0
2.0523
0.289691
0.0
0.0
1.31558
0.0
0.0
0.0
0.0
3.27642
0.242106
2.23587
2.18679
2.2735
0.0
0.291781
0.0
0.0
1.69327
0.844434
0.0
0.0
0.0
0.0727534
0.0
0.0
0.0
0.0
3.39786
0.0
0.0
0.0
0.0
0.022498
0.282186
0.0
0.361786
0.0
1.30713
1.08099
0.0
0.0
0.0
0.0
0.0
1.318
0.0
0.0
0.0
0.730638
0.0
0.0
0.0
0.0
0.0
0.0
0.0
0.352059
0.0
0.0
0.0
0.0
0.0
0.0
0.288353
0.0
0.0228265
0.0
0.782493
0.0
0.0
0.30081
0.0
0.907221
0.0
0.214792
0.0
0.564816
0.0
0.0
0.0
0.0
0.0
0.0
0.0
1.1441
0.937249
0.0
2.43257
0.0
0.911097
0.0
0.0
0.0
0.0
0.0
0.0
0.0
0.0
0.0
0.0
0.0
0.0
3.55006
0.0
0.0
1.51604
0.0
0.0
0.0
0.0
0.0
1.34555
0.695028
2.05749
0.677025
0.0
0.0
0.0
0.0
0.0
2.34092
0.0
0.0
0.0
0.659499
0.0
0.0
0.946464
0.0
0.0
5.00623
0.0
0.0
0.0
0.0
0.0
0.0
0.0
1.16594
0.0
0.0
0.0
1.19513
0.0
0.0
0.0
0.0
0.291352
0.0
0.0
0.784959
0.0
0.26962
0.0
0.261839
1.5323
0.0
0.0
2.37724
0.0
2.56556
0.0
0.0
0.0
0.0
0.0
0.0
0.0
0.564863
0.939826
0.0
0.0
0.0
0.0
0.0
0.0
0.0
1.45761
1.22775
0.0
0.0
0.0
2.95811
0.0
0.0
0.0
0.0
0.0
0.0
0.0
0.0
0.960422
2.33783
0.0
4.33713
1.21137
1.17773
1.25518
0.0
0.0
0.792852
0.0
0.0
0.0
0.0
0.454134
0.0
0.0
0.0
0.0
0.659305
0.104639
1.16312
0.0
0.0
0.948756
0.0
0.0
0.0
1.13241
2.3449
0.0
0.0
0.0
0.0493668
0.0
0.0
0.0
0.0
0.0
0.0
0.0
1.45225
0.0
0.0
2.10276
0.0
0.0
0.0
0.0
2.6609
0.0
0.0
0.366315
1.81672
0.507497
0.0
2.31128
0.0
0.0
0.0
0.0
3.32682
0.0
0.41926
0.862654
1.7077
1.4112
1.3497
0.0
0.0
0.0
0.0
0.0
0.0
0.0
1.22598
0.0
0.0
0.112706
3.09136
0.0
0.0
1.0304
0.0
0.0
0.0
0.177168
0.0
0.0
0.52345
0.0
0.0
0.0
0.0
0.0
0.0
0.0
1.08853
0.0
0.454312
0.0
0.0
0.197829
0.0
0.0
0.0
0.0
0.0
0.0
1.32531
0.346315
0.0
3.92463
0.0
0.0
0.0
0.143759
0.0
0.0
1.16576
0.0
0.17593
1.47845
0.0
0.0
1.47547
0.0
0.0
1.86693
3.13735
0.719743
1.53909
0.0
0.0
0.0
1.38179
0.0
0.0
0.0
0.608283
0.136488
1.85334
1.04812
0.428893
0.0
0.711377
0.0
0.0
0.0
0.0
0.0
0.0
0.588783
0.0
0.0
0.0
0.0
0.0
0.0
0.0
0.0
1.23646
1.56142
0.0
0.0
1.98829
0.865527
0.0
0.0
0.0
2.04376
0.0
0.0
0.0
0.710816
0.0
0.0
0.0
0.0
0.0
0.0
0.0
0.0
0.0
0.0
0.859483
0.0
0.0
0.0
0.0
0.771008
0.0
0.0
0.0
0.0
0.198967
0.0
0.0
0.782733
0.0
0.0
0.0
2.3669
0.769033
0.0
0.0
0.0
0.0
1.33627
1.95993
0.0
0.0
1.13661
0.0
0.0
1.11661
0.0
0.0
0.0
1.41467
0.0
0.0
0.0
0.0
0.0
0.0
0.598539
0.0
0.521397
0.0
0.0
0.0
0.0
4.20571
0.0
5.58963
0.0
0.430333
0.0
0.0
0.0
1.11626
0.826687
0.0
0.0
0.0
0.0
2.5164
2.00258
0.0
0.0
0.0
0.0
0.0
0.0
0.0
3.54033
0.0
0.0
0.0
1.20004
0.0
0.570272
0.0
0.416678
0.0
0.0
0.0
0.0
1.79355
2.0733
1.51982
0.0
0.829104
0.0
0.0
0.0
0.0
2.87768
0.0
0.728727
0.28009
0.0
0.284193
4.45098
0.0
0.0
0.0
3.00825
1.65908
0.0
0.0
0.299267
0.0
0.0
0.0
0.0
0.0
0.0
0.0
0.0
0.0
0.0
0.0
0.0
0.0
0.0
0.0
0.0
0.0
3.4122
0.0
1.45808
0.0
0.0
0.0
0.0193339
0.0
0.0
0.0
0.0
0.0
2.68983
0.0
0.0
0.0
0.0
0.0
0.0
0.0
0.0
0.0
0.0
0.0
0.110871
0.0
0.0
0.174277
0.0
1.76259
0.247689
2.02196
0.0
0.0
0.0
0.0
0.302882
0.0
0.0
1.65722
0.0
0.0
0.0
1.0768
0.0
0.0
0.0
0.0
0.0
0.760233
2.26521
0.0
0.0
0.0
4.94532
0.280472
2.40249
0.0
0.0
0.0
0.404622
1.37513
0.0
0.0
0.0
2.74462
0.0
0.0
0.974749
0.0
0.0549379
0.0
0.0
0.67087
1.92722
0.0
0.0
0.0
0.0
0.0
0.0
1.09993
0.0
0.392567
0.0
0.0
0.0
0.0
0.0
0.0
0.0
0.550203
0.0
0.0
0.0
2.09685
0.0
1.71488
0.0
0.964025
0.0
0.0
0.0
0.0
0.88866
1.22023
0.0
2.82146
0.0
0.0
0.0
1.56266
2.42012
0.0
0.0
0.0
1.20118
4.13746
0.0
0.0
0.0
0.0
0.0
0.0
0.0
0.0
0.205384
0.0
0.0
0.747275
0.0
0.482821
0.0
2.24495
2.35271
0.0
0.0
0.355314
3.53764
0.0
0.0711751
0.0
1.48788
2.48698
0.0
0.0
0.126965
2.58135
0.0
0.0
1.98729
0.0
0.0
0.0
0.118476
0.0
0.0
0.0
0.0
1.01606
0.0
0.0
0.0
0.0
0.0
0.0
0.628547
0.0
0.0
0.073671
0.0
3.15399
0.0
0.325491
0.0
0.0
0.0
0.0
0.0
0.0
0.0
0.0
0.0
1.59087
1.40917
0.0
0.0
0.0
0.0
0.463506
0.0
0.0
0.337624
1.31267
0.0
0.0
0.0
1.69194
0.213585
0.672345
0.0
0.0
0.0
2.02541
0.0
0.0
0.0
0.0
0.0
1.55391
0.0
0.0
0.0
2.73872
0.0
1.16326
0.76018
0.99649
0.0
1.29975
0.0
2.16631
0.0
1.56761
2.06251
0.0
0.734708
0.0
2.363
0.0
0.0
0.0
0.762912
0.0
1.02884
0.0
2.25085
0.0
0.0
0.0
1.15666
0.0
0.492504
1.19367
0.0
0.351419
1.06687
0.0
0.0
0.0
0.83933
0.0
0.0
0.0
0.0
2.24498
0.0
0.413331
0.801063
0.0
4.17581
0.0
0.0
0.0
0.0
0.0
1.09498
0.0
0.0
0.0
0.372221
0.300852
0.0
0.0
0.245317
0.0
4.87376
0.0
0.3306
0.0
0.0
2.47312
0.0
0.0
0.0
0.0
1.95019
0.0
0.0
3.20022
0.84607
0.459862
0.0
0.0
1.39624
0.937207
0.0
0.137358
0.0
0.104155
0.901676
1.60228
0.0
0.0
0.0
0.0
0.522797
0.0
1.16912
0.0
0.0
0.0
0.0999972
0.0
2.22361
0.0
0.0
0.0
0.0
0.748764
0.0
4.39714
1.49871
0.0
2.49739
0.0
0.0252693
0.0
1.49641
0.539483
3.26647
0.0
0.0
0.0
0.0
0.519699
1.07524
0.0
3.6557
0.0
0.599537
1.66604
0.0
0.0
0.0
2.99025
0.0
4.52319
0.0
2.21043
0.0
0.0
0.0
0.0
0.0
0.0
0.0
3.38091
0.0
1.5383
0.0
0.0
0.0
0.0
0.0
0.592727
0.0
0.0
1.58538
0.0
0.0
0.0
2.44233
1.53864
0.0
0.0
0.545519
0.0
0.0
0.0
0.0
0.0
0.0
0.0
0.0
0.0
0.0
0.0
2.71699
0.0
0.0
0.0
0.0
2.36885
0.216721
0.303177
0.0
0.0
0.0
0.81526
3.46155
0.0
3.07121
0.0
0.0
0.0
0.0
1.82596
0.622816
0.228766
0.0
0.0
1.64217
0.0
0.0
0.0
0.0
0.0
0.0
0.0
0.0
0.0
3.34605
2.76603
0.0
0.0
0.0
0.0
0.0
0.0
0.0
1.6357
0.0
1.8867
0.0
0.0
0.0
0.0
2.08365
0.0
0.0
0.0
2.72317
3.28618
0.659528
2.12705
1.05284
0.0
0.0
0.646059
0.0
0.0
0.0
0.0
1.43551
0.565585
0.0
0.0
0.306718
5.86155
0.0
0.384083
0.0
0.0
0.0
1.05993
0.0
1.41444
2.32627
0.0
0.0
0.444113
1.165
0.0
0.0
0.0
0.0600858
0.0
0.0
0.124717
0.0
0.0
1.76286
1.03204
0.0
2.73082
1.42392
0.0
0.0
1.05367
0.0
1.84011
0.0
0.0
0.0
0.0
0.0
0.0
0.439881
0.0
1.11731
0.0
0.0
0.0
2.45189
1.11636
0.0
0.0
0.0
0.0
0.0
0.0
0.0
0.0
0.0
0.283128
0.0
0.277194
0.0
0.0
1.41194
0.303323
0.0
0.0
0.0
0.236789
2.73034
0.0
1.31648
0.0
0.0
1.24602
0.0
0.0
0.0
3.13846
0.0
0.0
0.0
0.0
0.0
1.1007
0.0
0.0
1.76245
0.0
0.0
0.0
0.0
4.4436
0.606333
0.0
1.05954
0.0
0.0
3.07093
0.0
0.0
0.0
4.37069
0.0
0.0
1.34364
0.0
0.0
1.87699
0.0
0.0
0.0
0.0
0.0
4.65466
2.21181
0.0912548
0.0
0.0789141
0.997505
0.0
0.0
0.0
0.0
0.0
0.0
0.0
0.0198341
0.0
0.0
0.0
0.0
0.0
0.0
1.74592
0.0
0.0
0.0
1.35125
2.3987
0.0
0.0
0.0
0.674168
1.8632
0.0
2.42797
0.0
0.0
0.0
0.0
0.0
0.0
0.0
0.0
0.0
0.410236
0.0
0.0
0.0
0.622633
0.0
0.0
0.0
0.0
0.0
0.0
0.0
