0.0
0.0
2.60278
0.0
0.0
0.0
0.0
0.0
0.0
0.0
0.0
0.0
0.0
0.574769
0.0
0.0
0.0
0.0
2.70604
0.0
0.0
3.55521
0.0
0.0
0.0
0.0
0.0
0.0
0.0
0.0
0.0
0.313298
0.0
6.80294
0.0
0.0
0.0
0.0
0.0
0.0
0.0
0.0
1.79327
0.0
0.0
0.366507
0.0
0.831573
0.0
2.45715
0.0
0.0
0.0
0.0
0.0
0.0
0.0
0.0
0.0
0.0
0.0
0.0
0.14276
6.64055
0.0
1.58136
0.0
0.0
1.39665
0.0
0.0
0.0
0.0
0.0
0.0
0.0
0.0
0.0
0.0
0.0
1.36056
0.0
0.0
0.0
0.0
0.0
0.0
0.0
0.0
0.0
0.0
0.0
0.0
0.0
0.0
0.0
0.0
0.0
0.0
0.0
0.0
0.0
0.0
0.0
0.0
0.0
0.0
0.0
0.0
0.0
0.0
0.0
0.0
4.01986
0.0
0.0
0.0
0.0
2.75662
0.0
0.149719
0.0
0.0
0.0
0.0
0.0
0.0
2.09777
0.0
0.0
0.0
0.975945
0.0
0.0
3.52076
0.0
0.0
0.0
0.717902
0.0
0.0
1.53562
0.0
0.0
0.0
0.0
0.0
0.0
0.0
0.0
0.0
0.0
0.0
0.0
0.0
0.0
0.0
1.33221
0.0
0.0
0.0
0.519724
0.478206
0.0
0.0
1.54677
0.0
0.0
0.0
0.380544
0.0
0.0
0.0
0.0
0.0
0.0
0.0
0.0
0.0
0.0
4.36791
0.0
0.0
0.0
0.0
0.0
1.12235
0.0
0.0
0.0
0.0
0.0
4.57729
0.0
0.0
0.0
0.0
0.0
0.0
0.708728
0.0
1.24683
0.0
0.251295
0.0
0.0
0.0
0.0
0.0
0.0
0.0
0.0
0.0
0.0
0.0
1.41649
0.0
0.0
0.0
2.18938
0.0
1.73371
0.0
0.0
0.0
0.0
0.0
2.90419
0.0
0.0
0.0
0.0
0.0
1.49649
0.0
0.0
0.0
0.0
0.0
0.0
0.0
0.0
0.0
0.0
0.548587
0.0
0.0
4.88953
0.0
0.0
0.0
0.0
0.0
0.0
0.0
0.0
0.0
1.11951
0.0
0.0
0.0
0.0
2.62027
0.0
0.0
0.0
0.0
0.0
0.0
0.0
0.0
0.0
0.0
0.0
0.0
0.0
2.92478
0.831189
0.0
0.0
0.0
0.0
0.0
1.60845
0.0
0.0
0.0
0.0
0.0
0.0
0.0
0.0
0.0
0.0
0.0
0.0
0.0
0.0
0.0
0.0
0.0
5.69162
4.16382
0.0
0.0
2.37548
0.0
0.0
0.0
0.0
0.0
0.0
0.0
0.0
0.0
0.0
0.0
0.0
0.087464
0.0
0.0
0.0
0.0
0.0
0.0
0.0
3.6433
0.0
0.0
2.87658
0.0
0.0
0.0
0.0
1.79214
0.0
0.0
0.0
0.0
0.0
0.0
0.0
0.0
0.0
1.70629
1.63167
0.0
0.0
0.0
0.0
0.0
0.0
0.0
0.0
0.0
0.0
0.0
0.0
0.0
1.65564
0.0
0.0
0.0
0.0
0.0
2.20487
0.0
0.0
0.0
0.0
0.0
0.0
0.0
0.0
0.0
1.18838
0.0
0.0
0.0
0.0
0.137425
0.0
0.0
0.988001
0.0365886
0.0
0.0
4.92234
0.0
5.22774
0.0
0.12528
0.0
0.0
0.0
2.71078
3.36095
0.0
0.0
1.51558
0.0
0.0
0.153152
0.0
0.0
0.0
0.0
0.0
0.0
0.0
0.0
0.0
0.0
0.0
0.0
0.0
0.0
0.0
0.0
0.187805
0.0
0.0
0.0
0.0
0.0
0.0
0.0
0.038746
0.0
0.0
1.66923
0.0
0.0
0.0
0.0
0.0
0.0
0.0
0.0
0.0
0.0
0.0
0.0
0.0
0.0
0.0
0.0
0.0
0.0
0.0
0.0
0.0
0.0
4.29413
0.0
0.0
0.0
0.0
0.0
0.0
0.0
0.0
0.0
0.0
0.0
0.0
0.0
0.0
0.0
2.34777
0.0
0.0
0.0
0.473111
0.0
2.04437
0.548954
0.0
1.46264
0.0
0.0
0.0
0.0
1.487
0.0
0.0
0.0
0.0
0.0
0.0
0.0
0.0
0.0
0.0
0.0
0.0
1.59095
0.0
0.0
0.0
0.0
1.65747
0.0
0.0
0.0
0.987762
0.0
0.0
0.0
0.0
0.0
0.0
0.0
0.0
0.0
0.0
0.0
1.97263
0.0
0.0
0.0
0.0
0.0
4.67798
0.0
0.0
0.0
0.0
0.0
0.0
0.432857
0.0
1.14391
2.44339
0.0
0.0
2.80303
0.0
0.0
0.0
0.0
0.0
0.161799
1.79544
0.0
0.0
0.0
0.0
0.0
0.0
0.0
0.0
0.0
0.0
0.0
0.0
1.77335
0.0
0.0
0.0
0.0
0.0
0.0
0.0
0.0
0.0
0.686302
0.0
0.0
0.0
0.0
0.0
0.0
0.0
1.92169
2.28533
0.0
0.0
0.0
0.0
0.0
1.02561
0.0
0.0
0.0
0.0
1.92479
0.0
0.0
0.0
0.0
0.0
0.0
0.0
0.0
0.0
0.0
0.0
0.0
0.0
0.0
0.137258
0.0
0.0
0.0
0.0
0.0
0.0
0.391194
0.0
0.0
0.0
0.0
0.0
0.0
0.0
0.64426
0.0
0.0
0.0
1.98401
0.0
1.68145
0.0
2.03691
0.0
0.0
0.0
0.0
0.0
0.0
0.0
0.0
0.0
0.0
0.0
0.210528
0.0
0.76967
0.0
0.0
0.0
0.0
0.149728
0.0
0.0
0.0
0.0
0.0
0.0
0.0
0.0
0.0
0.0
0.0
0.0
0.0
0.814632
0.0
0.0
0.707037
1.89244
0.0
0.0
0.0
0.0
2.04305
0.0
0.0
0.0
0.0
0.0
0.0
0.0
2.35097
0.0
0.0
0.0
1.27292
0.0
0.0
0.0
0.0
3.27633
0.0
0.0
0.0
0.0
0.0
0.0
0.0
0.0
0.0
0.0
0.0
0.0
0.0
0.0
0.0
0.0
0.0
0.0
0.0
1.98725
1.38631
0.0
0.0
0.0
0.0
0.0
0.0
1.4575
7.10629
0.0
0.0
1.83213
0.0
0.206473
0.0
0.0
0.0
0.0
0.0
0.0
0.0
1.22952
0.0
0.0
2.05683
0.0
0.0
0.0327949
0.0
0.0
2.22406
2.42151
0.0
0.0
1.00435
0.0
0.905659
0.0
0.0
0.0
0.0
0.0
0.0
0.0
0.0
0.0
0.0
1.01584
0.0
0.0
0.0
0.0
0.0
0.0
1.43747
0.0
2.53292
1.78398
0.0
0.0
0.0
0.0
0.0
0.0
0.0
0.0
0.0
0.0
0.0
2.27686
0.0
0.0
0.0
0.0
0.0
0.0
0.0
0.182975
0.0
2.0205
0.0
0.0
0.0
0.0
0.0
0.0
0.0
0.0
0.0
0.0
0.0
0.0
3.54603
0.0
0.0
1.77283
0.0
0.0
2.33651
3.46153
0.0
0.0
0.0
0.0
0.0
0.0
0.0
0.19
0.0
0.0
0.0
0.0
2.134
0.0
1.32614
1.11995
0.0
0.260601
0.0
0.0
0.0
0.0
0.0
0.0
0.0
0.234019
0.0
0.0
0.0
0.0
0.0
0.0
0.0
0.0
0.0
0.0
0.0
0.0
4.20627
0.0
0.0
0.0
0.0
0.65146
0.0
0.693061
0.0
0.0
0.87627
0.0
0.875923
0.0
2.7904
0.0
0.0
0.0
2.48801
0.988513
0.0
0.0
0.270663
0.0
0.0
0.0
0.0
0.0
0.0
0.0
0.0
0.0
0.0
0.0
0.0
0.0
0.0
0.0
0.0
5.95858
0.0
0.0
0.0
0.0
0.0
0.0
0.0
0.0
0.0
3.67969
0.0
0.0
2.64128
0.0
0.0
0.0
0.0
0.0
0.0
0.0
0.0
0.0
0.0
0.0
0.0
0.0
1.87347
0.0
0.0
0.0
0.0
0.0
0.0
0.0
0.0
0.0
0.0
0.0
0.0
1.29251
0.0
0.305338
0.0
0.0
0.0
0.0
0.0
0.0
0.0514113
0.0
0.0
0.0
0.0
0.0
0.0
0.0
0.0
0.0
0.0
0.0
0.0
1.97842
0.0
0.0
2.80392
0.0
0.0
1.1372
0.0
0.0
0.0
0.921942
0.0
0.0
0.0
2.60105
0.0
0.0
0.0
0.0
0.0
0.0
2.66752
0.0
0.0
4.86172
0.0
0.877049
0.0
0.0
0.0
0.0
2.02991
0.0
0.0
0.0
0.0
0.0
0.0
0.0
0.598679
0.0
0.759632
0.0
0.0
0.0
0.0
0.0
0.0
0.0
0.412325
0.0
0.0
0.0
0.0
0.0
0.0
0.0
0.0
0.0
0.0
0.0
0.0
0.0
0.0
0.0
0.0
0.0
0.0
0.0
0.0
0.0
0.872664
0.0
0.0
0.0
0.0
0.661171
0.0
0.0
0.0
0.0
0.0
0.0
0.0
0.0
0.0
0.0
0.0
0.0
0.0
0.316254
3.54245
0.509528
0.0
0.0
0.0
0.0
0.0
0.0
0.0
1.4335
0.0
0.0
1.84505
0.0
1.75055
0.0
0.0
0.0
0.0
0.0
0.0
0.0
0.0
0.0
0.0
0.0
0.0
0.0
0.0
0.0
0.0
0.0
0.614788
0.0100873
0.927579
0.0
0.0
0.0
0.0
1.53609
0.0
0.0
1.69198
0.0
0.0
0.0
0.0
0.0
0.0
1.45537
0.0
0.0
0.0
2.02317
0.0
0.0
0.0
0.0
3.36897
0.0
0.0
0.0
0.0
2.6765
0.0
1.08817
0.0
0.0
3.52581
0.660143
0.0
0.0
0.0
0.0
0.0
0.0
0.0
0.0
4.11699
0.0
0.0
2.65438
0.0
0.0
0.0
0.0
0.0
0.0
0.0
0.229469
0.0
1.33914
0.0
0.0
0.0
1.35984
0.0
0.0
0.0
0.0
0.0
1.15125
0.0
0.0
0.0
0.0
0.0
0.0
0.0
4.3285
0.0
0.0
0.214156
0.0
0.0
0.0
0.0
1.78785
0.0
0.0
2.13817
0.0
0.0
0.0
0.0
0.0
0.0512187
0.0
2.32554
0.0
0.0
0.0
0.0
0.0
0.0
0.0
0.0
4.36328
4.08385
0.0
0.0
0.0
0.0
0.0
0.0
0.0
0.294463
0.0
0.0
0.0
0.416573
0.0
0.0
0.0
0.0
0.0
0.0
0.0
0.0
0.0
0.0
0.0
0.0
0.0
0.0
0.0
0.0
0.0
2.18265
0.0
0.0
0.0
0.0
0.0
0.0
0.196589
0.0
0.0
0.0
0.0
0.0
0.0
0.0
0.0
2.65522
8.83161
0.0
0.538687
0.0
1.40604
0.0
1.32062
0.0
0.0
0.543033
0.0
0.0
0.538755
0.0
0.0
0.0
0.0
0.0
0.0
2.24382
0.0
0.0
0.0
0.0
0.0
0.33342
0.0
0.0
0.0
1.00833
0.0
0.0
0.703227
0.0
1.73819
0.0
0.0
0.0
0.0
0.0
1.36893
0.0
0.0
0.0
0.0
0.0
0.0
0.0
0.0
0.0
0.0
0.0
0.0
0.0
0.0
0.0
0.0
1.97353
1.55737
0.0
5.46683
0.0
0.0
0.0
0.0
0.0
0.0
0.0
0.0
0.0
0.899179
0.0
6.90905
0.0
0.0
0.0
0.0
0.0
0.0
0.0
0.0
0.0
0.0
0.0
0.0
1.72821
1.33049
1.00339
0.0
0.0
2.88256
0.0
0.0
0.0
0.0
1.34393
0.270438
0.0
1.73025
0.0
0.0
0.0
0.178167
0.0
0.0
0.0
0.0
0.0
0.0
0.0
0.0
0.0
0.0
0.0
0.0
0.0
0.0
0.0
0.0
0.0
0.0
0.0
0.0
0.0
1.85628
0.0
0.0
0.0
0.0
0.0
1.47318
0.0
0.415128
0.0
0.0
0.0
0.0
0.0
0.0
1.00953
0.0
0.212263
0.0
0.0
0.0
0.0
0.0
0.0
0.0
0.0
0.0
0.0
3.57373
0.0
0.0
0.0
1.6586
0.0233024
0.0
0.0
0.920855
0.0
0.0
0.702274
0.101324
0.0
1.65994
0.0
0.0870533
0.0
0.0
0.0
0.0
0.0
0.0
0.0
0.0
0.0
0.985749
0.0
0.0
0.316274
0.11621
0.0
0.0
0.0
2.17905
0.0
0.0
0.688123
0.0
0.0
0.0
0.0
0.0
0.0
0.0
0.0
0.0
0.0
0.0196447
0.0
0.38365
0.0
0.0
0.0
0.0
0.0
2.52553
0.0
1.81582
0.0
0.0
0.0
1.50964
0.0
0.0
0.0
0.0
0.0
0.0
0.0
0.0
0.0
1.24965
1.44189
0.0
0.0
0.0
0.0
4.68774
0.0
0.0
0.0
0.0
0.0
0.0
0.0
0.0
0.0
0.0
0.0
0.0
4.32434
0.0
0.0
0.0
5.06891
0.0
1.61657
0.0
1.68705
0.0
0.0
0.0
0.0
0.0
0.0
0.0
0.0
0.0
0.0
0.0
0.0
0.0
0.148312
0.0
0.0
0.0
0.0714484
0.0
0.0
0.0
0.254819
0.0
1.52327
0.0
0.424191
0.0
0.0
0.0
0.0
0.0
0.0
0.0
0.0
2.17598
0.0
0.791899
0.0
1.14847
0.0
0.0
0.0675378
0.0
0.0
0.0
0.0
0.0
0.0
0.0
0.0
0.0
0.0
0.0
0.0
0.0
0.0
0.0
0.0
0.0
2.91276
0.0
0.0
1.8623
0.0
0.0
0.0
0.0
0.0
0.0
0.0
0.0
0.0
1.46777
0.0
0.0
0.0
0.0
0.0
0.0
0.0
1.13816
0.0
0.00189704
0.0
0.0
0.0
0.0
0.0
0.0
0.433879
0.0
0.0
0.0
0.0
0.0
0.0
0.0
0.0
0.0
0.909988
0.0
0.0
1.39329
0.0
0.0
0.0
0.0
0.0
0.0
0.0
0.0
0.0
0.0
0.0
0.0
0.0
0.0
0.0
0.0
0.0
0.0
0.0
0.0
0.0
0.0
0.0
0.0
0.393057
0.00712419
0.0
0.339814
0.0
0.0
0.0
2.06562
0.0
0.0
3.42481
1.1862
0.0
0.0
0.0
0.0
0.0
0.0
1.11124
0.0
0.0
0.0
2.3569
0.0
0.0
0.0
0.0
0.0
0.0
0.0
0.0
0.0
0.0
0.0
0.0
0.0
0.0
1.00582
0.0
0.0
2.01102
0.0
0.0
0.173498
0.0
0.0
0.451626
2.94932
0.0
0.0
0.0
1.37017
0.0
0.118614
0.0
0.0
0.0
0.0
0.0
0.640213
0.0
0.0
0.0
0.0
0.0
0.844929
0.0
0.0
0.0
0.0
0.0
0.0
4.76888
1.83493
0.0
2.233
3.96299
0.0
0.0
0.0
0.0
0.0
0.0
0.0
0.0
0.0
1.77307
0.0
0.0
0.0
0.559427
0.0
0.0
0.0
0.0
0.0
0.0
0.0
0.0
0.0
0.411541
1.46052
0.0
0.0
0.0
0.0
0.0
0.0
0.0
0.922299
0.0
0.0
0.0
4.58416
0.0
0.0
0.362745
0.0
0.0
0.0
0.0
0.0
0.0
0.0
0.0
0.0
0.0
0.0
0.0
0.0
0.317853
0.305778
0.0
0.0
0.0
0.0
0.96141
0.154389
0.0
0.0
0.0
0.0
0.0
0.0
0.0
0.0
0.0
0.0
0.0
0.0
0.0
0.0
0.0
0.0
0.0
0.0
0.0
0.0
0.0
0.0
0.0
0.0
3.87492
0.0
0.0
0.0
0.0
2.88622
0.0
4.40193
0.978055
0.0
0.358445
0.0
0.0
0.0
0.594954
0.0
0.0
0.0
1.24969
0.0
1.74188
0.0
0.0
0.0
0.0
0.0
0.0
0.0
0.0
0.0
0.0
0.0
0.0
0.0
0.0
0.0
0.0
0.0
0.0
0.0
0.0
0.331388
0.0
0.0
0.0
0.0
0.0
0.0
0.0
0.0
0.0
0.0
0.0
0.383554
6.08466
0.0
0.0
0.0
0.0
0.0
0.0
0.0
0.0
0.0
0.0
0.0
0.0
1.73076
0.0
0.0
0.0
0.0
0.0
0.0
1.88707
0.0
0.0
0.0
0.414439
0.0
0.0
0.0
0.0
0.0
0.0
0.0
0.0
0.0
0.0
0.0
0.0
0.0
0.0
0.0
0.0
0.0
0.0
0.0
4.43028
0.0
0.0
0.0
0.0
0.0
1.09981
0.509472
0.0
0.00923932
0.0
1.1359
0.0
0.0
0.0
0.0
0.0
0.0
3.36371
0.0
0.0
0.0
0.0
0.0
0.0
0.0
0.0
0.0
0.0
0.0198145
0.0
0.0
0.179089
0.0
0.0
0.0
0.0
0.0
0.0
0.0
0.0
0.0
0.0
0.0
0.0
0.0
0.0
0.0
0.0
0.0
0.0
0.839726
0.0
0.0
0.0
0.0
0.0
0.0
0.0
4.87443
0.0
0.0
0.0
0.0
0.416159
0.0
0.0
0.0
2.44258
1.27392
2.50738
0.0
0.0
0.0
0.0
2.19825
0.0
0.0
0.0
0.0
0.0
0.0
0.0
0.634495
0.0
0.0805946
0.0
0.0
0.0
0.0
0.0
2.4565
0.0
0.0
0.0
0.0
0.0
0.0
0.0
0.0
0.0
0.0
0.0
0.0
0.0
3.65921
0.0
0.0906114
0.0
0.0
0.0
0.0
0.0
0.0
1.70524
0.0
2.0255
1.81528
0.145094
0.0
0.0
1.64724
0.0
0.0
0.0
0.0
0.917367
0.0
0.0
0.0
0.0
0.0
0.0
0.0
5.13672
0.0
0.0
4.0972
0.0
6.1126
0.0
1.26195
4.41242
2.17549
0.0
0.0
0.0
3.01288
0.0
0.711891
2.30593
0.0
0.0
1.82397
0.0
0.0
0.0
0.0
0.0
0.0
0.0
0.0
0.0
0.383286
0.0
0.0
0.0
0.0
0.0
0.0
0.0
0.0
0.0
4.39405
0.0
0.0
1.51225
0.0
0.0
1.20069
0.0
0.0
1.96092
0.0
0.0
0.0
0.84309
0.0
0.0
0.403235
0.0
0.0
0.0
0.0
0.0
0.0
0.0
0.0
1.18023
0.149166
0.0
0.0
0.0
0.0
0.0
0.0
3.36529
0.0
0.0
0.0
3.04781
0.0
0.0
0.0
0.0
7.47408
0.0
0.0
0.0
0.0
0.0
0.0
0.0
3.7762
0.0
0.0
0.488766
0.0
0.0
0.0
7.09696
0.0
0.0
0.0
0.365078
0.0
0.917707
0.0
0.0
0.0
0.0
0.0
0.0
0.0
0.0
3.40252
0.0
0.0
0.0
0.0
0.0
0.0
1.67606
2.3858
0.0746333
0.0
0.0
0.0
1.50251
0.0
0.0
5.88495
0.0
1.86014
0.0251237
0.0
0.391757
0.0
0.561923
0.0
9.15522
0.0
0.0
0.0
0.0
0.211302
0.0
0.0
7.71082
0.0
0.0634582
1.07235
0.0
0.0
0.0
0.0
0.0
0.0
3.73771
0.0
0.0
0.0
0.0
2.92703
0.0
0.0
0.0
0.0
0.0
0.0
1.00685
0.0
0.0
1.82396
0.148881
5.20448
0.0
0.0
0.0
0.890321
0.155299
2.43599
0.0
0.0
0.0
0.0
0.0
0.0
0.0
0.0
0.0
0.0
0.0
0.0
0.0
0.0
0.344906
0.0
1.39266
0.0
0.0
0.0
0.0
0.0
0.0
0.0
0.0
0.0
1.02031
0.0
0.0
0.0
0.0
0.0
0.147154
0.0
0.0
0.0
0.0
0.0
0.0
0.0
0.0
4.88056
0.0
0.0
0.0
0.0
3.82093
0.0
0.0
0.0
0.0
0.0
0.0
0.0
0.0
0.0
0.0
0.0
0.0
0.728008
0.0
2.95066
0.0
2.62144
0.0
0.0
0.0
1.63465
0.0
0.0
2.00758
1.36811
0.0
0.0
0.0
0.0
0.0
0.0
0.0728737
0.0
0.0
0.0
0.0
0.0
0.0
1.11349
0.0
0.0
0.272273
0.0
0.0
0.0
0.0
1.50317
0.0
0.0
0.0
0.0
2.56856
0.0
1.15861
0.0
4.64875
0.0
0.0
0.0
0.715013
0.0
0.0
0.0
0.0
0.0
0.0
0.0
0.0
0.0
0.0
0.0
0.0
0.0
0.0
0.0
0.0
3.73322
0.0
0.0
5.05275
0.0
0.0
0.0
0.0
0.0
0.0
0.0
0.0
6.77334
0.0
0.0
0.0
0.0922744
0.0
0.0
1.73107
0.418366
0.0
0.0
0.0
0.0
0.230805
0.0
0.354583
1.97941
0.0
0.0
0.0
0.0844402
3.83225
0.0
1.60817
0.0
0.738696
0.0
0.0
0.0
0.0
3.69358
0.0
2.9458
0.0
0.0
0.0
0.0
0.0
0.0
0.0
0.727412
3.19488
0.0
0.0
0.0
0.0
0.315973
0.0
0.0
0.0
0.0
0.0
0.0
0.0
0.0
1.43183
0.317914
2.11605
0.0
0.897685
0.0
1.24131
0.0
0.0
0.0
0.0
0.0
0.0
0.0
0.0108227
0.0
0.0
0.0
0.0
0.0
0.0
0.0
0.0
0.0
0.0
0.0
0.0
0.0
0.0
0.642598
1.68959
0.0
0.0
0.0
4.08854
0.0
0.0
0.0
0.0
0.0
0.0
2.9657
0.0
0.0
0.0
1.59872
0.0
0.0
0.0
0.0
0.0
2.76398
0.0
0.0
0.0
0.0
0.0
0.0
0.0
3.52369
7.05664
2.89736
0.0
1.16572
0.0
0.0
0.0
0.0
0.609403
0.0
0.0
0.0
0.0
0.0
0.0
0.0
0.0
0.0
0.0
0.0
0.0
0.0
0.623638
0.0
0.0
0.0
0.0
0.0
0.0
4.24677
0.0
0.0
0.0
0.0
0.0
0.0
0.0
0.0
0.0
0.0
3.48652
2.39873
0.0
0.0
0.0
0.0
0.0
0.0
0.0
0.0
0.0
0.0
0.0
0.0
0.475896
0.0
0.0
0.0
2.27683
0.0
0.0
0.0
1.36775
0.0
0.0
0.0
0.0
0.0
0.0
0.0
0.0
0.0
0.0
0.0
0.0
0.0
0.0
0.0
0.0
0.49371
0.141135
0.0
0.0
0.0
0.0
0.0
0.0
0.0
0.0
0.0
2.02025
0.0
0.0
0.0
0.0
0.0
0.0
0.0
0.0
0.0
0.0
0.0
0.0
0.0
0.0
0.0
0.0
0.0
0.0
0.382083
0.0
2.16461
0.0
0.0
0.0
0.0
0.0
0.0
0.0
0.381927
0.0
0.0
1.7003
0.0
0.0
3.43527
0.0
0.0
0.0
0.0901258
0.0
0.0
0.0
0.0
0.0
0.0
2.51067
0.0
0.0
0.0
0.0
0.0
0.0
0.0
0.0
0.0
0.0
0.0
0.0
0.0
0.0
0.0
0.0
0.0
0.0
0.0
0.0
0.0
0.0
0.0
0.0
0.0
0.0
0.0
0.437837
0.0
0.0
0.0
0.0
0.744644
2.67956
0.0
0.0
0.0
0.0
0.0
0.0
0.0
0.892418
0.0
0.0
0.0
0.0
0.0
0.0
0.0
0.0
0.0
0.0
0.0
0.0
0.0
0.0
0.0
0.0
0.299076
0.0
0.0
0.0
0.0
0.0
0.0
0.0
0.0
0.0
1.20858
0.0
0.0
0.0
0.0
0.0
0.0
0.524292
0.0
0.0
0.756244
0.0
0.0
0.0
0.0
0.0
0.0
0.0
0.0
0.0
0.0
0.260181
0.0
0.0
0.0
0.0
4.66863
0.0
0.0
0.0
0.269683
0.0
1.70375
0.0
0.0
0.0
0.0
0.0
0.0
0.0
1.35078
3.72987
0.0
0.0
0.0
0.335798
0.0
0.0
0.0
0.0
0.0
0.0
0.0
0.310734
0.0
0.0
0.0
0.0
0.0
0.0
0.0
0.0
0.0
0.0
0.0
0.0
0.0
0.0
0.0
0.0
0.0
0.0
2.01651
0.0
0.0
5.38641
5.24665
0.0
0.0
0.0
3.72079
0.0
0.0
0.0
0.0
0.0
0.0
2.44651
0.0
0.0
0.0
0.0
0.0
0.0
0.0
0.0
0.0
0.0
0.388798
0.0
1.40877
1.28202
0.0
0.0
0.0
0.0
0.852861
0.0
0.0
0.0
0.0
0.0
0.0
0.0
0.0
3.39598
0.0
0.0
0.0
0.0
0.0
0.0
0.0
1.64216
0.212105
0.0
0.169632
0.0
0.0
0.0
0.725934
0.0
0.0
0.0
0.0
0.898382
0.0
0.0
0.0
0.0
0.0
0.0
0.0
0.0
0.0
0.0
0.0
0.0
0.0
0.0
0.0400155
0.0
1.11859
3.25328
0.0
0.0
0.329418
0.0
0.0
1.25112
0.0
0.0
3.36588
0.0
0.0
0.0
0.0
0.0
0.0
0.0
0.0
0.0
0.0
0.0
0.0
2.12099
0.0
0.0
0.0
0.0
0.0
0.0
0.0
2.03337
0.0
0.0
0.0
0.0
0.0
0.0
0.0
0.0
0.485685
0.0
0.0
1.21591
0.0
0.336691
0.0
0.0
0.0
0.482078
2.65965
0.0
0.0
0.0
0.0
1.29284
0.0
0.213111
0.0
0.0
0.0
1.04455
1.57893
0.760884
6.68403
0.0
0.0
0.0
0.0
0.0
1.53266
0.0
0.0
0.0
0.0
0.0
0.0
0.0
0.0
0.0
0.0
0.0
0.0
0.0
0.0
0.442673
0.0
0.0
0.0
0.0
0.0
0.895935
4.33207
0.0
0.0
0.0
0.0
0.0
0.0
2.47037
0.0
0.0
0.0
0.0
0.0
0.0
0.0
0.0
0.0
0.0
0.204577
0.0
0.0
0.0
0.0
0.0
0.0
0.0
0.0
0.0
0.0
0.0
0.0
0.0
1.0592
0.0
0.0
0.0
0.0
0.0
2.57761
0.0
0.0
0.0
0.0
0.0
0.0
0.0
0.0
3.78453
0.0
0.0
0.0
3.84397
0.0
0.321671
0.0
0.0
0.0
0.0
0.0
0.578694
0.0
0.0
0.0
0.0
0.0
0.0
0.0
0.0
0.0
0.0
1.5239
0.0
0.0
0.0
1.93613
0.0
0.952785
0.0
0.0
0.0
0.0
0.0
0.0
0.0
0.0
0.584783
0.0
3.01748
0.0
0.0
0.0
0.0
0.0
0.0
0.0
0.0
0.0
0.0
0.0
0.978388
1.6482
0.310332
0.0
0.0
0.0
0.0
0.0
0.0
0.0
0.0
0.0
1.29127
0.0
2.64887
0.0
0.0
0.0
0.0
4.10955
0.482069
0.111142
0.0
0.0
0.0
0.0
0.0694237
0.0
0.0
0.0
0.0
0.0
0.0
0.0
0.0
0.0
0.0
0.0
0.0
0.864
0.0
0.0
0.0
0.0
0.0
0.0
2.24614
0.0
0.0
0.0
0.0
0.0
0.0
0.0
0.0
0.0
0.0
0.0
0.0
0.0
0.0
0.0
0.0
0.924884
0.0
0.0
0.0
0.0
0.0
0.0
0.0
0.0
0.0
0.686444
0.0
0.0
0.308631
0.0
0.134103
0.0
0.0
0.0
0.0
0.0
0.0
1.0516
0.0
0.183842
0.0
1.69349
0.0
0.0
0.0
0.0
0.0
0.0
0.0
0.0
0.0
0.0
0.0
0.0
0.0
0.0
4.63434
0.0
0.0
0.0
0.0
0.0
0.0
0.0
0.0
0.0
0.0
0.117834
0.0
0.0
0.0
0.0
0.0
0.0
2.29184
0.0
0.42676
0.0
0.0
0.0
0.0
0.0
0.0
0.0
3.73343
0.0
0.0
0.0827533
0.0
0.0
0.0
0.0
2.40631
0.0
0.0
0.0
0.0
0.0
0.0
0.0
0.0
0.0
0.0
1.31772
0.0
0.0
0.0
0.0
0.0
0.0
0.0
0.0
1.72593
0.0
0.0
0.0
0.0
0.0845468
0.0
0.0
0.0
0.0
0.0
0.0
0.0
0.0
0.0
0.0
0.0
0.0
0.0
0.0
0.0
0.0
0.0
0.0
1.37862
0.0
0.0
1.60868
0.0
0.0
0.0
0.0
0.0
0.0
0.369282
0.0
1.09083
0.242153
1.88687
0.243487
0.0
0.0
0.0
0.0
0.0
0.0
0.0
0.0
0.0
0.0
0.0
0.0
0.0
2.67801
0.673205
0.0
0.0
0.0
0.0
0.0
0.0
0.0
0.397818
0.0
0.0
0.0
0.0
0.0273133
0.0
0.0
0.0
0.0
0.0
0.0
1.96166
0.0
0.0
1.13254
0.0
0.0
0.0
0.0
0.494293
0.147868
0.0
0.0
0.399309
0.0
0.0
0.0
0.0
0.0
0.0
0.0
0.30384
0.0
0.0
0.0
1.16062
0.0
3.48758
0.0
0.0
1.37809
0.0
0.310322
0.0
0.0
0.0
0.0
2.41823
0.0
0.447762
0.0
0.0
0.0
0.0
0.0
0.0
0.0
0.0
0.0
4.09677
0.0
0.0
0.0
0.0
0.0
0.0
0.0
0.0
0.0
0.0
1.05591
0.0
0.00653094
0.0
0.0
0.0
0.0
0.0
0.0
0.127198
0.0
0.0
0.0
0.0
0.0
0.0
1.25962
0.0
0.0
0.0
0.0
0.0
0.0
0.0
0.0
0.0
0.0
0.0
0.0
0.903462
0.0
0.0
0.0
0.0
0.714304
0.0
0.0
0.0
0.0
0.0
0.0
2.24886
0.0
0.0
0.0
0.528445
0.0
0.0
0.0
0.0
0.0
0.935604
3.22451
0.0
0.119407
0.0
0.0
0.0
3.51873
0.0
0.0
0.0
0.0
0.0
0.0
2.43969
0.0
0.0
0.0
0.0
0.0
0.0
0.0
0.0
0.0
0.0
0.0
1.36057
0.0
0.0
0.0
0.636996
0.887809
0.0
0.0
1.79773
0.0
0.0
0.0
0.0
1.48541
0.0
0.0
0.0
0.0
0.0
0.0
0.0
0.0
0.0
0.0
0.0
0.844244
0.0
0.0
0.0
0.0
0.0
0.0
0.0
0.0
0.0
0.0
0.0851793
0.0
1.00435
0.0
0.0
0.0
0.0
0.0
0.0
0.0
0.0
0.0
0.0
0.00810532
0.0
1.49997
0.0
0.0
0.0
0.0
2.55755
0.0
8.85711
0.0
0.0
0.0
0.0
0.0
0.0
0.0
0.0
0.0
0.0
0.0
0.0
0.405262
0.0
0.447636
0.0
0.0
0.0
0.0
0.0
0.0
0.0
0.0
0.0
0.384264
0.0
0.0
0.0
0.184173
0.0
0.0
0.0
0.316505
0.0
0.0
0.904202
0.0
1.50544
0.0
0.0
0.0
0.0
1.83299
0.0
1.77675
0.0
0.0
1.03221
2.74718
0.0
0.0
0.0
0.319529
0.0
0.0
0.0
0.0
0.0
0.0
0.0
0.0
0.0
0.0
0.0
0.0
0.0
0.0
0.0
0.0
0.0
0.0
0.0
0.0
0.0
2.41638
0.0
0.0
0.543882
0.0
0.0
0.0
0.0
0.0
0.0
0.0
0.0
0.494512
2.08656
0.0
1.16222
0.0
0.0
0.0
0.0
0.0
0.0
0.0
0.0
0.0
0.0
2.12673
1.49749
0.0
0.0
0.0
0.0
0.0
0.341978
0.0
0.0
0.0
0.0
0.0
0.0
0.0
0.0
0.0
0.302503
0.0
0.0
0.0
0.0
0.0
0.0
1.62756
0.0
0.0
0.0
5.88555
0.0
0.0
0.0
0.0
0.0
1.22608
0.0
0.0
0.0
0.0
0.0
0.0
1.53604
0.0
0.0
1.72932
0.0
0.0
0.0
3.08905
0.0
0.0
0.0
0.0
0.0
0.0
0.0
0.0
0.0
0.0
0.0
0.0
0.0
0.0
0.0
0.0
1.22689
0.0
0.0
0.406319
2.23945
0.0
2.31489
0.0
0.0
0.0
0.0
0.0
0.0
0.0
0.305557
0.0
0.0
0.0
0.0
0.23059
2.55355
0.234504
0.0
0.0
0.0
1.29719
1.57954
0.0
0.0
0.0
0.0
0.0
0.0
0.0
0.0
0.0
0.0
0.0
0.0
0.0
0.0
0.0
0.0
0.0
0.0
0.0
0.0
3.19588
0.0
0.0
0.0
0.0
2.74535
0.0
0.0
0.0
0.0
0.0
0.0
0.0
0.0
0.0
0.0
0.0
0.0
0.0
0.0
0.0
2.52894
0.0
0.0
0.0
0.0
0.0
0.37106
0.731655
0.0
0.0
0.0
0.0
1.94712
0.0
0.0
0.0
0.0
0.0
0.0
0.0
0.0
0.0
0.0
0.0
0.0
0.349514
0.0
0.0
0.0
0.0
1.97203
0.0
0.0
2.7532
5.71932
4.27459
0.0
0.0
2.47681
0.152934
1.78986
0.0
0.0
0.0
0.0
0.0
0.0
0.0
0.0
0.0
0.0
0.0
0.177347
0.0
0.0
0.0
0.0
0.255447
0.0
0.0
0.0
0.0
0.0745726
0.932759
3.82977
0.0723098
0.0
0.0
0.0
0.0
1.20354
0.0
0.0
0.0
0.0
0.0
0.0
0.896025
0.0
0.0
0.0
0.617182
0.0
4.58571
0.0
0.0
5.00936
0.0
0.0
0.0
0.0
2.46818
0.0
0.0
0.0
0.0
0.0
0.0
0.0
0.0
0.0
0.0
0.0
0.0
0.0
0.281278
0.0
2.87108
0.0
0.0
0.0
0.0
0.762646
0.0
0.0
0.0
0.0
6.57889
0.0
0.0
0.0
0.0
0.0
0.0
0.0
0.0
0.0
3.07098
0.0
0.0
0.0
0.0
0.0
0.0
0.0
0.0
0.0
0.0
0.931713
0.0
0.0
2.21374
0.288616
0.0
0.0
0.0
0.0
0.0
0.0
4.73334
0.0
0.0
0.0
0.0
0.0
0.0
0.0
2.89306
0.0
0.0
0.0
0.0
5.17525
0.0
0.0
1.92407
0.0
0.0
0.0
1.48866
0.0
2.72506
0.0
0.0
0.0
0.0
1.14146
2.57066
0.0
4.19077
0.0
3.47069
0.75135
0.0
0.0
0.0
2.69129
0.0
0.718144
0.0
0.0
0.0
0.0
0.0
1.35071
0.0
0.0
0.0
0.924102
0.0
0.0
0.0
0.0
0.0
0.0
0.0
0.0
0.0
0.0
0.334125
0.0
0.0
0.0
2.39681
0.0
0.0
0.0
0.0
0.0
0.0
0.0
0.0
0.0
0.0
0.0
0.0
0.0
0.0
0.0
0.0
1.98262
0.0
0.0
0.0
0.0
0.0
0.0
0.0
1.83542
0.0
0.0
1.71396
0.0
0.106563
0.0
0.0
0.0
0.0
0.0
0.936847
0.0
0.0
0.0
3.78706
0.0
0.0
0.0
0.0
0.0
0.0
0.0
0.0
0.0
0.0
2.46088
0.0
0.0
0.0
0.0
0.0
0.0
0.0
1.11634
0.0
1.91052
0.0
0.0
0.0
0.0
0.0
0.0
1.1523
0.0
2.71608
0.0
0.0
1.48527
0.0
0.0
0.0
2.0285
0.0
0.0
1.45448
0.0
2.7715
0.0
2.49154
0.0
2.25207
2.21128
0.0
0.0
0.0
2.39094
0.0
2.76494
0.0
0.0
2.43604
0.0
0.0
0.0
0.142627
0.0
0.0
0.0
0.0
0.0
0.0
0.0
0.0
0.0
0.0
0.0
0.0
6.30751
0.0
0.0
0.0
0.0
0.0
0.0
0.0
0.0
0.0
0.0
0.0
0.0
0.0
0.558741
1.51939
0.0
1.42519
0.0
1.82769
0.280281
0.0
0.0
0.0
0.0
0.381308
0.0
0.0
0.0
0.0
0.260341
0.0
0.0
0.0
0.0
0.0
1.15008
0.0
0.0
0.0
0.0
0.0
0.0
1.25036
0.0
0.0
1.65569
0.0
0.0
0.0
0.203914
0.0
0.0
0.0
0.0
0.0
3.47737
0.0
0.0
0.0
0.0
0.0
0.0
0.0
2.73338
1.18267
0.0
0.0
0.0
0.0
0.0269049
0.0
0.0
0.0
4.63014
0.0
0.0
6.05401
0.0
1.46891
0.0
0.0
0.0
0.0
0.0
0.0
5.37805
0.0
0.0
0.0445248
0.0
0.833218
0.0
0.0
0.0
0.0
0.0
0.0
0.0
0.0
0.0
0.0
0.0
0.0
0.0
0.0
1.57514
0.0
0.0
0.0
0.94561
0.0
0.0
0.0409396
0.0
0.0
0.0
0.0
5.10663
0.0
0.0
0.0
0.0
0.0
0.0
1.24839
0.0
0.0
0.0
0.0
0.0667479
0.0
0.0
0.0
0.0
0.0
0.0
0.0
0.0
0.0
