0.0
0.0
0.922438
0.0
0.165506
0.0
0.0
0.0
0.0
0.0
0.107814
1.21526
0.0
0.0
0.0
2.79202
0.0
0.0
0.0
0.0
0.0
0.0
0.0
0.0
1.45298
0.0
0.0
0.0
0.0
0.0
0.0
0.102385
0.0
3.37194
0.0
0.0
0.0
0.180861
0.0
0.0
0.0
0.0
1.87072
0.0
0.0
0.88533
0.0
0.0
0.230484
0.473934
0.0
0.0
0.0
0.0
0.0
0.0
0.0
0.0
0.0
0.0
0.0
0.0
0.0
1.93155
0.665643
0.0
0.0
0.0
0.0
0.0
0.0
0.0
0.158731
0.0
0.0
0.0
0.0
0.0
0.0
0.0
0.453961
0.0
0.0
0.0
0.0
0.0
0.00312129
0.480309
0.0
0.0
0.0
0.0
0.0
0.0
0.0
0.0
0.0
0.0
0.548054
0.0
0.0
0.0
0.0
0.0
0.0
0.0
1.92439
0.0
0.0
0.0
0.0
0.0
0.0
2.28749
0.0
0.0
0.0
1.37107
0.575768
0.0337398
0.651527
0.0
0.0
0.0
0.0
0.0
0.0
1.45848
0.0
0.0
0.0
0.0
0.0
0.0
0.0
0.0
0.0
0.0
1.18961
0.0
0.0
1.514
0.0
0.0
0.0
0.0
2.21741
0.0
0.0
0.0
0.0
0.0
0.171901
0.12516
0.0
0.0
0.0
0.0
0.0
0.0
0.0
0.0
0.0
0.0
0.0
0.277583
0.0
0.0
1.09969
1.66088
0.0
0.0862925
0.0
0.418626
0.0
0.0
1.74034
0.405773
0.0
0.391483
3.11424
0.0
0.0
0.0
0.0
0.0
0.0
0.0
0.0
0.0
0.0
0.0
3.92364
1.44221
0.0
0.0
0.0
0.0
0.0
3.08792
0.0
1.09679
0.0
0.0
0.0
0.0
0.0
0.0
0.0
0.0
0.0
0.027775
0.0
0.0
0.496359
0.540606
0.0
0.0
0.00874972
0.0
0.0
1.18569
0.0
0.0
0.23015
0.0
0.0
0.0
0.0
0.0
0.0
0.0
0.0
0.526652
0.0
0.0
0.0
0.0
0.0
2.30122
0.0
0.0
0.0
1.5877
1.33582
0.0
0.0
3.41658
0.0
0.0
2.1123
0.153381
0.0
0.0
0.0
0.33029
0.0
0.0
0.0
0.0
0.0
0.0
0.165963
0.0
0.0
0.0
1.62983
0.0
0.0
0.0
0.0
0.0
0.0
0.0
0.0
0.0
1.70992
0.0
0.0
0.0
2.24699
0.0
1.8822
0.736083
0.0
0.0
0.0
1.12472
0.0
0.0
0.0
0.0
0.0
0.0
1.10577
0.0
0.176627
0.0
0.0
0.0
0.0
3.63339
0.688629
0.0
0.0
0.0
0.0
0.0
0.133616
0.0
0.0
0.0
0.0
0.0
0.0
0.0
0.0
0.0
0.0
0.0
0.0
0.0
0.0
0.0
0.0
0.0
0.801252
0.0
0.0
2.01535
0.0
0.0
0.0
0.0
0.0
0.0
0.0
0.0
0.0
0.0
0.0
0.0
0.203123
0.0
2.65694
0.0
0.284509
0.0
1.71901
0.0
0.0
0.0
0.0
0.54768
0.0
0.0
0.0
0.414719
0.0
0.0
0.0
0.0
0.0
0.0
0.0
0.0
0.0
0.0
0.0
0.0
0.0
0.0
0.0
0.0
0.0
0.0
0.0
0.0
0.0
1.29038
1.00636
0.0
0.0
0.0
1.031
0.0
0.0
3.65967
0.202964
0.0
0.0
0.0
0.0
0.0
0.0
1.90205
4.41941
0.0
0.0
0.565704
0.0
0.0
0.0
0.0
0.0
0.0
0.0
0.0
0.0
0.0
0.0
0.0
0.0
0.0
0.0
0.0
0.0
0.0
0.0
1.85638
0.0
0.0
1.74915
0.0
0.0
0.0
0.0
0.0
0.0
2.76212
0.54045
1.02502
0.0
0.0
0.0
0.0
0.0
0.0
1.23856
0.0
0.0
0.680769
0.0
0.0
0.175604
0.0
0.0
0.0
0.0
0.41009
0.0146183
0.0
0.0
3.30748
0.0
0.0
0.0
0.0
0.0
0.790363
0.0
0.726337
0.0
1.50119
0.0
0.0
0.0
0.0
0.0
1.36058
0.0
0.0
0.0
0.0
0.0
1.33666
0.0
0.0
0.0
0.0
0.0
0.0
0.0
1.93285
0.0
0.0
0.0
0.0
0.0
0.0
0.0
0.0
0.0
0.0
0.0
2.25983
2.82702
0.0
0.0
0.403105
0.0
0.671362
0.0
0.0
0.0
0.72359
0.0
0.0
0.0
0.0
0.0
1.95763
0.0
0.0
0.558104
0.0
0.0
2.76447
0.0
0.0
0.0
0.0
0.0
2.76633
0.0
1.60006
0.0
0.0
0.0
0.0
0.730033
0.0
0.0
3.50576
0.0
0.0
1.70668
0.0
0.0
0.0
0.0
0.0
0.0
0.983338
0.0
0.0
0.0
0.0
0.0
0.0
0.0
0.0
0.0
0.0
0.0
0.0
0.944568
0.0
0.0
0.0
0.0
0.0
0.0
1.03055
0.0
0.0
1.57688
0.0
0.0
0.0
0.0
0.0
1.02396
0.0
0.0
0.0
0.0
0.0
0.0
1.0751
0.0
0.0
0.0
0.0
0.0
0.0
0.255955
0.0
0.0
0.0
0.0
0.0
0.0
0.0
0.0
0.0
0.0
0.0
0.0
0.0
0.0
0.0
0.871208
0.0
0.222156
0.0
0.0
0.0
0.446517
0.0
0.0
0.0
0.0
0.0
0.0
0.0
0.0
0.0
0.0
0.0
0.986037
0.0
0.294858
0.0
1.16149
0.0
0.0
0.0
0.0
0.0
0.0
0.0
0.0
0.0
0.0
0.0
0.0
1.97768
0.811216
0.0
0.0
0.205761
0.0
0.0
0.0
0.0
0.0
0.0
0.249805
0.0
0.0
0.605624
0.0
0.0
0.00911316
0.406285
0.0
1.90523
0.0
0.0
0.0437402
1.66225
0.0
0.0
0.0
0.0
0.42649
0.0
0.0
0.0
0.0
0.0
0.0
0.0
1.06417
0.0
0.310939
0.0
0.0
0.0
0.0
0.0
0.0
2.45103
0.0
0.0
0.0
0.0
0.0
0.0
1.6124
0.0
0.0
0.0
0.0
0.0
0.0
0.0
0.0
0.0
0.0
0.0
0.0
0.0
0.0
0.0
0.0
0.707026
0.0
0.0
0.0
0.404847
0.813427
0.0
0.0
0.0
0.0
0.320439
0.0
0.0
0.0914192
1.55397
0.0
0.0
0.0
0.0
0.0
0.0
4.24337
0.669968
0.0
0.449885
0.0
0.0129406
0.251553
0.0
0.0
0.0
0.0
0.0
0.0
0.0
0.0
0.0
0.0
0.0
0.0
0.0
0.0
0.0
0.156003
0.804456
0.515867
0.0
0.0
0.0
0.0
0.0
1.17729
0.0
0.487723
0.977742
0.0
0.0
0.0
0.0
0.0
0.0
0.0
0.0
0.0
0.0
0.0
1.2458
0.0
0.0
0.0
0.0
0.0
1.18649
0.0
0.0
0.0
2.50437
0.0
0.0
0.0
0.0
0.0
0.0
0.0
0.151497
0.0
0.0
3.18884
0.0
1.29088
0.0
1.68718
4.07149
0.0
0.0
0.0
0.0
0.0
0.0
0.0
0.0
0.0
0.0
0.0
0.0
0.0
0.0
0.0
0.0
0.505149
0.0
0.0
0.0
0.0
0.0
0.0
0.0
0.0
1.56811
0.0
0.0
0.0
0.0
0.0
0.0
0.0
0.644722
0.0
0.0
0.0
0.0
0.0335779
0.0
0.0
0.0
0.0
0.0
0.0
1.80172
0.0
1.23827
0.0
1.64095
0.0
0.0
1.87542
0.0
0.624411
0.0
0.0
0.0
0.0
0.0
3.9398
0.0355018
0.0
0.0
0.0
0.0
0.0
0.964764
0.0
1.28669
0.0
0.0
0.0
0.0
0.66883
0.0
0.0
0.0
0.0
0.0
0.0
0.0
0.0
0.0
0.0
0.0
0.0
0.0
0.0
0.0
0.0
0.0
0.0
0.0
2.99729
0.0
0.0
0.0
0.0
0.0
0.0
0.0
0.0
0.0
0.0
0.0
0.0
0.0
0.290853
0.0
0.0
0.0
0.0
0.0
0.0
0.0
0.0
0.0
0.0
0.0
0.0
0.922831
0.0
0.0
0.0
0.0
0.0
0.0
0.00894701
0.0
0.415043
0.0
0.0
0.0
0.0
0.0
0.0
0.0
0.0
0.0
0.0
0.0
0.0
0.171195
0.0
0.0
0.739646
0.0
0.0
0.0
0.0
0.0
0.0
0.0
0.0
0.0
0.0
1.39454
0.0
0.386293
0.0
0.0
0.0
0.0904423
0.0
0.0
0.0
0.0184341
0.0
0.0
2.34092
0.0
0.0
0.0
0.0
0.0
0.0
0.0
0.0
0.949948
0.0
0.0
2.17193
0.0
1.20478
0.0
0.0
0.0
0.0
0.0
0.0
0.0
0.234807
0.0
0.647838
0.0
0.0
0.0
0.0
0.0
0.0
0.119383
0.0
0.119381
0.0
0.0
0.0
0.0
0.0
0.0
0.0
0.0
0.0
0.0
0.0
0.0
0.0
0.0
0.0
0.171296
0.0
0.0
0.0
0.0
0.0
0.0
0.0
0.0
2.19102
0.0
0.705281
0.0
0.0
2.08801
0.0
1.06606
0.0
0.0
0.514822
0.0
0.351679
0.0
0.00815041
0.0339504
0.0
0.221788
1.46216
0.0
0.29129
0.0
0.0
0.0
0.0
1.27536
0.0
0.0
0.0
0.0699303
1.55488
0.0
0.0
0.0
0.0
0.0176004
0.0
0.0
2.52925
2.4047
0.0
0.0
0.0
0.0
0.0
0.0
0.0
0.0
0.802398
0.0
0.0
0.0
0.0
0.0
0.0
0.0
0.462256
0.0
0.0
0.125378
0.0
0.0
0.0
0.0
0.0
0.0
0.0
0.0
0.0
1.70209
0.0
2.19234
0.0
0.0
0.0
0.0
0.69047
0.0
0.0
0.0
0.0
0.0
0.0
0.0
0.0174351
0.0
0.0
0.0
0.0
0.0
0.0
0.0
0.0
0.0
0.0
0.0
0.0
1.0629
1.01699
0.0
1.97578
0.0
0.0
0.0
0.0
0.0
0.0
0.839946
0.0
0.0
0.0
0.0
0.951351
0.393902
0.0
2.27051
0.0
0.0
0.0
0.0
0.0
0.0
0.0
0.1556
0.0
2.74983
2.51925
0.0
0.0
0.0
0.0
0.0
0.0
0.0
1.96663
0.0
0.504883
0.0
0.0
0.0
0.0
0.0
0.496261
3.10641
1.386
0.0
0.0
0.0
0.0
0.0
0.0
2.39769
0.0
0.0
0.464713
0.0
0.0
1.50792
0.0
0.0
0.0
0.0
0.0
0.0
0.0
0.0
0.0
0.0
0.0
0.0
0.0
0.0
0.0
0.0
0.0
0.0
0.0
0.0
1.61433
0.0
0.0
0.71734
0.0
0.0
0.0
0.0
0.0
0.0
0.0
0.0
0.0
1.63725
0.0
2.79714
0.0
0.0
0.211117
0.593263
0.0
0.0
1.31451
1.30142
0.0
1.32868
0.0
0.0
0.0
0.532559
0.0
0.0
2.15234
0.430631
0.0
0.0
0.0
0.0
1.31951
0.0
0.0
0.0
0.0
0.0
0.0
0.0
0.0
1.75575
0.0
0.0
0.0
0.0
0.360628
0.0
0.228159
0.0
0.0
0.0
0.0
0.0
0.0
0.0
0.0
0.0
0.0
0.442698
0.103442
0.0
0.0
0.0
0.0
1.99535
0.0
0.0
0.0
0.0
0.0
0.0
0.0
1.04081
0.0
0.0
0.0
0.495179
0.0
5.07171
0.0
0.0
0.0
0.400284
0.0
0.0
0.0
0.0
0.0
0.0
0.0
0.0
1.67177
0.0
1.58641
0.0
0.0
2.6427
0.0
0.0
0.0
0.0
1.67175
1.65139
0.0
0.0
0.0
0.0
0.0
0.531117
0.0
0.739438
0.0
0.0
0.0
0.0
0.0
0.0
0.0
0.0
0.0
0.0
0.0
0.0
0.0
0.0
0.366795
0.0
0.0
0.0
0.0
0.0
0.0
0.0
0.735291
0.0
0.0
0.926686
0.0
0.0
0.281449
0.0
0.34033
0.0
0.0
0.0
0.0
0.0
0.0
0.0
0.0
0.0
0.0
0.0
0.0
0.0
0.0
0.0
0.0
0.834611
0.0
0.0
0.0
1.82151
0.0
0.120369
1.96731
1.83246
0.0
0.0
0.820224
0.0
0.0
1.07168
0.0
0.0
0.0
0.0
0.0
0.0
0.0
0.0
0.0
0.0
0.0
2.18588
0.0
0.0
0.0
0.0
0.786706
0.0
0.0
0.0
0.0
0.279147
0.474811
0.0
0.0
0.0
0.0
0.0
0.0
0.0
0.0
0.618526
0.0
1.60518
0.0
0.0
0.0
0.0
0.690984
0.0
0.0
0.0
0.0
0.0
0.0
0.0
0.0
0.716602
0.0
0.0
0.0
0.0
0.0
0.0
0.0
0.0
0.0
1.04679
1.00996
0.0
0.0
0.0
0.0
0.846082
0.0
0.0
0.0
0.0
0.0
0.0
0.0
0.0
0.0
0.390889
0.0
0.0
0.0
0.27151
0.0
0.0
0.990687
0.0
0.0
0.0
0.652256
0.0
0.0
0.0
0.0
0.0
1.64184
0.0
0.0
0.0
0.0
0.0
0.0
0.0
0.369675
0.0
0.0
0.0
0.0
0.0
0.0
0.0
1.43354
0.0
0.0
0.0
3.53932
0.658926
0.0
0.798518
0.0
0.0
0.0
0.0
0.0
3.99733
0.0
2.45144
0.37537
0.70208
0.0
0.0
0.0
0.0
1.49488
0.0
0.0
0.0
0.0
0.0
0.0
0.0
0.0
0.0
0.0
0.0
0.0
0.0
0.0
0.0
0.365168
0.0
0.0
0.0
0.0
0.0
0.0
0.0
0.0
1.47301
0.0
0.146409
0.0
0.536109
0.0
0.341458
0.0
0.0
0.0
0.0
0.0
0.0
0.0
0.0
0.0
0.0
0.0
0.0
0.0
0.0
0.0
0.710338
0.0
0.0
0.0
0.0
0.0
0.0
0.0
1.4021
0.0
1.4679
0.0
0.872036
0.0
0.0
0.0
0.0
0.0
0.0
0.0
0.0
0.0
0.0
0.0
0.0
0.0
0.0
0.0
0.0
0.0
0.0
0.0
0.0
0.346381
0.0
0.0
0.0
0.0
0.385693
0.0
0.0
0.607513
0.0
0.0
0.0
0.0
0.0
0.0
0.0
0.0
0.0
0.0
0.0
0.0
0.0
1.16057
0.0
0.0
0.0
0.705416
0.0
0.0
0.0
0.0
0.0
0.0
0.0
0.0
0.0
0.0
0.0
0.0
0.0
0.0
1.87301
0.0
3.08307
0.0
0.0
0.0
0.0
0.0
0.0
0.0
1.67968
0.0
0.0
0.0
0.0
0.0
0.0
0.0
0.0
0.0
0.0
0.0
0.0
1.10817
0.0
0.0
0.0
0.0
0.0
0.592327
0.0
0.545536
0.0
0.0
0.0
0.425887
2.20417
0.0
0.0
0.0
0.0
0.0
0.0
1.7592
0.0
0.0
0.0
0.763368
0.0
1.16394
0.0
0.0
0.0
0.0
0.0
0.0
0.0
0.0
0.0
0.0
0.0
0.0
0.0
0.0
0.185546
0.0
0.0
0.0
0.0
0.0
0.0
0.0
1.61243
0.0
0.0
0.0
2.78563
0.0
0.0
0.0
0.0
0.0
1.53271
0.596931
0.0
0.0
0.0
0.0
0.0
0.0
0.0
0.0
0.0
0.332816
0.0
0.221034
0.0
0.0
0.457673
0.513535
0.0599108
0.0
0.0
0.0
0.0
0.0
0.669521
0.0
0.0
0.0
0.0
0.0
0.0
0.0
0.0
0.0
0.0
0.0
0.0
0.0
0.0
0.0
0.0
0.0
0.0
0.0
0.0
0.0
0.0
0.0
3.13724
0.381082
2.12875
0.203019
0.0
0.0
0.0
0.0
0.0
0.0
0.0
0.0
0.0
0.417334
0.0
0.502322
0.0
1.53079
0.0
0.0
0.0
0.0
0.0
0.0
0.0
0.0
0.0
0.0
0.0
0.0
0.0
0.0
0.0
0.0
0.0
0.0
0.0
0.0
0.0
0.0
1.15728
0.0
0.0
0.0
0.0
1.73213
0.0
0.0
0.408129
0.124174
0.0
0.934965
0.0
0.0
0.26257
0.0
0.254161
0.0
0.0
0.0
0.0
0.197753
1.28163
0.0
0.0
0.0
0.0
0.0
0.481171
2.99304
0.0
0.0
0.0
0.0
0.0
0.0
0.0384521
1.40367
1.11014
0.282981
0.0
0.0
0.0
0.0
0.0426766
0.0
0.900954
0.0
0.0
0.0
0.0
0.0
0.0
1.4134
0.0
0.0
0.0
0.0
0.0
2.13747
0.0124793
0.0
0.0
0.0
0.0
0.11693
0.0
0.781642
0.0
0.0
0.0
2.88638
0.0
0.0
0.0
0.0
0.0
0.0
0.0
0.0
0.0
0.0
0.0
0.405175
0.162324
0.0
0.0
0.0
0.0
0.0
1.86386
0.108818
0.403446
0.0
0.0
0.0
0.0
0.0
0.00791293
0.0
0.0
0.0
0.0
0.0
0.0
0.0
0.0
0.0
0.0
1.36663
0.0
0.0
0.540406
0.0
0.0
0.0
0.0
0.0
0.0
0.0
0.0
0.912389
0.472965
0.0
0.0
0.0
0.0
0.0
0.0
0.0
0.0
3.22711
0.0
1.08585
0.0
0.0
0.0
0.0
0.0
0.0
1.82127
0.0
0.0
0.0
0.0
0.0
0.0
0.0
0.346169
0.519395
0.0
0.0
0.0
0.0
0.0
0.0
0.0
0.0
0.0
0.0
0.0
0.0
0.0
0.0
0.0
0.0
0.72101
1.57045
0.0
2.47414
1.75088
0.0
0.0
0.0
3.22411
0.0
0.0
0.0
0.0
0.88111
0.0
0.169947
0.0
0.0
0.0
0.0
0.0
2.26228
0.0
1.18294
1.77286
0.0
0.321289
0.0
1.12352
2.63986
1.95064
0.0
0.0
0.0
1.57671
0.0
2.96431
0.0
0.0
0.0
0.136332
0.244659
0.0
0.0
1.48015
0.223123
1.5416
0.0
0.0
0.0
0.0
0.0
0.0
0.114772
0.0
0.0
0.0
0.0
0.0
0.0
0.637351
0.0
0.0
1.99835
0.0
0.0
1.34699
0.0
0.669763
0.0
0.0
0.0
0.0
2.24866
0.0
0.0
0.0
0.0
2.14811
0.0
0.0
0.0
0.0
0.0
0.0
3.02886
1.41836
0.0
0.0
0.0
0.0
0.0
2.17913
0.0
0.0
0.0
0.0
1.97328
0.0
0.0
0.0274473
0.0
2.03153
0.081264
0.0
1.14959
0.0
0.0
0.0
0.0
1.53069
0.0
0.0
0.0
0.0
0.0
0.0
1.27615
0.0
0.0
0.0
0.0
0.41154
1.47552
0.440939
0.635371
0.0
0.0
0.0
0.0
0.0
0.0
1.05619
0.0
0.0
0.0
0.0
0.0
0.0
0.0
0.0
0.0
0.0
0.0
0.0
0.0
0.0
0.0
0.0
0.0
0.218479
0.0
0.129536
0.0
0.0
0.21185
0.0
2.0015
0.0
0.0
0.0
0.0238788
0.0
0.917256
0.0
3.4643
0.0
0.385283
0.0
0.0
0.0
0.0
0.0
2.45766
0.0
0.0
0.0
0.0
0.0
0.0
0.0
0.0
0.0
0.0
0.0
0.0
0.0
0.0
0.0
0.0
0.343383
0.721922
0.0
0.0
0.0
0.0
1.60762
0.0
0.0
0.0
0.735291
0.0
0.0
0.0
0.0
0.212992
0.0
0.0
0.0
0.0
0.0
0.0
0.0
0.0
0.0
0.0711099
0.0
0.0
0.0
0.420203
0.0
0.0
0.648223
1.59057
0.0
1.94325
0.0
0.0
0.0
0.0
0.0
0.0
0.0
0.0
0.0
0.0
0.0
0.0
0.0
0.0461648
1.30348
0.0
0.0
0.0
0.0
0.631776
0.0
0.0
0.0
0.0
0.0
0.0
0.0
0.0
0.0
0.0
0.0
1.12969
0.0
0.0
0.722232
0.0
1.30261
0.0
0.0
0.0
0.0
0.734197
0.0
2.83177
1.05683
0.0
0.0
0.0
0.0
0.0
0.0
0.43235
0.0
0.0
0.0
0.0
0.0
0.0
1.51255
0.0
0.0
2.03744
0.0
0.0
0.0
0.0
2.3723
0.0
2.40632
0.0
0.0
0.822777
0.0
0.0
0.0
4.25687
0.0
0.0
0.0
0.0
0.0
0.0
0.0
0.0
0.0
0.0
0.0
0.0
0.0
0.0
0.519391
0.0
0.0
0.0
0.0
0.0
4.19133
0.0
0.0
0.0
0.0
1.62126
0.0
0.0
0.0
0.0
0.0
0.0
0.0
0.0
0.0
0.0
0.152502
0.0
0.0
0.259128
0.0
0.0
0.889869
0.0
0.761803
1.16557
0.0929793
0.0
1.38305
0.0
0.0
0.0
0.0
2.93681
0.0
0.715523
0.0
0.0
2.85954
0.0
0.654158
0.0
5.01887
0.0
0.0
0.0
0.0
0.218385
0.919379
0.0
0.0
0.0
0.0
0.985707
0.0
0.0
0.0
0.0
1.46849
0.228254
0.0
0.0
0.0
0.0
0.0
0.0
0.0
0.456436
1.21167
0.0
0.0
0.0
0.0
1.31491
0.0
0.0
0.0
0.0
0.0
0.0
0.0
1.36882
0.0
0.279368
0.0
0.132286
1.23181
0.0
0.0
0.0
0.0
0.0
0.593442
0.0
0.0
0.0
0.123366
0.523112
0.0
0.0
0.0
1.69183
0.0
0.0
0.66348
0.0
0.0
0.0
2.73881
0.0
0.0
0.0
0.628351
0.0
0.0
0.0
0.0
0.0
1.78193
0.0
0.0
0.0
0.0052191
0.0
0.0
0.0
3.57979
0.229502
0.0
0.0
0.0
0.571308
0.0
0.0
0.0
1.65172
0.134187
0.0
0.0
0.0
0.0
0.0
0.0
0.0
1.5587
0.0
0.0
0.0
0.0
0.320705
0.0
0.0
1.59837
0.0
0.0
0.0
2.10838
0.0
0.0
0.0
0.0
0.0
1.15218
0.0
0.0
0.0
0.0
4.25076
0.550724
0.0
0.0
0.0
0.0
0.0
0.0
0.0
0.0
0.0
0.0
0.0
0.0
0.0
0.0
0.0
0.0
0.0
0.0
0.0
0.6867
0.0
0.0
0.0
0.0
0.0
0.0
0.0
0.0
0.0
0.0
0.0
0.0
0.918976
0.0
0.0
0.0
0.0
1.39544
0.0
0.0
0.0
0.0
0.0
0.0
0.0
0.0
0.47884
0.0
2.37985
0.0
0.0
0.0
0.0
0.0
0.0
0.0
0.0
0.0
0.0
0.0
0.0
0.0
0.308891
0.0
0.0
0.0
0.0
0.0
0.0
2.78005
0.0
0.0
0.0
0.0
0.0
0.0
0.0
0.0
1.26972
0.0
0.0805043
1.13197
0.0
0.0
0.0
0.962755
0.0
0.0
0.0
0.0
0.0
0.0
0.0
0.0
0.0
0.0
0.0
0.0
0.0
0.0
0.0
0.0
0.0
0.0
0.0
0.0
0.0
0.0
0.564076
0.0
0.0
0.0
0.0
0.634317
0.0
0.0
0.0
0.0
0.535479
0.76752
0.0
0.0
0.0
0.0
0.0
0.0
0.0
2.20559
0.0
0.0
0.0
0.0
0.0
0.0
0.0
0.0
0.0
0.0
0.0
0.0
0.0
0.0
0.284912
0.0
0.0
0.0
0.0
0.0
0.0
0.0
0.0
0.0
0.0
0.0
0.0
0.0
0.0
0.0
0.0
0.0
0.0
0.0
0.0
0.0
0.0
0.0
0.0
0.0
0.0
0.0
0.0
0.67608
0.0
1.22899
0.200746
0.0
0.0
0.0
0.0
0.0
0.0
0.0
0.0
0.0
0.783686
0.0
0.0
2.21309
0.0
0.850124
0.0
0.900121
0.0
0.0
0.0
0.0
1.05128
0.0
0.0
0.0
0.0
0.0
0.0
0.0
3.0364
0.0
0.0
0.0777288
0.758276
0.0
0.0
0.0
0.0
0.0
0.0
0.0
0.0
0.414649
0.0
0.0
0.427461
0.0
0.0
0.0
0.74705
0.0
0.0
0.0
0.0
0.297373
0.253939
0.0
0.0
0.0
0.0
3.10326
0.0
0.0
3.34907
0.86936
0.0
0.0
0.0
2.79032
0.0
0.0
0.0
0.0
0.0
0.0
3.08662
0.521166
0.0
0.0
0.0
0.0
0.0
0.0
0.0
0.0
0.0
1.43952
0.0
3.44523
1.07594
0.0
0.0
0.304335
0.0
0.0770097
0.0
0.0
0.0
0.0
0.0
0.0
0.0
0.0
0.526059
0.0
0.0
0.0
0.0
0.0
0.0
0.0
0.0
0.0
0.0
0.395868
0.0
0.0
0.0
0.0
0.0
0.0
0.0
0.0
1.64643
0.0
0.0
0.0
0.0148325
0.0
0.0
0.0
0.0
1.99625
0.0
0.0
0.0
0.0
0.0
0.0
0.0
2.626
3.63362
0.401714
0.897187
0.0300198
0.0
0.0
0.434594
0.0
0.0
2.11429
0.0
0.0
0.0
0.0
0.0
0.653833
0.0
0.0
0.0
0.0
1.02255
0.0
1.02388
0.0
0.0
0.0
0.0
0.0
0.0
0.0
0.0
0.707169
0.0
0.0
0.0
0.0
0.0
0.0
1.00012
0.0
0.0
0.0
3.09538
0.0
0.0
0.117754
0.0
0.0
0.0
0.0
0.173196
0.0
0.0
0.0
0.0
0.0
0.0
0.0
0.0
0.0
1.10458
0.0
1.26857
0.926709
0.0
0.0
0.459666
0.0
0.0
2.2715
0.0
0.0
0.0
0.0
0.0
0.0
0.0
0.0
0.608438
0.0
0.0
0.0
0.0
0.0
0.916945
0.0
0.555686
0.0
0.0
0.0
1.2133
0.885629
0.0
0.0
0.0
0.0
0.0
0.0
1.44466
0.0
0.0
0.0
0.0
0.102187
0.0
0.0
0.0
0.0
0.0
1.03726
0.0
0.0
0.0
0.0
0.0
0.0
0.0
1.22342
0.0
0.0
0.0
0.0
0.0
1.55182
0.0
0.0
0.0
0.0
0.0
2.01409
0.0
0.0
0.0
0.0
0.0
0.0
0.0
0.0
0.0
0.0
0.0
0.0
0.0
1.25112
0.887756
0.369134
0.0
0.0
0.0
0.0
2.32367
0.0
0.0
0.0
0.0
0.0
0.340008
0.0
0.0337543
0.114175
0.0
0.0
0.0
0.0
0.0
1.75355
0.0
0.458213
0.313936
0.0
0.0
2.01087
0.0
0.0
0.199988
0.0
0.0
0.0
0.0
0.0
0.0
0.0
0.0
0.0
0.545389
0.0
0.0
0.817595
0.955771
0.0
0.0
1.14727
0.0
0.0
0.0
0.0
0.0
0.0
0.0
0.0
0.0
0.0
1.31446
0.0
3.21642
0.0
0.0
0.0
0.0
0.0
0.0
0.0
0.0
0.0
0.0
0.0
0.157214
0.0
0.0
3.30799
0.0
0.0
0.0
0.0
0.0
0.0
0.880634
0.535322
0.0
0.0
0.269594
0.0
0.0
0.0
0.0
0.0
0.0
0.0
0.0
0.0
1.5861
0.0
0.0
0.0
0.0
0.0
0.0
0.0
0.0
0.0
0.0
1.52988
0.0
0.0
0.0
0.0
0.0
0.0
0.0
0.0
0.0
0.0
0.0
0.0
0.0
0.0
0.0
0.0
0.0
0.0
0.0
0.0
0.0
0.0
0.0
2.16909
0.827727
1.56838
0.0
0.0
0.0
0.0
0.629409
0.0
0.0
0.0
0.0
0.0
0.0
0.0
0.0
0.0
0.0
1.40029
1.44375
0.0
0.0
0.0
0.0
0.0
0.0
0.0
0.0
0.0
2.10686
0.686145
0.0
0.0
0.0
0.0
0.0
0.0
0.614225
0.0
0.0
0.0
0.0
0.0
0.0
0.0
0.0
0.0
0.0
0.0
0.0
0.130332
0.0
0.0
0.0
0.0
3.23047
0.0
0.0
0.0
0.0
0.0
0.0
0.0
0.0
0.0
0.0
0.0
0.0
0.0
0.0
0.0
0.0
0.0
0.0
0.0
0.407667
1.50978
0.0
0.0
0.0
0.0
0.0
0.0
0.0
0.0
0.0
0.203558
0.0
0.0
0.0
0.0
0.0
0.0
0.0
0.0
0.0
0.0
0.17895
0.0
0.0
0.0
0.0
0.374458
0.0
0.0
0.0
0.0
0.0
0.0
0.811992
0.0
0.0
0.0
0.0
0.0
0.0
0.0
0.0
0.0
0.0
0.0
0.0
0.0
0.0
0.0
0.0
0.0
0.174273
1.01835
0.0
0.0
0.0
0.0
0.0
0.0
0.16492
1.07289
0.0
0.0
0.0
0.0
1.77318
0.0
0.0
0.0
0.0
0.0
0.0493933
0.0
1.93308
0.0
0.0
0.0
0.0
0.0
0.0
0.0
0.726418
0.0
0.0
0.0
0.0600747
0.0
0.0
0.0
0.0
0.0
0.0
1.49618
3.22532
0.0
0.0
0.0
0.0
0.0
1.89794
0.0
0.0
1.90616
2.06843
0.617022
1.5393
0.0
0.763033
0.0
0.827412
0.0
0.0
0.0
0.0
0.0
0.0
0.0
0.0
0.0
0.0
0.0
0.853659
0.0
0.0
0.0
0.0
0.509561
0.0
0.0
0.0
0.0
0.0337671
0.0
0.0
0.0
0.0
0.0
0.000250459
0.0
0.0
0.0
2.41512
0.0
0.0
1.67959
0.0
0.0
0.0
0.0
0.0
0.0
0.0
0.0
2.2183
0.0
0.0
0.0
1.28433
0.0
0.0
0.0
0.0
0.0
0.0
0.0
0.0
0.0
0.0
0.0
0.0
0.0
0.0
0.0
2.63246
0.0
0.858128
0.0
0.266456
0.0
0.0
0.0
0.0
0.0
2.85743
0.0
0.0
0.0
0.0
0.0
0.0
2.1666
0.0
0.0
0.0
0.0
0.551978
0.0
1.67647
0.0
0.0
0.0
0.0
0.0
0.0
0.222756
0.0
0.0274378
0.0
0.0
1.73862
0.0
0.0
0.0
1.04632
1.12872
0.0
0.0
2.08474
0.0
0.0
0.0
0.0
2.5033
0.0
0.0
0.0
0.0
0.0
0.0
0.0
0.0
0.0
0.0
0.0
0.693277
0.624851
0.0
0.0
0.0
0.0
0.0
0.0
0.0
0.0
0.0
0.0
0.0
1.39363
0.0
0.0
0.0
0.0
0.0
0.0
0.0
0.0
0.0
0.0
0.0
0.0
0.0298071
0.688888
0.0
0.151667
0.0
1.06267
0.0
5.35453
0.454698
0.0
0.0
0.0
0.0
0.0
0.0
0.0
0.0
0.0
1.10898
0.0
0.0
0.0
1.53305
0.0
0.0
0.0
0.0
0.0
0.0
0.0
0.0
0.0
0.0
3.07605
0.0
0.0
0.0
0.0
0.0
0.0
0.34745
0.0
0.0
0.0
0.0
0.0
0.0
0.0
0.0
2.45392
0.344248
0.0
0.527985
0.0
0.0
0.806985
0.0
2.4773
0.0
0.0
3.36551
0.0
0.0
0.0
0.0
0.0
0.0
0.0
0.0
0.0
0.0
0.0
0.0
0.0
0.0
0.0
0.0
0.0
0.0
0.0
0.0
0.0
1.60152
0.0
0.0
1.29479
0.0
0.0
0.0
0.0
0.0
0.0
0.0
0.0
0.0
0.0
0.0
0.0
0.0
0.0
0.0
0.0
0.0
0.0
0.0
0.0
0.0
0.0
0.0
1.20172
0.0
0.0
0.0
0.0
0.0
0.931943
0.0
0.0
0.0
0.0
0.0
0.0
0.0
0.0
0.0
0.0
0.0
0.0
0.0
0.0
0.0
0.0
0.527285
0.549468
0.0
0.0
2.02447
0.0
0.0
0.0
0.0
0.0
0.948882
0.21894
0.0
0.0
0.0
0.0
0.0
1.83612
0.0
0.0
0.0232067
0.0
0.0
0.0
2.89823
0.0
0.0
0.0
1.99309
0.0
0.0
0.0
0.0
0.0
0.0
0.0
0.0
0.0
0.0
0.0
0.0
0.0
1.49521
0.0
0.0
0.405607
0.0
3.65051
0.0
0.0
0.0
0.0
0.0
0.0
0.0
2.72701
0.0
0.0
0.0
0.0797235
0.0
3.11098
0.0
1.30427
0.0
0.0
1.56591
1.68225
0.0
0.0
0.0
0.0
0.0
0.0
0.0
0.0
2.78155
0.0
0.0
0.0
0.0
0.0
0.0
0.0
0.0
0.835604
0.0
0.0
2.29961
0.0
0.0
0.0
0.0
0.0
0.0
0.0
0.0
0.0
0.0
0.0
0.0
0.0
0.0
0.0
0.0
0.0
0.0
0.0
0.0
1.84618
2.21013
0.202428
0.0
0.0
0.0
0.0
1.41799
0.0
0.0
0.0
0.0
0.277734
0.0
2.65859
0.0
0.0
0.0
0.0
0.0
0.0
0.0
0.0
0.0
0.0
0.0
0.0
0.0
0.0
0.0
1.19153
0.0
0.0
0.0
3.53076
0.1447
0.0
0.0
1.26005
0.250603
0.247108
0.116619
0.0
0.913264
0.0
0.0
1.75335
0.229464
0.0
0.0
0.0
0.0
1.28299
0.0
0.980355
0.0
0.0
0.0
0.0
0.0
0.0
0.0
2.07354
1.80802
0.0
0.0
0.0
0.0
0.0
1.88177
1.69616
0.0
0.0
0.23266
0.0
0.0
0.0
1.26688
0.0
0.0
0.0
0.0
0.0
1.41597
0.492285
0.0
3.00621
0.206055
0.0
0.0
0.0
0.776958
0.0
0.0
0.0
0.0
0.173991
0.0
0.0
0.0
0.0
0.0
0.0
0.0
0.0
0.0
0.0
2.4823
0.0
0.0
0.0
0.0
0.0
0.0
0.0
0.0
0.0
2.99779
0.0
0.0
0.0
0.0
0.0
0.0
0.0
0.0
0.0
2.20313
0.0
0.0
0.0
0.0
0.0
0.0
0.0
0.876627
0.0
0.0
0.0
0.0
0.0
0.0
1.16196
0.0
0.0
0.0
0.0
0.0
0.0
1.97032
0.0
0.0
0.0
0.0
0.0
0.0
0.0
0.0
0.0
0.0
0.0
0.0
1.14178
2.54372
0.0
0.0
0.0
0.0
0.0
2.54354
0.0
0.0
0.0
0.0
0.0
0.0
0.765762
0.0
0.0
1.71276
0.0
0.396644
0.0
0.281767
0.0
0.0
0.0
0.0
0.0
0.0
0.0
0.0
0.0
0.0
0.0443769
0.0
0.0
0.0
0.0
0.0
0.0
0.0
0.0
0.0
0.0
0.0
0.0
0.0
0.0
0.654299
0.0
0.0
0.0
1.95763
1.80911
0.0
0.0
0.0
0.0
0.0
0.0
0.0
0.0
0.0
0.0
0.0
0.0
0.0
0.0
0.0
0.0
0.0
0.727823
0.0
1.31168
0.0
0.0
0.0
2.98789
0.0
0.352864
1.10231
0.0
0.156414
0.0
0.0
0.770925
0.0
0.0
0.107628
2.19633
0.0
0.0
0.736114
0.0
0.0
0.0713827
0.0
0.0
0.147802
0.0
0.0
0.0
0.0
0.996141
0.0
0.0
0.0
0.0
0.0
0.0
0.0
0.0
0.0
0.89534
0.0
0.0
0.0
0.0
0.0
0.0
0.0
0.0
0.0
0.0
0.0
0.0
0.0
0.0
0.0
0.966842
0.0
0.0
0.376047
0.0
2.12439
0.171228
0.0
0.0
0.0
3.37928
0.0
0.0
0.0
0.0
0.0
2.42167
0.0
0.0
0.123524
0.0
0.0
0.0
0.0
0.0
0.0
0.0
0.0
0.0
1.34327
0.0
0.0
0.0
0.0
1.32912
0.0
2.37018
0.522715
0.0
0.0
0.0
0.0
0.0
0.0
0.0
0.0
0.0
0.0
0.0
0.0
0.0
2.53991
0.0
0.186798
0.0
1.27012
0.0
0.0
0.0
0.0
0.0
0.0
0.0
0.0
0.0
0.0
1.48873
0.0
0.0
0.0
0.0
0.0
2.14017
0.0
0.0
0.0
0.0
0.0
0.0
0.0
0.0
0.0
1.26075
0.0
0.0
0.0
0.0
0.0
0.0
0.0
0.0
0.0
0.0
0.0
0.0
0.0
0.0
0.0
0.0
0.0
0.0
0.253443
0.0
3.1086
0.0
0.0
0.0
0.0
0.0
0.0
0.369436
0.0
0.0
2.04283
0.359235
0.0
1.98252
0.0
0.0
0.0
0.0
0.0
2.68126
0.0
0.0
0.0
1.4213
0.0
0.0
0.0
0.0
0.0
0.585985
0.0
0.0
0.0
0.0
0.0
0.0
0.0
0.0
0.0
0.372313
0.0
0.0
0.0
0.554399
2.1204
0.0
0.0
0.0
0.624574
0.0
0.0
1.10397
0.0
0.0
0.0
0.0
0.0
0.0
0.0
0.0
0.0
0.0
0.0
0.0
0.0
0.0
0.0
1.34621
0.0
0.0
0.0
0.0
0.0
