0.0
0.0
0.538272
0.0
0.0
0.0
0.380126
0.0
0.0
0.0
0.0
0.0
0.0
0.0
0.0
1.1183
0.0
0.0
0.0
0.0
0.0
0.635526
0.0
0.0
0.0
0.0
0.0
0.0
0.0
0.0
0.0
1.55646
0.0
5.89701
0.0
0.0
0.0
0.0
0.0
0.0
0.0
0.0
5.46353
0.0
0.0
5.78629
0.0
0.0
0.0
0.443123
0.0
0.0
0.0
0.0
0.0
0.0
0.0
0.0
0.0
0.0
0.0
0.0
0.0
0.643347
0.0
0.0
0.0
0.0
4.73862
0.0
0.0
0.0
0.0
0.0
0.0
0.0
0.0
0.0
0.0
0.0
0.296793
0.0
0.0
0.0
0.0
0.0
0.0
0.0
0.840696
0.0
0.0
0.0
0.0
0.0
0.0
0.0
0.0
0.0
0.744315
0.0
0.0
0.0
1.89433
0.0
0.0
0.0
0.419097
0.0
0.0
0.0
0.0
0.0
0.0
5.81565
0.105829
0.0
0.0
2.4629
0.179493
0.0
0.726411
0.0
0.0
0.0
0.0
0.0
0.0
5.28319
0.0
0.0
0.0
0.0
0.0
0.0
0.0
0.0
0.493749
0.174275
3.64863
0.0
0.0
0.0
0.0
0.0
1.45054
0.0
0.00931983
0.0
0.413349
0.0
0.0
0.0
0.0
0.0
0.0
0.0
0.0
0.0216971
0.0
0.0
0.0
0.0
0.0
0.0
0.0
0.0
0.0
0.530036
0.244556
1.62892
0.0
0.878314
2.51839
0.0
0.0
0.0
0.0
0.554866
0.0
0.0
6.22772
0.0
0.0
0.0
0.0
0.0
0.0
0.0
0.0
0.0
0.0
0.0
1.7572
0.808578
0.0
0.0
0.0
0.0
0.0
2.35782
0.0
1.12915
0.0
0.0
0.0
0.0
0.0
0.0
0.0
0.0
0.0
0.0
0.0
0.0
0.0
0.251986
0.0
0.0
0.0
2.98868
0.0
1.97851
0.0
0.0
0.512026
0.0
0.0
0.0
0.0
1.17242
0.0
0.0
0.0
0.0
0.0
0.0
0.0
0.0
0.0
0.0
0.0
0.0
0.0
3.29699
0.757364
0.0
0.0
3.98947
0.0
0.0
0.27009
0.0
0.0
0.0
0.0
0.0
0.0
0.0
0.0
0.0
0.0
0.0
4.64955
0.0
0.0
0.0
3.44897
0.0
0.0
0.0
0.0
0.0
0.0
0.0
0.0
0.0
5.78549
1.40434
0.0
0.0
0.0
2.88015
0.0
1.55363
0.0
0.0
0.0
0.0
0.0
0.0
0.0
0.0
0.0
0.0
0.0
0.0
0.0
0.0
0.0
0.0
0.0
5.45194
0.0
0.0
0.0
0.0
0.0
0.0
0.0
0.0
0.0
0.0
0.0
0.0
0.0
0.0
0.0
0.0
0.0
0.0
0.0
0.0
0.0
0.0
0.398891
0.0
1.18053
0.0
0.0
0.0
0.0
0.0
0.0
0.0
0.0
0.0
0.0
0.0
0.0
0.0
0.0
0.0
0.0
0.0
0.0
0.0
0.0
0.0
0.0
0.0
0.0
0.0
0.0
0.0
0.0
0.0
0.0
0.0
0.0
0.0
0.0
0.0
0.0
0.0
0.0
0.0
0.0
0.0
0.0
0.0
0.0
0.0
0.0
0.0
0.0
0.0
0.0
0.0
0.0
2.11475
0.0
0.0
0.0
0.0
0.0
0.0
0.0
5.51555
0.0
0.0
0.0
0.0
0.0
0.0
0.0
1.20855
7.09259
0.0
0.0
0.0
0.0
0.0
0.0
0.0
0.0
0.0
0.0
0.0
0.0
0.0
0.0
0.0
0.0
0.0
1.43255
0.0
0.0
0.0
0.0
1.35379
0.0
0.0
0.654859
0.0
0.0
0.0
0.0
0.0
0.0
1.06359
2.12989
0.0
0.0
0.0
0.0
0.0
0.0
0.0
1.31154
0.0
0.0
1.46621
0.0
0.0
0.0
0.0
0.0
0.0
0.0
0.608205
0.0
0.0
0.0
3.41065
0.0
0.0
0.0
0.0
0.0
0.0
0.0
1.88846
0.0
0.0
0.0
1.88084
0.0
0.0
2.29659
4.1649
0.0
0.0
0.0
0.0
0.0
0.0
0.0
0.0
0.0
0.0
0.0
0.0
0.0
1.34203
0.0
0.0
0.0
0.0
0.0
0.0
0.0
0.0
0.0
0.0
0.0
0.0
1.88028
0.0
0.0
0.467261
0.0
0.0
0.0
0.0
0.93067
0.0
0.0
0.837446
0.0
0.0
0.0
1.56183
0.0
0.0
0.0
0.0
0.0
1.49565
0.0
0.0
0.0
0.0
0.0
2.05502
0.426831
0.216697
0.0
0.0
0.0
0.0
0.0
0.0
0.0831625
2.84732
0.0
0.0
0.0600777
0.0
1.14803
0.0
0.0
0.0
1.1353
0.872605
0.0
0.0
0.0
0.0
0.0
0.0
0.0
0.0
0.0
0.0
3.29971
0.644427
0.0
0.0
0.0
0.0
0.0
0.0
0.0
0.158598
0.0
0.0
0.0
0.0
0.0
0.0
0.0
0.0
0.140848
0.0
0.198956
0.0
0.0
0.0
0.0
0.0
0.0
0.0
0.0
0.0367934
0.0
0.0
4.05466
3.37883
0.0
0.0
0.0
0.0
2.25549
0.0
0.0
0.0
0.0
0.0
0.0
0.0
0.0
0.0
0.0
0.0
0.0
0.0
0.0
0.0
0.0
0.0
0.0
0.0
0.0
0.0
0.0
2.23399
0.0
0.0
0.0
0.0
2.95544
0.0
0.0
0.0
2.33113
0.0
0.0
0.0
0.0
0.0
0.0
0.0
0.0
0.0
0.0
0.0
0.0
0.0
0.0
0.0
0.0
0.0
0.0
1.0825
0.0
0.0
0.0
0.0
0.0
0.0
0.0
0.0
0.0
0.0
0.0
0.0
0.0
1.92696
0.0
0.0
0.92505
3.73626
0.0
0.0
0.0
0.0
0.0
0.0
0.0
0.0
0.0
0.0
0.0
0.0
0.0
0.0
0.379324
0.0
0.0
0.0
0.0
0.0
0.0
2.16655
0.0
0.0
0.0
0.0
0.0
0.0
0.0
0.0
0.0
0.0
0.0
0.0
0.0
0.0
0.0
0.0
0.0
0.0
0.0
0.56885
0.0
0.0
0.0
0.0
0.0
0.0
0.0
0.0
0.0
0.0
0.0
0.0
0.0
0.380032
0.0
0.0
0.0
0.0
0.0
0.0
0.478245
0.0
0.0
0.0
5.16375
0.0
0.0
3.04602
0.0
0.0
2.03619
0.0
0.0
0.0
0.142739
0.0
0.0
0.0
0.0
0.0
0.0
1.97663
0.0
0.0
0.0
0.0
0.0
0.0
0.0
0.0
0.0
0.0
0.0
3.4906
0.0
0.0
3.31632
0.0
0.0
0.0
0.0
0.0
0.0
0.0
0.0
0.17567
0.0
0.0
0.0
2.57814
0.0
0.567141
0.40321
2.10047
0.0
2.53076
0.0
0.0
0.0
0.0
0.0
0.0
0.0
0.0
0.0
0.0
0.0
0.430144
0.0
0.0
0.0
0.0
3.30973
0.0
0.0
2.81601
0.0
0.0
0.0
0.126093
0.0
0.0
0.0
0.0
0.0
0.0
0.0
0.253054
0.0
0.0
0.0
0.495787
2.44567
0.0
0.0
0.0
0.0
0.0
0.0
0.0
0.0
3.1545
0.0
0.0
0.0
0.0
0.0
0.0
0.0
0.0
0.0
0.0
0.0
0.0
0.883472
0.0
0.0
0.0
1.06893
0.0
2.5044
0.0
0.0
0.0
0.876263
0.0
0.0
0.0
0.0
0.0
0.0
0.0
0.0
0.0
0.0
0.0
0.0
0.452539
0.0
0.0
0.0
0.0
0.0
0.0
0.0
0.0
0.0
0.0
0.0
0.0
0.0
0.0
0.0
0.0
1.67088
3.87249
0.0
0.0
0.0
0.0
0.0
0.0
0.0
0.0
0.0
0.0
0.0
0.0
0.0
0.0
1.01729
0.0
2.31092
0.0
0.0
0.0
1.82958
0.0
0.0
0.0
0.0
0.0
0.0
0.0
5.29568
0.0
0.0
0.0
0.0
0.0
0.0
0.0
0.0
0.219287
0.0
0.0
0.0
0.0
0.0
0.0
0.0
0.0
0.0
0.332387
0.0
0.0
0.0
0.0
0.527026
0.0
0.0
0.0
0.0
0.0
0.0
0.0
0.0
0.0
0.0
1.88577
0.0
0.0
1.67497
0.0
0.0
0.0
0.0
2.0142
0.0
0.0
0.0
0.0
0.0
1.20394
0.0
2.55147
0.0
0.0
0.0
0.0
0.0
0.0
0.0
2.12925
0.171061
0.0
0.0437298
0.0
0.0
0.0
0.0
0.0
0.0
0.0
0.0
0.0
0.0
0.0
0.0
0.0
0.933485
1.35478
0.0
0.0
0.0
0.0
0.0
0.0
0.0
0.0
0.0
0.0
0.0
0.0
0.0
0.0
0.0
0.0
0.0
0.0
0.0
0.0
0.0
0.0
0.0
0.0
0.0
0.0
0.0
0.0
0.336783
0.0
2.23712
1.92268
0.0
0.0
1.30955
0.0
0.0
0.0
0.0
0.0
0.583393
0.0
1.61592
0.0
0.0
0.0
0.0
0.0
0.340278
2.15723
0.0
0.0
0.0
0.0
0.0
0.0
0.0
1.99112
0.0
0.0
0.0
0.0
0.0
0.0
0.0
0.0
0.0
0.0
0.0
1.57522
0.0
0.0
0.504983
0.0
0.0
0.0
0.0
0.409752
0.0
1.5668
2.69476
0.609524
0.208801
0.0
0.0
0.0
0.0
0.179705
0.0
0.0
0.0
0.0
0.0
0.0
0.0
0.0
0.0
0.0
0.0
0.0
0.0
0.0
0.0
0.0
0.0
0.0
0.0
2.29632
0.0
0.0
0.0
4.27731
0.0
0.0
0.0
0.0
0.0
0.0
0.0
0.0
0.0
0.0
0.0
0.0
0.94664
0.0
0.0
0.0
0.0
0.0
0.0
0.0
2.39878
0.0
0.0
0.0
0.0
0.0
0.0
0.0
0.419759
0.0
0.0
1.10051
0.0
0.0
0.0
0.0
0.0
0.0
0.0
0.0
0.0
0.0
0.0
2.11437
1.00332
4.0442
0.0
0.0
0.0
0.0
0.0
0.67435
0.0
0.143046
0.0
0.133616
4.07745
0.0
0.0
0.0
0.0
0.0
0.0
0.0
2.64213
0.0
1.22617
0.0
0.0
3.54361
0.0
0.0
0.0
0.0
3.93058
0.0
0.67601
0.0
0.0
0.0
0.0
0.75316
0.0
0.0
0.0
0.0
0.0
0.0
0.0
0.0
0.0
0.0
0.0
0.0
0.0
0.0
0.0
0.0
0.0
0.0
0.0
0.0
0.0
0.0
0.0
0.0
0.0
0.0
0.0
0.0
0.0
0.0
1.10192
0.0
0.0
0.0
0.0
0.0
3.02057
0.0
0.534434
5.9135
0.0
1.23174
0.0
0.0
0.0
2.23796
0.0
0.0
0.0
0.0
0.0
1.86694
0.0
0.0
0.0
3.20399
0.0
0.0
0.0
0.0
0.0
0.0
0.0
0.0
1.61926
1.12371
0.0
0.0
0.471634
0.0
0.0
0.0
0.0
0.0
0.0
0.0
0.0
0.0
0.0
0.0
1.87325
0.0
0.0
0.0
0.0
2.29983
0.0
0.0
0.0
2.86801
0.0
0.0
0.0
0.0
0.0
0.0
0.0
1.66336
1.86272
0.739959
0.0
0.0
0.0
0.0
0.0
0.0
0.0
0.0
0.0
1.8241
0.0
4.69359
0.0
0.0
3.65742
0.0
0.0
0.0
0.0
0.0
2.28508
0.0
0.0
0.0
0.602814
0.0
3.8418
0.0
0.0
1.96437
0.0
0.0
0.0
0.0
0.0
0.0
0.0
0.0
0.0
0.0
0.0
0.0
0.0
0.0
0.0
0.0
0.0
0.0
0.0
0.0
0.0
0.0
0.0
0.0
0.0
0.0
0.0
0.0
5.20542
0.092474
0.0
0.0
0.0
0.0
0.928039
0.0
2.32237
0.0
0.0
0.0
0.0
0.0
0.0
0.0
0.0
0.0
0.0
0.0
6.11973
0.0
0.0
0.0
0.0
0.0
0.0678425
0.0
0.0
0.0
0.0
0.0
0.9285
0.0
0.0
0.0
0.0
0.852821
1.71857
0.0
0.0
2.30741
0.0
1.33849
0.0
0.0
0.0
0.0
0.0
0.0
0.0
0.0
0.0
0.0
0.0
0.0
0.0
0.0
0.0
0.0
0.0
0.0
0.0
0.0
2.53713
0.0
0.0
2.1832
0.0
0.0
1.81107
0.0
0.0
0.0
0.0
0.0
0.0
0.0
0.0
0.0
0.0
0.0
0.0
0.0
0.0
0.0
0.0
0.0
0.0
0.0
0.0
0.0
0.0
0.0
0.122019
0.0
0.0
2.01884
0.0
0.0
0.0
0.0
0.0
0.0
0.0
0.0
0.0
0.0
0.0
0.0
0.0
3.3881
0.0
0.0
0.0
0.0
0.0
0.0
0.0
0.0
0.0
0.0
0.0
0.0
0.0
0.0
0.0
0.0
1.37401
0.0
0.0
1.3218
0.0
0.0
0.0
0.0
0.0
0.0
0.0
0.0
0.0
0.0
0.0
0.0
0.0
0.0
0.0
0.0
0.0
1.37572
0.0
0.0
0.0
0.0
0.0
0.0
0.387288
0.0
1.00116
0.0
0.0
0.0
0.0
0.0
0.0
0.0
0.0463604
3.98776
1.12818
0.0
0.0
0.0
0.0
0.0
0.0
0.0
0.0
0.0
1.14383
0.0
0.0
1.68641
0.0
0.742011
0.0
0.0
0.0
0.0
0.0
0.0
0.0
0.0
4.12204
0.0
2.61874
0.0
0.0
0.0
0.0
0.0
0.0
0.0
0.0
0.0
0.0
1.62996
0.0
1.14311
0.0
0.0
0.0
0.0
0.0
0.0
0.0
1.00166
1.39398
0.0
0.0
0.0
0.0
0.0
1.50545
0.0
0.0
0.0
0.0
0.0
0.0
0.0
0.0
0.0
0.747445
0.0
0.0
2.9836
0.0
0.0
0.0
0.0
0.0
0.0
0.0
0.0
0.0
0.0
0.0
0.0
0.0
0.0
0.0
0.0
0.0
0.0
0.0
0.0
0.0
0.0
0.0
0.0
0.0
1.95973
0.0
0.0
0.0
0.0
0.0
0.0
0.0
0.0
0.0
0.38872
0.0
0.0
0.133093
0.0
0.0
0.0
0.0
0.0
0.0
0.0
0.0486348
0.0
0.0
0.0
0.0
0.0
0.863776
0.0
0.0
0.0
0.0
0.180394
0.0
0.0
0.0
0.0
0.0
0.0
5.18239
0.0
0.0
0.0
0.0
0.0
0.0
5.34995
0.0
0.0
0.0
3.05717
0.0
0.0
0.0
0.0
0.0
0.0
0.0
0.0
0.0
0.980362
0.0
0.0
0.0
0.0
0.0
0.0
0.0
0.0
0.429346
1.81327
0.977686
0.0
0.0
0.684075
0.0
0.0
0.0
0.0
1.32623
0.0
0.0
0.353508
0.0
0.0
1.35774
0.0
0.0
0.0
0.0
0.0
0.0
0.0
0.0
0.0
0.0
0.0
0.0
0.0
0.0
0.0
0.0
0.0
0.0
0.0
0.0
0.047658
1.5639
0.480776
0.0
0.0
0.0
5.61161
0.0
0.0
0.0
0.0
0.0
2.47289
2.60078
0.0
0.0
0.0
0.0
0.0
0.0
0.0
3.64196
0.0
0.0
0.0
0.0
0.0
0.0
0.0
0.0
1.70043
0.0
0.0
0.0
0.0
0.0
0.0
0.0
0.0
1.96772
0.0
0.0
0.0
0.0929907
0.0
0.0
0.0
0.0
0.0
0.0
0.0
0.0
0.0
0.0
0.0
2.65041
0.0
0.0
0.0
1.29812
4.68716
0.0547222
1.33464
0.0
0.960747
0.0
0.0
0.0
0.0
0.0
0.0
2.17613
0.0
0.0
0.0
1.13328
0.0
1.50205
0.0
0.0
0.0
0.0
0.0
0.0
0.0
0.0
0.0
0.0
0.0
0.0
0.0
0.0
0.0
0.0
0.0
0.0
0.0
0.0
0.0
0.0
0.0
0.0
0.0
0.0
0.0
0.0
0.0
0.0
2.97752
0.0
0.0
0.0
0.0
0.0
0.0
0.0
0.0
0.0
0.0
0.0
0.0
3.73527
1.00802
0.0
0.0
0.468744
0.0
0.0
0.0
0.0
0.0
0.0
0.0
0.0
0.0
0.0
0.0
0.0
0.0
0.0
0.0
0.0
0.0
0.0
0.63017
0.0
0.0
0.0
0.0
0.0
0.0
0.0
0.0
0.0
0.0
0.0
0.0
0.0
0.0
3.54789
0.0
0.0
0.0
0.0
0.108503
0.0
0.0
0.830577
0.0
0.0
0.0
2.11521
0.0
1.05949
0.0
0.0
0.0
0.0
0.0
0.108384
0.0
0.0
0.0
2.30425
0.0
0.0
0.0
0.0
0.0
1.38018
4.45719
0.0
0.0
0.0
0.0
0.0
0.0
0.0
0.0
0.0
0.0
0.0
0.0
0.0
0.0
0.0
0.0
0.0
0.0
0.461627
0.0
0.0
0.0
0.0
0.0
0.0
0.0
4.43627
0.0
0.0
0.0
0.0
0.0
0.0
0.0
0.0
0.0
0.0
0.0
0.0
0.0
0.963561
0.0
0.0
0.0
0.0
0.0
0.0
0.0
0.0
0.0
0.0
0.0
0.0
0.0
0.0
0.0
0.0
0.0
0.0
0.0
0.0
0.0
0.0
0.0
0.0
0.0
0.147732
0.0
0.0
0.0
0.0
0.0
0.0
0.0
0.0
0.0
2.27601
0.0
1.99443
1.66849
0.0
0.0
0.0
0.0
0.0
0.0
2.23961
0.0
0.442758
0.0
0.0
0.0
0.0
0.0
0.0
0.0
3.5327
0.0
3.56501
0.547443
0.0
0.0
0.37433
0.0
3.56647
1.71317
0.0
0.0
0.0
0.0
0.0
0.0661309
0.0
0.0
0.0
3.98447
2.3352
0.0
0.0
4.47617
0.0
1.64112
0.0
0.0
0.0
0.0
0.0
0.0
0.0
0.0
0.0
0.0
0.0
0.0228652
0.0
0.0
1.86903
0.0
0.0
0.0
0.0
0.0
0.0
0.0
0.0
0.0
0.0
0.0
3.54621
0.0
0.0
0.0
0.0
0.889827
0.0
0.0
0.0
0.0
0.0
0.0
1.50285
1.65219
0.0
0.0
0.0
0.0
0.0
0.0
0.0
0.0
0.0
0.0
1.4037
0.0
0.0
0.0
0.0
6.50549
0.0
0.0
0.0
0.0
0.0
0.0
0.0
1.01939
0.0
0.0
0.0
0.0
0.0
0.0
4.78488
0.0
0.0
0.0
0.0
0.0
6.98071
0.0
0.0
0.0
0.0
0.0
0.0
0.0
0.0
0.0
0.0
0.0
0.0
0.0
0.0
0.0
0.0
0.0
0.0
0.0
0.0
0.0
0.0
0.0
0.0
0.0
0.0
0.0
0.0
0.0
0.0
0.0
0.0
0.0
0.0
2.71699
0.0
0.0
0.0
0.0
1.20414
0.0
7.13505
0.0
1.06823
0.0
0.0
0.0
0.0
0.0
0.335006
0.0
1.44766
0.0
0.0
0.0
0.0
1.87386
0.0
0.0
0.0
0.0
0.0
0.0
0.0
0.0
0.0
0.0
0.0
0.0
0.0
0.0
0.0
0.0
0.0
0.0
0.0
0.743958
0.0
0.0
0.0
0.0
1.17575
0.0
0.0
0.0
0.0
0.0
0.0
0.0
0.380228
0.0
0.0
0.0
0.0
0.0
1.44262
0.0
0.0
0.0
0.0
0.0
0.0
0.0
0.0
0.0
0.0
0.0
0.0
0.0
0.0
0.0
0.0
0.0
0.0
0.0
0.968716
0.879296
0.0
0.0
0.0
0.0
0.417052
0.0
0.0
0.0
0.0
0.0
0.0
0.0
0.0
0.0
0.0
0.0
0.0
0.0
0.0
0.573056
0.0
3.29243
0.0
0.0
0.0
0.420476
0.0
0.0
0.0
0.0
0.0
0.0
0.0
3.19107
0.0
0.0
0.0
0.0
0.0
0.0
0.0
0.0
0.0
0.0
0.0
0.0
2.03904
0.0
0.0
0.0
0.0
0.0
0.0
0.0
0.0
0.0
0.679183
0.0
0.600427
0.0
5.58423
0.0
0.0
0.0
0.0
0.0
0.0
0.0
0.0
0.0
0.0
0.0
0.0
0.0
0.0
0.0
0.0
0.0
0.0
0.0
0.0
7.30774
0.0
0.0
0.900352
0.0
0.0
0.0
0.0
0.0
0.0
0.0
0.0
0.0
0.0
0.0
0.0
2.50721
0.0
0.0
0.0
0.0
0.0
0.0
0.0
0.0
0.448929
0.0
0.0
0.0
0.0
0.0
0.0
4.33053
3.40335
0.0
0.995913
0.0
0.0
0.0
0.0
0.267885
0.0
2.64542
0.0
0.0
0.0
0.0
0.0
0.0
0.0
0.0
0.0
0.0
0.478766
0.0
0.0
0.0
0.0
1.50872
0.0
0.0
0.0
0.0
0.0
0.0
0.0
0.0
0.0
0.0
0.0
0.0
0.0
0.0
3.45455
0.0
0.0
0.0
0.0
0.0
0.0
0.0
0.0
0.0
0.0
0.0
0.0
0.0
0.0
0.0
0.0
0.0
0.0
4.77754
0.0
0.0
0.0
0.0
0.435658
0.0
0.0
0.0
0.790703
0.0
1.52499
6.26565
0.0
0.0
0.0
0.0
0.0
0.0
0.0
2.20638
0.0
0.402395
0.0
0.0
0.0
0.0914967
0.0
0.0
0.0
0.0
0.0
0.0
0.0
1.15823
0.0
0.0
0.346954
0.0
0.0
0.0
0.0
0.0
1.58851
0.0
2.31478
0.0
0.0
0.0
0.0
0.0
0.0
0.0
0.0
0.0
0.0
0.0
0.0
0.0
0.0
0.0
0.0
0.0
0.0
0.0
0.0
2.96198
0.342
0.0
0.0
0.0
0.0
0.0
0.0
0.0
3.44058
0.0
0.0
0.0
0.0
0.0
0.0
0.0
0.0
1.12542
0.0
0.0
1.94207
0.0
0.0
0.0
0.0
0.0
0.0
0.0
2.15747
0.0
0.0
0.0
0.0
0.0
0.0
0.0
0.0
0.0
0.0
0.0
0.0
0.0
0.071181
0.0
0.0
0.120114
0.0
0.0
0.0
0.0
0.0
0.0
0.0
0.0
0.0
0.0
0.0
0.0
0.0
0.0
0.0
0.0
0.0
0.0
0.0
0.0
0.0
0.0
0.0
0.0
0.0
0.0
0.0
0.0
0.0
0.0
0.0
0.0
0.0
2.31962
0.0
0.0
0.0
0.0
0.0
0.0
0.0
0.0
0.0
0.0
0.0
0.0
0.0
0.0
0.0
1.88938
0.0
0.0
0.0
0.0
0.0
0.0
0.0
3.26835
0.0
0.0
0.0
0.0
0.0
0.0
0.0
0.0
0.0
0.0
0.0
0.0
0.0
0.0
0.885626
0.0
0.0
0.0
0.0
3.75133
0.0
0.0
0.0
0.0
0.0
0.699566
0.0
0.0
0.0
0.0
0.0
0.0
0.0
0.0
0.0
0.735665
0.0
0.0
0.0
0.0
0.0
0.0
0.0
0.0
0.0
0.0
0.0
0.0
0.0
0.0
0.0
0.0
0.0
0.0
0.0
0.0
0.0
0.0
0.0
0.0
0.0
0.0
0.0
0.0
0.0
0.0
0.0
1.42281
0.0
0.0
0.0
0.0
0.0
0.0
0.0
0.0
0.0
0.0
0.0
0.0
0.0
0.0
0.280277
0.0
0.0
0.0
0.0
0.0
0.0
0.0
1.91888
0.0
0.0
0.0
0.0
0.0
0.0
0.0
0.0
0.0
0.0
0.29437
0.0
0.0
0.0
0.0
0.0
0.0
1.73214
0.0
2.82567
0.0
1.05275
0.0
0.555648
0.0
0.0
0.0
0.0
2.52965
0.214718
0.0
0.0
0.0
0.0
0.0
0.0
0.0
0.0
0.0
0.74611
0.0
0.0
0.0
0.0
0.0
0.252955
0.0
0.0
0.0
0.0
0.0
0.0
0.0
1.50151
3.20603
0.0
0.0
0.0
4.93528
0.0
0.0
0.0
0.0
0.0
0.0
3.91244
0.0
0.0
0.0
0.0
0.0
0.0
0.0
0.0
0.0
0.0
0.0
0.0
4.1456
0.0
0.0
0.0
0.0
0.0
0.143541
0.0
0.0
0.0
0.0
0.0
0.0
0.475808
0.0
3.88543
0.0
0.0
0.0
0.0
0.0
0.0
0.0
0.0
0.688613
3.95845
0.0
0.0
0.0
0.0
2.83752
0.0
0.0
0.0
6.34777
0.0
0.0
0.0
0.0
0.0
0.0
0.0
0.0
0.0
0.0
0.0
0.0
0.0
0.0
0.0
0.0
0.0
4.72261
4.70499
0.0
0.0
3.62162
0.0
0.0
1.38582
0.0
0.0
0.0
0.0
0.275449
0.0
0.0
0.0
0.0
0.0
0.0
0.0
0.0
0.0
0.0
0.0
0.0
0.0
0.0
0.0
0.0
0.0
0.0
0.0
0.0
0.0
0.0
0.0
0.0
0.0
0.0
0.117061
0.160208
0.0
0.0
0.0
0.0
0.0
0.0
0.0
0.0
0.0
0.0
0.0
0.0
0.0
0.0
0.0
0.0
0.0
0.0
0.0
0.0
0.0
0.0
0.0
1.26365
0.0
0.0
0.524327
0.0
0.0
1.18001
0.0
0.0
0.0
0.0
0.0
0.0
0.0
0.0
0.478879
0.0
0.0
0.0
0.0
0.0
2.50361
0.0
0.0
0.0
0.0
0.0
0.0
2.83447
0.0
0.0
0.795017
0.0
0.0
0.0
3.32665
0.0
0.0
0.0
0.0
0.0
0.0
0.0
0.0
0.0
0.0
0.0
0.0
0.0
0.0
0.954235
0.0
0.0
0.0
0.0
0.0
0.0
0.0
0.0
0.0
3.12327
0.0
0.0
0.0
0.0
0.0
0.574013
0.0
0.0
0.0
0.0
0.0
0.0
0.0
0.0
0.0
0.0
0.0
0.0
3.12752
2.02679
0.0
0.326885
0.106573
0.0
0.0
0.0
0.0
0.0
0.255922
0.0
0.0
0.0
0.0
0.0
0.0
1.11412
0.0
0.545995
0.0
0.0
0.0
0.0
0.0
0.0
0.266841
0.0
0.0
0.0
0.0
0.0
0.487816
0.0
0.0
0.0
0.0
0.0
0.0
0.0
0.0
0.0
0.0
0.0
0.0
0.0
0.0
0.0
0.0
0.0
0.0
0.0
0.0
0.0
0.0
0.0
0.0
0.0
0.0
0.0
4.17615
0.0
0.0
0.0
0.0
0.0
0.0
0.277491
0.174958
0.0
0.0
0.0
0.0
0.0
0.0
0.0
0.0
4.96464
0.0
0.0
0.0
0.0
0.0
0.0
0.0
0.0
1.61305
0.252878
0.0
0.0
0.0
0.0
0.0
0.0
1.80522
0.0
0.0
0.0
0.0
0.0
0.0
0.0
0.0
0.0
0.0
0.0
0.0
0.0
0.0
0.0
0.0
0.0
0.0
0.0
0.0
0.0
0.0
0.0
0.0
0.0
0.0
0.0
0.0
0.0
0.0
0.0
0.0
0.0
0.0
0.0
0.0
0.0
0.0
0.0
0.55413
0.0
0.0
0.0
0.0
0.0
2.08473
0.0710655
0.0
0.0
0.0
0.0
0.0
0.0
0.0
0.0
0.0
0.0
0.42405
0.0
0.0
0.0
0.0
0.0
0.0
0.647198
0.0
2.89118
0.00317851
0.0
0.0
0.0
0.168824
0.0
0.0
0.0
0.0
0.0
0.0
0.0
0.0
0.0
0.0
0.0
0.0
0.0
0.0
0.0
0.0
0.0
0.0
0.0
0.0
0.31989
3.45438
0.0
0.0
0.0
0.0
0.0
0.0
0.0
0.0
0.0
0.0
0.0
1.29591
0.0
0.0
0.0
0.0
0.0
0.0
0.0
2.73261
0.8376
0.269987
0.0
0.0
0.0
0.0
2.37551
0.0
0.0
0.0
0.0
0.0
0.0
0.0
0.0
0.0
0.0
0.0
0.0
0.0
0.0
0.0
0.0
0.0
0.0
0.0
0.0
0.0
0.0
0.0
0.0
0.0
0.0
0.0
0.0
0.0
0.0
0.466217
0.0
0.962361
0.0
0.0
0.0
0.533731
0.0
0.0
0.0
0.0
0.0
0.0
0.0
0.786917
0.0
0.0
0.0
0.0
0.0
0.0
0.0
0.0
0.0
0.0
0.0
0.0
0.0
0.0
0.0
1.11683
0.0
0.0
0.0
0.0
0.0
3.25591
0.0
0.0
0.0
0.0
0.0
0.0
0.0
1.15676
0.0
0.0
0.0
0.850546
0.0
0.0
0.0
0.0
0.0
0.0
0.0
0.318654
0.0
0.0
0.0
3.07339
0.0
0.208583
0.0
0.0
2.40762
0.0
0.0
0.0
0.0
0.0
0.0
2.86463
0.0
0.0
1.0972
0.0
0.0
0.0
0.0
0.0
0.0
0.0
0.0
0.682124
0.0
0.0
0.0
1.43987
0.0
0.0
0.0
0.0
0.0
0.0
0.0
0.0
0.0
0.0
0.0
0.0
0.0
0.0
0.0
5.57609
0.0
0.0
0.0
0.0
0.0
0.0
0.0
0.0
0.0
0.0
0.0
2.89098
0.0
0.0
0.0
1.56708
0.0
0.0
0.0
0.96982
0.0
0.0
0.0
0.0
0.752312
0.0
0.0
0.0
0.0
0.0
0.0
0.0
0.0
0.0
0.0
0.343571
0.0
0.0
0.0
0.0
0.0
2.62339
2.17187
0.0
0.0
0.0
0.0
0.0
1.17368
0.0
0.0
0.0435148
0.0
0.0
0.0
0.0
0.0
0.829347
0.0
0.0
0.218162
0.0
0.0
0.0
1.27711
0.0
0.0
2.57773
0.0
0.0
0.0
0.0
0.269401
0.0
0.0
0.0
0.0
0.0
0.0
0.0
0.0
0.0
0.103851
0.0
0.0
0.0
0.0
0.0
1.0056
0.0
0.0
0.0
0.0
0.0
0.0
0.0
0.0
0.0
0.0
0.0
0.0
0.0
0.309163
0.0
0.0
0.541591
0.0
0.0
0.0
0.0
0.0
0.0
0.0
0.0
0.0
0.0
0.525626
0.0
0.354338
0.0
0.0
0.0
0.0
3.05443
0.0
7.99657
0.0
0.0
0.0
0.0
0.0
0.0
0.0
0.0
0.0
0.0
0.0
0.116219
0.0
0.0
0.0
0.0
0.0
0.0
0.0
0.0
0.0
0.0
0.0
0.0
0.0
1.27727
0.0
0.0
0.0
0.0
0.0
0.0
0.0152739
0.0
0.0
0.0
0.0
0.0
0.0
0.0
0.0
0.0
0.0
0.0
0.0
0.0
0.0
5.38266
0.0
0.0
0.0
0.0
1.85669
0.0
0.0
0.0
0.0
0.0
0.0
0.0
0.0
0.0
0.0
0.0
0.0
0.0
0.0
0.0
0.0
0.0
0.0
0.0
0.0
0.0
1.35359
0.0
0.0
0.0
0.0
0.0
0.0
0.0
0.0
0.0
0.0
2.05381
0.0
0.510822
0.0
0.0
0.0
0.0
0.0
0.0
0.0
0.0
0.0
0.0
0.0
0.0
0.0
0.0
0.0
0.0
0.0
0.0
0.0
1.14867
0.0
0.0
0.0
0.0
0.0
0.0
0.0
0.0
0.843725
0.0
0.0
0.0
0.200841
0.0
0.0
0.0
0.0
1.1319
0.0
0.0
0.0
1.1944
0.401321
0.0
0.0
0.0
0.0
1.6222
0.0
0.0
0.0
0.0
0.0
0.0
0.0
0.0
0.0
0.0
0.0
0.0
2.40344
0.0
0.0
0.0
0.0
1.40529
0.0
0.0
0.0
0.0
0.0
0.0
0.0
0.0
0.0
0.0
0.0
1.11816
1.567
0.0
0.0
0.0
0.0
2.04956
0.0554429
0.0
0.0
0.0
0.0
0.0
0.250987
1.49519
0.0
0.0
0.0
2.19269
0.0
0.109572
0.0
0.0
0.0
0.0
2.17352
4.13171
0.0
0.0
0.0
0.0
0.0
0.0
0.0
0.0
0.0
0.0
0.0
0.0
0.0
0.831381
0.0
0.0
0.0
0.0
0.0
0.0
4.59275
0.0
0.0
0.0
0.0
0.174145
0.0
0.0
0.0
2.61074
0.0
0.0
0.0
0.0
0.0
0.0
0.436669
0.0
0.0
0.0
0.0
2.69691
3.12523
0.0
0.0
0.0
0.0
0.0
0.0
0.0
0.0
0.0
0.0
0.0
0.0
0.0
0.0
0.0
0.0
1.48786
0.0
0.0
0.0
0.0
0.0
0.0
1.35131
0.0
0.0
0.0
0.0
0.0
0.0
0.0
0.0
3.19912
0.0
2.68219
0.0
0.563415
0.0
2.94063
0.0
0.0
0.0
0.0
0.0
0.733736
2.23241
0.0
0.0
0.0
0.0
0.0
0.0
0.0
0.0
0.0
0.0
0.0
0.0
0.0
0.0
0.0
0.121992
2.05923
0.0
0.0
0.0
0.0855752
1.51968
0.0
0.0
0.0
0.0
0.0
4.03797
0.0
0.0
0.0
0.0
0.0
2.56422
0.0
2.92476
0.0
0.0
0.606925
0.0
0.0
0.0
0.0
0.0
0.0
0.0
0.0
0.0
0.0
0.0
0.0
0.0
0.0
0.687746
0.0
0.0
0.0
0.0
1.3304
3.65101
0.0
0.0
0.0
0.0
1.23005
0.0
0.0
0.0
0.0
3.11528
3.61597
0.0
0.0
0.0
0.0
0.0
0.0
0.0
0.0
0.982357
0.0
0.0
3.37226
0.0
0.0
0.0
0.0
1.96983
0.0
0.0
0.0
0.0
0.0
0.0
0.922871
0.0
0.0
0.0
0.0
0.0
0.0
0.0
0.0
0.0
0.0
0.0
0.0
0.0
0.0
0.0
0.0
0.0
0.0
0.0
0.0
3.01193
0.0
0.0
0.0
0.0
0.0
1.68868
0.0
0.0
0.0
0.0
0.0
0.0
2.93842
0.0
0.0
0.571741
0.0
1.58338
0.0039109
1.50104
0.0
0.0
0.0
0.0
0.0
0.0
0.0
0.0
0.0
0.0
0.0
0.0
0.0
0.0
0.0
0.801541
0.0
0.0
0.0
0.0
0.0
0.0
0.0
0.0
0.0
0.0
0.0
0.0
0.0
2.95502
0.623821
0.0
0.0
0.0
0.0
0.0
0.0
0.0
0.0
0.0
0.0
0.0
0.0
0.0
0.0
0.0
0.0
0.0
0.0
0.0
0.867486
0.0
2.73709
0.0
2.5148
0.0
0.0
3.24268
0.0
0.690204
0.0
0.0
0.0
0.0
1.13323
0.0767228
0.0
0.0
0.0
0.658477
0.0
0.0
0.0
0.0
0.0
0.0
0.0
0.0
0.0
0.0
0.250117
0.0
0.0
0.0
0.0
0.0
0.0
0.0
0.0
0.0
0.0
0.0
0.0
0.0
0.0
0.0
0.0
1.64364
0.0
1.76748
0.805762
0.0
2.68371
0.0
0.0
0.0
2.40148
0.0
0.3446
0.590576
0.0
2.26286
0.0
4.40788
0.0
0.0
0.0
0.0
0.0
0.0
0.0
0.0
3.11687
0.0
0.0
0.227574
0.0
0.0
0.0
1.7097
0.0
0.0
0.0
0.0
0.0
0.0
0.0
0.0
0.0
0.0
0.968521
0.0
2.565
0.0
0.0
0.0
0.0
0.0
0.0
0.0
0.0
0.0
0.0
0.0
0.0
0.0
0.0
4.66856
0.0
0.0
0.0
1.43272
1.96513
0.0
0.0
0.0
0.0
0.0
0.0
0.0
0.0
0.0
0.0
0.0
2.45683
0.0
0.0
0.0
0.0
0.0
0.0
0.0
0.0
0.0
0.0
0.0
0.0
0.0
0.0
0.39289
0.0
0.0
0.0
0.0
3.11347
0.0
0.0
0.0
2.119
0.0
0.0
0.189145
0.0
0.0
0.0
0.0
0.0
2.58739
0.0
0.0
0.0
0.0
0.0
0.0
0.177753
0.0
0.0923986
0.0
0.0
1.77761
0.0
0.0
1.66085
0.0
0.0
0.0
0.0
0.0
0.0
0.0
0.0
0.0
0.614681
0.354618
0.0
0.837377
0.0
0.0
0.0
0.0
0.0
0.0
0.0
0.0
0.0
0.0
0.0
0.0
0.0
0.0
0.0
0.0
0.0
0.0
0.0
0.0
0.0
1.56075
2.44911
0.0
5.00562
0.0
0.0
0.0
0.0
0.0
0.0
0.0
0.0
0.0
1.15527
0.0
0.0
0.0
0.0
0.0
0.0
1.52739
0.0
1.24986
0.0
0.0
