0.0
0.0
3.76639
0.0
0.520913
0.0
0.0
0.0
0.0
0.0
0.0
0.0
0.0
0.642608
0.0
0.0
0.0
0.0
0.0
0.0
0.0
3.20908
1.88173
0.0
0.0
0.0
0.0
0.0
0.0
0.0
0.0
2.98593
0.0
5.69036
0.0
0.0
0.0
0.0
0.0
0.0
0.0
0.0
1.08788
0.0
0.0
1.61005
0.0
0.0
0.0
0.614212
0.604331
0.0
0.0
0.0
0.0
0.0
0.0
0.0
0.0
0.0
0.0
0.0
0.0
1.2473
0.0
0.0
0.0
0.0
0.984414
0.0
0.0
0.0
0.0
0.0
0.0
0.0
0.0
0.0
0.0
0.0
0.483567
0.0
0.0
0.0
1.01911
0.0
0.0
0.0
1.45849
0.0
0.0
0.0
0.0
0.0
0.0
0.0
0.0
0.0
1.13641
0.0
0.0
0.0
1.59932
0.0
0.0
0.167501
0.0
0.0
0.0
0.0
0.0
0.0
0.0
5.57514
0.0
0.0
0.0
5.4404
0.0
0.0
0.945897
0.0
0.0
0.0
0.0
0.0
0.0
4.07291
0.0
0.0
0.0
0.0
0.0
0.0
1.05738
0.0
0.859041
0.0
1.55874
0.0
0.0
0.0
0.0
0.0
0.0101939
0.0
0.0
0.0
2.30833
0.0
0.0
0.0
2.79097
0.0
0.0
0.0
0.0
0.0
0.0
0.0
0.0
0.0
0.0
0.0
0.0
0.0
0.0
1.65321
0.0
0.062956
0.0
0.0
3.30588
1.18506
0.0
0.0
0.0
1.08363
0.163147
0.0
4.49456
0.0
0.0
0.0
0.0
0.0
0.919435
0.0
0.0
0.0
0.0
0.0
1.31251
0.0562658
0.0
0.0
0.0
0.0
0.0
2.83204
0.0
2.08415
0.0
0.0
0.0
0.0
0.0
0.0
0.0
0.0
0.0
0.0
0.0
0.0
0.0
2.24621
0.0
0.0
0.0
0.0
0.0
1.69182
0.0
0.0
0.0
0.0
0.0
0.0
0.0
0.0
0.0
0.0
0.0
1.59843
0.0
0.0
0.0
0.0
0.0
0.0
0.0
0.0
0.0
4.01992
0.0
1.75497
0.0
3.82754
0.0
0.0
1.45819
0.0
0.0
0.0
0.0
0.0
0.0
0.0
0.0
0.0
0.0
0.0
0.628529
0.0
0.0
0.0
0.0
0.0
0.0
0.0
0.0
0.0
0.0
0.0
0.0
0.0
1.41203
0.0
0.0
0.0
0.0
1.54482
0.591469
0.0
0.0
0.0
0.0
0.0
0.0
0.0
0.0
0.0
0.0
0.0
1.9512
0.0
0.0
0.0
0.0
0.0
0.0
6.30318
3.57693
0.0
0.0
0.0
0.0
0.0
1.41216
0.0
0.0
0.0
0.0
0.0
0.0
0.0
0.0
0.0
0.0
0.0
0.0
0.0
0.0
0.0
5.55491
0.0
0.0
0.0
0.0
0.0
0.0
0.0
0.0
0.0
0.0
0.0
0.0
0.0
0.0
0.0
0.0
0.786026
0.0
0.0
0.662791
1.93473
0.0
0.0
1.66189
0.0
0.0
0.0
0.0
0.0
0.0
0.0
0.0
0.0
0.0
0.0
0.0
0.0
0.0
0.0
0.0
0.0
0.0
0.0
0.0
0.0
0.0
0.0
0.0
0.0
0.660872
0.0
0.0
0.0
0.0
2.25183
0.0
0.0
0.0
0.0
0.0
0.0
0.0
4.72191
0.0728554
0.0
0.0
0.0
0.0
0.0
0.0
1.32185
1.64635
0.0
0.0
0.0
0.0
0.0
0.286526
0.0
1.43693
0.0
0.0
0.0
0.0
0.0
0.0
0.0
0.0
0.0
1.47806
0.0
0.0
0.0
0.0
0.0
0.0
0.0
5.25873
0.0
0.0
0.0
0.0
0.222494
0.0
0.0
1.21988
0.102878
0.0
0.0
0.0
0.0
0.0
0.0
0.749155
0.0
0.0
0.0
0.0
0.0
0.0
0.0
0.0
0.0
0.0
0.0
0.0
0.0
0.0
0.0
0.0
0.0
0.0
0.0
0.0
0.0
0.266426
0.0
0.0
0.0
0.0
0.0
0.0
0.0
0.0
2.90897
0.0
0.0
0.0
0.0
0.0
0.0
0.0
0.0
0.0
0.0
0.0
0.0
0.0
0.0
0.0
0.0
0.0
0.0
0.235235
0.0
0.0
0.0
0.0
0.0
0.0
0.0
0.0
0.0
0.289705
0.0
0.0
0.579354
0.0
0.0
0.0
0.0
0.0
0.0
0.0
0.0
0.0
0.264571
0.0
0.0
0.0
0.0
0.0
0.26376
0.0
0.0
0.0
0.0
0.0
0.605475
0.0
0.0
0.0
0.0
0.0
0.0
0.0
0.0
2.23292
0.0
0.0
0.0
3.12833
0.0
0.00722779
0.0
0.0
0.0
1.11273
0.0
0.0
0.0
0.0
0.0
0.0
0.0
0.0
0.0
0.0
0.0
1.2317
0.0
0.0
0.0
0.0
0.0
0.0
0.0
0.0
0.0
0.0
0.0
1.62732
0.0
0.0
0.0
0.467364
1.88748
0.0
0.0
0.0
0.0
0.0
0.0
0.0
0.0
0.0
0.0
0.0
0.0
0.0
0.0
0.0
0.0
0.0
0.0
0.0
0.0
0.0
0.0
0.0
0.0
3.84592
0.0
0.0
0.0
0.0
0.0
0.0
0.0
0.0
0.0
0.0
0.0
0.0
0.0
0.0
0.0
0.0
0.0
0.0
0.0
0.0
0.0
0.0
0.0
6.82775
0.0
0.270507
0.0
0.0
0.0
0.0
0.0
0.0
0.0
0.0
0.0
0.0
0.0
0.0
0.0
3.54122
0.0
0.0
0.0
0.0
0.336315
0.0
0.0
0.0
0.0
0.0
0.0
0.0
0.0
0.0
1.53467
0.0
0.0
0.0
0.0
0.0
4.25128
0.0
0.0
2.00034
0.859494
0.0
0.0
0.0
0.0
0.6098
0.0
0.0
0.0
0.0
0.0
0.0
0.0
0.0401043
0.105627
0.829407
0.0
0.0
0.0
0.0
0.0
0.0
2.43971
0.0
0.0
0.0
0.0
0.0
0.0
0.0
0.0
0.0
0.0
0.0
0.0
0.0
0.0
0.0
0.0
0.0
0.0
0.0
1.76328
0.0
0.0
0.0
0.0
0.0
0.0
0.0
0.0
4.13136
0.118409
0.0
0.0
0.0
4.49494
0.0
0.0
0.0
0.0
0.0
0.0
3.72104
0.0
0.0
0.0
4.11086
0.0
0.0
2.9195
0.0
0.0
4.56461
1.868
0.0
0.0
0.0
0.0
0.0
0.0
0.0
0.0
0.509845
0.0
0.0
0.0
0.0
0.0
0.0
1.30098
0.0
0.0
0.0
0.0
0.565473
3.59592
0.0
0.0
3.10244
0.0
0.0
0.0
0.0
0.0
0.0
0.0
0.0
0.0
0.0
0.0
0.0
2.69456
0.0
0.70727
0.140703
1.04454
0.0
2.63749
0.0
0.0
0.0
3.26439
0.0
0.0
0.0
0.0
0.0
0.0
0.0
0.0
0.0
0.0
0.0
0.0
2.74214
0.0
1.5836
0.0
0.459766
0.0
0.0
0.0
0.0
0.0
0.0
0.0
0.0
0.0
0.0
0.0
0.0
0.0
0.0
3.38711
3.87181
0.0
0.0
0.0
0.0
0.0
0.0
0.0
0.0
2.40363
0.0
0.0
0.0
0.0
0.0
0.0
0.0
0.0
0.0
0.0
0.0
0.0
0.0
1.20737
0.0
1.56026
0.0697253
0.0
1.34296
0.0
0.0
0.0
0.182337
0.0
0.0
0.0710288
0.0
0.0
0.141376
0.0
0.0
0.0
0.0
0.0
0.345632
1.65742
0.0
0.0
0.0
0.0
0.0
0.0
0.0
0.0
0.0
0.0
0.0
1.79105
0.0
0.0
0.0
0.0
0.0
1.26338
0.0
0.0
0.0
0.0
0.0
0.0
0.0
0.238052
0.0
0.0
0.0
0.0
1.7688
0.0
5.39753
0.0
0.0
0.0
0.0
0.0
0.0
0.0
0.0
0.0
0.109792
0.0
0.0
0.0
3.04125
3.85136
0.0
0.0
0.0
0.0
0.0
0.0
0.0
0.0
0.0
0.0
0.0
0.0
0.0
2.55353
0.0
0.0
0.0
0.0
0.0
0.138746
0.0
0.0
0.0
0.0
0.0
0.0
0.0
0.0
0.0
0.0
0.0
0.0
0.0
3.75752
0.0
0.0
0.606228
0.0
0.0
0.210428
0.0
4.57275
0.0
0.0
0.0
1.64859
0.0
0.0
0.0
0.315518
0.0
0.0
0.0
0.0
0.881209
0.0
0.0
2.09726
2.36453
0.0
0.482373
0.0
0.0
0.0
0.0
0.0
0.0
0.0
0.0
0.0
0.0
0.0
2.53224
0.0
1.13131
1.68864
0.0
0.0
0.0
0.0
0.371687
0.0
0.0
0.0
0.0
0.0
0.0
0.0
0.0
0.0
0.0
0.0
0.0
0.0
0.0
0.463281
0.0
0.0
0.0
0.0
0.0
0.0
0.0
0.0
0.0
0.0
0.0
0.154555
0.0
0.172603
0.0
0.0
0.0
4.99099
0.0
0.0
0.63233
0.0
0.0
0.0
0.516675
0.0
0.0
0.200705
0.0
1.78494
0.0
0.0
0.0
0.0
0.0
0.0
0.0
4.76257
0.0
0.0
0.148898
0.0
0.0
0.0
0.336359
0.0
0.0
0.0
0.0
0.0
0.0
0.484639
0.0
0.0
0.0
0.0
0.0
2.24589
0.0
4.10571
1.05844
0.0
0.89893
0.0
0.0
0.0
0.0
0.935551
0.0
0.0
1.72715
0.0
0.0
0.292728
0.797539
1.70724
0.0
0.0
0.0
0.0
0.0
2.35995
0.0
0.0233189
0.0
0.0
0.0
0.0
0.0
0.0
0.0
6.91548
0.0
0.0
0.0
0.0
1.52397
0.420296
1.72018
0.0
0.0
0.0
0.0
0.0
0.342363
0.0
1.92639
0.0
0.0
0.0
0.0
0.0
2.747
0.0
0.0
0.0
0.0
0.0
0.0
1.80112
0.0
0.0
0.286221
0.0
0.0
0.0
0.0
0.0
0.0
0.0
0.0
0.0
0.0
0.0
0.0
0.508981
0.0
2.04447
0.0
0.0
0.66225
0.0
0.0
0.0
0.850584
0.0
0.0
0.0
1.2384
0.0
0.0
0.0
0.0
0.0
0.0
0.0
2.17571
0.0
3.74337
0.0
0.0
5.51037
0.0
0.0
0.0
0.0
7.49332
0.0
0.0
0.0
0.0
0.0
0.0
0.265231
0.0
2.25706
0.0
0.0
0.0
0.0
0.0
0.0
0.0
0.0
0.0
0.0
0.0
0.0
0.0
0.0
0.260113
0.0
0.0
0.0
0.0
0.0
0.164248
0.0
0.0
0.0
0.0
0.0
0.0
0.0
2.60244
0.0
0.0
0.0
0.0
0.0
1.14043
0.0
0.0
6.31057
2.95924
0.0
0.0
0.0
2.89339
2.92214
0.0
0.0
0.0
0.0
0.0
2.73333
0.0
0.0
0.0
0.226494
0.0
0.0
2.56477
0.453258
0.0
0.0
0.0
0.0
2.63082
0.0
0.0
0.0
1.00188
0.0
0.0
0.0
0.0
0.576218
0.0
0.0
0.0
0.0
0.292945
0.0
2.97846
0.0
0.0
0.0
0.0
0.564544
0.0
0.0
0.0
0.0
0.0
0.0
0.0
0.0
0.0
0.0
0.0
0.0
0.0
0.0
0.0
0.0
0.0
0.0
0.0
0.0
0.0
0.0
0.0
0.0
0.0
7.42828
0.0
0.0
5.56826
0.0
0.0
0.0
0.468076
0.0
0.0
0.0
0.0
0.0
0.0
0.0
0.963262
0.0
0.0
1.39482
0.0
0.0
0.0
0.0
0.0
0.0
4.14967
0.175615
0.0
0.0582062
0.0
2.45057
0.0
0.0
0.0
0.0
0.0
0.0
0.0
0.0
0.0
0.0
0.0
0.0
0.0
0.0
0.0
0.0
0.0
0.0
0.0
0.0
0.0
0.0
1.08519
0.0
0.494932
0.0
0.0
0.971267
0.0
0.0
1.99761
0.0
0.0
0.0
0.0
0.0
2.04488
0.0
0.0
0.0123788
0.85137
0.0
0.0
0.0
0.0
0.0
0.0
0.0
2.97011
0.0
0.0
0.0
0.0
0.0
0.554583
0.68027
2.72769
3.56979
0.0
0.0
0.0
0.0
0.876934
0.0
0.0
0.0
0.0
0.0
0.0
2.85724
0.0
0.0
0.0
0.0
1.55002
0.0
0.0
0.0
0.0
0.0
0.0
0.447539
0.0
2.7772
0.0
0.0
0.348932
0.0
0.0
0.0
0.0
0.0
0.0
1.23215
0.0
0.0
0.0
0.0
0.0
0.0
0.0
0.0
0.0
0.0
0.0
0.0
0.0
1.81526
0.0
0.0
0.0
0.0
0.0
0.403816
0.0
0.0
0.0
1.89402
2.06927
0.0
0.0
0.0
1.30766
0.0
0.0
0.0
0.0
2.73697
0.0
0.0
0.0
0.0
0.0
0.0
0.0
0.0
0.0
0.0
0.0
0.0
1.53624
0.0
0.0
0.0
6.24274
0.0
4.20204
0.0
0.0
0.0
0.0
0.0
0.0
1.17753
0.0
0.0
0.0
0.0
0.0
0.0
0.0
0.0
1.29365
0.0
0.0
0.0
0.181632
0.0
0.0
0.0
0.0
0.0
2.31004
0.0
0.0
0.0
0.0
0.335875
0.0
0.0
0.0
0.0
0.0
2.47282
2.3388
0.0
0.0
0.0
0.0
0.0
0.0
0.0
3.35344
0.0
0.338699
0.0
0.0
0.0
0.0
0.252009
0.637655
0.0
0.0
0.0
0.0
0.0
0.0
0.0
0.200915
0.0
1.52026
0.0
1.41609
0.0
0.0
0.0
0.0
0.0
0.0
0.0
0.0
0.0
1.81176
0.0
0.0
0.0
1.67598
0.0
0.0
0.0
0.0
0.0
0.0
0.0
0.0
0.0
1.0546
0.0
0.0
0.0
0.552774
0.0
0.0
0.0
0.0
0.0
0.0
3.15575
1.03362
0.0
0.0
0.0
0.0
0.0
0.0
0.0
0.0
0.0
0.0
0.0
0.0
0.0
0.0
0.0
0.0
0.0
0.0
0.0
0.0
0.0
0.0
0.0
0.0
0.0
0.0
0.0
0.0
0.0
0.0
0.0
0.0
0.559968
0.0
0.0
0.335062
0.0
0.0
0.0
0.0
0.0
1.0143
0.0
0.0
0.0
0.578939
0.0
0.0
0.0
0.218777
0.0
0.0
0.0
0.0
0.0
0.0
0.0
0.0
0.0
0.0
0.829425
0.0
0.0
0.0
0.0
0.0
0.0
5.2972
0.0
0.0
0.0
0.0
0.0
0.0
0.410797
0.0
0.0
0.0
0.303526
0.0
0.0
0.0
0.0
0.0
0.0
0.0
0.0
0.0
0.0
0.0
1.46074
0.0
0.0
0.501847
0.0
0.0
0.0
2.00559
1.85444
0.0
6.20754
0.0
2.85867
0.0
0.0
0.0
0.0
2.79146
0.0
0.0
0.0
0.0
0.0
0.190986
0.0
0.0
0.0
1.29002
0.0
0.0128167
0.78134
0.0
0.0
0.0
0.0
3.03604
0.0
0.0
0.0
0.0
0.0
0.0
0.0
0.0
0.0
0.0
0.0
0.0
0.0
0.0
2.75497
0.0
0.0
0.0
0.0
0.0
1.323
2.13417
0.0
0.0
0.0
0.0
0.0
0.0
0.0
0.419317
0.0
0.0
0.450954
0.0
0.0
0.0
0.0
0.0
0.0
0.0
0.0
0.0
0.0
0.0
0.150772
0.0
0.0
3.24357
0.0
0.0
0.0
0.0
0.0
0.0
0.0
0.0
0.0
0.0
0.0
0.0
0.0
0.0
0.0
2.574
0.0
0.0
0.0
2.12067
5.85856
2.25221
1.43492
0.0
0.0
0.203792
0.0
0.0
0.0
0.744048
0.0
0.381159
0.0
8.71059
0.211685
1.99419
0.0
1.57852
0.0
0.0
0.0
0.0
0.0
0.0
0.0
0.0
0.0
0.0
0.0
0.0
0.0
0.0
0.0
0.0
0.0
0.0
0.0
0.0
0.0
0.0
1.53684
0.0
0.0
0.0
0.0
0.0
0.0
0.0
3.79903
1.00811
0.0
0.0
0.0
0.0
0.0
0.0
0.0849416
0.0
0.0
0.0
0.0
0.165578
0.262955
0.0
0.0
2.98208
0.0
0.0
0.0
0.0
0.0
0.0
0.0
0.902626
0.0
0.0
0.0
0.0
2.60177
0.00632524
0.0
0.0
0.0
0.0
0.0
0.0
0.0
0.0
0.0
0.0
0.0
0.0
0.0
0.0
0.0
0.0
0.0799717
0.0
0.0
2.55726
0.0
0.0
0.0
0.0
0.273856
0.0
0.0
0.500143
0.0
0.0
0.0
4.17565
0.0
0.0
0.0
0.0
0.0
0.0
0.0
0.0
0.0
0.0
3.37651
0.202384
0.0
0.0
0.0
0.0
0.888942
0.0
0.547868
0.0
0.0
0.0
0.0
0.0
0.0
0.0
0.901861
0.0
0.0
0.0
0.0
0.0
0.0
0.0
0.0
0.0
0.0
0.0
0.0
0.0
0.0
0.0
0.0
0.0
0.0
0.0
0.0
0.0
1.47077
0.0
0.769217
3.26494
0.0
0.0
0.0
0.0
0.0
0.0
0.0
1.0832
0.0
2.89677
0.0
0.0
0.40261
0.0
0.0
0.0
0.0
0.0
0.0
0.0158195
0.422213
0.0
0.0
0.0
0.0
0.0
0.0
0.0
0.0
0.0
0.0
0.0
0.0
0.0
3.90478
0.0
0.0
0.0
0.0
0.0
0.0
0.0
0.218564
4.62462
0.0
1.54966
2.92947
0.0
0.0
0.0
0.0
0.0
0.0
0.0
0.0
5.50353
0.0
0.0
0.0
0.998584
0.509628
0.0
0.0
2.96109
0.0
1.75373
1.16816
0.0
0.947168
1.242
0.0
4.53453
4.32349
0.0
0.0
0.0
0.0
0.0
2.5944
0.0
0.0
0.0
5.84235
0.0
0.0
0.0
2.17364
0.0
0.0
0.0
0.0
0.0
0.111469
0.0
1.20123
0.0
0.0
0.0
0.0
0.0
1.02196
0.0
0.0
0.0
0.0
0.0
0.0
0.0
0.0
0.0
0.0
0.0
0.0
0.0
0.0
5.01072
0.0
0.0
0.0
0.0
2.27905
0.0
0.0
0.0
0.0
0.0
0.0
1.98058
0.0
0.0
0.0
0.0
0.0
0.0
0.0
0.0
0.0
0.0
0.0
4.41024
0.0
0.0
0.0
0.0
6.79236
0.0
0.0
0.0
0.0
0.0
0.0
0.0
1.16878
0.0
0.0
0.0
0.0
0.0068267
0.0
1.14714
0.0
0.0
0.0
0.0
0.0
2.22837
0.0
0.0
0.0
0.0
0.0
0.0
0.0
0.0
0.0
0.0
0.546362
0.0
0.0
0.0
0.0
1.37464
0.0
2.42366
0.0
0.0
0.0
0.0
2.58786
1.47958
0.0
0.0
0.0
0.318025
0.0
0.769663
0.0
1.32953
0.0
2.0401
1.16557
0.0
0.160432
0.0
0.0
0.0
0.0
4.43939
0.0
0.0
0.0
0.0
0.0
0.0
0.0
0.0
0.0
3.57045
0.0
0.0
0.0
0.0
0.74687
0.0
0.0
0.0
0.0
1.03327
0.0
0.0
0.0
0.0
0.0
0.0
0.633306
0.0
0.0
0.0
2.51508
0.0
0.0
0.0
0.893243
0.0
0.0
0.0
0.0
0.437098
0.0
0.0
0.0
0.0
0.0
0.0
1.45909
0.0
0.0
0.0
0.0
0.0
0.0
0.0
0.0
0.0
0.0
1.65112
0.0
0.0
0.0
0.0
0.520385
0.0
0.0
0.0
0.0
0.0
0.0
1.15996
0.0
0.0
0.0
0.0
5.22999
0.0
0.0
0.0
0.0
0.703086
0.0
0.0
0.0
0.0
0.0
0.0
0.0
0.0
0.0
0.0
0.0
0.0
0.0
0.0
0.0
2.4531
1.02882
0.0
0.0
0.0
0.0
0.0
0.0
0.878869
0.0
0.0
0.0
0.0
1.42153
0.0
0.0
0.0
0.0
0.0
0.0
0.0
0.0
0.0
0.0
0.0
0.0
0.283056
0.0
0.0
0.0
1.44611
1.42924
0.0
0.0
0.0
0.0
1.41007
0.0
1.02413
0.0
2.01942
0.0
0.0
0.0
0.0
0.0
0.0
0.0
0.0
0.0
0.0
0.0
0.0
0.0
0.0
0.0
3.33056
0.0
0.0
0.0
0.0
3.91484
0.0
0.0
0.0
0.0
3.41614
0.0
0.0
0.0
0.0
0.0
0.0
0.0
0.0
0.0
0.0
2.99326
0.0
0.0
0.0
0.0
0.0
0.0
0.0
0.0
0.0
0.0
2.4947
0.0
0.0
0.0
2.57519
0.718439
2.08779
0.0
0.0
0.0
0.0
0.0
0.0
0.0
0.0
4.60799
0.0
0.0
0.0
0.0
0.0
0.0
0.0
0.0
0.0
0.0
0.0
0.0
0.0
0.0
0.0
0.899777
0.0
0.0
0.0
0.0
0.0
0.0
0.0
0.0
6.26549
0.256271
0.0
0.0
0.0
1.91035
3.51383
0.0
0.0
0.0
0.0
0.0
0.0
0.0
0.0
0.0
0.27609
0.0
0.0
0.0
0.0
0.0
0.0
0.236668
0.0
1.27334
0.0
0.0
0.0
0.0
0.0
0.0
0.0
0.0
0.0248198
0.0
1.02048
2.09773
0.0
0.0
0.0
0.914359
0.0
0.0
0.0
0.0
0.0
0.0
1.1943
0.0
0.0
2.35967
0.0
0.0
0.0
1.97483
0.0
0.0
0.0
1.97573
1.71375
1.38752
1.56019
0.0
0.0
0.747663
2.34668
0.0
0.0
0.0
0.0
0.0
0.0
0.0
0.0
2.02753
0.0
0.0
0.0
0.0
0.0
0.0
0.0
0.0
0.0
0.0
0.0
0.0
0.0
0.0
0.0
0.0
0.0
0.0
0.231315
0.0
0.0
0.0
0.0
0.0
1.43963
0.906103
0.0
0.0
0.286062
0.0
0.0
0.0
0.0
0.0
0.0
0.0
0.0
0.0
0.0
0.0
0.0
0.0
0.0
0.0
0.0
0.0
0.0
0.0
0.0
0.0
0.0
0.0
0.0
0.0
0.0
0.0
0.0
0.0
0.366555
0.0
0.0
0.0
0.0
0.211883
0.0
0.0
0.0
0.0
0.0
0.0
0.0
0.0
0.0
0.0
2.71998
1.61242
0.0
0.0
0.30718
0.0
0.0
0.0
0.0
0.0
0.0
0.0
0.0
0.0
0.0
0.0
0.0
0.135367
0.0
0.0
0.0502082
1.32667
0.0
0.0
0.0
0.3713
0.0
0.0
0.0
0.0
0.0
0.0
0.0
0.0
0.0
0.0
0.0
1.82138
0.0
0.0
0.699772
0.0
0.0
0.0
0.0
0.0
0.0
0.0
0.0
0.0
0.0
0.0
0.0
0.0
0.0
0.0
0.0
0.0
0.0
0.0
0.0
0.0
0.0
0.0
0.0
1.05494
0.0
0.0
0.0
0.0
0.0
0.0
0.0
0.0
0.0
0.0
0.0
1.37977
0.0
0.0
0.0
0.0
0.0
0.0
0.0
0.0
0.0
0.0
0.0
0.0
0.0
0.0
0.0
0.0
0.504889
0.0
0.0
0.0
0.0
0.0
0.0
0.0
0.0
0.0
0.0
0.0
0.0
0.0
0.0
0.0
0.0
0.388574
0.0
0.0
0.0
0.0
0.0
0.0
0.0
0.0
0.0
0.0
0.0
0.0
0.0
0.0
0.0
0.0
0.0
0.0
0.0
0.0
0.0
0.0
0.0
0.0
1.15235
0.0
0.0
0.158437
0.0
0.0
0.0
0.0
0.0
0.0
0.0
3.96504
1.18347
0.0
0.0
0.0
0.0
0.0
1.6939
0.0
2.61447
0.0
0.468332
0.0
5.17723
0.0
0.250654
0.0
0.0
0.0
0.0
0.0
0.0
0.0
0.0
0.15329
0.0
0.0
0.0
0.0
1.66644
0.0
0.0
0.0
0.0
0.408827
0.0
0.0
0.0
0.0
0.0
0.0
0.0
0.0
3.18376
3.63978
0.0
0.0
0.0
3.00714
0.0
0.0
0.0
0.0
0.0
0.0
3.57887
0.0
0.183307
0.53863
0.0
0.0
0.0
0.394911
0.0
0.0
0.0
0.0
0.0
4.42289
0.0
0.0
0.0
0.0
0.0
0.0523444
0.0
0.0
0.0
0.0
0.0
0.0
0.0
0.0
0.0
0.0
0.0
0.0
0.0
0.0
0.0
0.0
0.0
0.0
2.98703
0.0
0.0
0.0
0.0
0.0
0.0
0.0
0.0
3.04983
0.0
0.0
0.0
0.0
0.0
0.0
0.0
0.887949
0.0
0.0
0.0
0.0
0.0
0.0
0.0
0.0
0.0
4.35236
5.8964
0.0
0.910654
1.8624
0.596677
0.0
0.0
0.0
0.0
0.0
0.0
1.00513
0.0
0.0
0.0
0.0
0.0
0.0
0.0
0.0
0.0
0.0
0.0
0.0
0.0
0.0
0.0
0.0
0.0
0.0
0.0
2.52545
0.0
0.0
0.0
0.0
0.0
0.0
1.52435
0.775917
0.0
0.0
1.8575
0.0
1.7728
0.0
0.0
0.0
0.283318
0.0
0.0
0.0
0.0
0.0
0.0
0.0
0.0
0.0
0.0
0.0
0.0
0.0
2.10926
3.347
0.0
0.0
0.0
0.0
0.0
0.0
0.0
0.0
0.0
0.0
0.0
0.0
0.0
1.40075
3.96551
0.0
0.0
0.0
0.0
0.0
1.91167
0.0
0.0
0.0
0.0
0.387529
0.0
4.06731
0.0
0.324612
0.799334
0.0
0.0
0.0
0.0
0.0
0.0
0.0
0.0
0.0
0.0
0.0
0.0
0.0
0.0
0.0
0.0
0.0
0.0
0.0
0.0
0.0
0.0
0.0
0.0
0.0
0.878304
0.0
0.0
1.29326
0.0
0.0
0.0
0.0
0.0
0.702624
0.0
0.0
0.0
0.0
0.0
0.0
0.0
0.0
0.0
0.0
0.0
0.915225
6.38345
2.36852
0.0
0.0
0.740818
0.0
0.0
0.0
1.23799
0.0
0.0
0.0
0.0
0.0
0.0
0.0
0.0
0.0
0.0
0.790093
0.0
0.0
0.0
0.0
0.0
0.0
0.0
0.0
0.0
0.0
0.0
0.0
0.0
0.0
0.0
0.0
0.100503
0.0
1.8376
0.0
0.0
0.0
0.0
0.0
0.0
0.0
0.0
0.0
0.0
0.0
0.0
0.0
0.0
0.0
0.0
0.0
0.0
0.0
0.0
0.0
2.82782
0.0
1.3568
0.0
0.0
0.0
0.0
0.0
0.0
0.0
0.0
0.0
0.0
0.0
0.0
0.0
0.0
0.201448
0.0
0.0
0.0
0.0
0.0
0.0535815
0.0
0.0
1.10159
0.0
0.0
0.0
0.0
0.0
0.0
0.0
4.03546
0.0
0.0
0.0
0.0
0.0
0.0
0.0
0.0
0.0
0.0
0.0
0.0
0.0
0.0
0.0
0.0
0.0
0.0
0.0
0.0
0.0
0.0
0.0
0.0
0.0
0.0
0.0
0.0
0.0
0.0
0.0
0.0
0.0
0.0
0.0
0.0
0.0
0.0
1.02092
0.0
0.340233
0.0
0.0
0.0
0.0
3.7096
0.0
0.0
0.0
0.0
0.0
0.0
0.0
0.787487
0.0
0.0
0.637404
3.12454
0.0
0.0
0.0
0.0
0.0
0.0
0.0
0.0
5.84719
0.542256
0.0
0.0
0.0
0.0
0.0
0.0
0.0
4.9368
0.0
0.0
0.0
0.0
0.0
0.0
1.53441
0.0
0.0
0.0
0.0
0.0
1.01329
0.0
0.0
0.0
0.0
0.0
0.0
0.0
0.0
0.0
0.0
0.0
0.0
0.0
0.0
0.0
0.0
1.31289
0.0
0.0
0.0
0.0
0.0
0.0
0.186787
1.61298
0.0
0.0
0.0
0.0
0.0
0.0
0.913036
0.0
0.0
0.0
0.835545
0.0
0.0
0.0
0.0
0.0
0.0
0.0
0.0
0.0
0.0
0.0
0.0
0.0
0.0
0.0
1.77864
0.0
0.0
0.0
0.0
0.0
0.0
2.19072
0.0
0.0
0.0
4.34847
0.454838
0.269457
0.0
0.199291
0.0
0.0
0.0
0.0
0.0
0.0
0.0
0.0
0.0
2.74028
0.0
0.0
0.0
0.0
0.0
0.0
0.0
0.88402
1.72899
0.0
0.0
0.0
0.0
0.0
1.74575
0.035118
0.0
0.0
0.0
0.0
0.0
0.0
0.0
0.0
0.558038
0.0
0.0
0.0
0.0
1.13167
0.0
0.0
0.0
1.4378
0.0
0.0
0.0
0.0
0.0
0.0
0.0
1.03735
0.0
0.0
0.0
3.37816
0.0
0.0
0.0
0.0
0.0
1.19823
0.39493
0.0
0.0
0.00192313
0.0
0.0
1.68037
0.0
0.949719
0.0
0.429711
0.0
0.0
0.993391
0.878411
0.0
0.0
0.0
0.0
0.0
0.0
0.0
1.54239
0.0
0.0
0.661129
0.0
0.0
0.0
0.0
2.44233
0.0
0.0
0.0
0.0
0.0
0.0
1.4703
0.0
0.0
0.0
0.0
0.0
0.0
0.0
0.0
0.0
0.0
0.0
0.0
1.65773
0.0
0.0
2.02258
0.0
1.1347
0.0
0.0
0.0
0.0
0.0
0.0
0.0
0.0
0.0
0.0
0.0
1.33898
0.0
0.0
0.0
0.0
0.0
0.0
0.0
0.0
1.41994
0.0
0.0
0.495987
0.0
0.0
0.0
0.0
0.0
0.0
2.92935
0.870731
0.0
0.0
0.0
0.0
0.0
0.0
0.0
0.0
0.0
0.0
0.0
0.0
0.0
0.0
1.17413
0.0
0.0
0.912738
0.0
0.0
0.0
0.0
0.0
0.0
0.0
0.0
0.0
0.0
0.0
0.0
0.417825
0.0
0.0
0.0
0.0
0.0
0.0
0.0
4.22742
0.0
0.0
0.0
0.0
0.0
2.09367
0.0
0.0
0.0
0.0
0.0
0.0
0.0
0.0
0.0
0.0
0.0
0.0
0.0
0.0
0.0
0.0
0.0
0.0
0.0
0.0
0.0
1.36014
0.0
0.0
0.531611
0.0
0.0
0.0
2.10491
0.877846
8.18209
0.0
0.0
0.0
0.0
0.0
0.0
2.12606
0.0
0.411952
0.0
1.95349
0.689824
0.0
0.0
0.40794
0.0
0.0
0.0
0.0
0.0
0.0
0.0
0.0
0.0
0.0
2.12017
0.0
0.0
0.0
0.0
0.0
0.0
0.0
0.0
0.0
0.808683
0.0
0.0
0.0
0.0
0.0
0.0
3.32775
0.0
0.0
0.0
0.0
1.28047
0.0
2.26152
0.0
0.0
2.16436
1.06097
0.0
0.0
0.0
0.0
0.0
0.0
0.0
0.0
0.0
0.0
0.0
0.0
0.0
0.0
0.0
0.0
0.0
0.0
0.0
0.0
0.841286
0.0
0.0
0.0
0.0
0.0
0.0
0.0
0.0
0.0
0.0
0.0
1.35673
0.0896767
0.0
1.37074
0.0
0.0
0.0
0.0
0.0412298
0.0
0.0
0.0
0.554315
0.0
0.0
0.0207138
0.0
0.0
0.0
0.0
0.0
1.92565
0.0
0.0
0.0
0.0
0.0
0.0
0.0
0.0
0.0
0.752405
0.0
0.0
0.0
0.0
0.0
0.0
0.0
0.0
0.0
0.0
0.516917
0.0
0.0
0.0
0.0
0.0
0.802301
4.35103
0.0
0.0
0.0
0.0
0.0
0.0
0.195057
0.0
0.0
0.0
0.0
0.0
3.94142
3.40349
0.0
0.0
0.0
3.14952
0.0
0.0
0.0
0.0
0.0
0.0
0.0
0.0
0.0
0.0
0.0
0.0
0.0
0.0
0.0
0.0
0.0
2.30867
0.0
0.0
0.0
0.0
0.266328
0.0
0.781591
0.306652
0.0
0.0
0.0
0.0
0.0
0.0
0.0
0.0
0.0
0.0
3.28451
2.02221
0.0
0.0
0.0
0.0
0.0
0.0
0.0
0.0
2.70147
0.0
0.0
1.17957
0.0
1.2345
0.0
0.0
0.0
1.16591
0.0
0.0
5.59791
0.0
0.0
0.0
0.0
0.359151
0.0
0.0
0.0
0.0
0.0
0.0
0.0
0.0
0.0
0.0
2.00319
0.0
0.0
0.0
0.0
8.08199
0.0
0.0
0.0
0.0
0.0
0.0229501
0.835288
0.0
0.0
0.0
0.0
0.649219
0.0
0.0
0.0
0.0
0.0
0.0
0.0
0.0
0.0
0.0
0.0
0.0
5.12751
0.0
0.0
0.0
0.0
0.0
0.0
0.0
1.83684
1.67822
0.0
5.77375
0.0
2.59648
0.0
0.565472
0.940096
0.0
0.0
0.0
0.0
1.46463
0.0
0.0
0.0
0.0
0.0
0.0
0.0
2.92594
0.0
0.0
0.0
0.0
0.0
0.0
0.0
1.49588
3.63796
3.28414
0.0
0.0
0.0
0.0
1.93689
0.0
0.0
0.0
0.236563
0.0
2.76353
0.0
0.0
0.896759
0.0
0.0
0.0
0.0
0.0
0.0
0.0
0.751263
1.01343
0.0
0.0
0.0
0.0
0.0
0.0
0.0
0.0
0.0
0.0
0.0
0.236402
0.0
0.854348
0.0
0.0
0.0
0.0
0.0
5.72797
0.0
0.0
0.0
0.0
0.662854
0.0
0.0
0.0
0.103393
2.29365
3.85698
0.0
0.0
0.0
0.0
0.0
0.0
0.0
0.0
2.51498
0.0
0.0
3.50115
0.0
0.0
0.0
0.0
1.04034
0.0
0.0
0.0
0.0
0.0
0.0
1.08956
0.0
0.0
0.0
0.0
1.23359
0.0
0.0
0.0
0.0
0.0
0.0
0.0
0.0
0.0
0.0
0.0
0.0
0.0
0.0
1.8687
3.37552
0.0
0.0
0.0
0.0
0.0
1.5704
0.0
0.0
0.0
0.0
0.0
0.0
0.388786
0.0
0.0
2.05642
0.0
1.67291
0.0
3.00161
0.0
0.0
0.0
0.0
0.0
0.0
0.0
0.0
0.0
0.0
0.0
0.0
0.0
0.0
0.0
0.0
0.0
0.0
0.0
0.0
1.95466
0.0
0.0
0.0
0.0
2.39615
0.0
0.0
0.0
1.5331
0.0
0.0
0.0
0.0
0.0
0.0
0.0
0.0
0.0
0.0
0.0
0.0
0.0
0.0
0.0
0.0
0.0
0.0
0.0
0.0
0.499987
0.0
0.765526
0.0
2.42633
0.0
0.0
1.66806
0.0
0.0
0.0
0.0
0.0
0.0
0.0366894
2.45184
0.694394
0.0
0.0
1.35118
0.0
0.0
0.0
0.0
0.0
0.0
0.0
0.0
0.0
2.98634
3.27464
0.0
0.0
0.0
0.0
0.0
0.0
0.0
2.60432
1.10378
0.145108
0.0
0.0
0.0
0.0
0.0
0.0
1.48425
0.0
2.40967
0.0
0.0
0.172006
0.0
0.0
1.83337
0.0
0.0
0.981705
0.0
0.0
0.511102
0.0
3.79659
0.0
0.0
3.40904
0.0
0.0
0.0
0.0
0.0
1.08982
0.0
0.0
0.966655
0.0
0.0
0.0
0.0
0.0
0.0
0.0
0.0
0.0
0.0
0.0
0.0
0.0
0.0
2.36646
0.0
3.43558
0.0790332
0.0
0.0
0.0
0.0
1.03764
0.0
0.0
0.0
0.0
0.0
0.0
0.0
0.0
2.79692
0.0
0.0
0.0
3.46151
0.635825
0.0
0.0
0.0
0.0
0.0
0.0
0.0
0.0
0.0
0.0
0.0
0.0
0.0
0.326328
0.0
0.0
0.0
0.0
0.0
0.0
0.0
0.0
0.385021
0.0
0.0
0.0
0.0
0.0
0.0
0.0
0.0
2.36645
0.0
0.0
0.0
0.219115
0.0
0.0
0.0
0.0
0.0
0.0
0.0
0.0
0.0
0.0
0.0
0.0
0.0
0.0
0.0
0.0
0.0
0.0
1.81134
0.0
3.49481
0.0
0.0
0.746353
0.0
0.0
0.0
0.0
0.0
0.229285
0.0
0.0
0.0
1.62877
0.0
0.0
0.0
0.0
0.0
0.0
0.0
0.0
0.0
0.0
0.0
0.0
0.0
0.0
0.0
0.000296004
0.0
0.0
0.0
0.0
3.0678
0.0
1.23475
0.0
0.0
0.0
0.0
0.0
0.0
0.0
0.0
0.0
0.0
0.0
0.0
0.0
0.0
0.507562
0.0
0.0
0.0
0.0
0.0
0.0
0.0
0.0
1.54334
0.0
0.0
