0.0
0.0
2.31512
0.0
1.50764
0.0
0.0
0.0
0.0
0.0
0.0
0.0
0.0
0.0
0.0
0.0
0.0
1.07888
0.485424
0.0
0.0
0.234827
0.0
0.0
0.0
0.0
0.0
0.0
0.0
0.0
0.0
2.30647
0.0
3.09048
0.0
0.0
0.0
0.0
0.0
0.0
0.0
0.0
1.3838
0.0
0.0
0.0
0.244306
0.0
0.0
0.0350426
2.2871
0.0
0.0
0.0
0.325078
0.0
0.0
0.0
0.0
0.0
0.523578
0.0
0.0
2.59938
1.72096
0.0
0.0
0.0
1.32121
0.0
0.0
0.0
0.0574726
0.0
0.0
0.0
0.0
0.0
0.0
0.0
2.143
0.0
0.0
0.0
0.981049
0.0
0.0
0.0
0.933296
0.0
0.0
0.0
0.0
0.0
0.0
0.0
0.0
0.0
0.397599
0.0
0.0
0.0
0.149336
0.0
0.0
0.601256
1.63276
0.0
0.0
1.35245
0.0
0.0
0.0
0.0222047
0.837512
0.0
0.0
0.567034
1.92546
0.0
0.178122
0.0
0.0
0.0
0.968089
0.0
0.0
2.3891
0.0
0.0
0.0
0.0
0.0
0.0
1.14237
0.0
0.0
0.0
0.898856
0.0
0.0
2.89304
0.0
0.0
0.0
0.0
0.0
0.0
1.45471
0.0
0.0
0.0
0.0
0.0
0.0
0.0
0.0
0.0
0.0
0.0
0.0
0.0
0.0
0.0
0.0
0.0
0.0
0.0
1.05596
1.78448
0.0
0.0
2.8225
0.0
0.0
0.0
0.230196
0.0
0.0
0.0
0.609636
0.0
0.0
0.0
0.0
0.359086
0.0
0.0
0.0
1.46579
0.0
0.0
4.34189
1.46673
0.0
0.0926785
0.0
0.0
0.0
2.20622
0.0
0.0
0.0
0.0
0.0
0.0
0.0
0.0
0.0
0.0
0.0
0.0
0.0
0.0
0.578746
0.0
0.0
0.0
0.0
1.15555
0.0
1.7838
0.0
0.0
0.0
0.0
0.0
0.0
0.0
0.0
0.0
0.0
0.0
2.11948
0.0
0.0
0.0
0.0
0.783767
0.0
0.0
0.0
0.0
1.84197
0.0443616
0.0
0.0
2.09978
0.0
0.0
0.625556
0.0
0.0
0.0
0.0
0.0676975
0.0
0.0
0.0
0.244991
0.0
0.0
1.79409
0.0
0.0
0.0
1.23437
0.0
0.0
0.0492612
0.0
0.941525
0.0
0.0
0.0
0.0
3.83712
0.0
0.0
0.0
0.0
0.0
1.17198
3.39654
0.0
0.0
0.0
0.0
0.0
0.0
0.0
0.0
0.0
0.0
2.48367
1.24622
0.0
0.0
0.0
0.0
0.0
4.29713
0.0
0.0
0.0
0.0
0.0
0.0
0.0
0.0
0.0
0.0
0.0
0.0
0.0
0.0
0.0
0.0
0.0
0.0
0.0
0.0
0.0
0.0
0.0
0.0
0.325491
0.0
0.0
0.0
0.0
0.0
0.0
0.0
0.0
0.0
0.0
0.0
0.0
0.0
0.0
0.900612
0.0
0.0
0.0
1.85924
0.0
0.0
0.81129
0.0
0.0
0.0
0.0
0.0
0.0
0.0
0.0
0.0
0.0
0.0
0.395282
0.0
0.0
0.0
0.0
0.0
0.0
0.0
0.0
0.0
0.0
0.0
0.0
0.0
0.0
0.0
0.0
0.0
0.0
1.63314
0.0
0.0
0.0
0.0
0.0
0.0
0.0
3.85272
0.0
0.0
0.0
0.0
0.0
0.0
0.0
2.26181
4.48798
0.0
0.0
0.0
0.0
0.0
0.0
0.0
2.3764
0.0
0.0
0.0
0.0
0.0
0.0
0.0
0.0
0.0
0.867768
0.0
0.0
0.0
0.0
0.0
0.0
0.0
0.0
0.0
0.0
0.0
0.0
0.0
0.0
0.0
4.43897
0.0
0.0
0.0
0.0
0.0
0.0
0.0
0.325681
0.0
0.0
0.0
0.0
0.0
0.0
0.0
0.0
0.0
0.605931
0.0
0.0
0.0
0.0
1.34349
0.0
0.0
0.0
0.0
0.0
1.41561
0.0
0.491801
0.0
0.0
0.0
0.0556276
0.999946
0.0
1.14732
3.44065
0.0
3.68656
0.0
0.0
0.0
1.30842
0.0
0.0
1.93891
0.0
0.0
0.0
0.0
1.24008
0.0
0.0
0.0
0.0
0.0
0.0
0.0
0.0
0.0
0.0
0.0
0.0
0.0
1.95246
0.0
0.0
0.0
0.0
0.0
0.0
0.0
0.755455
0.0
0.0
0.0
0.0
0.0
1.73646
0.0
0.0
0.0
0.0
0.0
1.25313
0.0
0.0
0.0
0.0
0.0
0.629287
0.585749
0.333876
0.0
0.0
0.0
0.0
0.0
0.0
0.303727
2.20274
0.0
0.0
1.42674
0.0
0.0
0.0
0.0
0.0
0.0
1.9316
0.0
0.0
0.0
0.0
0.0
0.0
0.0
0.333304
0.0
0.0
1.07231
0.0
1.78319
0.0
0.0793161
0.0
0.0
0.0
0.0
0.0
0.0
0.0
0.587179
0.0
0.0
0.0
0.0
0.0
0.0
1.01538
0.0
0.422545
0.0
0.0
0.0
0.0
0.0
0.0
0.0
0.890739
0.0
0.0
1.53654
0.0
0.0
0.0
0.0
0.0
0.833789
0.0
0.0
0.0
1.18226
0.0
0.0
0.0
0.0
0.0
0.0
0.0
0.0
0.0
0.888228
0.0
1.18699
0.0
0.0489657
0.0
0.0
0.0
0.0
0.0
0.0
0.0
0.0
0.164545
3.83588
0.0
0.0
0.0
2.19825
0.0
0.0
0.0
0.0
0.0
0.0
0.0
0.0
0.0
0.0
1.96255
3.93981
0.0
0.0
0.0
0.0
0.386329
0.0
3.55764
0.0
0.0
0.0
0.0
0.0
0.0
0.0
0.0
0.0
0.0
0.0
0.0
0.0
0.0158809
0.0
0.0
0.124905
0.599368
0.0
0.0
0.0
1.72011
1.33467
0.0
0.0
0.0
0.0
0.0
0.0
0.0
2.07036
0.0
0.0
0.0
0.0
0.0
0.0
0.0
0.0
3.64693
0.0
0.0
0.0
0.0
0.0
0.0
0.0
0.0
0.0
0.0
0.0
0.0
0.0
0.0
0.0
0.0
0.0
1.45744
0.0
0.895544
0.0
0.0
0.0
0.0
0.0
0.0
0.0
0.716785
0.653193
0.0
1.81935
0.0
0.0
0.0332198
0.0
0.0
0.0
1.6352
0.0
0.0
0.325439
0.0
0.0
0.0
2.82768
0.0
0.0
2.1289
0.0
0.0
1.00953
0.0
0.0
0.0
0.688446
0.0
0.0
0.0
0.0
0.0
0.0
0.0
0.0
0.0
0.0
0.0
0.0
0.0
0.0
0.0
0.0
0.0
0.0
0.0
0.0
0.0
1.08612
0.832195
0.0
0.0
0.0
0.0
0.0
0.0
0.0
0.0
0.0
0.0
0.0
4.19414
0.0
0.0
0.0
1.00965
0.0
3.26376
0.0
0.0
0.0
1.84199
0.0
0.0
0.0
0.0
0.0
0.0
0.0
1.86807
0.0
0.0
0.0
0.0
0.0
0.0
1.01336
3.4386
0.0
0.0
0.0
0.537505
0.0
0.0
0.0
0.0
0.0
0.0
0.0
0.0
0.0
0.0
0.0
0.0
0.948983
0.14835
0.0
0.0
0.0
0.0
0.0
0.0
0.0
0.0
0.0
0.0
0.0
0.0
0.0
0.0
0.0
0.0
0.0
0.0
0.0
0.0
0.33707
0.0
0.0
0.0
0.340234
0.0
2.27002
0.776373
0.0
0.0
1.23844
0.0
0.0
0.0
0.476011
0.0
2.62342
0.0
0.0
0.0
0.0
0.0
2.17506
0.0
0.0
0.0
0.0
0.0
0.0
2.67437
0.0
0.0
0.0
0.0
0.0
0.0
0.0
0.0
0.0
0.0
0.0
0.0
0.0
0.0
0.0
0.0
0.0
0.0943474
0.0
0.0
0.0
0.0
0.572162
2.34105
0.0
0.0
3.64855
0.174684
0.0
0.0
0.0
0.823354
0.0
0.0
0.0
0.0
0.0
0.0
0.0
0.0
4.73884
0.0
0.0
0.0
0.0
0.0
0.0
0.0
0.0
0.53308
0.0
0.0
0.0
0.0
0.0
0.0
0.0
0.0
0.0
0.571997
0.0
0.083795
0.0
0.0
0.0
0.0
0.0
0.0
0.0
0.0
0.0
0.0
0.0
0.0
0.0
2.11142
0.0
0.0
0.0
0.0
0.0
0.80032
0.0
2.21817
0.0
0.0
0.0
0.0
0.0
0.129002
0.0
1.36426
0.0
0.0
0.0
0.0
0.0
0.0
0.0
0.893231
0.0
0.0
0.0
0.0
0.0
0.0
0.0
0.973788
0.0
0.0
0.0
0.192046
0.0
0.0
4.00044
0.0
0.0
3.04306
0.0
0.0
0.0
0.0
0.0
0.0
0.832583
0.0
0.0
0.0
0.0
0.0
0.0
0.0
0.0
0.0
0.0
0.0
0.0
0.0
0.0
0.0
0.0
0.0
0.0
0.0
0.0
0.0
0.0
0.0
0.0
0.0
0.0
0.0
0.0
0.0
0.0
0.0
0.0
0.0
0.0
0.0
0.606163
0.0
0.871828
0.0
0.0
0.0
1.48888
0.0
0.0
0.0
0.0
0.0
0.0
0.0
0.0
0.412441
0.0
0.0
1.6326
0.0
0.0
0.0
0.0
0.0
0.0
0.0
0.0
0.0
0.0
0.0
1.81669
0.0
0.0
0.0
0.0
0.635388
0.0
2.68304
0.0
1.11855
3.00309
0.0
0.0
0.0
0.0
0.0
1.72166
0.0
0.0
0.0
0.0
0.0
0.0
0.0
0.0
0.0
0.0
0.0
0.0
0.0
0.0
0.0
0.0
0.0
0.0
0.0
0.0
0.0
0.0
2.30751
0.0
0.632643
0.0
0.0
0.0
0.0
0.0
0.0
0.0
0.0
0.0
0.0
0.0
0.0
0.0
0.0
0.0
0.0
0.0
0.0
0.421822
0.0
0.0
0.0
0.0
0.897484
1.26176
0.617444
0.0
0.0
0.0
0.0
0.0
0.0
0.0
0.0
0.0
0.0
0.0
0.0
0.0
0.0
0.0
0.0
0.0
2.82617
0.0
0.0
0.0622273
0.123242
0.0
2.12529
0.0
0.0
0.0
1.61109
2.45085
0.0
0.0
0.0
0.0
0.0
0.0
0.0
2.40916
0.0
0.0
0.0
0.0
3.58981
0.0
0.0
0.0
0.787851
2.21758
0.0
0.0
0.0
0.0
0.0
0.0
2.04923
0.0
0.0
0.0
0.0
0.0
0.0
0.0
0.0
2.00354
0.0
0.0
0.0
0.0
0.0
0.0
0.0
0.0
0.0
0.0
0.0
0.0
0.0
0.294805
0.0
0.0
0.0
1.89147
0.0
0.0
0.0
0.0
0.0
0.0
0.0
0.0
0.0
2.65304
0.0
0.902966
4.0291
0.0
1.27716
0.0
0.0
0.0
1.7719
0.0
0.0
0.0
0.0
0.0
0.221646
0.0
0.0
0.0
1.17055
0.0
0.0
0.0
0.0
0.0
0.0
0.0
0.0
0.389757
1.86538
0.0
0.0
0.328357
0.0
0.0
0.0
0.0
4.41548
0.0
0.0
0.0
0.0
0.0
0.0
1.49738
0.0
0.0
0.0
0.016222
0.0
0.0
0.0
0.0
0.0
0.0
0.0
0.0
0.0
0.0
0.0
0.0
0.0
0.200036
0.0
0.0
0.0
0.0
0.0
0.0
0.301422
0.0
0.0
0.0
0.0
0.0
3.63691
0.0
0.0
4.81071
0.0
0.0
0.0
0.0
0.0
0.0
0.0
0.0
0.0
0.864274
0.244953
1.23665
0.0
0.0
0.728288
0.0
0.0
0.0
0.0
0.0
0.0
0.0
0.0
0.0
0.0112595
0.0
0.422099
0.0
0.611349
0.0
0.0
0.0
0.0
0.0
0.0
0.0
0.0
0.0
0.0
0.494048
0.0
0.0
0.0
1.98097
0.0
0.0
0.0
0.0
0.0
0.0
0.0
1.40355
0.0
0.0
0.0
0.0
0.0
0.0
0.0
0.0
0.0
0.415957
0.0
1.71044
0.0
0.0
0.0
0.0
0.0
0.0
0.0
0.0
0.0
0.0
0.0
2.23709
2.22078
0.0
0.0
0.0
0.0
1.29142
1.85775
0.0
0.0
0.0
0.0
0.0
0.491971
0.0
0.512883
0.766226
0.117487
0.0
0.0
0.0
0.362557
0.0
0.0
0.0
0.0
0.761065
0.0
0.0
0.0
0.0
0.0
0.859821
0.0
0.0
0.726164
0.0
1.00639
0.0
0.0
0.0
0.0
0.0
0.0
0.0
0.0
0.0
2.43301
0.0
0.0
0.0
0.0
0.0
0.0
0.0
0.0
0.0
0.0
0.0
0.0
0.0
0.0
0.175115
0.0
0.0
0.0
0.0
0.218906
0.0
0.0
0.0
0.0
0.0
0.0
1.48708
0.0
0.0
0.0
0.0
0.249587
0.388787
0.637904
1.42476
0.0
0.0
0.0
0.0
0.0
0.0
0.0
0.0
0.0
0.125856
0.152781
0.0
0.0
3.65633
0.0
0.0
0.0
2.33132
0.0
0.0
0.0
0.0
1.03763
0.0
0.0
0.0
0.0
0.0
0.0
0.0
0.0
0.0
0.0
0.0
0.0
0.0
0.0
0.0
0.0
0.0
0.0
1.76698
0.0
0.0
0.109632
0.0
0.142089
0.0
0.0
0.0
0.292018
0.0
0.621017
2.558
0.513886
0.0
0.0
0.0
0.0
0.0
0.0
1.81586
0.0
1.94313
0.0
0.0
0.0
0.0
0.0
0.903378
0.0
0.0
0.0
0.0
0.0
0.0
0.0
1.0505
0.0
1.50338
0.0
0.0
0.0
0.0
0.452449
0.0
0.0
0.0
0.0
0.0
0.625398
0.0
0.0
0.695393
0.0
0.0
0.0
0.0
0.0
0.0
0.981287
0.0
0.0
0.0
0.0
0.0
0.0
0.0
0.0
0.0
0.0
0.0
0.0
0.0
0.0
0.0
0.0
1.0332
0.0
0.0
2.70712
0.0
0.0
0.0
0.0
0.0
0.0
0.0
0.0
0.0
0.0
0.0
0.0
0.0
0.0
0.0
0.0
0.0
0.0
0.0
0.0
0.0
0.0
0.0
0.0
0.0
0.0
0.0
0.0
0.0
0.0
0.0
0.0
0.0
0.826804
0.878314
1.1051
0.0
0.0
0.0
0.0
0.0
0.0
0.0
0.0
0.0
0.0
0.0
0.0
0.0
0.0
0.0
0.0
0.0
0.0
0.0
0.0
0.0
0.0
0.0
0.0
0.0
2.86715
0.0
3.2073
1.55765
0.0
0.0
0.0
0.0
0.0
0.293466
2.30553
0.0
0.0
0.753293
0.205145
1.10121
0.0
0.0
0.0
0.0
0.0
0.0
0.0
0.972559
0.0
0.0
0.0
0.0
0.0
0.268684
0.0
0.0
0.0
0.301294
0.0
0.0
1.22282
0.0
0.825814
0.0
0.0
0.0
2.00364
1.12827
0.0
0.0
0.0
0.0
0.0
2.10212
0.0
0.0
0.0
0.539607
0.0
0.0
1.74011
0.0
0.0
0.0
0.0
0.0
0.0
1.0884
0.0
0.0
0.0
0.0
0.0
0.0
0.0232488
0.0
0.187358
0.0
0.0
0.0
2.29656
0.0
0.0
0.0
0.0
0.0
1.43159
0.759504
0.0
0.0
0.0
0.0
0.0
0.0
0.0
2.00456
0.0
0.0
0.0
0.0
0.0
0.0
0.0
0.0
0.0
0.0
0.0
0.0
0.0
0.0
0.314893
0.0
0.0
0.0
0.0
0.0
0.0
0.0
0.0
0.0
0.0
0.0
0.0
0.0
0.0
0.616049
0.0
0.0
0.0
3.18141
0.0
0.0
0.0
0.0
3.32768
0.0
3.42752
0.0
0.0
0.0
0.0
0.0
0.0
0.0
0.0
0.0
0.0
0.870009
0.346471
3.93195
0.0
0.290475
0.0
0.0
0.0
0.0
0.0
0.0
0.0
0.0
0.0
0.0
0.0
0.0
0.0
0.0
0.0
0.281987
0.0
0.0
0.121282
0.0
0.0
0.0
0.0
0.0
0.0
0.0
0.0
0.0
0.0
0.0
0.0
2.08542
0.0
0.0
0.0
0.0
0.0
0.0
0.0
0.0
0.407792
0.0
0.0
0.0
1.14072
0.0
0.0
1.50657
0.0
0.0
0.0
1.8322
0.0
0.0
0.0
0.0
0.0
0.0
0.0
0.48747
1.09572
0.0
0.0491273
0.0
0.0
0.0
0.0
0.0
0.147531
0.0
0.0
0.0
0.0
0.0
0.0
1.71109
0.0
0.0
0.0
0.0
0.0
0.0
0.0
0.0
0.0
0.0
0.0
0.0
0.0
0.0
0.573441
0.0
0.0
0.0553527
0.0
0.779178
0.0
0.0
0.0
1.25056
0.0
0.0
0.0
0.0
0.289575
0.0
0.0
0.0
0.0
0.0
0.545739
0.0
4.49868
0.0
0.0
0.0
0.0
0.0
0.0
0.0
0.0
0.0
0.0
0.0
0.0
0.0
0.226305
0.0
0.0
0.0
0.0
0.0
0.0
0.0
0.0942972
0.0
0.0
0.0
0.0
1.56515
0.0
0.0
0.0
0.0
0.909618
0.0
0.0
0.0
1.14265
0.0
0.0
0.0
0.0
0.921975
0.0
1.85577
0.0
0.0
0.0
0.0
0.0
0.0
0.0
0.0
0.0
0.0
1.43974
0.0
0.0
0.0
0.0
1.38751
0.0
0.0
0.0
0.0
0.0
0.0
0.0
0.0
0.0
0.0
0.0
0.0
0.0
0.0
0.0
0.0
0.0
2.10525
0.0
3.82168
1.01029
0.0
5.8847
0.0
1.9377
0.0
0.0
0.153438
0.0
0.0
0.0
0.0
0.0
0.0
2.51354
0.0
0.0
0.0
0.0
0.131022
0.050235
0.0
0.0
1.51399
0.0
5.22186
1.67452
0.0
0.0
0.0
0.0
0.0
0.621957
0.0
0.0
0.0
3.79955
3.43705
0.0
0.0
0.714164
0.0
0.0
0.0
0.0
0.0
0.0
0.0
0.189863
0.0
0.0
0.0
0.0
0.0
0.0
0.0
2.1198
0.398438
0.331368
3.5559
0.0
0.0
0.0
0.0
0.0
0.0
0.0
0.0
0.0
3.13236
0.0
0.0
0.0
0.0
2.68387
0.746483
0.0
0.0
0.0
0.0
0.0
1.73356
0.673886
0.0
0.0
0.0
0.0
0.0
0.0
0.0
0.0
0.0
0.0
2.86893
0.0
0.0
0.0
0.0
4.62109
0.0
0.0
0.0
0.0
0.0
0.0
0.0
0.329659
0.0
0.0
1.3931
0.0
0.0
0.0
4.32055
0.0
0.0
0.0
0.0
0.0
1.40571
0.0
0.0
0.0
0.0
0.0
0.0
0.0
0.0
1.40116
0.0
0.0
0.0
0.0
0.0
0.0
0.0
0.0
0.760304
0.0
0.0
0.0
0.0
1.31571
0.0
0.0
0.0
0.0
0.0
0.0
0.0
0.0
0.0
0.0
3.82026
0.25052
0.0
2.10755
0.0302473
0.0
0.0
0.0
6.12422
0.0
0.868314
0.0
0.0
0.0
0.0
0.0
0.332199
0.0
2.0868
0.0
0.0
0.0
0.0
0.194182
0.0
0.0
0.0
0.0
0.0
0.0
0.0
0.0
0.0
0.0
0.0
0.442418
0.0
0.0
0.0
1.65736
0.837269
0.0
0.0
3.21116
0.0
0.0
0.0
0.0
0.00820962
0.0
0.0
0.0
0.0
0.0
0.0
0.0
0.0
0.0
0.0
0.180783
0.0
0.0
0.0
0.0
0.0
0.0
0.0
0.0
2.30257
0.0
0.0
0.160409
0.0
0.0
0.0
0.0
0.0
0.0
0.0
0.0
0.0
0.0
0.0
3.20139
0.0
0.0
0.0
0.0
2.35572
0.0
0.0
0.0
0.0
0.0
0.0
0.0
0.0
0.0
0.0
0.0
3.71477
0.0
0.0
2.31983
0.0
0.0
0.0
0.0
0.0
3.35888
0.0
0.0
0.0
0.0
0.0
0.0
0.0
0.0
0.0
0.0
0.36428
0.0
0.0
0.0
0.0
0.0
0.0
1.19305
0.0
0.0
1.48234
0.0
0.0
0.0
0.0
1.45744
0.0
0.0
0.0
0.0
1.06967
0.0
3.98658
0.0
4.7829
0.0
0.0
0.0
0.0
0.0
0.0
0.0
0.0
0.0
0.0
0.0
0.0
0.0
0.0
0.0
0.0
0.0
0.0
0.0
0.0
4.41101
0.0
0.0
0.556859
0.0
2.77617
0.803471
0.0
0.0
0.0
0.0
0.0
0.0502725
0.0
0.0
0.0
0.5006
0.0
0.0
0.0
0.0
0.0
0.0
0.0
0.0
0.0
0.0
0.258029
0.0
0.0
0.0
0.597538
0.650605
0.541231
0.0
0.809249
0.0
0.0
1.2294
0.0
0.0
0.0
4.31028
0.0
0.0641674
0.0
0.0
0.0
2.11836
0.0
0.0
0.0
0.0
0.0
0.0
0.0
0.0
0.0
0.1861
0.0
0.0
0.0
0.0
0.0
0.0
0.0
1.36835
0.285756
0.0
0.0
0.0
0.289268
0.0
2.17696
0.0
0.0
0.0
0.0
0.0
0.0
0.0
0.0
0.0
0.0
0.0
0.663536
0.0
0.0
0.0
0.0
1.88142
0.0
2.47787
0.0
0.0
0.0
0.0
3.881
0.0
0.0
0.0
2.58773
0.0
0.0
1.7148
0.0
0.0
0.0
1.09138
0.0
0.0
0.0
4.25453
0.0
0.0
0.0
0.0
0.0
0.759406
0.0
0.0
0.127496
0.0
0.0
0.0
0.0
0.167638
2.86065
0.0
0.41674
0.0
0.0
0.0
0.0
0.0
0.852775
0.833513
0.0
0.0
0.0
0.0
0.0
0.0
0.0
0.862108
0.0
0.0
0.0
0.0
0.658818
0.0
0.0
0.417909
0.0
0.0
0.723968
0.280234
0.0
2.77746
0.0
0.0
0.614226
0.0
0.0
0.0
0.0
0.0
1.19681
0.0486101
0.0
0.0
0.0
0.0
0.0
0.0
0.0
0.0
0.0
0.0
0.163638
0.0
0.0
0.0
0.0
0.0
0.0
0.0
0.0
0.0
0.0
0.0
0.0
0.0
0.0
0.0
0.0
0.0
0.0
0.0
0.0
0.0
1.51757
0.0
0.0
0.0
0.309505
0.0
0.0
0.0
0.0
0.0
0.0
0.0
0.0
0.0
0.0
0.0
1.9874
0.0
0.0
0.0
0.0
0.0
0.0
0.0
0.0
1.82639
0.0
0.0
0.0
0.200481
0.0
0.337371
0.0
0.0
0.0
3.42025
0.0
1.64471
0.0
0.0
0.0
0.0
0.0
0.0
0.0
0.0
1.18894
0.0
0.0
0.150846
0.0
0.0
0.0
1.00666
0.0
0.0
0.0
0.0
0.0
0.0
0.0
0.386718
0.0
0.0
0.0
0.0
0.0
1.58777
0.0
0.0
0.0
0.0
0.0
0.0
0.0
0.0
0.0
0.0
0.0
0.0
0.0
0.0
0.0
0.0
0.0
0.0
0.0
0.382008
0.0
0.0
0.0
0.0
0.0
0.0
0.0
0.0
0.0
0.0
0.0
0.0
0.0
0.0
0.0
0.0
0.0
0.0
0.0
0.0
0.0
0.0
0.0
0.0
0.0
0.0
0.0
0.0
0.0
0.0
0.0
0.0
0.0
0.0
0.0
0.0
0.0
0.0
0.0
0.0
0.0
0.0
0.0
0.0
0.0
0.0
0.0
0.0
0.0
0.0
0.0
0.0
0.0
2.31012
0.0
0.0
1.31657
3.01564
0.0
0.0
0.0
0.0
0.0
0.0
0.0
0.0
0.0
0.979008
0.0
0.0239931
0.0
0.0
1.30086
0.0
0.0
0.979866
0.0
0.0
0.0
0.0
0.0
0.503373
1.22325
0.0
3.75379
0.0
0.0
0.0498569
1.40475
0.0
0.457534
0.0
0.081211
0.0
0.0
0.0
0.0
0.0
0.0
0.0845179
0.0
0.0
0.0
0.0
0.0
0.0
0.0
0.0
0.0
0.833219
1.73431
0.0
0.0
0.0
0.0
0.0
0.0
0.0
3.61538
3.22805
0.0
0.0
0.0
3.45346
0.0
0.0
0.0
2.16174
0.0
0.0
2.48191
0.0
0.0
0.0
0.0
0.0
0.0
0.0
0.0
0.0
0.0
0.704936
0.0
3.02773
1.20527
0.0
0.0
0.0
0.0
0.959107
0.0
0.0
0.0
0.0
0.0
0.0
0.0
0.0
2.10611
0.0
0.0
0.0
0.0
0.0
0.0
0.0
0.614524
0.0
0.245359
0.0
0.0
0.0
0.0
2.52912
0.0
0.0
0.0
1.97903
0.154868
0.0
0.0
0.0
0.0
0.0
0.0
0.0
0.0
0.0
0.0
0.0
0.0
0.0
0.0
0.0
0.0
3.06324
0.659859
0.0
0.472174
0.0
0.0
0.0
0.544027
0.0
0.0
0.0
0.0
0.32345
0.0
0.333833
0.0
0.0
0.0
0.0
0.0
0.0
0.249367
0.0
0.0
0.0
0.0
0.0
0.0
0.0
0.0
0.0
0.0
0.0
0.382887
0.0
0.0
0.0
0.0
0.0
1.62301
0.144383
0.0
0.0
0.620136
0.0
0.0
0.0
0.0
0.0
0.0
0.0
0.0
0.0
0.0
0.0
0.0
0.291225
0.0
0.0
0.0
0.0
0.0
0.0
3.38126
0.961332
0.0
0.0
0.0116692
0.0
0.0
2.84594
0.0
0.0
0.0
0.0
0.0
0.0
0.0
0.0
2.10361
0.0
0.0
0.0
0.0
0.0
0.909909
0.0
0.0
0.0
0.0
0.0
0.551556
3.88936
0.0
0.0
0.0
0.0
0.0
0.0
1.50969
0.0
0.0
0.0
0.0
0.0
0.0
0.0
0.0
0.0
0.0
0.0
0.0
0.0
0.0
0.0
0.0
0.0
0.00936688
0.0
0.0
0.0
0.0
0.0
0.0
0.2308
0.0
0.0
0.0
0.0
0.0
0.0
0.0
0.0
0.0
0.0
0.0
0.0
0.0
0.0
0.0
0.0
0.0
0.497676
1.02488
3.1111
0.0
0.0
0.0
0.218183
0.0
0.0
0.864075
0.0
3.52257
0.0
0.0
0.0
0.0
0.0
0.0
0.0
0.0
0.0
0.0
0.0
0.0
0.0
0.0
2.64023
0.0
0.0
0.105126
1.46123
0.0
0.0
0.0
0.0
0.0
0.0
1.26917
0.0
0.0
0.0
0.0
0.0
0.0
0.0
0.0
0.0
0.865392
0.0
0.0
0.0
0.0
0.0
0.0
0.0
0.0
0.0
0.0
0.0
0.201573
0.0
3.92575
0.0
2.43051
0.0
0.0
0.0
0.0
0.0
0.0
0.0
0.0
0.0
0.0
0.0
0.0
0.0
0.0
4.26954
0.0
0.0
0.0
0.0
0.0
0.0
0.818566
0.0
0.0
1.15169
0.0
0.0
0.0
0.0
0.0
0.0
1.26897
0.0
0.0
0.0
0.0
0.0
0.0
0.0
0.0
0.0
0.0
0.0
0.0
0.0
0.0
0.131183
0.0
0.0
0.0
0.0
0.0
0.0
0.0
0.0
0.0
0.0
0.0
0.0
0.0
0.0
0.333502
0.182853
0.0
0.0
0.0
0.0
0.0
0.0
0.0
0.923807
1.0068
0.227249
0.0
1.94307
0.0
0.0
1.15011
0.0
0.0
0.0
0.0
0.0
0.0
0.0
0.0670609
0.0
0.0
2.60181
2.13667
0.0
0.0
0.781827
0.0
0.0
0.0
0.0
0.0
1.44541
0.996266
0.0
0.0
0.0
0.0
0.0
0.0
0.0
0.0
0.0
0.0
0.0
0.0
0.0
0.0
0.0
0.0
0.0
0.120497
0.0
0.0
1.14148
0.0
0.0
0.0
0.0
2.83928
0.0
0.0
0.0
0.0
0.0
0.0
0.0
0.0
0.0
0.0
0.0
0.0
0.0
0.0
0.0
0.0
2.3823
0.636719
0.0
1.34382
3.06995
0.0
0.0
0.0
0.0
0.0
0.0
0.0
0.0
0.0
0.685645
0.0
0.0
0.0
0.0
0.0
0.0
1.10545
2.34885
0.0665353
0.0
0.0
0.0
0.0
0.0
0.0
0.0
0.0
0.0
0.0
0.0
0.0
0.0
0.550602
0.0
0.0
0.0
1.97846
0.0
1.01507
0.0
0.28014
0.0
0.0
0.0
0.0
0.0
0.0
0.0
0.0
0.0
0.219265
0.0
0.0
0.0
0.0
0.0
0.0
0.0
0.0
0.0
0.0
0.0
0.0
0.0
0.0
0.0
0.0
0.0
0.0
0.583971
0.0
0.0
3.71265
0.0
0.0
0.0
0.0
0.0
0.0
0.0
0.0
0.0
0.0
0.0
1.23005
0.0
0.0
0.0
0.0
0.0
0.0
0.595
4.26403
0.0
0.0
0.0
0.38914
0.0
4.2895
0.0
0.0
0.0
0.0
0.193764
0.0
0.0
0.0
0.0
0.0
0.298492
0.81697
0.0
0.0
0.0
0.0
0.0
0.0
2.21437
0.0
0.0
0.0
0.0
0.0
0.0
0.0
0.0
0.0
0.0
0.861015
0.0
0.0
0.0
0.0
0.0
0.0
0.0
0.0
0.0
0.0
0.0
4.52114
0.0
0.0
0.735094
0.0
0.0930949
0.0
0.0
0.0
0.0
0.0
0.0
0.960609
0.0
0.0
0.0
1.67953
0.0
0.0
0.0
0.849597
0.0
1.02602
0.0
0.0
0.0
0.0797087
0.0
0.0
0.0
0.0
0.0
0.396582
0.0
0.0
0.0
0.0
0.0
0.0
0.0
0.0
0.0
0.0
1.32518
0.0
0.0
0.0
0.0
0.0
0.0
1.05129
0.0
0.0
0.0
0.0
0.0
0.0
0.0
0.0
0.0
0.0
0.0
0.0
1.81974
0.0
1.14279
0.0
0.0
0.0
0.0
0.0
0.0
2.30056
0.754557
0.0
0.0
0.0
0.0
0.0
0.0
0.0
1.62925
0.0
0.0
0.0
0.0
0.0
0.0
0.0
1.46114
0.0
0.0
1.53798
0.0
0.0
0.0
0.0
0.0
0.0
0.0
0.0
0.0
0.0
0.0
0.693513
0.0
3.18709
0.0
0.0
0.0
0.0
0.0
0.0
0.0
0.0
0.0
0.0
1.14326
0.0
0.0
0.0
0.0
0.0
0.0
0.871637
0.0
4.45346
0.0
0.0
0.0
0.0
0.0
0.377792
0.0
0.0
0.0
0.0
0.393168
1.08547
0.337353
0.0
0.0
0.0
0.0
0.0
0.0
0.0
0.321798
0.0
0.0
0.0
0.0
0.755742
0.0
0.0
0.0
0.0
0.0
0.0
0.0
0.0
0.0
0.0
0.0
0.0
0.0
0.0
0.0
0.0
1.6767
0.0
0.0
0.0
0.0
3.12439
1.54239
0.0
0.0
0.0
2.49978
0.0
0.0
0.0
0.0
0.0
0.0
0.0
0.0
0.0
0.0
0.0
0.0
0.0
0.0
0.0
0.0
0.0
0.0
0.0
0.0
0.0
1.9209
0.0
0.0
1.73823
0.0
0.0
0.0
0.0
0.0
0.0
0.0
0.218477
1.83702
0.0
0.0
0.0
0.0
0.0
0.0
0.0
0.893555
0.0
0.0
0.0
0.0
0.0
0.24982
2.4347
0.0
0.0
0.0
0.0
0.0
1.68492
0.0
0.0
0.0
0.0
0.0
0.0
0.0
0.0
0.0
0.0
0.0
0.0
0.0
0.0
0.0
0.0
0.0
0.664805
0.0
0.0
0.0
0.0
0.541369
0.0
0.0
0.0
0.0
0.0
0.0
0.0
0.0
0.0
0.0
0.852563
0.0
0.0
1.14626
0.0
0.0
0.0
5.08762
0.0
0.0
0.0
0.0
1.65539
0.0
0.0
0.0
0.0
0.0
0.0
1.04145
0.0
0.0
0.0
0.0
0.204482
0.0
0.0
0.801789
0.0
0.0
1.68315
0.0
0.0
0.0
0.0
0.0
0.0
0.424272
0.0
0.0
0.490278
0.0
0.604891
0.0
0.0775629
0.0193906
0.0
0.0
0.0
2.51659
0.0591138
0.0
0.0
0.0
0.0
0.0
0.0
0.0
0.0
2.26634
0.0
0.0
0.0
0.0
0.188576
0.0
0.0
0.0
2.0185
0.0
0.0
4.80682
0.0
0.0
0.0
0.0
0.0
0.0
0.0
0.0
0.0
0.0
0.0
0.0
0.256431
0.0
0.0
2.18795
0.0
0.0
0.0
0.0
0.064827
2.71948
0.0
0.0
0.0
0.0
0.0
0.0
0.0
0.0
0.0
0.0
0.0
0.0
0.212225
0.0
0.0
0.0
0.0
0.0
0.0
0.0
0.0
0.0
0.0
0.666747
0.0
0.0
0.0
0.0
0.0
0.0
0.0
2.55501
3.55123
0.0
2.82685
0.0
0.0
0.0
0.0
0.0
0.0
0.0
0.0
0.0
1.76943
0.0
0.0
0.0
1.38023
0.0
0.0
0.0
1.99738
0.0
0.0
0.0
0.0
0.0
0.0
0.0
1.61227
2.41116
4.88977
1.00134
0.0
0.0
0.0
0.14151
0.0
0.0
0.0
1.6889
0.0
0.558613
0.0
0.0
0.0
0.0
0.0
0.807095
0.0
0.0
0.0
0.0
3.97289
0.0
0.0
0.0
0.0
0.0
0.0
0.0
0.0
0.0
0.899077
0.0
0.0
1.76901
0.0
2.45962
0.0
0.0
0.0
0.0
0.0
4.31914
0.0
0.0
0.0
0.0
1.01524
0.0
0.0
0.0
0.0
2.66315
2.4241
0.0
0.0
0.0
0.0214857
0.0
0.162052
0.0
0.0
4.02929
0.0
0.0
0.781278
0.0
0.0
0.0
0.0
3.67328
0.252162
0.0
0.0
0.0
1.59496
0.853102
1.63938
0.0
0.0
0.0
0.0
0.0
0.0
0.0
0.0
0.0
0.0
0.0
0.0
0.0
0.0
0.0
0.0
0.0
0.0
0.0
0.0
4.0741
0.0
0.0
0.0
0.0
0.0
2.64491
0.0
0.0
0.0
0.0
0.0
0.0
1.59545
0.0
0.0
0.0
0.0
2.67321
0.0
0.0
0.0
0.0
0.0
0.0
0.0
0.0
0.0
0.0
0.0
0.0
0.0
0.339159
0.0
0.0
0.0
0.0
0.0
1.14813
0.0
0.0
0.515634
0.0
0.0
0.0
0.0
0.94047
0.0
0.0
0.0
0.884874
0.449629
0.0
0.0
0.505081
0.0
0.0
0.0
0.0
0.0
0.0
0.0
0.0
0.0
0.0
0.0680307
0.0
0.0
0.0
0.0
0.0
4.18253
0.0
2.46484
0.0
5.28487
0.0
0.0
4.15417
0.0
0.0
0.0
0.0
1.82223
0.0
0.309802
2.36615
0.0
0.0
0.0
0.0
0.0
0.0
0.0
0.0
0.0
0.0
0.0
0.0
0.0
0.0
4.05472
0.0
0.0
0.0
0.0
0.0
0.0
0.0
0.0
0.514199
0.609495
0.0
0.255348
0.0
0.0
1.21833
0.0
0.353502
0.0
2.28411
0.0
0.0
4.48653
0.0
0.0
0.0
3.92952
0.0
0.0
0.0
0.0
4.17248
0.882094
0.0
0.0
0.0
0.0
0.227038
0.0
0.0
0.0
0.0
3.74879
0.0
0.0
1.93539
0.0
0.0
0.0
0.0
0.0
0.0
0.0
0.0
0.0
1.62654
0.0
0.0
0.0
0.0
1.92147
0.0
3.14739
0.0
0.0
0.0
0.0
0.0
0.0
0.0
0.0
1.75296
0.0
0.0
0.0
0.118143
0.978663
0.969467
0.0
1.74375
0.0
3.56775
0.105043
0.0
0.0
0.0
0.0
0.0
0.0
0.0
0.0
0.0
0.0
0.0
0.213088
0.0
0.0
0.0
0.0
0.0
0.0
0.0
0.0
0.0
0.0
0.0
0.371516
0.0
0.0
0.0
0.0
0.0
0.0
0.0
0.0
0.0
0.0
0.0
2.3174
0.0
0.0
0.346686
0.0
0.0
0.0
0.0
0.0
0.0
0.0
1.83157
0.0
0.0
0.0
0.0
0.122546
0.0
0.5363
0.0
0.0
1.37126
0.0
0.0
0.0
0.0
0.0
0.0
0.0
0.0
4.43528
0.0
0.0
0.0
0.0
0.0
0.0
1.18102
0.0
0.0
0.0
0.0
0.0
0.0
0.0
0.0
0.0
0.0
0.0
0.0
0.251083
0.0
0.0
0.0
0.0
4.19663
0.0
0.0
0.0
0.0
0.748823
0.0
0.369846
0.0
0.0
0.0
0.0
0.0
0.0
0.0
0.0
0.0
0.928514
0.0
0.0
0.0
0.0
0.0
0.0
0.0
0.0
0.0
0.0
0.0
