0.0
0.618429
3.51353
0.0
2.68058
0.0
1.0507
0.0
0.0
0.0
0.0
0.0
0.0
0.0
0.0
0.0
0.0
0.0
0.0
0.0
0.0
0.0
0.0
0.0
0.0
0.0
0.0
0.0
0.0
0.0
0.0
0.483489
0.0
5.82688
0.0
0.0
0.0
0.0
0.0
0.0
0.0
0.0
2.24925
0.0
0.0
0.0
0.0
0.262137
0.0
1.16897
1.34086
1.2476
0.0
0.0
0.0
0.0
0.0
0.0
0.0
0.0
0.0
0.0
0.0
1.06384
0.0
0.0
0.0
0.0
0.0
0.0
0.0
0.0
0.0
0.0
0.0
0.0
0.0
0.0
0.0
0.0
0.148118
0.0
0.0
0.0
0.0
0.0
0.0
0.63623
0.0
0.0
0.0
0.0
0.0
0.0
0.0
0.0
0.0
0.0
0.442783
0.0
0.0
0.0
1.04884
0.0
0.0
0.0952096
0.0
0.0
0.0
0.0
0.0
0.0
0.0
0.76858
2.1544
0.0
0.0
0.0
0.0
0.0
0.0
0.0
0.0
0.0
2.04278
0.0
0.0
1.56998
0.0
0.0
0.0
0.0
0.0
0.0
0.0352231
0.0
2.72672
0.0
0.0
0.0
0.0
0.0
0.0
0.0
0.510504
0.0
0.0
0.0
1.02528
0.0
0.0
0.0
0.0
0.0
0.0
0.0
0.0
0.11673
0.0
0.0
1.7674
0.0
0.0
0.0
0.0
0.0
0.0
0.0
0.0
1.75942
0.0
0.0
1.97142
0.0
0.0
0.0
0.0
0.0
0.0
0.0
0.0
0.0
0.0
0.0
0.0
0.437409
0.0
0.0
0.0
0.0
0.0
0.0
0.0
1.34128
0.0
0.0
0.0
0.0
0.0
0.500076
0.0
0.0
0.0
3.7171
0.0
0.0
0.0
0.0
0.0
0.0
0.0
0.0
0.0
0.0
0.0
0.0
0.0
0.0
0.0
0.408062
0.0
0.0
0.0
0.0
0.614202
0.0
0.0
1.16596
0.0
0.0
0.0
0.0
0.0
0.0
0.0
0.0
0.0
0.0
0.0
0.0
0.0
0.0
0.0
1.89734
0.0
0.0
0.0
0.976215
0.0
0.0
0.0
1.25707
0.0
0.0
0.0
0.0
0.0
0.0
0.0
0.0
0.0
0.0
2.74381
0.0
0.0
0.0
0.0973668
0.0
0.180639
3.87278
0.0
0.95692
0.0
0.0
0.0
0.0
0.346388
0.0
0.0
0.0
0.0
1.64081
0.0
0.0
0.0
0.0
0.0
0.0
0.0
0.0
0.0
0.0
0.0
0.0
0.0
0.0165572
0.0
0.0
0.0
0.067161
0.0
3.41265
0.610244
0.0
0.0
0.209198
0.0
0.0
0.0
0.0
0.0
0.0
0.0
0.12312
0.0
0.0
0.0
0.0
0.0
0.0
0.0
0.0
0.0
0.0
3.07974
0.0
0.0
0.0
0.0
1.05377
0.0
0.0
0.0
0.0
2.00053
0.0
0.0
0.0
0.0
0.0
0.0
0.0
0.0
0.0
0.0
2.20179
0.0
0.0
0.104372
0.0
0.0
0.701272
0.0
0.0
0.0
0.0
0.0
0.0
0.0
2.71724
0.0
0.0
0.0
0.0
0.0
0.426386
0.0
0.0
0.0
0.0
0.0
0.0
0.0
0.0
0.0
0.0
0.0
0.0
0.0
0.915975
0.0
0.0
0.498608
0.633078
0.0
0.0
0.0
5.61053
0.401218
0.525066
0.0
0.0
0.0
1.77829
0.0
2.0945
3.00925
0.0
0.0
0.0
0.0
0.0
0.0
0.0
0.0
0.0
0.0
0.0
0.0
0.0
0.0
0.0
0.0
0.0
0.0
0.0
0.0
0.0
0.0
0.111994
0.0
0.0
0.0
0.0
0.0
0.0
0.0
0.0
0.251251
0.0
0.237749
0.0
0.0
0.0
0.0
0.0
0.0
0.0
0.0
0.0
0.0
0.0
0.0
0.0
1.58452
0.0
0.0
0.0
1.4226
0.0
0.0
2.49975
0.0
2.72211
0.0
0.0
0.0
0.0
0.0
0.166125
1.09889
0.0
0.859927
0.0
0.0
0.0
0.869832
0.0
1.72652
0.954583
0.0
0.760647
0.0
0.0
0.0
0.0
0.0
0.0
1.19645
0.0
0.0
0.0626993
0.0
0.756912
0.0
0.0
0.0
0.0
0.0
0.0
0.0
0.0
0.0
0.0
0.0
0.0
0.0
0.842056
0.0
0.0
0.0
0.0
0.0
0.0
1.05245
0.0
0.0
0.0
0.0
0.0
0.0
0.0
0.0
0.0
0.0
0.0
0.0
0.0
0.0
0.0
0.0
0.0
0.0
0.455194
2.17065
0.0
0.0
0.0
0.0
0.0
0.0
0.0
0.34555
3.56751
0.0
0.0
0.635843
0.0
0.566866
0.0
0.0
0.0
0.245338
0.0
0.753384
0.0
0.0
0.0
0.0
0.0
0.0
0.0
0.0
0.0
0.404866
0.0
0.0
0.0
0.5194
0.0
0.0
0.0
0.0
0.191374
0.0
0.0
0.0
0.0
0.0
0.0
0.0
0.0
0.890498
0.857296
2.53604
0.0
0.0
0.0
0.0
0.0
0.0
0.0
0.893834
0.0
0.0
0.0
3.45006
1.47201
0.0
0.0
0.0
0.0
0.0
0.0
0.0
0.0
4.68494
0.0
1.25971
0.0
0.0
0.0
0.0
0.0
0.0
0.0
0.0
0.0
1.80932
0.0
0.0
0.0
0.0
0.0
0.733274
0.472807
0.0
0.0
0.0
0.0
0.928464
0.0
0.0
0.0
1.71925
0.0
0.0
0.0
0.0
0.0
0.0
0.0
0.0
0.0
0.410572
0.410638
0.808965
0.0
0.0
0.215044
0.0
0.0
0.0
1.15539
0.0
0.0
0.0
0.0
0.0
0.0
0.0
3.11597
0.0
0.0
0.0
0.0
0.0
0.452874
0.0
0.0
2.35919
0.762897
0.0
0.0
0.0
3.72895
0.0
0.0
0.0
0.0
0.0
0.0
0.688472
0.0
0.0
0.0
2.22835
0.0
0.236201
0.0
0.0
0.0
0.0
2.9997
0.0
0.0
0.0
0.0
0.0
0.0
0.0
0.0
0.0
0.0
0.0
0.0
0.0
0.0
0.0
0.0
0.0
0.0
0.0
0.0
0.0
0.0
0.0
0.0
0.0
0.0
0.0
0.0
1.84291
0.0
0.0
0.0
0.0
0.0
0.0
0.0
0.0
0.0
0.0
0.0295881
1.48058
0.816144
0.0
0.0
0.0
0.0
0.0
2.97877
0.0
0.0
1.67874
1.54709
0.0
0.0
4.16914
0.0
0.0
0.0
0.0
0.0
0.0
1.3526
0.0
0.0
0.0
0.0
0.0
0.0
0.0
0.0
0.0
0.0
1.64071
1.57134
1.1304
0.0
2.18468
0.66081
0.0
0.0
0.0
0.0
0.0
0.0
0.0
0.0
0.0
0.0
0.0
0.0
0.0
0.0
0.0
4.19163
0.0
3.8547
0.0
0.0
0.0
0.0
0.0
0.0
0.0
0.0
0.0
0.0
0.0
1.80791
0.0
0.0
0.0
0.0
4.26391
0.0
0.0
0.0
0.0
0.0
0.888555
0.0
0.0
0.26664
0.0
0.0
0.0
0.0
0.0
1.56266
0.0
0.0
0.0
0.0
0.253857
0.0
1.3886
0.0
0.0
0.0
0.0
0.0
0.0
0.975319
0.0
0.0
0.0559449
0.0
0.0
0.0
0.0
0.0
0.0
0.0
0.0
0.0
0.0
0.0
0.0
0.0
1.91508
0.0
0.456093
1.74217
0.0
0.130746
1.67981
0.0
0.0
0.0
0.0
0.0
2.75408
0.0
0.0
0.0
0.0
0.0
1.36746
3.79176
0.0
0.0
0.0
0.0
0.0
0.0
0.0
0.0
0.0
0.0
0.283717
0.0
0.0
0.0
0.0
0.0
0.0
2.27332
0.0
0.0
0.0
0.0
0.0
0.0
0.0
0.0
0.0
1.35318
0.0
1.38696
0.496512
0.0
0.0
0.0
5.30574
0.0
0.0
0.0
0.0
0.0
0.0
0.0
0.0
0.0
0.0
0.0
2.0378
0.0
0.0
0.0
0.0
0.0
0.0
0.0
0.0
1.67031
0.0
0.0
0.0
0.777506
0.0
0.76355
0.0
0.0
0.0
1.94887
0.0
0.0
0.0
0.0
1.15335
0.0
0.0
0.0
0.0
0.0
0.0
0.879015
0.0
0.0
0.0
0.0
1.77405
0.0
0.0443969
0.0
0.0
1.93421
0.0
0.0
0.0
0.0
0.0
0.0
0.0
0.0
0.0
1.18158
0.0
0.0
0.0
0.0
0.0
0.0
0.0
3.22719
0.0
0.0
0.605428
0.0
0.0
0.0
0.0
0.0
0.0
2.1091
0.0
0.0
0.0
0.0
0.0
0.0
1.88937
2.42551
0.0
0.0
0.0
0.0
0.0
0.0
0.0
1.05801
0.0
0.481313
0.0
0.0
0.0
0.0
0.0
0.0
0.0
0.0
0.0
0.0
0.0
0.0
0.0
0.0
0.11102
0.0
0.0
0.0
0.0
0.0
0.0
0.0
0.0
0.0
1.39354
0.0
0.0
1.84523
0.0
0.273647
0.0
0.0
0.0
0.0
2.77452
0.0
0.0
0.0
0.388028
0.0
0.0
0.0
0.0
0.0
0.0
0.0
0.0
0.916244
0.0
0.0
0.0
0.0
0.0
0.0
0.0
0.0
0.0
0.215256
0.0
0.0
0.0
0.0
0.769519
0.0
0.0
0.0
0.0
4.68767
0.0
0.0
0.0
1.15294
1.56102
0.0
0.0
0.0368641
0.0
2.56819
0.0
0.0
2.40316
0.0
0.0
0.0
0.0
0.0
0.0
0.0
0.0
0.0
0.0
0.0
0.0
0.0
0.0
0.0
0.0
0.0
0.0
0.0
0.0
0.0
0.0
0.108447
0.0
0.0
0.0
0.0
0.0
0.0
0.952772
0.0
0.302813
0.0
0.0
0.0
0.108096
0.0
0.0
0.0
0.0
0.0
0.0
0.0
0.0
0.0
0.0
0.0
0.0
0.0
0.797564
0.0
0.0
0.0
0.0
0.0
0.0
0.0
0.0
0.0
0.0
0.0
0.0
0.0
0.0
0.319322
0.0
2.17151
0.0
0.0
1.83574
0.0
0.0
0.0
0.0
0.0
0.0
0.0
0.0
0.0
0.0
0.0
0.0
0.0
0.0
0.0
0.495694
0.0
0.0
0.0
0.0
2.79715
0.91126
0.0
0.0
0.0
2.57204
0.0
1.65764
0.0
0.0
0.0
0.0
1.60183
0.656414
0.0
0.0
0.0
0.0
0.0
0.0
0.0
2.1362
0.0
0.0
0.0
0.0
0.0
0.0
0.0
0.0
0.0
0.0
0.0
0.0
0.0
0.547579
0.0
0.0
0.0
0.989514
0.0
0.0
0.0
1.52329
0.0
0.0
0.0
0.0
0.0
2.31356
0.0
0.0
4.38235
0.0
0.54022
0.0
0.0
0.0
0.649244
0.0
0.0
0.0
0.0
0.0
0.0
0.0
0.0
0.0
2.41479
0.0
0.0
0.0
0.0
0.0
0.0
0.0
0.0
0.938037
0.721369
0.0
1.21975
0.22566
0.0
0.0
0.0
0.0
3.5972
0.0
0.0
0.0
0.0
0.0
0.0
0.0
0.0
0.0
0.0
0.0
0.0
0.0
0.0
0.0
0.0
0.0
1.07522
0.0
0.0
0.0
2.88128
0.0
4.87776
1.43618
3.52997
0.0
0.0
0.0
0.0
0.0
0.0637408
0.0
0.0
0.0
0.0
0.0
3.57764
0.0
0.0
2.9708
0.0
0.0
0.0
0.0
0.0
0.397415
0.0
0.0
0.0
0.0
0.495079
0.0
0.0
0.0
0.799065
0.0
0.0
0.0
0.0
0.18378
0.0
0.0
0.85949
0.0
0.557076
0.0
0.0
0.0
0.0
0.0
0.0
0.0
0.0
0.0
0.537128
0.0
0.0
0.0
0.0
0.0
0.0
0.0
0.0
2.17559
0.0
0.0
0.0
0.0
0.0
0.0
0.0
0.0
0.0
0.0
0.0
0.0
0.0
0.0
0.0
0.0
0.0
0.590016
0.0
6.09345
0.0
0.0
1.24115
0.0
0.0
0.0
0.0
0.0
0.0
0.0
0.832889
1.74327
0.709151
0.0
0.0
0.0
0.0
1.18561
0.0
1.1382
1.36375
0.0
0.0
0.0
0.0
0.0
1.41024
0.0
4.44011
0.0
0.0
0.0
0.0
0.0
0.0
0.0
0.0
0.346186
0.0
0.0
0.0
0.0
0.0
0.0
0.0
0.0
1.62825
0.615347
0.0
0.0
0.0
0.0
0.0
0.0
0.0231206
0.0
0.0
0.0
1.52406
0.0
0.181842
0.0
0.0
0.0
0.0
0.0
0.0
0.0
0.0
0.0
0.0
0.371564
0.0
1.97414
0.0
0.0
0.708212
0.0
0.0
0.0
0.0
0.0
0.0
0.0
0.0
0.031519
0.0
0.0
0.711322
0.0
3.72341
0.0
0.0
0.0
0.0
0.0
0.0
0.0
0.0
0.0
0.0
0.0
0.0
0.0
0.0
0.0
0.0
0.940712
0.0
0.0
0.0
0.0
0.0
0.0
0.0
0.0
1.68023
1.48249
0.0
0.0
0.0
0.0
0.0
0.0
0.0
1.66695
0.0
0.0
0.0
0.0
0.0
0.0
0.0
0.0
0.0
1.24396
0.0
0.0
0.0
0.0
0.0
0.0
0.0
0.0
0.0
0.0
0.0
1.40428
0.0
0.0
0.0
0.0
0.0
0.0
0.0
1.01392
0.0
0.0
0.0
0.0
0.0
0.0
0.0
2.53571
0.0
0.0
0.0
0.0
0.0
0.0
0.0
0.487544
0.0
0.568937
2.79394
0.0
0.0
0.0
0.0
0.0
0.0
0.0
0.0
0.0
0.170069
0.0
0.0
0.0
0.0
0.0
0.0
0.0
1.44842
0.0
0.180905
0.0
0.0
0.0
0.0
0.0
0.0
0.0
3.97383
0.0
0.582542
0.0
0.0
0.0
0.0
0.0
0.0
1.85713
0.0
0.0
2.40551
0.0
0.0
0.0
0.0
0.0
0.0
0.0
0.0
0.0
0.0
0.0
0.0
0.0
0.0
0.0
0.0
0.0
0.0
0.0
0.0
0.0
0.0
0.0
0.0
0.0
1.53511
0.0
5.09822
0.0
0.0
0.0
0.0
0.0
1.33501
0.684632
0.0
0.0
0.0
0.0
0.0
0.0
0.0
0.0
0.0
0.0
0.0
0.181057
0.0
0.0
0.0
0.0
0.0
0.0
0.0
0.0
0.0
0.0
0.0
0.0
0.0
0.0
1.07675
0.926943
0.0
1.97373
0.0
0.0
0.0
0.0
0.0
0.0
1.9321
0.0
0.0
0.0
0.0
0.0
0.0
0.516425
0.0
0.0
0.0
0.0
0.0
0.0
0.0
0.0
0.0
0.0
0.345193
0.0
0.0
0.0
0.0
0.0
2.46734
0.176527
0.0
0.0
2.50138
1.43198
0.0
0.0
1.01094
0.769664
0.0
0.0
0.0
0.0
0.0
3.23824
0.0
0.0
0.0
0.0
0.0
0.0
0.0
0.0
0.498515
0.0
0.0
0.0
0.0
1.09926
0.0
0.0
0.0
0.0
0.0
0.0
3.98135
0.523947
0.0
0.0
0.0
0.0
3.20917
0.0
0.0
0.0
0.0
0.0
1.42528
1.72694
0.0
0.0
0.0
0.0
0.0
0.0
0.0
0.0
0.0
0.410953
0.0
0.0
0.0
0.0
0.0
0.0
1.22799
0.0
0.0
0.0
0.0
0.0
0.0
0.0
0.0
1.31198
0.0
0.0
0.0
1.66377
0.0
0.0
0.0
0.0
0.0
0.0
0.0
0.0
0.0
0.0
1.00457
4.96832
0.0
0.0
0.0
0.0
0.413079
0.0
0.215414
2.31525
0.0
0.0
0.0
0.0
0.0
0.0
0.0
1.85186
1.48152
0.0
0.0
0.0
0.0
0.0
0.0
0.0
0.0
0.0
0.0
0.0
0.0
0.0
0.0
0.0
0.0
0.0
0.0
0.0
0.0
0.0
0.0
0.0
0.0
0.0
0.0
0.0
0.0
0.0
0.0
0.0
1.614
0.0
0.0
0.0
1.54697
1.88931
0.0
0.0
0.0
0.0
0.0
0.0
0.0
0.0
0.0517316
0.0
0.0
0.789005
0.0
0.0
0.0
0.0
0.0
0.0
0.0
3.14243
0.0
0.0
0.0
0.0
0.0
0.0
0.0
0.0
0.0
0.950245
0.0
0.0
0.0
0.0
0.0
0.0
0.0
0.0
0.0
0.0
0.0
0.0
0.284322
4.09348
0.0
0.0
0.0
0.0
0.0
1.67033
0.0
0.0
0.0
0.0
0.0
0.0
0.0
4.00628
0.0
0.0
0.248636
0.0
0.0
0.0
0.0
0.0
0.746562
0.0
0.0
1.47075
0.0
0.0
1.28991
0.0
0.0
0.0
0.142658
0.0
0.0
1.93146
0.0
0.0
0.0
0.0
0.0
0.0
0.0
0.0
0.0
0.0
0.0
0.0
0.0
0.0
0.0
0.0
0.0
0.0
0.0
0.0
0.0
0.0
1.25281
0.0
0.0
0.0
0.0
0.694161
0.0
0.0
0.0
0.0
0.0
0.0
0.56518
0.0
1.32844
0.0
0.0
0.0
0.0
1.153
0.0
0.785808
0.0
1.08488
0.0
0.0
0.0
0.0
0.0
0.0
0.0
0.0
0.0
0.0
0.0
0.0
0.0
0.0
0.0
0.0
0.0
0.0
0.0
0.0
0.0
0.0
0.0
0.0
0.681019
0.0
0.0
0.370831
0.271006
0.0
0.0
2.43367
0.58826
0.694708
0.0
0.0
0.657493
0.0
0.0
0.0
0.0
0.519035
0.0
0.0
1.21858
0.0
0.0
0.0
0.0
0.0
0.0
0.0
0.0
4.4679
0.225901
0.0
0.836229
0.0
0.0
2.57165
0.146163
0.0
0.0
0.0
0.136509
0.0
0.0
0.0
0.0
0.0
0.761152
3.65492
0.0
0.0
4.2447
0.0
5.09087
0.0
0.153849
0.0
0.0
0.0
0.0
0.0
0.0
0.0
0.0
0.0
0.0
0.0
1.74439
0.0
1.00874
0.0
0.0
0.0
0.0
0.0
0.0
0.0
0.0
0.0
0.0
4.61767
0.0
0.0
0.0
0.0
2.03353
0.0
0.0
0.0
0.0
0.0
0.0
2.64581
0.0
0.356016
0.0
0.0
0.0
0.0
0.0
0.0
0.0
0.0
0.0
2.88661
0.0
0.0
0.0
0.0
4.94383
0.0
0.0
0.0
0.0
0.0
0.0
0.0
1.98106
0.0
0.0
0.641232
0.0
0.0885433
0.0
6.0484
0.0
0.0
0.0
0.0
0.0
4.7349
0.0
0.0
0.0
0.0
0.0
0.0
0.0
0.0
0.0
0.0
0.0
0.0
0.0
0.0
0.0
0.0
0.0
0.730717
0.0
0.0
0.0
0.0
1.31283
0.0
0.0
0.0
0.0
0.0
0.0
2.84229
0.0
0.0
0.0
1.78301
0.0
0.0
0.0
0.0
0.0
3.78627
0.0
4.35469
0.0
4.21603
0.0
0.0
0.0
0.0
0.0
0.0
0.0
0.4417
0.0
0.0
0.0
1.51316
4.27158
0.0
0.0
0.0
0.0
1.17023
0.0
0.0
0.0
1.16161
0.0
0.0
0.0
0.0
0.0
0.0
0.0541744
0.0
0.0
0.0
0.0
0.542841
0.0
0.0
0.395353
0.0
0.0
0.0
0.0
0.0
0.0
0.0
0.0
0.0
0.0
1.49525
0.0
0.0
0.847658
2.44058
0.0
0.0
1.53261
0.0035035
0.0
0.0
0.0
0.0
0.0
0.0
0.0
0.0937071
0.0
0.0
0.0
0.0
0.0
0.0
0.0
0.0
1.94719
0.0
0.0
0.0
0.0
2.08937
0.0
0.0
0.0
0.0
0.0
0.0
0.0
0.0
0.0
0.0
1.01979
0.0
0.0
0.0
0.58349
0.0
0.906102
0.0
0.0
0.216766
2.90101
0.0
0.0
0.0
0.0
0.0
0.0
0.0
0.0
0.0
0.0
0.0
0.0
0.0
0.749995
0.0
0.0
0.0
0.0
2.07058
0.0
0.0
0.0
0.0
0.0
0.0
1.23476
0.0
0.0
0.0
0.0
1.78223
0.0
5.16868
0.0
3.54554
0.0
0.0
0.0
0.0
0.0
0.857913
0.0
0.0
0.0
0.0
0.0
0.0
0.0
0.0
0.0
0.0
0.599721
0.0
0.0
0.0
3.34535
0.0
1.3698
0.470448
0.0
0.0
1.3834
0.0
0.0
0.0
0.0
0.0
0.0
0.0
0.0
0.0
0.0
0.0
0.0
0.0
1.14708
0.0
0.0
0.0
2.05097
0.188412
0.0
0.0
0.0
0.0
0.0
0.0
0.336521
2.88329
0.0
0.279484
0.0
0.0
0.0
0.0
0.0
0.0
2.2677
0.0
0.0
0.0
0.0
0.0
0.0
0.0
0.0
0.0
0.0
0.0
0.0
0.0
0.0
0.0
1.78225
0.0
0.0
0.0
0.0
0.0
0.0
0.0
1.46796
0.0
0.0
0.0
0.0
0.0
0.0
4.41334
0.0
0.0
0.0
0.0
0.0
0.0
0.0
0.0
0.0
0.0
0.0
0.0
0.0
0.0
0.0
0.445558
0.0
0.0
3.16111
0.0
0.0
0.0
1.53937
0.259655
0.0
0.0
0.0
0.544699
1.38831
2.02333
0.0
0.0
0.0
0.0
0.0
0.0
0.0
0.0
1.76517
0.0
0.18262
0.0
0.0
0.0
0.0
0.0
0.0
0.928744
0.468472
1.97934
0.0
0.0
0.0
1.59883
0.987786
0.0
0.0
0.0
0.0
0.0
0.0
1.04756
0.0
0.239596
0.0
0.0
0.0
0.0
0.0
0.0
0.0
0.0
0.0
0.0
0.0
0.0
0.0
0.0
0.582153
0.0
0.0
0.0
1.94381
0.0
3.78457
2.61596
0.0
0.0
0.0
0.365287
0.0
0.0
0.0
2.09398
1.98984
0.0
0.0
0.0
0.0
2.19854
0.0
0.0
0.0
0.0
0.0
0.0
1.099
0.0
0.0
0.0
0.0
0.320433
0.0
0.0
0.0
0.0
0.0
0.0
0.0
0.0
0.0
0.0
0.0
0.0
0.0
0.0
0.0
0.22819
0.0
0.0
0.0
0.504738
0.0
1.39945
0.0
0.0
0.0
0.0
0.0
0.0
0.0
0.0
0.0
0.0
0.0
0.0
0.211798
0.0
0.0
0.0
0.0
0.0
0.0
0.0
0.0
0.0
0.0
0.0
0.0
0.0
0.0
0.0
0.0
0.0
1.23727
0.0
0.0
0.0
0.0
0.0
0.0
0.0
0.728766
0.0
0.0
0.0
0.0
0.0
0.0
0.0
0.218524
0.0
0.0
0.0
0.0
0.0
0.0
0.0
1.16652
0.0
0.0
0.0
0.0
0.0
0.808461
0.0
0.0
0.0
0.0
0.0
0.0
0.0
0.0
1.1069
0.0
0.0
0.0
0.0
1.24023
0.0
0.0
0.0
0.0
0.0
0.0
0.0
0.0
0.0
0.0
0.0
0.106979
0.0
0.0
1.64353
0.0
0.0
0.0
0.0
0.0
0.0
0.0
0.0
0.0
0.0
0.0
0.0
0.0
0.0
3.32017
0.0
0.0
0.0
0.0
0.0
0.429098
0.0
0.0
0.0
0.0
0.0
0.0
0.0
0.0
0.0
0.0
0.0
0.0
0.0
0.0
2.19736
0.0
0.509376
0.0
0.0
0.0
0.0
0.0
0.0
0.909784
2.90665
0.0
2.37306
0.0
0.0
0.0
0.0
0.0
0.0
0.0
0.0
0.0
0.0
0.0
0.0
0.0
0.0
0.0
0.0
0.0
0.0
0.0
0.0
0.0
0.0
0.0
0.0
0.0
0.0
0.0
1.98623
0.0
0.0
0.0
0.0358612
0.0
0.0
0.0
0.267919
0.0
0.0
0.0
0.0
0.240643
0.0
0.0
0.0
0.0
0.856954
0.0
0.0
0.0
0.0
0.0
0.0
0.0
0.197975
0.0
0.0
0.0
0.0
0.0
0.0
1.03641
0.0
0.748369
0.601025
0.0
0.0
6.73626
0.0
0.0
0.0
0.748559
0.0
0.0
2.93526
0.0
0.0
0.0
0.0
0.0
0.0
0.0
0.0
0.0
0.0
0.0
0.0
0.0
0.0
0.0
0.092638
0.0
0.0
0.0
1.74602
0.0
0.0
0.0
0.0
0.954681
0.0
0.0
3.35099
0.0
0.0
0.0
0.0
0.0
0.698757
0.0
0.0
0.321553
2.59448
0.0
0.0
0.0
0.0
0.0
0.0
0.0
0.0
1.6568
1.08273
0.0
0.0
0.0568887
0.0
0.0
0.0
0.0
0.0
0.0
0.0
0.0
0.0
0.0
0.0
0.0
0.0
0.130339
0.0
0.316526
0.0
0.92413
0.0
0.0
3.84382
0.0
0.0
0.0
1.9358
1.21734
0.0
0.0
0.0
0.0
0.0
0.0
0.0
1.64183
0.0
0.0
1.24643
0.0
0.0
0.0
2.42994
0.0
0.0
0.0
0.0
0.0
0.0
0.0
0.0
0.725523
0.0
0.0
0.0
2.34066
0.0
0.0
0.0
0.0
0.0
0.0
0.0
0.0
1.31379
0.0
0.0
0.0
0.0
0.0
0.0
0.0
0.0
0.0
0.0
0.0
0.0
0.0
1.9151
1.4193
1.21612
0.0
0.94165
0.0
0.0
2.4652
0.0
0.0
1.55913
0.0
1.71092
0.0
0.0
0.0
0.640096
0.0
0.0
0.0
0.0
0.0
3.84259
0.0
0.399914
0.0
1.77795
0.0
3.33954
4.16754
0.0
0.0
0.0
0.0
0.0
0.0
0.0
0.0
0.0
0.0
0.0
0.0
0.0
0.0
0.600701
0.0
0.0
0.314027
0.0
0.0
0.0
0.0
0.0
0.0
0.0
0.609536
0.0
0.0
0.0
0.0
0.0
0.0
0.0
0.0
0.0
0.0
0.0
0.759054
0.0
0.0
0.0
0.0
0.0
0.0
0.0
0.0
0.0
0.0
0.0
0.0
1.15979
0.743409
0.0
0.364218
0.673778
0.0
0.0
0.0
0.0
0.0
0.0
0.0
0.0
0.0
0.0
0.0
0.0
0.352353
0.0
2.09072
0.0
0.0
0.0
0.519685
0.0
0.0
0.0
0.0
0.0
1.10365
0.0
0.0
0.0
0.0
0.0
0.0
4.00254
0.0
0.0
0.0
0.0
0.0
0.0
0.0
0.0
0.0
0.0
0.0
0.0
0.0
0.0
0.0
0.0
0.0
0.0
0.0
0.0
0.125779
2.07078
0.0
1.98056
0.0
0.0
0.0
0.0
0.0
1.26787
1.61058
0.787862
0.0
0.0
0.224092
0.399502
0.0
0.0
0.0
0.0
1.77692
0.0
0.0
0.0
0.0
0.0
0.0
0.0
0.0
0.0
0.0
0.0
0.0
0.0
0.0
0.0
0.0
2.47559
0.0
0.0
0.0
0.0
0.0
0.0
0.0
0.0
0.0
0.0
0.0
0.587704
0.0
0.0
0.0
0.0
0.0
0.0
0.0
0.0
0.0
0.0
0.187616
0.0
0.0
0.125708
0.890702
0.0
0.649318
0.541518
0.0
0.0
0.0
0.0
0.0
0.0
0.0
0.0
0.0
1.81861
0.0
0.0
0.0271055
0.0
0.0
0.0
3.836
0.0
0.0
0.0
0.0
0.0
0.0
0.271595
0.0
0.0
2.08313
2.9304
0.0
0.0
0.0
0.0
0.0
0.0
0.149275
0.0
1.38207
0.0
0.0
0.0
0.0
0.0
0.0
0.0
0.0
0.0
0.0
0.0
0.0
0.0
0.0
0.0
1.44453
0.0
0.0
0.0
0.0
0.0
0.0
0.0
0.0
0.0
0.0
0.0
0.0
0.0
0.0
0.0
0.0
0.0
0.0
0.0
0.0
0.0
0.0
0.0
0.0
0.0
0.0
0.0
2.15727
1.87957
1.19379
2.58832
1.83688
0.0
0.0
0.0
1.45892
0.0
0.389857
0.0
0.0
0.0
0.0
0.0
0.0
0.0
0.0
0.0
0.0
1.71667
0.0
0.0
0.0
0.0
0.0
0.0
0.0
0.0
0.0
0.0
0.0
0.0
0.0
0.0
0.0
2.13976
0.0
2.34754
0.0
3.65076
2.89826
0.0
0.0
0.425446
0.382939
0.0
0.0
0.0
0.0
0.0
0.834855
0.0
0.0
0.761891
0.0
0.0
0.0
0.0
0.0
0.0
0.0
2.44323
0.0
0.0
0.0
0.0
0.0
0.649228
0.0
0.0
0.0
0.0
0.0
0.0
0.0
1.51163
0.0
0.0
0.0
0.0
0.0
0.0
0.0
0.0
0.0
0.0
0.0
0.0
0.0
0.0
0.0
0.0
0.0
0.0
0.0
1.23572
0.0
0.0
0.0
3.24407
0.0
0.869526
0.0
0.0
0.0
0.0
0.706577
0.0
0.0
0.0
0.0
0.788279
0.0
0.0
0.0
0.0
2.70867
0.0
0.0
0.0
0.0
0.0
0.0
3.17063
0.0
0.0
0.0
3.57498
0.0
0.0
0.0
0.0
0.0
0.0
0.0
0.0
4.11692
0.0
0.0
0.0
0.0
0.0
0.0
0.0
0.0
0.0
0.47402
0.0
0.0
0.0
1.84624
0.0
0.0
0.0
0.0
5.37629
0.0
0.0
0.0
0.510322
0.0
0.0
0.0
0.0
0.0
0.0
0.0
0.683753
0.633953
0.0
0.0
0.0
0.0
0.0
0.0
0.0
0.0
0.0
0.0
0.255736
0.0
0.0
0.0
0.0
0.0
0.0
0.552421
0.0
0.173923
0.0
0.0
0.0
0.0
0.0
0.0
0.0
0.0
0.99215
0.0
0.0
0.0
0.0
0.0
0.0
0.340311
0.0
0.0
0.0
1.19706
0.0
0.0
0.0
0.0
0.0
0.0
1.46174
0.158188
0.0
0.0
0.0
0.0
0.0
0.0
0.0
0.0
0.0
0.0
0.0
0.0
0.0
0.0
0.0
0.0459978
0.0
0.0
0.0
0.0
0.0
2.73888
0.0
0.0
0.0
0.112672
0.0
0.0
0.328149
0.0
0.0
0.0
0.925188
0.0
0.0
0.0
1.83709
0.0
0.0
0.0
0.0
0.0
0.0
0.932885
1.35989
0.0
0.0
0.0
0.0
0.0
3.68397
0.0
7.61577
0.0
0.0
0.0
0.0
0.0
0.0
0.0
0.0
0.0
0.0
0.0
0.0
0.479669
0.0
0.0
0.0
0.0
0.0
0.0
0.0
0.0
0.0
0.0
1.00654
0.0
0.0
0.0
0.0
0.0
0.0
0.0
0.0
0.0
0.0
0.0
0.0780044
0.0
0.0
0.0
0.0
0.0
0.0
3.97709
0.0
0.0
0.0
0.0
0.556129
3.34429
0.0
0.0
0.0
0.386904
1.42157
0.0
0.0
0.0246077
0.0
0.0
0.0
1.03568
0.0
0.0
0.0
0.0
0.0
0.0
0.0
0.0
1.09348
0.0
0.0
0.0
0.0
1.09756
0.0
0.0
0.0
0.0
0.0
0.0
0.0
0.0
0.0
0.0
0.579842
1.50133
0.0
0.0
0.0
0.0
0.0
0.0
0.0
0.0
0.0
0.0
0.0
0.0
0.0
2.65297
0.0
0.0
0.0
0.0
0.0
0.0
0.0
0.0
0.0
0.0
0.0
0.0
0.0
0.0
0.0
0.0
0.0
0.0
0.0
2.35214
0.0
0.0
0.0
0.0
0.0
0.0
0.0
0.459476
0.0
0.0
0.0
0.0
0.0
0.0
0.0
0.0
0.0
0.0
0.0
0.0
0.0
0.0
0.0
0.0
0.0
0.0
0.0
0.378282
0.0
0.0
0.0
0.0
0.0
0.0
0.0
0.0
0.0
0.0
0.0
0.0
0.0
0.0
0.385963
0.0
1.77953
0.0
0.0
0.0
0.0
0.0
0.367947
2.29855
0.0
0.0
0.0
0.921248
0.0
0.0
0.218898
0.656107
0.0
0.0
0.394718
0.0
0.0
0.0
0.455066
0.0
0.0
2.81858
1.77015
0.0
0.0
0.0
0.0
0.0
0.0
0.0
0.0
0.0
0.0
0.0
0.797701
0.0
0.947859
0.0
0.202061
0.0
0.338241
0.0
0.0
4.36439
0.0
3.30688
0.0
0.0
0.699237
0.0
0.0
0.0
1.12981
0.0
0.0
0.0
0.0
0.0
0.0
0.0
0.0
0.0
0.0
0.0
0.0
0.721477
0.0
0.0
0.0
0.0
0.0
2.10961
0.0
0.0
0.0
0.217515
0.0
0.0
0.0
0.0
0.0
0.0
0.0
0.0
0.791685
0.0
0.0
0.0
0.0
0.0
0.0
0.0
0.0
0.0
0.0
0.0
0.0
0.0
0.0
0.0
2.23355
0.0
2.6798
0.0
0.978107
0.0
0.0
0.0
1.15634
0.0
0.0
0.0
0.0
0.0
1.23248
0.0
2.88922
0.0
0.0
0.0
0.0
0.0
0.0
0.0
0.0
0.0
0.0601552
0.0
3.59373
0.0
0.0
0.0
2.39702
0.0
0.0
0.0
0.0
0.608957
0.0
2.65356
0.0
0.0
0.0
0.0
0.0
3.59158
0.0
0.0
0.0
0.0
0.0
0.0
0.0
0.0
0.0
2.63812
0.0
0.0
0.0
0.0
0.0
0.0
0.0
0.778055
0.0
0.0
0.0
0.0
0.0
0.0
0.0
1.38996
0.0
0.0
0.0
0.0
0.0
0.0
0.0
0.0
0.0
2.33123
0.188975
0.0
0.0
0.0
2.73958
0.0
0.0
0.0
0.0
0.0
0.0
0.0
8.01853
0.0
0.0
0.0
0.0
0.0
0.0
0.0
0.0
0.0
0.0
0.0
0.142142
0.0
0.0
0.0
0.0
0.0
0.0
3.45309
0.0
0.0
0.0
0.0
0.251919
0.0
0.0
1.6477
0.0
0.0
0.0
0.0
0.96193
2.55391
0.0
0.274275
0.0
0.0
0.0
0.124265
0.0
0.0
0.0
0.0
0.0
0.0
0.0479336
0.346463
0.0
2.10176
0.0
1.36514
0.0
0.0
0.0
0.0
0.556621
0.0
1.19781
0.0
2.01079
0.0
0.0
0.0
0.0
0.0
0.0
0.0
0.0
0.0
0.0
0.597339
0.0
0.0
1.3749
0.0
0.0
0.0
0.802594
0.0
0.0
0.0
0.0
3.36082
1.05978
0.0
0.0
0.0
0.0
0.0
0.0
0.790847
0.0
0.0
0.0
0.0
0.0
0.0
0.0
0.0
0.0
0.0
0.0
0.0
3.04514
0.0
2.01729
0.0
0.936876
0.0
0.0
0.72389
0.0
2.82446
0.0
0.0
3.88698
0.0
2.31498
1.21694
0.0
0.0
0.0
0.116329
0.0
0.0
0.0
0.0
0.0
0.0
0.0
0.0
0.0
1.60785
0.932076
0.0
0.0
0.0
0.0
0.0
0.0
0.0
0.0
0.0
0.326179
0.0
0.0
0.218747
0.0
0.0
0.0
0.0
0.0
2.85151
0.0
0.0
4.1138
0.234694
0.0
0.0
0.0
1.40021
0.0
0.0
0.0
1.12592
0.0242026
2.19005
0.0
2.75798
0.0
0.0
0.0
0.0
0.0
0.0
0.035872
0.0
1.76693
2.16756
0.0
0.0
0.0
2.19462
0.0
0.0
0.0
0.0
0.0
0.0694735
0.0
0.0
0.0
0.0
0.0
0.0
3.32298
0.818063
0.0
0.0
0.0
0.0
0.0
0.0
0.0
0.0
0.0
0.0
0.0
0.0
0.0
1.92058
0.0
0.0
0.0
0.0
2.90998
0.0
0.0
0.0
0.0
0.0
0.0
0.0
0.0
0.0
0.0
0.0
2.44256
0.0372621
0.0
0.0
0.0
0.0
0.0
0.0
0.0
0.0
0.0
0.0
1.89207
0.0
0.900086
4.94375
0.0
0.797555
0.0
0.0
1.73643
0.0
0.0
0.0
4.27024
0.0
0.0
2.22635
0.0
0.0
0.0
0.0
0.0
0.0
0.0
0.38096
0.0
0.0
0.0
0.0
0.0
0.0
0.99663
0.0
0.0
1.55849
0.0
0.0
0.0
0.0
0.37458
0.0
0.0
0.0
1.69996
0.0
0.0
0.0
0.0
0.361937
0.0
1.27335
0.0
0.0
0.0
0.0
0.0
0.0
0.0
0.0
0.0
0.0
0.0
0.0
1.39352
0.0
0.0
0.0
0.0
3.94376
0.0
0.0
0.0
0.946192
2.12578
0.0
7.41567
0.0
0.0
0.0
0.0
0.0
0.0
0.0
0.0
0.0
2.70483
0.0
0.108602
0.0
0.0
0.0
0.0
0.0
0.0
0.0
0.0
0.0
