0.0
0.0
0.0
0.0
0.0
0.0
0.0
0.0
0.161695
0.0
0.0
0.0
0.55004
0.0
0.0
0.0
0.0
0.0
0.0
0.0
0.0
0.0
0.0
0.496611
0.0
0.0
0.0
0.0
0.0
1.4914
1.05601
0.0
4.48144
0.0
0.0
0.0
0.0
0.0
4.69916
0.0
0.0
0.0
0.120945
0.0
0.5295
0.0
0.0
0.0
0.311778
1.89437
0.0
0.0
0.0
0.0
0.0
0.0
0.0
0.0
0.156569
2.61071
0.0
0.0
0.0
0.0
3.61848
5.1732
0.0
0.0
0.0
0.0
0.0
0.0
0.433313
4.65747
0.0
0.0
0.0
0.0
0.0
0.0
0.0
0.0
0.744094
0.0
0.0
0.0
0.0
0.0
0.0
0.0
0.0
0.390023
1.31819
0.882566
0.0
0.0
2.00234
0.0
0.0
0.814401
0.0
2.27227
0.0
0.129644
0.0
0.0
0.0
0.0
0.0
0.0
0.0
0.0
0.0
0.0
0.0
0.773979
0.0
2.73748
0.0
0.0
0.0
0.0
0.0
0.0
2.1531
0.0
0.0
0.0
0.0
0.0
0.0
0.02356
0.0
0.0
0.0
0.0
0.78375
0.0
0.0
0.0
0.0
0.0
0.0
0.0
0.0
6.10564
0.249841
0.0
0.0
0.0
0.0
0.295042
2.45182
0.0
0.0
0.0
0.0
1.98362
0.0
0.0
0.402835
0.0
0.0
0.0
2.55224
1.28914
0.0
0.64078
0.941267
0.0
0.0
0.0
0.0
0.08971
0.0
0.0
0.0
0.0
0.0
0.0
0.0
0.0
0.0
0.0
0.0
0.0
0.189107
0.0
0.0
0.999327
0.0
0.0
0.0
1.54448
0.0
0.0
1.84157
1.31697
0.0
0.0
0.0
0.0
0.481953
0.0
0.0
0.0
0.0
0.21352
0.0
0.0
0.0
0.0
0.0
0.0
2.30021
0.0
2.13939
0.0
0.0
0.0
0.0
0.0
0.0
4.37955
0.0
0.0
0.0
0.763114
0.0
0.0
0.0
1.23241
0.0
0.0
0.0
0.0
0.717765
4.03768
0.0
0.0
0.0
0.0
1.67156
0.0
0.0
0.155067
3.02293
0.0
0.0
0.0
0.0
0.0
0.0
0.330843
0.0
0.0
0.0
0.0
0.0
3.31399
2.54427
0.0
0.0
0.0
0.0
0.0
0.0
2.92593
0.587105
0.0
0.863325
0.0
0.0
0.0
0.0
0.0
0.0
0.0
0.0
0.0
2.58827
0.0
0.0
1.36534
0.0
0.0
0.0
0.0
0.0
0.0
1.32562
0.0
0.0
0.0
0.0
0.21413
0.733678
1.04275
0.0
0.0
0.0
2.12457
0.0
0.0
0.0
0.0
0.0
0.0
0.0
0.672056
0.0
3.04875
0.0
0.307434
0.0
0.892633
0.0
0.986584
0.0
0.0
0.0
0.0
0.0
0.0
0.0
0.0
0.0
2.16779
0.0
0.0
0.0
0.0
0.0
0.0
0.0
0.0
1.00735
0.0
0.0
0.0
0.0
2.75627
0.852188
0.0
0.0
3.12866
0.0
0.0
0.0
0.0
0.155861
0.0
0.0
0.0
0.615263
0.994835
0.0
0.113007
0.0
0.0
0.0
0.0
0.0
0.174827
0.0
0.0
0.0
0.0
0.109036
0.0
0.0
0.0
0.992791
0.0
1.36611
0.0
0.0586221
6.28965
0.0
0.0
0.0
0.0
0.0
0.0
0.0
0.0
0.0
0.0
1.41578
0.627272
1.43938
0.0
0.0
0.0
0.0
0.868275
0.0
0.0
3.23317
0.0
4.70066
0.0
0.792904
0.0
2.39824
0.0156246
0.0
0.0
0.0
0.0
0.0
0.0
0.0
0.0
0.0
0.0
0.0
0.0
0.0
0.0
1.10598
0.0
0.0
0.0
0.0
0.0
0.0
0.922701
4.11417
0.0
0.0
0.0544911
1.25405
0.0
0.0
0.0
0.0
0.0
0.0
1.37894
1.41083
0.0
0.0
0.0
0.0
0.0
0.0
0.0
0.819193
0.675101
0.0
0.0
0.0
0.199899
5.66767
0.0
0.0
0.0
0.0
0.0
0.0
0.0
0.119527
0.0
1.91956
0.0
0.0
0.0
0.0
5.13005
4.5998
4.42046
0.0
0.0
0.0
0.0
0.0
0.0
0.0
0.0
1.57991
0.0
0.0
0.0
0.0
0.0
0.0
0.0
0.0
0.0
0.0
1.41632
0.544516
0.0
0.0
0.0
0.0
0.0
0.0
0.088938
0.0
0.0
3.48769
4.12815
0.0
0.609031
0.0
0.0
0.0
4.89504
0.0
0.0
0.0
0.0
0.0
0.0
0.0
0.0
0.0
0.0
0.0
0.0
0.85772
0.0
2.22013
0.0
0.0
0.0
1.42232
0.274223
0.0
4.97072
0.0
0.0
0.0
0.0
2.04535
0.233811
0.0
0.0
1.13787
0.0
0.0
0.0
0.0
0.0
0.0
5.21052
0.0
0.0
0.0
0.0
0.0
0.0
0.0
0.0
0.0
0.0
0.0
0.891177
0.0
0.0
0.0
0.0
0.0
0.0
3.82416
0.0
0.0
4.55687
1.94425
1.91268
0.0
0.226241
0.0
0.0
0.0
0.0
3.33967
0.0
1.27389
0.0
0.0
0.0
0.0
0.0
0.0
2.20391
0.0
0.0
0.0
0.0
0.0
0.0
1.93272
0.0
0.550758
0.0
0.0
2.33683
0.0
0.0
0.0
0.168829
0.0
2.51624
0.0
0.0
0.0
0.0
0.70618
0.0
0.0
0.0
1.08604
0.0
0.0
0.0
0.0
2.23255
0.0
0.0
0.318669
0.0
0.0
0.0
0.0
0.0
0.0
0.74818
0.0
0.0
0.0
0.0
0.0
0.75369
0.0
0.0
0.0
0.0
0.0
0.0
0.0
2.78232
0.0
0.0
1.68127
4.2852
0.0
0.0
0.0
0.0
0.0
0.0
0.0
1.62811
0.0
0.0
2.34442
0.0
0.0
0.0
0.0
0.0
0.0
2.41682
2.0386
4.62657
0.0
0.0
0.0
0.0
0.0737952
0.0
3.25484
0.0
0.0
2.56528
0.0
0.0
0.0
0.0
0.0
0.0
0.0
0.147018
0.0
0.0
0.0
4.22142
0.0
0.0
0.0
1.07983
0.0
0.0
0.0208749
0.0
0.0
0.0
2.06047
0.0
0.0
0.0
0.90438
0.0
0.0
0.0
0.858912
0.0
0.0
0.355818
1.87321
0.0
0.0
0.0
0.0
0.0
0.0
0.0
0.0
4.5507
0.0
0.0
0.0
1.54029
0.0
0.0
0.221924
0.0
0.0
0.0
0.0
0.0
0.0
0.0
1.46657
0.0
0.0
0.0
0.0
0.0
0.0
0.0
1.45496
0.158471
0.0
2.70385
0.0
0.0
0.0
3.19988
0.0
0.0
0.0
0.0
0.0
0.0
0.811046
0.0
0.0
0.0
0.0
0.0
0.0
0.0
0.0
1.88109
0.0
0.0
0.0
0.0
1.60551
0.0
0.0
0.0
0.0
0.0
0.0
0.0
0.0
0.0
0.0
0.0
0.0
0.0
0.0
0.0
0.0
0.0
0.0
0.456636
0.0
0.0
0.651381
0.0
0.0
0.0
0.0
0.0
0.0
1.32358
0.0
0.0
0.715496
0.0
0.0
0.0
1.64602
0.0
0.0
0.0
0.0
1.98138
0.0
0.0
0.0
0.0
0.0
0.837657
0.0
0.0
0.0
0.0
0.0
0.0
0.0
1.15902
6.75306
0.0
0.0
0.0
0.0
0.009426
0.0
0.0
2.21509
0.0
0.0
0.0
0.0
3.89496
0.0
0.0
2.73927
0.0
0.0
0.0
0.0
0.0
0.0
0.0
0.0
0.0657125
0.0
0.0
0.0
0.0
0.678899
0.0
0.464276
0.0
0.222897
0.0
0.0
0.0
1.04399
0.768951
0.0
0.0
0.0
4.37773
0.0
0.307733
0.0
0.0
0.0
2.77602
0.0
0.0
0.0
0.0
0.0
0.0
0.0
0.0
3.86874
3.16868
0.0
0.0
0.0
0.0
0.0
0.0
2.63154
1.87862
0.0
0.0
0.0
0.0
0.0
1.87069
0.0
6.38724
0.0
0.0
0.0
0.0
0.0
1.68259
0.0
0.0
0.0
2.83117
0.0
0.0
0.0
0.0
5.12049
0.0
0.0
0.0
0.0
1.57338
4.48997
3.27336
0.0
0.0
0.0
1.81611
0.0
0.0
0.0
0.0
0.0
0.102829
0.0
0.0
0.0
0.19416
0.0
0.0
0.0
0.0
2.04582
1.35809
0.0
0.0
0.0
0.0
1.40197
0.171277
0.0
0.0
0.0
0.950775
0.0
0.0
0.0
0.0
0.0
0.0
0.0
1.35852
0.0
0.0
0.0
0.0
0.0
0.0
0.0
0.0
0.0
2.36392
0.0
0.0
0.0
0.0
0.0
0.0
0.0
0.0
1.78893
0.0
0.0
0.00914684
0.0
0.0
0.0
0.0
0.0
0.0
0.0
0.0
0.0
0.0
1.04644
0.0
0.0
0.0
0.0
0.0
0.0
0.0
0.0
0.0
2.33499
0.0
0.822023
0.0
1.49037
4.37738
0.0
0.0
0.0
0.0
0.0
0.0
0.0
0.0
0.0
4.56712
0.956743
0.0
0.0
3.09615
0.0
0.0
0.0
0.0
0.10201
0.0
0.192993
0.0
0.0
0.0
6.18644
0.0
2.77876
0.0
0.0
0.0
0.0
0.0524118
0.0
0.0
0.0
0.0
0.0
1.93691
0.0
3.12134
1.29083
0.0
4.91753
0.0
0.0
2.27723
0.0
0.0
0.0
2.00289
0.0
0.0
0.0
0.449375
0.0
0.0
0.0
0.0
0.0
0.0
0.0
0.0
3.59467
0.0
0.628137
0.0
0.0
0.524672
0.0
4.98745
2.5098
0.0
0.0
0.0
0.872791
0.886849
0.0
2.93678
0.0
0.0
0.0
0.0
0.0
0.0
0.0
0.0
0.765476
0.0
3.63655
0.0
0.0
0.0
0.0
0.0
2.26642
0.19601
0.0
0.0
0.789828
0.0
0.0
0.0
0.0
0.736188
0.0
0.0
0.0
0.440288
0.0
0.0
0.0
0.0
0.0
0.0
0.0
0.0
0.0
0.0
0.0
0.0
0.0
1.57091
0.0
0.0
0.0
0.0
0.0
0.0
0.0
0.0
0.0
0.0
0.0
0.0
0.0
0.0
0.0
0.0
0.0
0.0
0.0
0.0
0.0
0.0
0.0
0.0
4.22328
0.0
0.0
5.51973
0.181177
0.0
0.0
0.0
0.0
0.0
0.624643
0.169966
0.0
0.0
0.0
0.404422
0.0
0.731099
0.0
0.0
0.0
0.0
0.0
0.0
0.0
0.0
0.0
0.0
1.15376
0.0
0.0
0.0
3.95405
0.0
0.0
0.0
5.7672
0.0
0.0
0.0
0.0
0.206668
0.0
0.0
0.0
0.0
0.0
0.825494
0.524787
0.0
0.0
0.0
0.0
0.0
0.0
0.839803
0.0
0.0
0.147572
0.0
0.0
0.0
0.0
0.0
0.0
0.0
0.0
0.0222545
0.0
0.0
0.0
0.739142
0.0
0.0
0.0
0.524157
0.0
0.0
0.0
0.0
2.65706
0.190311
0.0
5.23593
0.0
0.0
1.89835
0.0
3.49722
0.0
0.0
0.0
2.66785
2.74404
0.0
0.0
0.0
0.0
0.0
1.27858
0.641958
0.316146
0.0
0.0
1.69471
0.0
0.0
0.0
0.0
0.0
0.0
0.399686
0.0
0.0
0.0
0.0
0.0
0.0
0.0
0.0
0.0
0.0
0.0
0.0
0.0
0.0
0.0
0.0
0.248835
0.0
0.0
0.0
0.0
0.0
2.1003
0.0
0.0
0.0
0.0
0.0
0.0
0.0
0.0
0.0
2.78844
0.0
0.0
0.0
0.0
0.0
0.280435
0.0
0.0
1.67813
0.0
0.0
0.0
0.0
0.936054
0.0
0.0
0.154774
3.09061
0.673108
0.433091
0.0
0.0
0.271638
3.52333
0.0
0.786707
0.0
0.0
0.0
0.0
0.0
0.0
0.0
0.0
0.0
0.0
0.0
0.0
0.0
1.41051
0.0
0.0
0.0
0.0
0.0
0.0
0.0
0.0
0.0
0.0
0.0
0.0
0.0
0.662358
0.0
3.95543
0.0
0.0
3.24083
0.0
1.56792
0.0
0.0
0.0
0.0
0.0
0.0
0.0
0.0
0.0
0.0
0.0
0.0
0.0
0.0
0.0
1.59832
0.0
0.0
0.253028
0.0
0.0
1.12273
0.0
0.0
0.0
2.67477
0.0
0.0
0.0
0.0
0.0
1.76669
0.0
0.0
0.0
1.52796
0.257565
0.0
0.0
0.0
0.0
0.0
0.0
0.0
1.34502
0.0
0.0
0.0
0.0
0.0
0.0
0.049785
0.0
2.12273
0.0
0.0
0.0
0.0
0.0
3.26766
0.0
0.0
0.727133
0.451344
0.0
0.0
0.0
0.0
1.52606
0.909256
0.0
0.0
0.0
1.31506
0.0
0.564552
4.02766
0.0
0.0
0.0
3.75282
1.57954
0.0
0.0
0.0
0.0
0.0
0.0
0.0
0.0
0.0
0.0
0.0
0.156727
0.0
0.0
0.0
0.0
0.0
0.0
0.0
0.0
0.0
0.0
0.0
0.0
0.0
0.99027
0.0
0.0
0.0
0.0
0.0
0.0
0.0
0.0
0.0
0.0
0.0
0.185694
0.0
0.0
0.0
0.0
0.543588
1.58143
0.725432
0.0
0.0
0.0
0.0
0.0
0.0
2.07547
5.06894
0.0
0.0
0.0
0.0
0.0
0.0
0.0
0.0
2.53785
0.651986
0.0
0.0
1.1818
0.0
0.0
2.11676
0.0
0.0
0.0
0.0
0.0
0.0
0.0
2.5515
0.0
0.0
0.0
0.457591
0.0
0.0
0.0
0.0
0.0
0.384123
0.0
0.0
0.0
0.0
0.0
0.0
0.768118
0.0
0.0
0.0
0.895576
0.0
0.0
0.0
0.0
0.0
1.008
0.0
0.0
0.0
0.0
1.94202
0.00433674
0.0
0.0
0.0
0.0
0.0
1.5126
2.6314
0.974267
0.0
0.0
0.0
0.0
0.0
0.0
0.0
0.631266
0.0
0.0
0.0
0.0
0.0
0.0
0.0
2.98491
0.0
0.903328
0.0
0.0
0.0
3.89926
0.600636
0.0
0.0
0.495045
0.0
0.0
0.0
0.0
0.0
0.0
0.0
0.270833
0.0
0.0
0.0
0.0
1.80781
0.0
4.58891
0.0
0.0
3.01303
0.0
0.0
0.0
0.0
0.0
0.0
0.0
0.783103
0.0
0.0
0.0
0.0
3.31291
2.96407
0.0
0.0633184
0.0
0.0
0.0
0.0
0.0
0.0
0.0
0.0
0.0
0.0
0.0
0.0
0.0
0.0
0.0
0.810471
0.0
0.0
0.0
0.841552
0.0
0.0
0.0
0.666646
0.0
0.0
2.29055
0.0
0.0
0.0
0.0
0.0
0.0
0.0
0.391305
0.0
0.0
0.0
0.0
0.0
0.0
0.0
0.0
0.0
1.68283
1.36375
0.0
0.0
0.0
0.0
4.54113
0.0
0.0
0.0551645
0.0
0.0
0.0
0.0
0.0
0.0
0.0
0.0
0.0
0.0
0.0
0.0
5.15833
0.0
0.0
0.0
0.0
0.0
3.1131
0.0
0.0
0.0
2.11975
0.0
0.0
0.0
0.0
2.02055
0.0
0.0
0.352727
0.0
2.21485
0.0
0.0
0.0
0.885596
0.0
0.0
0.0
0.0
2.35334
0.0
2.39526
0.0
1.42266
0.0
0.0
0.0
0.0
0.0
4.29258
0.0
0.0
0.0
0.0
0.0
1.06533
0.774209
0.0
0.0
1.67821
0.0
4.36835
0.885063
0.0
0.0
0.0
0.0
2.73909
0.0
4.14816
0.0
1.07717
0.0
2.27295
0.0
0.136492
0.0
0.0
0.0
0.850964
0.0
0.0
0.0
0.0
1.56412
0.0
0.0
0.0
0.0
0.0
0.0
0.0
0.0
0.0
0.0
0.488979
0.0
0.0
2.95624
0.0
0.578014
0.0
2.55389
1.45573
0.0
0.0
0.0
0.0
0.0
0.0
0.0778758
0.0
0.0
0.0
0.0
0.0
1.56767
0.0
0.0
0.0
0.0
0.0
0.0
0.0
0.0
0.37123
0.0
0.56528
2.1246
0.0
0.0
0.0
0.733668
0.0
0.0
0.0
0.0
0.0
1.10267
0.0
0.0
0.0
0.0
0.0
1.64137
0.0
0.0
0.435373
0.0
0.0
0.0
0.0
0.0
0.0
0.0
0.0
0.0
0.0
0.0
0.0
0.0
0.0
0.0
0.0
0.0
0.0
0.0
0.0
0.0
0.0
0.0
0.0
0.0
0.0
2.00091
0.0
0.0
0.0
0.0
0.0
0.0
0.0
0.0
0.0
0.0
0.0
0.0
2.45073
0.0
0.425174
0.0
0.0
0.0
0.0
0.0
0.0
0.0
0.0
0.0
1.85216
0.0
0.0
0.0
0.0
0.0
0.485131
0.0
0.0
0.0
0.0
0.0
1.89305
0.0
0.0
0.494006
0.0
0.0
0.0
0.0
0.0
0.0
0.0
0.0
3.75191
0.543056
0.0
0.0
3.15931
0.0
0.0
0.0
0.0
1.29227
3.88255
0.0
0.0
0.0
0.0
0.0
0.543581
0.0
0.0
0.0
0.0
0.0
0.0
0.0
0.0
0.0
0.14284
0.0
3.91662
0.0
0.0
0.0
1.35114
1.30253
0.0
0.0
0.0
2.39727
4.68722
0.0
0.0
0.0
0.0
0.0
0.0
0.0
0.0
0.0
0.0
1.11008
1.15469
0.0
0.0
0.0
0.0
0.0
0.0
0.0
0.0
0.0
0.0
0.0
0.0
0.0
0.0
0.724273
0.0
0.0
0.0
0.671075
0.210966
2.38365
0.0
0.0
1.72151
3.50957
3.3375
0.0
2.18062
0.0
0.0
0.0
0.112866
0.0
0.613328
0.354436
0.507571
0.0
1.50353
0.0
0.0
0.0
1.21512
0.755956
0.0
0.0
0.081318
0.0
0.0
0.748788
0.0
0.0
0.0
0.0
1.47794
0.0
0.0
0.0
0.0
0.0
0.0
0.0
0.0
0.0
1.94349
0.0
0.0
0.0
1.62933
0.0
0.0
2.23968
0.0
0.0
0.0
0.0
0.0
0.0838495
0.0
0.0
0.0
5.0678
0.0
0.0
0.0695419
0.0
0.0
0.0
0.0
0.0
0.0
0.0
0.0
0.0
0.0
0.0
0.0
0.0
0.258498
0.0
0.0
0.0
0.0
0.0
0.0
0.0
0.0
0.0
0.0
0.605553
0.0
0.0
0.0
0.0
0.0
0.0
0.0
0.0
0.778259
0.0
0.0
0.0
0.737706
0.0
0.0
0.0
0.0
0.0
0.0
0.0
0.0
0.0
0.0
0.0
0.0
0.0
0.0
0.0
0.0
1.02916
0.0
0.0
0.0
0.0
0.0
0.103848
0.0
1.14436
0.0
0.0
0.0
0.216042
0.0
0.0
0.0
2.91742
0.013101
0.0
0.0
0.0
0.0
0.0
0.0
0.0
0.0
0.0
0.327139
0.0
0.0
0.0
0.0
0.0
5.32889
0.0
1.1749
0.0
0.0
0.0
0.0
1.71938
0.0
0.0
0.0
0.0
0.0
1.23296
0.0
0.0
0.651285
0.0
0.88903
0.0
0.0
0.0
0.0
0.0
0.0
0.0
0.0
0.0
0.0
0.0
0.0
1.58279
0.0
0.0
0.0
0.56322
0.0
0.0
0.0
0.0
0.286358
0.0
0.0
0.0
0.931742
0.0
0.0
0.553625
2.86003
3.47472
2.28731
0.773786
0.0
0.0
0.0
0.0
0.0
0.0
0.0
0.0
2.68305
0.0
0.0
0.0
0.0
0.0
0.0
0.0
0.0
0.0
2.64366
1.47269
0.0
0.696132
2.79061
2.48143
0.0
0.0
0.0
0.0
0.311677
0.0
0.0
0.0
0.401339
0.0
0.0
0.0
0.0
0.0
0.0
2.27199
0.0
0.0
0.168271
1.19892
0.0
3.52906
0.0
0.0
0.0
3.29267
0.0
2.1667
0.0
0.0
0.0
0.0
0.0
0.0
0.0
0.0
0.0
0.0
0.0
0.0
0.0
0.0
0.0
0.0
0.0
0.0
0.0
2.60355
0.0
0.0
0.0
0.0
0.0
0.0
1.22301
0.0
0.0
0.136301
0.0
0.299928
0.0
0.0
0.0
0.0
0.0
0.0
0.0
0.0
0.0
0.0
0.0
0.0
0.0
0.0
0.0
0.0
0.0
1.06645
0.0
0.0
0.0
0.0
0.0
0.0
2.94972
0.0
0.0
0.0
2.50221
0.0
0.0
0.0
0.0
0.0
0.0
0.0
0.0
0.0
0.0
0.188807
0.0
0.100699
0.0
0.0
0.0
0.0
0.0
0.0
0.455097
0.667725
0.0
0.0
1.58311
0.0
0.0
0.0
0.0
0.0
0.0
0.0
0.0
0.0
0.0
0.261927
0.0
0.655867
0.0
0.0
0.0
0.0
1.44073
0.0
0.0
0.0
0.558994
0.0
0.0
0.0
0.0
0.0
5.95046
1.65347
0.0
0.764844
1.53426
1.14967
0.0
0.0
0.0
0.0
1.31018
0.0
0.364806
0.0
0.0
0.0
0.0
0.0
0.352011
1.08254
0.0
0.883003
0.0
0.0
0.0
0.0
0.0
0.0
0.0
0.0
1.29102
1.69386
0.0
0.0
1.74635
0.0
0.0
1.81231
0.776635
0.0
0.0
0.0
0.0
2.90522
0.0
0.0
0.0
0.354314
0.0
0.0
0.0
0.0
0.0
0.0
2.80257
0.0
1.15904
0.0
0.0
1.54422
0.0
0.0
0.0
0.0
0.0
0.0
0.0
0.366884
0.0
0.0
0.0925728
0.0
0.0
0.0
0.714135
1.22675
0.0
0.0
2.70776
0.0
0.0
0.0
1.77025
0.0
0.0
0.0
0.0
2.00306
0.0
0.0
0.0
0.0
0.0
3.52875
0.0
2.5567
0.0
0.0
2.05884
0.0
2.00904
0.0
0.0
1.48005
0.447712
0.0
0.0
0.0
0.340893
0.0
1.71731
0.0
0.0
0.0
0.0
0.652669
0.0
0.0
0.0
0.0
0.0
0.0
0.0
0.0
0.0
0.698207
0.0
0.0
0.0
0.0
0.0
0.0
0.0
0.0
0.0
0.0
0.0
0.0
0.436049
0.0
0.0
0.0
0.0
0.0
0.0
0.0
0.0
1.78954
0.0
0.0
0.0
0.0
0.266111
0.0
0.0
0.0
0.0
0.0
0.180526
1.90328
0.0
0.0
0.0
0.0
0.0
0.0
0.0
1.92157
0.0
0.0
0.206348
0.0
1.57685
0.0
0.0
0.0
0.0
0.0
2.32235
0.0
0.0
0.0
0.0
1.30649
0.0
0.0
0.0
5.05746
0.0
0.0
0.0
0.0
0.0
0.0
0.0
0.0
0.0
0.0
0.0
2.84697
0.0
0.0
0.0
0.0
0.0
2.41787
0.0
0.0
2.08628
0.0
0.0
0.0
0.0
0.74329
0.0
0.0
0.0
0.0
0.0
0.848043
1.4171
0.0
0.351247
0.0
0.0
3.9528
0.0
0.0
0.0
0.188996
0.0
0.927478
0.0
0.0
0.0
3.1853
0.0
0.0
2.56853
0.0
0.0
2.86434
0.0
0.0
0.0
0.0
0.0
0.0
0.0
0.0
0.0
0.0
0.0
0.0
0.0
0.0
3.25082
0.0
0.0
0.0
0.0
0.0
0.0
0.524958
0.0
0.0
0.0
0.0
0.565154
0.0
0.450192
0.0
0.0
0.0
0.0
0.0
0.0
0.0
0.0
0.0
0.0
0.0
0.0
0.0
0.0
0.245029
0.0
1.32775
0.0
0.0
0.0
0.0
2.17806
0.371004
3.9084
0.0
0.0
0.0
0.0
0.0
0.0
0.0
0.0
0.0
0.0
0.0
3.23269
0.0
0.615648
0.911009
0.0
0.0
0.0
2.47488
0.0
0.0
0.0
0.633819
1.53684
0.0
3.19684
0.0
1.91524
0.0
0.0
1.33216
0.545601
0.0
0.0
0.0
0.0
0.0
0.432212
0.0
0.0
0.0
0.0
0.0
0.0
0.0
0.0
0.0
0.0
5.2887
0.0
0.0
2.85174
0.0
0.0
0.0578708
0.0
0.0
0.0
0.0
0.0
0.0
0.0
2.03499
0.0
0.0
0.0
0.0
0.0
1.09927
0.0
0.0
0.0
0.0
0.0
0.0
0.0
1.91566
0.0
0.0
0.0
2.26889
0.0
0.0
0.0
0.934531
0.0
5.44095
1.40386
0.0
0.0
0.0
0.0
0.0
0.0
0.0
0.0
0.0
0.0
0.479052
0.0
0.0
0.0
0.0
0.0
0.0
0.0
0.0
0.0
0.0
0.0
0.0
0.0
0.0
0.0
0.0
0.0
0.0
0.0
0.0
0.0
0.0
0.0
0.0
0.0
0.0
0.0
0.0
1.52893
1.32662
0.0
3.24129
0.254292
0.0
0.0835463
0.0
0.0
0.0
0.0
3.14564
0.0
0.710887
1.71941
2.58236
0.0
0.0
0.0
2.6549
0.512917
0.0
0.0
0.0
0.0
0.0
2.02489
1.88457
0.0
0.0
0.0
0.0
0.0
1.25191
2.90427
1.73717
0.0
0.0
4.97391
0.0
0.0
0.0913949
1.38022
4.29127
0.0
0.0
0.163913
1.33384
0.0
0.0
0.0
0.0
0.0
0.0
0.0
0.0
2.77364
0.0
0.0
0.0
2.48002
0.0
0.0
0.0
2.15987
0.0
0.0
0.0
0.0
0.0
7.5369
0.0
0.22206
1.80052
0.0
0.0
1.74447
0.595795
0.0
0.138265
0.0
0.0
0.0
0.0
2.47749
0.0
0.0
0.0
0.0
0.0
0.0
0.0
0.0
1.54485
3.89929
0.0
0.0
0.0
0.0
0.0
0.0
1.2367
0.0
0.0
0.450399
1.24627
0.402585
0.951254
0.0
0.0
0.0
2.05146
0.0
0.808405
0.450622
0.0
0.0
0.0
0.0
0.0
0.0
0.0
0.0
0.0
0.0
0.0
0.0
0.0
0.0
0.0
0.0180868
0.0
0.0
0.0
0.0
1.99305
0.0
1.64167
0.0
0.0
0.0
0.0
0.0
0.0
0.0
0.0
0.0
0.0
0.0
0.0
0.0
0.0
0.0
3.17904
0.0
0.0
0.303692
2.49752
0.0
0.0
0.565375
1.68812
0.0
0.0
0.0
0.0
0.0
0.0
0.0
0.0
0.0
6.25689
0.0
0.0
0.0
0.856355
0.0
0.0
0.0
0.0
0.0
2.73474
1.33773
0.0
4.54323
0.599404
2.17341
0.0
0.0
0.0
1.90475
0.0
0.0
0.0
0.0
0.0
0.0
0.0
0.0
0.0
0.0
0.0
0.0
0.0
0.0
0.0
0.0
2.60402
0.588732
0.0
0.0
0.685475
0.848662
0.0
0.0
0.0
0.0
0.0
0.0
0.0
0.0664956
0.0
0.0
0.0
0.0
0.0
0.0
0.0
0.983141
0.364363
0.0
0.0
4.94182
0.0
0.0
0.0340384
0.0
0.0
0.0
1.78942
0.0
4.73347
0.0
0.0
0.0
0.0
0.0
0.0
0.0
0.0
0.0
0.0
0.0
0.0
0.794239
0.406559
0.0
0.0
0.0
0.477843
0.0
2.24899
0.0308546
1.05086
0.769558
0.0
0.0
0.766241
0.0
0.0
0.0
0.0
0.0
3.06593
0.0
0.0
1.55744
0.0
0.0
0.0
0.0
0.0
0.634525
0.0
0.0
0.797657
0.0
0.178076
1.40787
0.0
0.0
0.0
0.0
0.0
0.0924852
0.0
0.0
0.0
0.0
0.0
0.0
0.0
0.0
0.0
0.0
0.0
1.07775
0.0
0.0
0.0
0.0
3.12211
0.0
0.492762
0.0
0.0
0.0
0.799438
0.0
0.0
2.66495
0.0
0.0
0.0
0.0
0.0
0.0
1.44327
0.0
0.0
0.0
0.0
0.0
0.741164
1.4472
3.17507
0.0
0.0
1.08752
0.0
1.11041
0.0
0.0
0.0
0.0
0.0
0.0
0.0
0.0
0.0
0.0
0.412397
0.859415
0.0
0.0
2.28581
0.0
0.0
0.0
0.0
0.0
0.0
0.0
0.0
0.0
0.0
0.0
0.0
0.398987
0.0
0.0
1.84664
0.0
0.10688
1.52794
0.0
2.17419
0.0
0.0
0.0
0.0
0.38562
0.713651
0.0
0.0
0.918606
0.0
0.0
0.0
0.0
0.0
3.57662
0.0
0.0
2.98722
0.0
0.185513
0.997528
0.0
0.0
0.0
0.0
0.0
0.0389719
0.0
0.0
0.394979
0.0
0.0
0.846143
0.0
0.0
0.0
0.0
2.74435
0.0
0.0
0.0
0.0
0.0
0.0
0.0
0.0
0.0
0.0
0.215477
0.0
0.0
2.78851
0.0
0.0
0.0
0.0
0.489232
0.0
0.0
2.89997
0.0
0.0
3.0812
0.0
0.0
0.0
0.0
0.0
0.0
0.0
0.0
0.0
1.79732
0.0
0.0
0.0
0.0
0.0
1.77573
0.0
0.0
0.0
0.0
0.0
0.0
0.0
0.513733
0.0
0.0
0.0
0.0
0.0
0.0
0.0
0.0
0.0
0.0
0.163238
0.0
0.0
0.0
6.0592
0.0
0.0
0.0
0.0
0.590073
1.4287
0.0
0.0
0.0
0.0
0.0
0.0
0.0
0.0241407
0.0
0.0
0.0
0.0
0.0
0.0
5.87053
0.0
0.0
0.0
0.0
0.749684
0.0
2.23048
0.0
0.0
0.0
0.0
1.06757
0.0
0.0
0.0
0.0
0.0
0.558844
0.0
0.0
0.0
0.0
0.0
0.35592
0.0
3.55672
0.991288
0.0
2.39206
0.0
0.0
0.0
0.0
0.0
0.0
0.0
0.0
0.251288
0.0
1.03949
0.0
0.0
0.0
0.0
0.0
0.0
0.0
0.0
2.87358
0.424284
0.0
0.0
1.36903
0.0
0.0
0.0
0.0
4.33346
0.0
0.0
0.41095
0.0
0.0
0.0
0.0
0.0
0.0
0.0
0.0
0.0
0.134567
0.0
0.0
0.0
0.0
0.0
0.0
0.0
0.0
1.57585
0.0
0.0
0.0
1.20663
0.538075
0.0
0.0
0.0
0.0
0.0
0.641421
1.72865
0.0
0.0
0.0
0.0
0.0
0.0
0.0
2.01374
1.08156
0.0
0.0
0.0
0.0
0.0
0.0
0.0
0.0
2.37052
0.0
0.0
0.0
0.0
0.0
0.0
0.0
0.236273
0.0
0.0
1.17306
0.0
0.0
0.78884
0.0
0.0
0.0
1.03535
0.0
0.0
0.0
0.0
0.0
0.0
0.0
0.0
0.652155
1.42418
1.13552
0.0
0.0
0.0
0.424294
2.30806
0.0
0.0
0.0
3.2933
0.0
0.0
0.0
0.0
0.0
0.799392
1.24319
1.45832
0.0
0.0
0.0
0.0
0.0
0.0
0.753573
0.0
0.0
0.0
0.0
1.05352
0.0
0.0
0.0
0.0
0.0
0.0
0.0
0.0
0.0
0.0
0.0
0.0
0.0
0.0
0.0
0.0
0.0
0.0
0.0
0.0
0.0
0.0
0.408152
0.0
0.0
0.0
0.0
0.0
0.0
0.0
0.0
0.0
0.0
0.0
4.64576
0.0
0.0
0.0
0.0
1.40542
0.0
0.0
0.0
0.141334
0.0
0.0
0.0
0.0
0.0
0.0
0.0
0.059639
0.0
0.0
0.0
0.0
0.0
0.0
0.0
0.0
0.0
0.0
0.58499
0.0
1.79566
2.66866
0.0
1.66771
0.0
0.703382
0.0
0.0
3.32474
0.0
0.0
0.0
0.0289092
0.240009
0.0
0.0
0.0
0.0
0.0
0.0
0.0
0.0
0.0
0.0
0.0
0.0
0.0
0.0
0.0
0.0
0.0
0.0
0.0
0.0
0.0
0.0
0.0
4.06311
3.89811
0.0
0.0
1.96912
0.0525136
3.90881
0.0683613
0.0
0.0
2.62398
1.03337
0.0
0.0
0.0
0.0
0.0
0.0
0.0
0.0
1.3295
0.0
0.918594
4.18649
0.0
1.55116
0.0
0.0
1.10486
1.23654
0.0
0.0
0.0
0.898361
1.15364
0.0
0.0
0.0
0.0
0.0
0.0
0.0
0.0
0.0
0.0
0.0
0.0
1.95279
0.0
0.0
0.0
0.0
0.0
0.0
0.0
1.77026
0.0
0.0
0.0
0.0
0.0
0.0
0.0
0.0
0.0
0.0
0.598799
0.0
1.67298
0.0
0.0
0.0
0.500614
0.0
1.06186
0.0
0.0
0.0
0.0
0.342384
0.0
1.1351
0.0
0.881484
0.0
1.35033
0.0
0.0
0.0
0.0
0.0
0.0
0.0
0.0
0.0
0.0
0.492682
0.0
0.0
0.0
0.0
0.0
0.0
0.0
0.0
0.0
0.0
2.3432
0.0
2.10474
0.0
0.0
0.0
0.0
0.0
0.0
0.0
0.0
0.0
2.44104
0.0
0.0
0.166685
0.0
0.0
0.0
0.602601
0.0
0.0
1.03578
0.0
0.581808
0.0
0.0
0.0
0.0
0.0
0.0
3.28028
3.67265
0.0
0.0
0.0
0.0
0.0
0.0
0.253751
0.0
0.0
0.0
0.0
0.0
0.0
0.0
0.0
0.0
0.0
0.0
0.0
0.0
0.0
0.0
0.0
0.0
0.0
0.0
0.0
0.0
0.0
0.0
0.0
0.0
0.0
0.0
1.10746
0.983556
0.0
0.0
0.0
4.66674
0.348463
0.0
0.0
1.71861
0.0
0.0
0.0
3.30838
0.0
0.0
0.0
0.0
0.0
0.0
0.0
0.0
4.65053
3.95512
2.86142
1.32349
0.0
0.167895
0.0
0.0
0.0
0.0
0.0
0.0
0.0
0.0
4.87549
0.0
0.0
0.0
0.448584
0.0
0.0
0.0
0.0
0.0
0.0
0.0
0.157003
0.0
0.0
2.77333
0.0
0.0
0.0
0.0
0.0
0.0
1.13414
0.0
0.0
0.0
0.0
0.0
0.0
0.0
0.0
0.0
0.0
0.0
0.0
0.846628
2.64623
0.0
0.0
0.0
0.0
0.0
0.0
0.0
0.935939
0.0
0.0
0.0
2.56602
0.0
0.0
0.0
0.0
0.0
0.0
0.0
0.0
0.0
0.0
0.0
0.0
0.0
0.0
0.764117
0.0
0.0
0.0
0.0
0.0
0.0
0.0
0.0
0.0
4.63731
0.167073
1.08078
0.0
0.0
0.0
0.476545
0.0
4.10775
0.0
0.0
0.0
1.73447
0.0
0.0
0.265376
1.51689
0.934489
3.50747
1.65673
0.0
0.817903
0.0
0.0
0.0
0.0
0.0
0.0
0.091584
0.0
0.0
0.0
0.0
0.0
0.0
0.0
0.0
0.0
0.0
0.533005
0.0
1.33178
0.0
1.40056
0.0
0.0
0.0
0.0
0.0
0.0
0.0
0.516878
0.0
0.0
2.22304
0.0
0.0
0.0
0.0
2.12351
0.0
0.0
0.0
0.0
0.0
0.0
0.0
0.0
0.0
0.0
0.0
0.0
0.0
0.0
0.0
0.0
0.0
0.0
0.0
0.371558
0.0
0.0
3.40474
0.0
0.0
2.85678
0.0
0.0
2.59239
0.0
0.0
0.0
0.0
0.0
0.0
0.0
0.0
0.0
1.93891
0.0
0.0
0.0
0.0
0.855116
0.0
0.0
0.0
0.0
0.0
2.25424
0.0
0.0
0.0
0.0
0.0
3.00641
0.0
0.0
0.0
0.0
0.0
0.0
0.0
0.0
0.0
0.0
0.0
0.0
0.0
0.0
0.156031
0.0
3.50242
0.0
1.1162
0.0
0.0
0.0
0.0
0.0
0.0
0.0
0.0548878
0.0
1.51755
0.0
0.0
0.0
2.02016
0.0
2.42104
0.0
0.460849
0.0
0.0
1.92378
0.0
0.0
0.0
2.69055
0.770038
0.0
3.73375
0.0
3.80541
0.0
0.0
0.0
0.0
1.44361
0.0
0.0
0.0
0.0
0.0
0.0
1.26736
0.0783092
0.0
0.0
0.505928
0.0
0.0
0.0
1.0514
2.97518
0.0
0.0
0.0
0.0
0.0
0.0
0.0
0.0
0.0
0.0
0.0
0.0
0.0
0.0
0.0
0.0
0.0
0.0
0.0
0.0
0.0
0.955133
3.83312
0.0
0.0
0.0
0.00396374
0.0
0.0
0.0
0.0
0.0
0.0
0.0
0.0
0.0
0.0
0.0
0.0
0.0
0.0
0.0
0.0
0.0
0.0
0.0
0.0
0.0
0.0
0.0
0.0
0.0
0.0
1.12431
0.861545
0.0
0.0
0.0
0.0
0.0
0.0
0.0
0.0
0.0
0.0
0.669043
0.232188
0.0
0.0
0.0
0.0
0.0
0.0
0.0
0.0
0.0
0.0
1.40075
0.0
0.0
0.0
0.0
0.0
0.0
0.0
0.0
0.0
0.412041
0.215707
0.0
0.0
0.0
0.0
0.205418
0.0
