0.0
0.0
2.30644
0.0
0.0
0.0
0.0
0.0
0.0
0.0
0.0
0.643779
0.0
1.52591
0.0
0.0
0.0
0.0
0.421723
2.76813
0.0
0.0
0.0
0.0
1.09309
0.0
0.0
0.0
0.0
0.0
0.0
1.05588
0.0
5.56937
0.0
0.0
0.0
0.0
0.0
0.0
0.0
0.0
0.632305
0.0
0.0
0.0
1.55049
0.0
0.0
2.44023
1.80533
0.0
0.0
0.0
0.0
0.0
0.0
0.0
0.0
0.0
0.408307
0.0
0.0
2.79635
2.87671
0.0
0.485215
0.0
0.0
0.0
0.0
0.0
0.0
0.0
0.0
0.0
0.0
0.0
0.0
0.0
1.57893
0.0
0.0
0.0
0.0
0.0
0.0
0.0
0.0
0.0
0.0
0.0
0.0
0.0
0.0
0.0
0.0
0.0
0.0
0.0
0.0
0.0
0.0
0.0
0.0
0.131318
4.23589
0.0
0.0
0.0
0.0
0.0
0.0
0.605799
1.48077
0.0
0.0
2.74038
0.0
0.0
0.494577
0.0
0.0
0.0
0.245576
0.0
0.0
1.35739
0.0
0.0
0.0
1.25256
0.0
0.0
0.0
0.0
0.0
0.0
0.0
0.0
0.0
0.0
0.0
0.0
0.0
0.0
1.14664
0.843497
3.64283
0.0
0.0
0.0
0.0
0.0
0.0
0.0
0.0
0.0
0.0
0.0
0.0
0.0
0.0
0.0
0.0
0.0
0.0
0.0
0.0
0.979744
0.0
0.0
0.482874
0.268645
0.0
0.0
0.951787
0.0
0.0
0.0
2.43104
0.0
0.0
0.0
0.0
0.0
0.0
0.0
0.0
0.0437869
0.0
0.0
2.6772
3.41871
0.0
0.0
0.0
0.0
0.0
1.47518
0.0
0.692232
0.0
1.5549
0.0
0.0
0.0
0.0
0.0
0.0
0.0
0.0
0.0
0.0
0.0
1.38469
0.0
0.0
0.0
0.0
0.0
5.30055
0.035723
0.0
0.0
0.0
0.0
0.0
0.769832
0.0
0.0
0.0
0.0
3.34868
0.0
0.0
0.0
1.38644
0.0
0.0
0.0
0.0
0.0
0.0
0.485838
0.0
0.0
3.5257
0.0
0.0
2.29907
1.58803
0.26148
0.0
0.0
0.185338
0.0
0.81205
0.0
0.0
0.0
0.0
1.31433
0.0
0.0
0.0
0.0
0.0
0.36484
0.0696257
0.0
0.0
0.0
0.0
0.0
0.0
0.676588
0.0684427
0.0
0.0
0.0
0.0
0.0
0.962971
0.0
0.0
0.0
0.0
0.0
0.0
0.0
0.0
0.0
0.0
0.0
0.0
0.0
0.0
0.0
0.0
0.0
5.82443
0.0
0.0
0.0
0.0
0.0
0.0
0.0
0.0
0.0
0.0
0.0
0.0
0.0
0.0
0.0
0.0
0.0
0.0
0.0
0.0
0.0
0.0
1.25007
0.0
0.0
0.0
0.0
0.0
0.0
0.0
0.0
0.0
0.0
0.0
0.0
0.0
0.0
0.0
0.0
0.0
0.0
0.0
0.0
2.67713
0.0
0.0
0.0
0.0
0.0
0.0
0.0
0.0
0.0
0.0
0.0
0.0
0.0
0.0
0.683001
0.0
0.0
0.0
0.0
0.0
0.0
0.0
0.0
0.0
0.0
0.0
0.0
0.0
0.0
0.0
0.0
0.0
0.0
0.0865177
0.0
0.0
0.0
0.0
0.0
0.0
0.0
3.57868
0.0
0.749025
0.0
0.0
0.0
0.0
0.0
3.64688
3.59927
0.0
0.0
0.0
0.0
0.0
0.0
0.0
0.0
0.0
0.0
0.0
0.0
0.0
0.0
0.0
0.0
0.0
0.787872
0.0
0.0
0.0
0.0
0.237709
0.0
0.0
0.0
0.0
0.0
0.0
1.22734
0.0
0.0
1.04847
3.62187
0.0
0.68296
0.0
0.0
0.0
0.0
0.0
0.0
0.0
0.0
0.853462
0.0
0.0
0.0
0.0
0.0
0.0
0.0
0.0
0.0
0.0
0.0
1.20639
0.0
0.0
0.0
0.0
0.0
0.594265
0.0
0.0
0.0
0.0
0.0
0.0
0.690497
0.0
0.0
4.80025
0.0
0.0
0.0
0.0
0.0
0.377596
0.0
0.0
1.11261
0.0
0.0
0.0
0.0
0.0
0.0
0.0
0.0
0.861292
0.0
0.0
0.0
0.0
0.0
0.0
0.0
0.0
2.86544
4.18756
0.0
0.0
0.0
0.0
0.0
0.0
0.0
0.468328
0.0
0.0
0.0
0.0
0.0
4.36196
0.0
0.0
0.0
0.0
0.0
2.76367
0.0
0.0
0.0
0.0
0.0
0.183861
0.0
0.0
0.0
0.0
0.0
0.0
0.0
0.0
0.0
2.38856
0.0
0.0
1.15684
0.0
0.0
0.0
0.0
0.0
0.0
2.00465
0.0
0.0
0.0
0.0
0.0
0.0
0.0
1.05589
0.0
0.0
0.390642
0.0
0.324424
0.0
0.0
0.0
0.0
0.0
0.0
0.0
0.0
0.0
0.415139
0.0
0.0
0.0
0.0
0.0
0.0
1.20814
0.0
2.60408
0.0
0.0
0.0
0.0
0.0
0.0
0.768767
0.451293
0.0
0.0
0.247943
0.0
0.0
0.0
0.0
0.0
0.0
0.0
0.0
0.0
0.0
0.0
0.0
0.0
0.0
0.0
0.0
0.0
0.0
0.0
0.0
0.0
1.6125
0.0
0.978149
0.0
0.0
0.0
0.736693
0.0
0.0
0.0
0.0
0.54641
2.60199
0.0
0.0
0.0
0.0
0.0
0.0
0.0
0.0
0.0
0.0
0.0
0.0
0.0
0.0
0.0
0.832675
0.0
0.0
0.0
0.0
1.73944
0.0
2.57693
0.0
0.0
0.0
0.0
0.0
0.0
0.0
0.0
0.0
0.700628
0.384203
0.0
0.0
0.0
0.0
0.0
0.0
1.35429
0.0
0.0
0.0
0.0
1.31435
0.0
0.0
0.0
0.0
0.0
0.0
0.0
0.0
0.0
0.225255
0.0
0.0
0.0
0.0
0.0
0.0
2.392
0.0
0.0
0.0
0.0
0.0
0.0
0.0
0.0
0.0
0.0
0.0
0.0
0.0
0.0
0.862457
0.0
0.0
2.24432
0.0
0.898699
0.0
0.0
0.0
1.00704
0.0
0.0
0.0
4.10687
3.80572
0.0
0.0
0.0
0.0
0.0
0.0
0.0
0.0
0.0
0.0
0.0
0.926616
0.740714
1.30457
0.0
0.101313
0.0
0.0
0.0478995
0.0
0.0
1.12325
1.72317
0.0
0.0
0.100935
0.0
0.0
0.0
0.0
0.0
0.0
0.0
0.0
0.0
0.0
0.0
0.0
0.0
1.77181
0.0
0.0
0.0
0.569707
0.0
1.62994
0.0
2.08868
4.63614
0.0
0.0
0.0
0.0
0.0
0.0
0.0
0.0
0.0
0.0
0.0
0.0
0.0
0.0
0.0
0.0
0.0
3.0564
0.0
0.0
0.0
2.8185
0.0
0.0
0.0
0.0
0.0
0.0
0.0
0.684702
0.0
0.0
0.0
0.0
3.57415
0.0
0.198096
2.72155
0.0
0.0
0.0
0.0
0.0
0.0
0.0
0.0
0.0
0.0
0.0
0.0
0.0
0.0
0.0
0.0
0.0
0.0
0.0
0.0
0.0
0.0
0.0
0.0
0.0
0.0
0.0
0.0
0.0
0.0
0.0
0.0
0.0
0.0
0.0
0.0
0.0
0.0
0.606977
0.0
0.0
1.69404
2.10172
0.0
0.0
2.40275
0.0
2.90683
0.802356
0.0
0.0
0.0
1.52088
0.0
4.01509
0.0
0.0
0.0
0.0
0.0
2.74819
2.77399
0.0
0.0
0.0
0.0
0.0
0.0
0.0
0.0
0.0
0.0
0.0
0.258816
0.0
0.0918298
0.0
0.0
0.0
0.0
0.0
0.0
0.0
0.0
0.122963
0.0
0.0
0.0
0.0
0.335593
0.717435
0.0
0.0
0.0
3.26816
0.0
0.0
0.0
0.0
0.0
0.0
0.0
0.0
0.0
0.338459
0.0
0.0
0.0
0.539431
0.0
0.0
0.0
0.0
0.0
0.0
0.0
0.0
0.0
0.0
0.0
0.0
0.868945
0.0
0.0
0.0
0.0
0.0
0.0
0.0
0.0
0.0
0.0
0.0
0.0
0.0
0.0
0.0
0.374769
0.0
0.0
0.0
0.0
0.0
1.21803
0.0
0.0
0.0
0.0
0.0
0.566222
0.0
0.0
0.0
0.0
0.0
0.0
0.0
0.0
0.0
1.11142
0.0
0.0
0.0
0.0
0.0
0.0
0.0
0.0
0.0
2.57579
0.480565
0.0
0.0
0.0
0.0
1.20898
0.0
0.0
0.0
0.630144
0.0
0.0
0.0
0.0
1.95558
0.0
0.0
1.52383
0.0
0.0
0.0
0.0
0.0
0.0
2.24546
0.0
0.0
0.0
0.0
0.0
0.0
0.0
0.0
0.0
0.0
0.0
0.0
0.0
0.0
0.0
0.0
0.0
0.0
0.0
0.0
0.0
0.0
1.19877
0.0
2.22162
0.0
0.0
0.0
0.049923
0.0
0.0
0.0
0.0
0.801112
0.0
1.35948
0.0
0.0
0.0
1.34489
0.295549
0.0
0.0
0.0
0.0
0.0
0.0
0.0
3.36611
0.0
0.28362
0.924125
0.0
0.0
0.0
0.0
0.0
0.0
0.0
0.0
0.0
0.0
0.0
0.0
0.0
0.0
0.0
0.0
3.53906
0.0
0.0
0.0
1.19758
3.02865
0.0
0.0
0.0
0.0
0.0
0.0
0.0
0.648859
0.0
0.0
0.0
0.0
0.0
0.0
0.585324
0.0
0.0
0.0
3.40678
1.1734
0.0
0.0
0.0
0.0
0.0
0.0
0.0
0.0
4.41314
0.0
0.630889
0.0
0.0
0.0
0.0
0.0
0.0
0.0
0.0
0.0
0.0
0.0
0.0
0.890862
0.0
0.0
0.0
0.0
0.0
0.0
0.0
0.0
0.0
0.0
0.0
0.426479
0.762611
0.0
0.919923
0.634203
0.0
0.0
0.0
0.0
0.0
0.0
0.0
0.0
0.0
0.0
0.0
0.0
0.0
0.0
1.09483
0.0
0.0
0.0
0.0
0.0
0.0
0.0
3.13956
0.0
0.543533
2.30449
0.0
0.0
0.0
0.0
0.0
0.0
0.0
1.97061
0.0
0.0
0.0
0.0
2.29223
0.0
0.0
0.0
1.73524
3.32398
0.0
0.0
0.0
0.0
0.0
0.0
0.834862
0.0
0.0
0.0
0.0
0.0
0.0728582
0.0
0.0
0.553829
0.0
0.0
0.0
0.0
0.0
0.731028
0.0
0.0
0.0
0.0
0.0
0.0
0.0
0.0
0.0
0.0
0.0
4.37554
0.0
0.0
0.0
0.0
0.0
0.0
0.0
0.0
0.0
0.440334
0.0
1.73045
3.38087
0.0
0.0
0.0
0.0
0.304755
3.42288
0.0
0.0
0.0
0.0
0.0
1.02512
0.0
0.0
0.0
1.00823
0.0
0.0
0.17135
0.0
0.0
0.0
0.0
0.0
1.85893
0.0
0.0
0.0
0.00442278
0.0
0.0
0.0
0.0
0.37778
0.0
1.23224
0.0
0.0
0.325354
0.0
0.334276
0.0
0.0
0.0
0.0
1.75963
0.0
0.0
0.0
0.0
0.0
0.0
0.0
0.0
0.0
0.616284
0.0
0.786818
0.0
0.488638
0.0
0.0
0.0
0.0
0.0
1.24314
0.0
0.0
0.0
0.0
0.0
3.08909
0.0
0.0
3.53253
0.0
0.0
0.0
0.0
0.0
0.0
0.0
0.0
0.0
1.38346
0.0
0.0
0.0
0.0
3.56146
0.0
0.0
0.418657
0.0
2.03406
0.557221
0.0
0.0
0.0
0.0
0.0
0.0
0.0
0.0
0.0
0.0
0.0
0.0
0.0
0.0
0.0
0.0
0.0
0.0
0.0
0.0
0.0
0.0
0.0
0.0
0.0
0.0
0.0
0.0
0.0
0.0
0.0
0.0
0.0
0.0
0.0
0.0
0.0
0.0
0.0
0.0
0.0
0.0
2.6745
0.0
0.0
0.0
0.0
0.0
0.0
0.0
0.0
0.0
0.0
0.0
1.65605
0.0
0.0
0.0
0.0
1.19398
0.0
1.75862
0.0
1.10307
0.0
0.0
0.0
0.0
0.0
0.782544
0.0
0.189961
0.0
0.0
0.0
0.0
0.0
0.0
0.0
0.0
0.207394
0.0
0.0
0.0
0.0
0.0
0.0
1.06875
0.0
0.0
0.0
0.35343
0.0
0.0
0.0
0.0
0.0
0.0
0.0
0.0
0.0
1.00871
0.0
0.0
0.0
0.0
0.0
0.0
0.0
0.0
0.0
0.0
0.0
0.0
0.0
0.0
0.0
0.0245887
0.0
0.0
0.0
0.0
0.0
0.0
1.77201
0.0
0.0
0.0
1.43734
0.0
0.0
0.0
0.0
2.2016
0.0
1.61908
0.0
0.0
0.0
0.0
0.0
0.0
0.0
0.0
0.0
0.0
0.454154
0.0
0.0
0.0
3.48234
0.0
0.817884
0.0
0.0
0.0
0.0
0.0
0.0
2.12927
0.554729
0.0
0.0
0.0
0.0
0.0
0.0
0.0
0.0
0.0
0.0
0.0
0.0
0.0
0.0
0.0
0.133845
0.0
0.0
0.0
0.14552
0.0
0.0
2.24791
0.0
0.0
0.0
0.0
0.0
0.0
1.10231
2.82747
0.0
0.216208
0.0
0.846214
0.0
0.0
1.47992
0.0
0.0
0.0
0.0
0.0
0.0
0.0
0.0
0.0
0.0
0.0
0.0
0.0
0.0
0.0
0.0220283
0.0
0.480511
0.0
0.0
0.0
0.0
0.0
0.0
0.0
0.0
0.826411
0.0
0.0
0.0
0.0
0.0
0.0
0.0
0.0
0.0
0.0
0.0
0.154572
0.0
0.0
0.0
0.0
0.0
0.0
0.0
1.21129
0.0
0.0
0.0
0.0
0.0
0.0
0.0
1.21382
0.0
0.0
0.0
0.578552
0.0
0.0
0.0
0.0
0.0
0.0
0.0
0.0
0.0
0.0
0.0
0.0
0.0
0.0
0.0
0.0
0.0
0.0
0.0
0.0
0.0
0.0
0.0
0.0
0.0
0.0851462
0.0
0.0
0.0
0.0
0.0
0.0
0.0
0.939862
0.0
0.0
0.0
0.0
0.0
0.0
0.0
0.0
0.0
0.0
0.0
0.0
0.452602
0.0
0.0
0.0
0.0
0.0
0.0
0.0
0.0
0.0
0.0
0.0
0.0
0.0
0.0
0.268263
0.0
2.90345
0.649673
0.0
0.0
0.0
0.0
0.0
0.0
0.0
0.0
0.0
0.0
0.0
2.84931
0.0
0.0
0.0
0.0
0.0
0.44621
3.4415
1.1296
0.0
0.0
0.0
0.0
0.0
0.0
0.0
0.0
2.39169
2.00444
0.0
0.203893
3.33268
0.0
1.7792
5.04965
0.0
0.0
0.0
3.38556
0.0
0.0
0.0
0.0
0.0
2.29401
0.0
0.0
0.0
0.751027
0.0
0.0
1.94483
0.0
0.0
0.0
0.0
0.0
0.0
0.0
1.32156
0.0
0.0
0.0
0.0
0.0
0.0
0.0
0.356817
0.0
0.0
1.14644
4.96756
0.0
0.0
0.0
0.0
0.0
0.157245
0.0
0.967713
0.0
0.0
0.0
0.0
0.0
0.0
0.0
0.0
0.277937
0.0
0.0
1.1127
0.0
0.0
0.0
0.0
0.0
0.0
0.0
0.0
0.0
0.447754
0.0
0.0
0.0
0.0
0.0
0.0
0.0
0.0
0.0
0.0
0.0
0.0
0.0
0.0
0.0
0.0
0.0
1.02545
2.99184
0.0
0.383045
0.0
0.0
2.46199
2.03502
5.36363
1.13876
0.0
0.0
0.0
0.0
0.0
0.0
0.0
0.0
0.0
0.878067
0.0
1.38243
0.0
0.246128
0.0
0.0
0.0
0.0
0.0
0.0
0.0
0.0
0.0
0.0
0.0
0.0
0.0
0.0
0.0
0.0
0.0
0.0
0.0
0.0
0.0
0.0
0.146888
0.0
0.0
0.0
0.0
0.0
0.0
0.0117719
0.018986
0.0
0.0
0.0
0.0
0.0
0.471957
0.0
0.835522
0.0
0.0
0.0
0.0
0.0
1.2583
0.0
0.0
3.29092
0.0
0.0
0.0
3.18883
0.0
0.0
0.0
0.0
0.0
1.19789
0.0
2.34416
1.48702
0.653395
0.0
0.0
0.0
0.0
0.0
0.0
0.0
0.0
0.0
0.0
0.0
0.0
0.0
4.56402
0.0
0.0
0.0
0.0
0.0
1.56228
0.0
0.0
0.0
0.0
0.362361
0.629051
0.0
0.0
0.0
0.0
0.0
0.930481
0.0
0.0
0.0
0.0
0.0
0.0
0.0
0.482096
0.0
0.0
0.0
0.223513
0.0
0.0
0.0
0.0
0.281512
0.389478
2.52744
0.0
0.0
0.0
0.0
0.0
0.0
0.0
0.0
0.0
0.0
0.0
0.0
0.0
0.0
0.0
0.0
0.0
0.0
1.19591
0.0
0.0
0.128284
0.0
0.0
0.0
0.0
0.0
0.0
0.0
0.0
1.66779
0.400081
0.392681
0.0
0.0
0.0
0.0
0.0
0.0
0.0
2.30814
0.0
2.06335
0.0
0.0
0.0
0.0
0.0
0.0
0.0
0.0
0.0
0.0
0.0
0.0
0.0
0.0
0.0
0.895008
0.0
0.0
0.650769
0.0
0.0
0.0
0.0
0.0
0.0
0.0
1.6171
0.0
0.0
0.00204343
0.0
0.0
0.0
1.58465
0.0
4.77598
0.529338
0.0
0.527245
0.0
2.26505
0.0
0.0
0.0
0.0
1.30783
0.0
0.0
0.0
0.0
0.493551
0.0
0.0
0.264255
0.0
0.0
3.39529
0.0
0.0
0.0
0.0
8.34538
2.41823
0.0
0.0
0.0
0.0
0.0
2.29795
0.0
0.0
0.0
0.32816
0.0770655
0.0
0.0
0.260306
0.251779
0.0
0.0
0.0
0.0
0.0
0.0
2.12879
0.0
0.0
0.0
0.0
0.0
0.0
0.0
2.07359
2.19781
0.0
0.551893
0.0
0.0
0.0
0.0
0.0
0.0
0.0
0.0
0.0
0.0
0.0
0.0
0.0
0.0
1.19603
0.935907
0.0
0.0
0.0
0.0
0.0
3.11771
0.0
0.0
0.0
0.0
0.0
0.0
0.0
0.0
0.0
0.0
0.0
2.81064
0.0
0.702626
0.0
0.391859
4.13659
0.0
0.0
0.0
0.0
0.0
0.0
0.0
0.0
0.0
0.0
0.0
0.0
0.201724
0.0
4.72123
0.0
0.0
0.0
0.0
0.0
3.04939
0.0
0.0
0.0
0.0
0.0
0.0
0.0
0.0
2.11266
0.0
0.0
0.0
0.0
0.0
0.0
0.0
0.0
0.0
0.0
0.0
0.0
0.0
0.606467
0.0
0.0
0.0
0.0
0.0
0.0
1.29545
0.0
0.814072
0.0
3.71848
0.0
0.0
0.0
0.0
0.0
0.0
0.0
4.54879
0.0
0.1705
0.0
0.0
0.0
0.0
0.0
0.0
0.0
0.953218
0.0
0.0
0.0
0.0
2.33633
0.564876
0.0
0.0
0.0
0.596768
0.0
0.0
0.0
0.0
0.0
0.0
0.0
0.0
0.0
0.0
2.05613
0.0
0.0
0.0
0.0
0.0
0.0
0.0
0.0
0.936274
0.0
0.0
0.0
0.0
0.0
0.0
0.0
0.0
0.0
1.06933
2.4937
0.0
0.0
0.0371794
0.0
0.0
0.0
2.54809
0.0
0.0
0.0
0.0
0.0
0.35283
0.0
0.0
0.0
0.0
0.0
0.0
0.0
0.0
0.0
0.0
4.23416
0.0
0.0
0.0
0.0
2.9525
0.0
0.0
0.0
0.0
0.0
0.0
0.0
0.0
0.0
0.0
0.0
1.3906
0.0925834
0.0
2.62044
0.0
0.736112
0.0
0.0
0.0
0.0
0.0
0.0
0.30163
0.0
0.0
0.0
0.0
0.0
0.0
0.0
0.0
0.0
0.0
0.0
0.0
0.0
0.0
0.0
0.0
0.0
1.81087
0.842659
0.0
0.0
0.0
1.4094
0.0
0.727567
0.0
0.0
2.8595
0.0
2.75146
0.0
4.21121
0.0
0.0
0.0
0.0
0.0
0.0
0.0
0.0
0.0
0.0
0.0
0.0
0.0
0.0
0.0
0.0
0.0
0.0
0.776623
0.0
4.66296
0.0
0.0
0.0
0.0
2.48852
0.0
0.0
0.0
0.0
0.0
0.0
1.53777
0.0
0.0
0.0
0.882855
0.0
0.0
0.0
0.0
0.0
0.105333
0.0
0.0
1.66758
0.0
0.0
0.0
0.0
0.0
0.0
0.0
3.37098
0.0
1.93896
0.0
3.77591
2.4013
0.0
0.0
0.0
8.05438
0.0
0.0
0.0
0.0
0.0
1.52518
0.0
0.0
0.0
0.0
0.0
0.0
0.0
0.0
0.0
1.57321
0.0
0.0
0.0
0.0
0.0
0.0
0.0
1.16771
2.21907
0.0
0.0
0.0
1.59981
0.0
2.67585
0.0
0.0
0.0
0.0
0.0
0.0
0.0
0.0
0.0
0.0
0.0
0.0
0.310666
0.0
0.0
0.0
0.0
0.0
0.0
0.0
0.0
0.0
0.418091
0.206234
0.667072
0.0
0.0
2.50603
0.0
0.0
0.0
0.0
0.0
0.0
0.0
0.0
0.0
0.0
1.16129
0.0
0.131201
0.0
0.0
0.0
3.49928
0.0
0.0
0.0
0.648863
0.0
0.0
0.0
0.357865
4.57234
0.0
0.0
0.0
0.0
0.0
0.0
0.0
1.82699
0.0
0.0
0.0
0.0
0.0
0.0
0.0
0.0
0.0
0.0
0.0
0.0
0.0
0.0
0.0
0.0
0.0
0.0
0.0
0.0
2.80992
0.0
3.44745
0.0
0.0
0.0
0.0
0.0
0.0
0.0
0.0
4.32221
0.84632
0.0
0.0
0.0
0.0
0.0
0.0
0.0
0.0
0.0
0.0
0.19824
0.0
0.0
0.0
0.0
0.0
0.0
0.0
0.0
0.425422
0.0
0.0
0.0
0.0
0.0
0.0
0.0
0.0
0.0
0.0986738
0.0
0.0
0.0
0.0
0.0
0.0
0.822155
0.0
0.0
0.0
0.0
0.0
0.0
0.0
0.0
0.0
0.0
0.0
4.71086
0.0
0.0
0.0
0.0
0.0
0.0
0.0
0.0
0.0
0.0
0.0
0.0
0.0
0.0
0.0
0.0
0.0
0.0
2.72832
0.0
1.58811
0.0
0.0
0.0
0.833247
0.621887
0.0
0.0
0.250155
0.267219
0.0
1.21036
0.0
0.0
0.0
0.0
1.19364
0.0
0.0
1.42972
0.0
0.0
0.0
0.0
0.458583
0.0
0.0
0.0
0.0
0.0
0.0
0.0
0.0
0.0
0.0
0.66193
0.0
0.0
0.0
0.0
0.0
0.0
0.0
0.0
0.675543
0.0
0.0
0.0
0.0
1.58506
0.0
0.0
0.0
0.0
0.0
0.0
0.0
0.0
0.0
0.906898
0.0953778
0.0
0.0
0.0
0.0
0.0
0.0
0.0
0.0
0.0
0.0
0.0
0.0
0.730208
2.32519
0.0
0.0
0.0
0.0
0.0
0.0
0.0
0.0
0.0
0.0
0.0
0.0
0.0
0.0
0.0
0.0
0.0
0.0
0.0
0.0
0.0
0.0
0.0
0.0
0.0
0.0
0.4559
0.0
0.0
2.32723
0.0
0.0
0.0
0.120992
0.0
0.0
0.0
0.0
0.0
0.0
0.0
0.0
0.0
0.0
0.0
0.0
0.0
0.0
0.0
0.0
0.0
0.0
0.28053
0.0
0.0
0.0
0.0
0.0
0.0
0.0
4.97825
0.0
0.0
0.0
3.32296
0.0
1.99947
0.0
0.0
0.100846
0.0
0.0
0.0
0.0
0.0
0.0
0.0
0.0
0.0
0.0
0.288597
0.0
0.0
0.0
0.0
0.99828
2.65597
0.0
0.0
0.0
0.0
0.0
0.0
0.0
4.38535
1.1911
0.0
0.0
0.0
0.265162
0.0
0.0
0.0
0.0
0.0
0.0
5.62257
0.0
0.0
0.0
0.0
0.0
0.0
0.0
0.675305
0.0
0.0
1.23167
0.0
1.72344
1.30945
0.0
0.235213
0.0125562
0.0
0.937328
0.0
0.0
0.0
0.0
0.0
0.0
0.0
0.0
3.12732
0.0
0.0
0.0
0.0
0.0
3.74188
0.0
0.40741
0.0
0.0
0.0
0.0
0.0
0.0
0.0
0.0
0.0
0.0
0.0
3.25747
0.0
0.0
0.0
0.0
0.0
0.0
0.0
0.0
0.0
0.0
0.661533
0.0
0.0
0.0
0.0
0.0
1.3329
2.54513
0.734695
0.0
0.0710363
2.33188
0.0
3.56109
0.0
0.0
1.17141
0.0
0.0
0.0
0.0
0.0
0.0
0.0
0.0
0.0
0.0
0.0
0.0
2.31303
0.0
0.0
0.0
0.984484
0.0
0.0
0.0
0.215076
0.499694
0.364217
0.0
0.0
0.0
0.0
0.0
0.568838
0.961515
0.0
0.0
3.62079
0.0
1.63684
0.0
0.0
0.0
0.0
2.19415
0.0
0.0
0.0
0.0
0.0
0.0
0.0
0.0
0.0
0.0677875
0.0
0.0
1.56697
4.04955
0.0
0.0
0.0
0.0
0.0
0.0
0.0
0.0
0.0
0.0
0.0
0.0
0.0
0.756179
0.321503
0.0
0.0
0.0
0.212835
0.0
0.855998
0.0
0.0
0.0
0.0
0.0
0.0
2.27855
0.0
0.0
0.704994
0.0
0.0
0.0
0.137654
0.0
0.0
0.0
0.0
0.0
0.0
0.0
0.0
0.0
0.145066
0.0
0.0
0.0
0.0791779
0.0
0.0
0.0
0.0
0.0
0.0
0.0
0.574969
0.0
0.0
0.0
0.0
0.0
0.0
0.0
0.0
0.0
0.0
0.0
0.0
0.0
0.0
0.0
0.0
0.0
0.0
0.0
0.0
0.0
0.0309226
1.21888
0.0
0.0
0.0
0.0
0.0
0.0
0.0
0.0
0.0
0.0
0.0
0.0
0.0
0.0
0.0
0.0
0.0
1.89943
0.0
0.0
0.0
0.0
0.0
0.0
0.0
0.0
0.0
0.123607
0.0
0.0
0.0
0.0
0.0
0.0
3.6829
0.0
0.0
0.158301
0.0
0.0
0.0
0.0
0.0
0.0
1.35986
0.0
0.0
0.0
0.0
0.0
0.0
0.0
0.0
0.0
0.0
0.0588808
2.29196
0.0
0.701982
0.0
3.63293
0.0
0.0
0.0
0.0
0.0
0.0
0.0
0.0
0.0
0.0
0.0
0.0
0.0
0.0
0.40027
0.0
0.0
0.0
0.0
0.0
0.0
2.34678
2.26729
0.126464
2.71599
0.0
0.0
0.0
0.0
0.0
0.93157
1.27065
0.0
0.0
0.0
1.05005
0.0
0.0
0.0
0.0
0.0
0.0
0.0
0.0
0.0
0.0
0.0
0.0
0.0
0.0
0.0
0.0
0.0
0.0
0.0
0.0
0.0
0.0
0.406005
0.0
0.0
0.0
0.0
0.0
0.0
0.0
0.0
0.0
0.0
0.0
0.292549
0.675365
0.0
0.0
0.404273
0.0
1.49152
1.6106
0.0
0.0
0.0
0.0
0.0
0.0
0.0
0.098107
1.33663
0.0
1.76054
7.67378
0.0
0.0
0.0
0.0
0.0
0.306168
0.0
0.0
0.731914
1.23607
0.0
0.0
0.0
0.0
0.0
0.0
0.0
0.0
0.0
0.0
0.0
0.0
0.0
0.0
0.0
0.0
0.0
0.0
0.0
0.0
0.759492
0.0
0.0
0.0
0.0
3.24935
0.0
0.0
0.0
0.0
0.0
0.0
0.0
0.0
0.0
0.0
0.0
0.0
0.0
0.0
0.0
0.0
2.1934
1.48716
0.0
0.884426
4.1456
0.0
0.0
0.0
0.0
0.0
0.0
0.0
0.0
0.0
3.276
0.0
0.0
0.0
0.0
0.0
0.0
0.480278
0.632002
0.0
0.0
0.0
0.0
0.0
0.0
0.0
3.49652
0.0
0.0
0.0
0.0
0.0
0.0
1.16421
0.0
0.0
0.0
0.0
0.0
0.0
0.0
0.0
0.776178
0.0
0.0
0.0
0.0
0.0
0.0
0.0
0.0
0.734712
0.0
0.198343
0.0
0.0
0.0
0.0
0.0
0.143472
0.0
0.0
0.0
0.0
0.0
0.139663
0.0
0.0
0.0
0.0
0.0
0.0
0.0
2.7632
0.0
0.0
1.03959
0.0
0.0
0.0
0.0
0.0
0.0
0.0
0.0
1.23986
0.0
0.0
0.0
0.0
0.0
0.0
0.235762
1.75545
0.0
0.0
0.0
1.58212
0.0
1.32193
0.0
0.0
0.0
0.0
0.0
0.0
0.0
0.0
0.0
2.34444
0.0
0.0
0.0
0.0
0.0
0.0
0.0
0.246034
1.43452
0.0
0.0
2.58548
0.0
0.0
0.0
0.0
0.0
0.0
0.0
0.0
0.0
0.0
0.0
0.0
0.0
0.0
0.0
0.0
0.0
0.0
2.07095
2.15195
0.0
0.0
0.0
0.0
0.810724
0.0
0.0
0.0
0.0
0.0
0.0
1.84352
0.223638
0.0
0.0
0.158801
0.0
0.0
0.0
0.0
0.0
0.0
0.0
0.0
0.0
0.0
0.0
0.0
0.0
0.0
0.0
0.0
0.0
0.0
0.0
0.0
0.0
0.0
0.0
0.0
0.0
2.00666
0.0
0.0
0.0
0.0
0.0
0.0
0.0
1.55087
0.0
0.0
1.52442
0.0
0.0
0.0
0.0
0.0
0.0
0.0
0.0
0.0
2.6263
0.0
1.0936
0.0
0.0
2.67457
0.0
0.0
0.0
3.5076
0.0
0.0
0.0
0.0
0.0
0.0
0.0
0.0
0.179538
0.0
0.0
0.0
0.0
0.0
0.0
0.0
0.0
0.0
0.0
0.0
0.0
0.0
2.14591
0.0
0.0
0.0
0.0
0.0
0.0
0.0
0.0
0.0
0.0
3.48053
0.0
1.15372
0.0
0.229619
0.0
0.0
0.0
0.0
0.0
0.0
0.314546
0.0
0.0
1.58989
0.0
0.0
0.0
1.79583
0.0
7.78085
0.0
0.0
0.0
0.0
0.0
0.0
0.0
0.0
0.0
0.0
1.57194
0.0
0.0
0.0
1.09549
0.0
0.0
0.0
0.0
0.0
0.0
0.0
0.0
0.0
0.0
0.31892
0.0
0.0
0.0
0.0
0.0
0.0
0.0
0.0
0.0
2.03868
0.0
0.0
0.0
0.0
0.0
0.0
5.17897
0.0
0.0
0.0
0.0
4.38902
0.0
0.0
0.0
0.0
1.09374
0.0
0.0
0.0
0.0
0.0
0.0
0.0
0.0
0.0
0.0
0.0
0.0
0.0
0.0
0.0
0.0
0.0
0.0
0.0
0.0
0.0
2.74746
0.0
0.0
0.0
0.0
0.0
1.66384
0.0
0.0
0.0
0.0
1.31147
2.03102
0.0
0.0
0.300098
0.0
0.0
0.0
0.0
0.0
0.0
0.0
0.0
1.16807
0.0
0.0
1.73533
0.0
0.0
0.0
0.0
0.0
0.621006
0.0
0.0
0.0
0.0
0.0
0.0
0.0
0.0
0.0
0.0
0.0
0.0
0.676472
0.0
0.0
0.0
1.10266
0.0
0.0
0.0
0.0
0.0
0.0
0.0
0.0
0.0
0.0
0.0
0.0
0.0
0.0
0.0
0.0
2.098
0.0
0.0
3.48485
0.0
0.0
0.0
1.45096
0.0
0.0
0.0
0.0
0.0
0.0
0.0
0.0
0.0
0.0
0.0
0.0
0.0
0.0
0.0
0.0
0.742881
0.00581843
0.0
1.27625
0.0
0.0
1.85704
0.0
0.0
0.0
0.0
0.0
0.0
0.0
0.246722
0.0
0.0
0.0
0.243297
0.0
0.0
0.0
0.426685
0.0
0.0
4.2894
3.24947
0.0
0.0
0.0
0.0
0.0
0.0
0.0
0.0
2.21405
0.0
0.0
1.90088
0.0
0.0
0.0
0.923824
0.0
0.0
0.0
0.0
4.85422
0.0
0.0
0.0
0.0
1.06819
0.0
0.0
0.0
0.734267
0.0
0.0
0.0
0.784727
0.0
0.0
0.0
0.0
0.207429
0.0
0.0
0.0
0.0
0.0
0.0
0.0
0.0
0.0
3.71467
0.0
0.0
0.0
1.16358
0.0
0.0
1.95249
0.0
0.0
0.0
0.0
0.0
0.0
0.0
0.0
0.0
0.0
1.52636
0.0
0.0
0.0
0.0
0.352757
0.0
0.0
1.86641
1.28374
0.0
2.08887
0.0
0.026085
0.0
0.052694
0.363074
0.0
0.0
0.0
0.0
0.0
0.0
0.0
0.0
1.27206
0.0
0.0
0.0
1.87241
0.0
0.0
0.0
0.0
0.0
0.0
0.0
1.32456
4.42112
4.41952
0.0
0.0
0.0
0.0
0.0
0.0
0.0
0.0
3.50275
0.0
0.0
0.0
0.0
0.0
0.0
0.0
1.9655
0.0
0.0
0.861173
0.0
4.76365
0.0
0.0
0.0
0.0
1.53573
0.0
0.0
0.0
0.0
0.0
0.0
0.0
0.0
0.0
0.0
0.0
0.0
0.0
0.0
0.0
2.93487
0.0
0.0
0.0
0.0
1.39956
0.0
0.0
0.0
0.0
4.2236
0.43465
0.0
0.0
0.0
1.83476
0.0
0.0
0.0
0.0
0.0
0.0
0.0
0.0
0.0
0.0
0.0
0.0
1.41742
0.0
0.418144
0.0
0.0
0.0
0.586376
0.0
0.0
0.0
0.0
0.513778
0.0
0.0
3.06622
0.337843
0.0
0.0
0.0
0.0
0.0
0.0
0.0
0.0
0.0
0.0
0.0
3.20206
1.39341
0.0
0.0
0.0
0.0
0.0
5.64856
0.0
0.0
0.0
0.0
0.0
0.0
3.64479
0.781178
0.0
0.817751
0.0
0.840232
0.0362093
0.0
0.0
0.0
0.0
0.0
0.0
0.0
0.0
0.0
0.0
0.0
0.0
0.0
0.0
0.0
0.0
0.0
0.0
0.0
0.0
0.0
1.08621
0.0
0.0
0.0
0.0
1.38507
0.0
0.0
0.0
3.43464
0.0
0.0
0.0
1.68818
0.0
0.0
0.0
1.40561
0.0
0.0
0.0
0.0
0.0
0.0
0.0
0.0
0.0
0.0
0.0
0.0
2.73482
0.0
0.153592
0.0
1.0991
0.0
0.0
2.50725
0.0
3.08646
0.0
0.0
0.315797
0.0
0.0
3.01124
1.15133
0.0
0.0
1.03355
0.0
0.0
0.672547
0.0
0.0
0.0
0.0
0.0
0.0
0.218658
1.18972
0.0
0.0
0.0
0.0
0.0
0.0
0.0
1.0672
1.9495
2.11369
0.0
0.0
0.0
0.0
0.51435
0.0
0.0
0.0
0.877369
0.0
0.0
3.86475
0.0
0.0
0.0
0.0
0.0
0.0
0.0
0.0
2.26436
0.0
0.0
0.0
0.930683
0.0
0.0
0.0
0.0
0.501655
0.0
2.52204
0.0
0.0
0.0338666
0.0
0.0
0.0
0.0
0.0
0.0
0.0
0.0
0.0
0.833305
0.0
0.636392
0.0
0.0
3.26558
0.0
3.6079
0.0
0.0
0.0
0.0
0.0
0.0
0.0
0.0
0.0
0.0
0.0
0.0
0.0
1.48694
2.00926
0.290129
0.0
0.0527908
4.65151
0.0
0.0
0.0
0.0
0.0
0.0
0.0
0.0
0.0
0.0
0.0
0.0
0.0
0.0
0.155322
0.0
0.9583
0.0
0.0
0.0
0.0
0.0
0.0
0.0
1.31093
0.0
4.21289
0.0
0.0
0.0
0.0
0.0
0.0
0.0
0.0
0.0
2.51765
0.0
0.0
0.0
0.0
0.0
0.0
0.0
0.0
0.0
0.0
0.168816
0.0
0.0
0.0
0.0
0.0
0.0
0.0
0.0
0.0
0.357745
0.0
0.0
0.0950141
0.0
0.0
0.0
0.0
0.0
6.62974
0.0
0.0
0.0
1.91351
0.0
0.0
2.56726
0.0
0.0
0.0
0.0
0.0
0.0
0.0
0.0
0.0
0.0
0.0
0.0
0.0
0.0
0.0
0.0
0.0
4.17022
0.0
0.0
0.0
0.0
0.0
0.0
2.94912
0.0
0.0
0.0
0.0
0.0
0.0
1.75128
0.0
0.0
0.758146
0.0
0.0
0.0
0.0
0.0
0.340342
0.0
0.0505123
0.0
0.0
0.0
