0.0
0.0
2.63994
0.0
2.04589
0.0
0.0
0.0
0.0
0.0
0.0
0.0
0.0
0.0
0.0
0.0
0.0
0.0
0.0
0.0
0.0
1.36301
0.0
0.0
0.0
0.0
0.0
0.0
0.0
0.0
0.0
3.22067
0.0
2.98834
0.0
0.0
0.0
0.243515
0.0
0.0
0.0
0.0
4.43801
0.0
0.0
1.2772
0.0
0.586647
0.0
2.07303
0.0
0.0
0.0
0.0
0.0
0.0
0.0
0.0
0.0
0.0
0.723822
0.0
0.0
0.0794221
0.0
0.0
0.0
0.0
5.28395
0.0
0.0
0.0
0.0
0.0
0.0
0.0
0.0
0.0
0.0
0.0
0.0
0.0
0.0
0.0
0.0
0.0
0.0
0.0
0.125245
0.0
0.0
0.0
0.0
0.0
0.0
0.0
0.0
0.0
2.25778
0.0
0.0
0.0
0.0
0.0
0.0
0.0
0.0
0.0
0.0
0.0
0.0
0.0
0.0
5.01642
0.0
0.0
0.0
3.64211
0.815541
0.0
1.85193
0.0
0.0
0.0
0.0
0.0
0.0
6.50367
0.0
0.0
0.0
0.381928
0.0
0.0
0.0
0.0
0.0
1.09377
0.0
0.0
0.0
1.04955
0.0
0.0
0.0
0.0
0.0
0.0
0.0
0.0
0.0
0.0
0.0
0.0
0.0
0.0
0.0
0.602085
0.0
0.0
0.0823532
0.0
0.0
0.0
0.0
0.0
0.0
0.0
0.0
3.67427
0.0
0.0
3.98515
0.0
0.0
0.0
0.0
0.0
0.0
0.0
4.82731
0.0
0.0
0.0
0.0
0.62553
0.0
0.0
0.0
0.0
0.0170393
0.0
4.95358
1.92403
0.0
0.0
0.0
0.0
0.0
3.21334
0.0
0.0
0.0
0.0
0.0
0.0
0.0
0.0
0.0
0.0
0.0
0.0
0.0
0.0
0.171538
0.0
0.0
0.0
0.0
2.26914
0.0
2.19331
0.0
0.0
0.0
0.0
0.0
1.31733
0.0
0.498338
0.0
0.0
0.0
0.477009
0.0
0.0
0.0
0.0
0.0
0.0
0.0
0.0
0.0
3.0905
0.0428402
0.0
0.0
4.81789
0.0
0.0
0.675799
0.0
0.0
0.0
0.0
0.0
0.0
0.0
0.0
0.0
0.0
0.0
0.609933
0.0
0.0
0.0
0.898001
0.0
0.0
1.91077
0.0
0.0
0.0
0.0
0.0
0.0
5.58892
0.0
0.0
0.0
0.174509
2.00551
0.0
1.13253
0.0
0.0
0.0
0.0
0.0
0.0
0.0
0.0
0.0
0.0
0.961236
0.0917773
0.0
0.0
0.0
0.0
0.0
5.46688
0.0
0.0
0.0
1.36253
0.0
0.0
0.0282602
0.0
0.0
0.0
0.0
0.0
0.0
0.0
0.0
0.0
0.0
0.0
0.0
0.0
0.0
0.0
0.0
0.0
0.0
0.0
0.0
0.0
0.0
0.0
0.0
0.0
0.0
0.0
0.0
0.0
0.0
0.0
0.0546086
0.0
0.0
0.0
0.0
0.471018
0.0
0.0
0.0
0.0
0.0
0.0
0.0
0.0
0.0
0.0
0.0
0.0
0.0
0.0
0.0
0.0
0.0
0.0
0.0
0.0
0.0
0.0
0.0
0.0
0.0
0.0
0.0
0.0
0.0
0.0
0.0
0.0
0.0
1.39734
0.0
0.0
0.0
0.0
0.0
0.0
0.0
5.37732
0.0
0.0
0.0
0.0
0.0
0.0
0.0
2.04995
4.85765
0.0
0.0
0.0
0.0
0.0
0.0
0.0
0.284745
0.0
2.45446
0.0
0.0
0.0
0.0
0.0
0.0
0.0
2.18913
0.0
0.0
0.0
0.0
1.58976
0.0
0.0
0.116584
0.0
0.0
0.0
0.0
0.0
0.0
0.922181
1.12283
0.0
0.0
0.0
0.0
0.0
0.0
0.0
0.0891208
0.0
0.0
0.0
0.0
0.0
0.0
0.0
0.0
0.0
0.988492
0.0
0.0
0.0
0.0
2.53211
0.0
0.0
0.0
0.0
0.0
0.0
0.0
0.693505
0.0
0.0
0.0
1.59029
0.0
0.0
0.0
6.68469
0.0
0.0
0.0
0.0
0.0
0.0
0.0
0.0
0.0
0.0
0.0
0.0
0.0
2.32594
0.0
0.0
0.0
0.0
0.0
0.0
0.0
0.0
0.0
0.0
0.0
0.0
3.12522
0.108833
0.0
0.0
0.0
0.0
0.0
0.0
0.0
0.0
0.0
0.0
0.0
0.0
0.0
0.0
0.0
0.0
0.0
0.0
0.0
0.0
0.0
0.0
0.0
0.0
0.0
1.20156
0.710663
0.885543
0.0
0.0
0.0
0.0
0.0
0.0
3.22936
2.2047
0.0
0.0
3.7737
0.0
0.454848
0.0
0.0
0.0
2.78668
1.36695
0.0
0.0
0.0
0.0
0.0
0.0
0.0
0.0
0.0
0.0
2.90856
0.0
0.0
0.0
0.0
0.0
0.0
0.0
0.0
0.0
0.0
0.0
0.0
0.0
0.0
0.0
0.0
0.0
0.0
0.868993
0.0
0.0
0.0
0.0
0.0
0.0
0.0
0.0
0.0
1.78936
0.0
0.0
0.153776
0.344468
0.0
0.0
0.0
0.0
1.01547
0.0
0.0
0.0
0.0
0.0
0.0
0.0
0.0
0.0
0.0
0.0
0.0
0.0
0.735684
0.0
0.0
0.0
0.0
0.0
0.0
0.0
0.0
0.0
0.0
0.0
0.0
0.0
6.8847
0.0
0.0
0.0
5.16625
0.0
0.0
0.0
0.0
0.0
0.0
0.0
0.0
0.0
0.0
0.0
0.604488
0.0
0.0
0.0
0.0
0.0
0.0
0.0
0.0
0.0
0.0
0.0
0.0
0.0
0.0
0.0
0.0
0.0
0.0
0.0
0.0
0.0
0.0
0.0
0.0
1.36429
0.0
0.0
0.0
0.0
0.0
0.0
0.0
0.0
0.0
0.0
0.0
0.0
0.0
0.0
3.1797
0.0
0.0
0.0
0.0
0.0
0.0
1.95568
0.0
0.0
0.0
0.0
0.0
0.0
0.0
0.0
0.0
0.0
0.0
0.0
0.0
0.0
0.0
0.0
0.0
0.0
0.0
2.73244
0.0
0.0
0.0
0.0
0.0
0.0
0.0
0.0
0.65531
0.0
0.0
0.0
0.0
0.0
0.0
0.0
0.0
0.0
0.0
0.0
0.0
0.0
0.0
0.784784
4.91251
0.0
0.0
0.117751
0.0
0.0
0.533689
0.0
0.0
0.0
0.222866
0.0
0.0
0.0
0.0
0.0
0.0
1.22783
0.0
0.0
0.0
0.0
0.0
0.0
0.0
0.0
0.0
0.0
0.0
0.163193
0.0
0.122611
4.21379
1.17676
0.0
0.0
0.0
0.0
0.0
0.0
0.0
0.897812
0.0
0.0
0.0
4.14166
0.0
2.81871
0.0
0.0
0.0
4.12506
0.0
0.0
0.0
0.0
0.0
0.0
0.0
0.0
0.0
0.0
0.0
0.218785
0.0
0.0
0.0
0.0
3.91525
0.0
0.797084
2.35278
0.0
0.0
0.0
1.65964
0.0
0.0
0.0
0.0
0.0
0.0
0.0
0.0
0.0
0.0
0.0
0.0
4.42809
0.0
0.0
0.0
0.0
0.0
0.0
0.0
0.0
0.343514
0.0
0.0
0.206445
0.0
0.0
0.0
0.0
0.0
0.0
0.0
0.0
0.0
0.0
0.0
0.0
0.0
2.72996
0.0
3.60857
0.0
0.0
0.0
0.101455
0.355287
0.0
0.0
0.0871759
0.0
0.423976
0.0
0.0
0.0
0.0
0.0
0.0
0.763467
0.0
0.0
0.0
0.0
0.0
0.0813091
0.0
0.0
0.0
0.0
0.0
0.0
0.0
0.0
0.0
0.0
0.0
3.21061
0.0
0.0
0.0
0.0
0.0
0.0
0.0
0.0
0.0
0.0
0.0
1.52497
0.0
0.0
2.62411
0.0
0.911507
0.0
0.0
0.195294
0.0
0.0
0.0
0.0
0.0
0.0
0.0
0.0
5.21669
0.0
0.0
0.0
0.0
0.0
0.0
0.0
0.0
0.0
0.0
0.0
0.0
0.0
0.0
0.0
0.0
0.0
0.0
1.02603
0.0
0.0
0.0
0.0
0.0
0.0
0.0
0.0
0.0
0.0
0.0
0.0
0.0
0.0
0.0
1.7934
0.0
0.0
0.0
0.0
0.0
4.07733
0.0
5.00233
0.0
0.0
0.0
0.0
0.0
0.123075
0.0
0.54326
0.0
0.0
0.0
0.0
0.0
0.0
0.0
0.183392
0.0
0.0
0.0
0.0
0.0
0.0
0.0
0.0
0.0
0.0
0.0
0.0
0.0
0.0
2.79711
0.0
0.0
2.74169
0.0
0.0
0.0
0.0
0.0
0.0
0.0
0.0
0.0
0.0
0.0
0.0
0.0
0.0
0.0
0.0
0.0
0.0
0.0
0.0
0.0
0.0
0.0
0.0
0.0
0.0
0.0
0.0
0.0
1.06105
0.0
1.55956
0.0
0.047149
0.0
0.0
0.0
0.0
0.0
0.0
0.0
0.0
1.86536
0.0
0.649724
0.0
0.0
0.0
2.65757
0.257522
0.0
0.0
0.0
0.0
0.0
0.0
0.0
2.47722
0.0
0.0
0.326578
0.0
0.0
0.0
0.0
0.0
0.0
0.0
0.0
0.0
0.0
0.0
0.0
0.0
0.0
0.0
0.0
0.0
0.0
5.13049
3.17435
2.85417
1.8808
0.0
0.0
0.0
0.0
1.667
0.0
0.0
3.01024
0.0
0.0
0.0
0.0
0.0
0.0
0.0
0.0
0.0
0.0
0.0
0.0
0.0
0.0
0.0
0.0
2.10958
0.0
0.0
0.0
5.74117
0.0
0.774714
0.0
0.0
0.0
0.0
0.0
0.0
0.0
0.0
0.0
0.0
0.0
0.0
0.0
0.0
0.0
0.0
0.0
0.0
2.09791
0.0
0.0
0.0
0.0
0.0
0.0
0.593426
1.30155
0.0
0.0
0.0
0.0
0.0
0.0
0.0
0.0
0.0
0.0
0.0
0.0
0.0
0.0
0.0
2.52744
2.94047
0.0
0.0
1.76915
0.0
0.0
0.0
2.458
0.154175
0.0
0.516693
3.45677
0.0
0.0
0.0
0.0
0.0
0.0
0.0
1.98232
0.0
1.77346
0.0
0.0
4.55872
0.0
0.0
0.0
1.25156
4.49788
0.0
0.0
0.0
0.0
0.0
0.0
0.071735
0.0
0.0
0.0
0.0
0.0
0.0
0.0
0.0
0.0
0.0
0.0
0.0
0.0
0.0
0.0
0.0
0.0
0.0
0.0
0.0
0.0
0.0
0.616941
0.0
0.0
0.0
0.0
0.0
0.0
0.0
0.0
0.0
0.0
0.0
0.0
0.0
3.88344
0.0
0.0
6.78412
0.0
3.20791
0.0
0.0
1.42602
1.0186
0.0
0.0
0.0
0.0
0.0
0.633186
0.0
0.0896724
0.0
0.0
0.0
0.0
0.0
0.0
0.0
0.0
0.0
0.0
1.06459
0.811829
0.0
0.0
0.0
0.0
0.0
0.0
0.0
0.397087
0.0
0.0
0.0
0.0
0.308589
0.0
1.84134
0.0
0.0
0.0
0.0
0.0426483
0.0
0.0
0.0
0.0
0.0
0.0
0.0
0.0
0.0
0.0
0.0
1.33427
0.0
0.399862
0.0
0.0
0.0
0.0
0.0
0.0
0.0
0.0
0.0
0.0
0.0
7.97016
0.0
0.0
3.72211
0.0
0.0
0.0
0.0
0.0
0.033235
0.0
0.0
0.0
3.8378
0.0
2.35481
0.0
0.0
1.21039
0.0
0.0
0.0
0.0
0.0
0.0
0.0
0.0
0.0
0.0
0.0
0.0
0.0
0.0
0.0
0.0
0.0
0.0
0.0
0.0
0.0
0.0
0.0
0.0
0.0
0.0
0.0
0.0
3.87609
0.0
0.0
0.0
0.0
0.0
0.0
0.0
3.91744
0.0
0.0
0.0
0.0
0.0
0.0
0.0
0.0
0.0
0.0
0.0
3.76688
0.0
0.0
0.0
0.0
0.0
0.0
0.220744
0.0
0.0
0.0
0.636621
0.0
4.28069
0.0
0.0
0.0
0.0
0.0
0.0
0.630602
0.0
0.0
0.0
0.0
0.0
0.0
0.439288
0.0
0.0
0.0
0.0
0.0
1.41125
0.0
0.0
0.0
0.0
0.272802
0.0
0.0
0.0
0.0
0.0
3.51981
1.01124
0.0
4.98503
0.0
0.0
0.404048
0.0
0.0
0.0
0.0
0.0
0.0
0.0
0.0
1.39103
0.0
0.0544538
0.0
0.0
0.0
0.0
0.0
0.0
0.0
0.0
0.0
0.0
0.0
0.0
0.0
0.0
0.0
0.318
0.0
0.0
0.414127
0.0
0.0
0.0
0.0
0.0
0.0
0.0
0.0
0.0
0.0
4.5168
0.0
0.0
0.0
0.0
0.0
0.0
0.0
0.0
0.0
0.0
0.0
0.0
0.0
0.0
0.0
0.0
4.90954
0.0
1.86514
0.444772
0.0
0.0
0.0
0.0
0.0
0.0
0.0
0.0
0.0
0.0
0.0
0.0
0.0
0.0
1.71459
0.0
0.0
0.0
0.0
0.0
0.0
0.0
0.0
0.0
3.06513
0.0
0.0
0.0
0.0
0.0
0.0
0.0
0.0
0.0
1.18154
0.708413
2.86895
0.0
0.0
0.0
0.0
0.0
0.0
0.0
0.40885
0.0
0.718806
0.0
0.0
0.992771
0.0
1.92997
0.716712
0.0
0.0
0.0
0.0
0.0
0.0
0.0
5.77077
0.0
2.76603
0.0
0.0
0.0
0.0
0.0
0.0
0.0
0.0
0.0
0.0
2.65187
0.0
0.0
0.0
0.0
0.0
0.0
0.0
0.0
0.0
2.57998
1.02689
0.0
0.0
0.0
0.0
0.0
0.591733
1.21582
0.0
0.0463005
0.0
0.0
0.0
0.0
0.0
0.0
0.465756
0.0
0.0
2.3298
0.0
0.0
0.0
0.0
0.0
0.0
0.0
0.0
0.0
0.0
0.0
0.0
0.0
0.0
0.0
0.0
0.0
0.0
0.0
0.0
0.0
0.0
0.0
0.0
0.0
0.396642
0.0
0.0
0.0
0.678185
0.0
0.0
0.0
0.0
0.0
0.0
0.0
0.0
0.0
0.0
0.0
0.0
0.0
0.0
0.0
0.0
0.0
0.0
0.0
0.0
0.0
0.0
0.0
0.0
0.0
0.0
0.0
0.0
0.0
0.0
0.0
2.16929
0.0
0.236312
2.88771
0.0
0.0
0.0
0.0
0.0
0.31239
3.43426
0.0
0.0
0.0
0.0
0.0
0.0
0.0
0.0
0.0
0.0
0.0
0.763843
0.0
0.0
0.0
0.0
0.0
0.0
0.0
0.0
0.0
0.0
1.37432
1.0012
0.105452
3.63204
0.0
2.93548
0.0
0.0
0.0
0.0
2.41156
0.0
0.0
0.0
0.0
0.0
0.799868
0.0
0.0
0.0
0.0
0.0
0.0
0.412281
0.0
0.0
0.0
0.0
0.0
0.0
0.0
0.0
0.0
0.0
0.0
0.0
0.0
0.240872
0.0
0.0
0.0
0.0
0.0
4.68792
0.0
0.0
0.0
0.0
0.0
1.36498
0.351437
0.0
0.0
0.0
0.0
0.0
0.0
0.0
1.51338
0.0
0.0
0.0
0.0
0.0
0.0
0.0
0.0
1.07989
0.0
0.0
0.0
0.0
0.0
2.90234
0.0
0.0
0.0
0.0
0.0
0.0
0.0
0.0
0.0
0.0
0.0
0.0
0.0
0.0
0.0
0.0
0.0
0.0
1.99327
0.0
0.0
0.0
0.756299
2.56042
0.0
0.661686
1.18937
0.0
0.0
0.0
0.0
0.0
3.25635
0.0
0.695302
0.0
0.814708
0.0
3.57272
0.0
1.17551
0.0
0.0
0.0
0.0
0.0
0.0
0.0
0.0
0.0
0.0
0.0
0.0
0.0
0.0
0.0
0.0
0.0
0.0
0.0
0.0
0.0
0.0
1.33492
0.0
0.0
0.0
0.0
0.0
0.0
0.0
0.736419
0.0
0.0
0.0
0.0
0.0
0.0
0.0
0.0
0.0
0.0
0.0
0.0
1.61112
1.98389
0.0
0.0
1.30715
0.0
0.0
0.0
0.71364
0.0
0.0
0.0
0.0
0.0
0.0
0.0
0.0
0.0
0.0
0.0
0.0
0.0
0.0
0.0
0.0
0.843243
0.0
0.0
0.0
0.0
0.0
0.0
0.0743988
0.0
0.0
0.0
0.0
0.0
1.05096
0.0
0.0
0.0
0.0
2.35572
0.0
0.0
0.0
1.33011
0.0
0.0
0.328976
0.0
0.0
0.0
0.0
0.0
0.0
0.0
0.0
0.0
0.0
1.35223
2.17933
0.0
0.0
0.0
0.0
0.0
0.0
4.67807
0.0
0.0
0.0
0.0
0.0
0.0
0.0
0.0
0.0
0.0
0.0
0.0
0.0
0.0
0.0
0.0
0.0
0.0
0.0
0.0
0.0
0.0
0.0
0.0
0.0
0.0
2.37338
0.0
0.0
0.0
0.0
0.223928
0.0
0.0
0.0
0.126506
0.0
0.0
0.0
0.0
3.90269
0.0
0.0
0.0
0.078398
0.0
0.0
0.0
0.0
0.0
0.0
0.0
0.0
0.0
0.0
0.0
0.0
0.0
0.0
0.0
0.0
0.0
0.0
0.0
0.0
0.0
0.0
0.0
0.0
0.0
0.0
0.0
0.0
1.08886
0.0
0.0
2.3566
0.0
1.145
2.72469
0.0
0.0
0.0
1.11623
0.0
0.0
1.03995
0.0
0.0
0.0
0.0
0.0
0.0
0.0
0.0
0.0
1.1104
0.0
1.57872
2.19638
0.0
0.0
0.21787
0.0
7.58052
4.16479
0.0
0.0
0.0
0.0
0.0
0.894613
0.0
0.0
0.0
3.14463
2.26238
0.0
0.0
2.0669
0.0
2.21256
0.0
0.0
0.0
0.0
0.0
0.0
0.0
0.0
0.0
0.0
0.0
0.0
0.0
1.79796
2.8294
1.13927
2.76379
0.0
0.0
0.0
0.0
0.0
0.0
0.0
0.0
0.0
4.06787
0.0
0.0
0.0
0.0
2.48189
0.0
0.0
0.0
0.0
0.0
0.0
0.147546
0.0
0.0
0.0
0.0
0.0
0.0
0.0
0.0
0.0
0.0
0.0
3.17646
0.0
0.0
0.0
0.0
3.98449
0.0
0.0
0.0
0.0
0.0
0.0
0.0
0.490474
0.0
0.0
0.957502
0.0
0.0
0.0
1.61432
0.0
0.0
0.0
0.0
0.0
3.95454
0.0
0.0
0.0
0.0
0.0
0.0
0.0
0.0
0.877978
0.0
0.0
0.0
0.0
0.0
0.0
0.0
0.0
0.0
0.0
0.0
0.0
0.0
1.0805
0.0
0.0
0.0
0.0
0.0
0.0
0.298878
0.0
0.0
0.0
0.0
1.86688
0.0
0.23506
0.0
0.0
0.0
0.0
9.26948
0.0
0.0
0.0
0.0
0.0
0.0
0.0
0.610081
0.0
0.0
0.0
0.0
0.0
0.0
0.582447
0.0
0.0
0.0
0.0
0.0
0.0
0.0
0.0
0.0
0.0
0.0
0.0
0.0
0.0
0.0
2.92607
0.0
0.0
0.0
0.284539
0.0
0.0
0.0
0.0
0.0
0.0
0.0
0.0
0.0
0.0
0.0
0.0
0.0
0.0
0.0
0.0
0.0
0.0
0.0
0.0
0.0
0.0
0.0
0.0
0.0
0.0
0.0
0.0
0.0
0.0
0.0
0.0
0.0
0.0
0.0
0.0
0.0
0.0
1.61061
3.06473
0.0
0.0
0.0
0.0
3.65168
0.0
0.0
0.0
0.0
0.0
0.0
0.0
0.0
0.0
0.0
0.0
0.0
0.0
0.0
1.06953
0.0
1.45056
0.0
0.0
0.0
0.377539
0.0
0.0
0.0
0.778541
0.0
0.0
0.0
0.649618
0.0
0.0
0.0
0.0
0.0
0.0
0.0
0.0
0.0
0.0
0.0
0.0
4.56022
0.0
0.0
0.0
0.0
2.84854
0.0
0.0
0.0
0.0
0.0
0.0
3.64886
0.0
8.20803
0.0
0.0
0.0
0.0
0.0
0.0
0.0
0.0
0.0
0.0
0.0
0.0
0.0
0.0
0.0
0.0
0.0
0.0
0.0
0.0
6.43983
0.0
0.0
0.724958
0.0
0.203714
0.0
0.0
0.0
0.0
0.0
0.0
0.48873
0.0
0.0
0.0
0.611937
0.0
0.0
0.0
0.0
0.0
0.0
0.0
0.0
0.0
0.0
0.558952
0.0
0.0
0.0
0.0
4.1111
4.92808
0.0
0.844945
0.0
0.0
0.0
0.0
0.0
0.0
2.86935
0.0
0.0
0.0
0.0
0.0
0.0
0.0
0.0
0.0
0.0
0.0
0.0
0.0
0.0
0.0
1.52037
0.0
0.0
0.0
0.0
0.0
0.0
0.0
0.460003
0.868887
0.0
0.0
0.0
0.0
0.0
7.17028
0.0
0.0
0.0
0.0
0.0
0.0
0.0
0.0
0.0
0.699339
0.0
0.778118
0.0
0.0
0.0
0.0
0.0
0.67516
3.34495
0.0
0.0
0.0
0.0
0.0
0.0
0.0
0.0
0.949987
0.0
0.0
3.96872
0.0
0.0
0.0
0.0
0.0
0.0
0.0
0.00812685
0.0
0.612159
0.0
0.0
0.0
1.00575
0.0
0.0
0.266
0.0
0.0
0.0
0.0
0.0
0.0
0.0
2.62759
0.0
0.0
0.0
0.0
0.0
0.0
0.0
0.0
0.0
0.0
0.0
0.0
0.0
0.0
0.0
0.0
0.0
0.0
0.0
0.507113
0.0
0.0
0.0
0.0
0.0
0.264729
0.0
0.0
1.80289
0.0
0.0
0.0
0.0
0.0
0.0
0.0
0.0
0.892976
1.49825
0.0
0.0
0.0
0.0
0.0
0.0
0.0
2.02053
0.0
0.0
0.522738
0.0
0.0
0.0
0.0
0.0
0.0
0.0
0.0
0.0
0.0
0.0
0.0
0.0
0.0
0.0
0.0
0.0
0.0
0.0
0.0
0.0
1.12453
0.0
0.0
0.209045
1.54011
0.0
0.0
0.0
0.0
0.0
0.0
0.0
0.0
0.360761
0.0
0.0
2.96367
0.0
0.0
0.0
0.0
0.0
0.0
0.0
0.0
0.0
0.0
0.0
0.0
0.0
0.0
0.0
0.0
0.0
0.0
3.22405
0.0
4.93953
0.0
0.0
0.0
0.0
0.0
0.0
0.0
0.0
0.0
0.0
0.0
0.0
0.0
0.0
0.0
0.0
0.0
0.0
0.0
0.0
0.0
0.68201
0.0
0.0
0.0
0.0
0.0
0.0
0.0
0.0
0.0
0.0
0.0
0.0
0.0
0.0
0.0
0.0
0.0
0.0
0.0
0.0
0.0
4.64291
1.1298
0.0
0.0
0.0
0.488328
1.44491
0.0
0.0
0.0
0.0
0.0
3.01421
0.0
0.0
0.0
0.0
0.0
0.0
0.0
0.0
0.0
0.0
0.0
0.0
0.0
0.0
0.0
0.0
0.0
0.0
0.0
0.0
0.0
0.0
0.0
0.0
0.0
0.0
0.0
0.0
0.0
0.0
0.0
0.0
0.0
0.0
0.0
2.12192
0.0
0.0
0.0
0.0
0.0
0.0
0.0
0.0
0.0
0.0
0.0
1.07853
0.0
0.0
1.84379
1.3328
0.0
0.0
0.0
0.0
0.0
0.0
1.30329
0.0
0.0
0.0
0.0
0.0
0.0
0.0
0.0
0.0
0.0
2.71779
0.0
0.0
0.0
0.0
0.0
0.0
0.673052
0.0
4.75954
0.0
0.0
0.0
2.31109
0.0
0.00858474
0.0
0.655234
0.0
0.0
0.0
0.0
0.0
0.0
0.0
0.0
0.0
0.0
0.0
0.0
0.0
0.0
0.0
0.0
0.0
0.0
0.0
0.0
0.0
0.0
0.0
0.0
0.0
4.06822
2.70046
0.0
0.0
0.0
3.51337
0.0
0.0
0.0
1.49456
0.0
0.0
3.77567
0.0
0.0
0.0
0.0
0.0
0.0
0.0
0.0
0.0
0.0
0.0
0.0
4.40195
0.0
0.0
0.0
0.0
0.0
0.0
0.0
0.0
0.0
0.0
0.0
0.0
0.0
0.0
5.80975
0.0
0.0
0.0
0.0
0.0
0.0
0.0
0.0
0.0
2.64597
0.0
0.0
0.0
0.0
3.95262
0.0
0.0
0.0
2.69551
0.0
0.0
0.0
0.0
0.0
0.0
0.0
0.0
0.0
0.0
0.0
0.0
0.0
0.0
0.0
0.0
0.0
3.79823
3.49626
0.0
0.0
0.0460139
0.0
0.0
1.94074
0.0
0.0
0.993786
0.0
0.0
0.0
0.0
0.0
0.0
0.0
0.0
0.0
0.0
0.0
0.0
1.3043
0.0
0.0
0.0
0.0
0.0
0.659252
0.0
0.0
0.0
0.0
0.0
0.0
0.0
0.0
0.0
1.03313
0.0
0.0
0.0
1.54067
0.0
0.0
0.0
0.0
0.0
0.0
0.0
0.0
0.0
0.0
0.0
0.0
0.0
0.0
0.0
0.0
0.0
0.0
0.0
0.0
1.78517
0.0
0.0
0.0
0.0
0.0
3.52566
0.0
0.0
0.0
0.0
0.0
0.0
0.0
0.0
2.12754
0.0
0.0
0.0
0.0
0.0
1.43275
0.0
0.0
0.0
0.0
0.0
0.0
5.80809
0.0
0.0
0.0
0.0
0.0
0.0
1.64623
0.0
0.0
0.0
0.0
0.0
0.0
0.0
0.0
0.0
0.0
0.0
0.0
0.0
0.0
0.0
0.0
0.0
0.0
0.0
0.0
0.0
0.170817
0.0
0.0
2.86635
0.0
0.0
0.0
0.0
0.0
0.0
0.0
0.0
0.0
0.0
0.0
0.0
0.0
0.0
0.0
0.0
0.0
0.653529
5.29089
0.429895
0.0
0.529767
0.454056
0.0
0.0
0.0
0.931746
0.0
0.0
0.0
0.0
0.0
0.0
0.0
0.0
0.299641
0.0
1.05961
0.0
0.0
0.0
0.0
0.0
0.0
0.0
0.0
0.0
2.10487
0.0
0.0
0.0
0.0
0.0
0.0
0.0117991
0.0
0.0
0.0
0.0
0.0
0.0
0.0
0.0
0.0
0.0
0.0
0.0
1.64643
0.0
0.0
0.0
0.0
0.0
0.0
0.0
0.0
0.0
0.0
3.32362
0.0
1.89497
0.0
0.0
0.0
0.0
0.201871
0.0
0.0
0.0
0.0
0.0
0.0
0.0
0.0
0.0
4.91654
0.0
0.0
0.0
0.0
0.0
0.0
0.0
0.0
0.275263
1.09734
0.0
0.0
0.0
0.0
0.0
0.0
2.15332
0.0
0.0
0.0
0.0
0.0
0.0
0.0
0.0
0.0
0.0
0.0
0.0
0.0
0.0
0.540901
0.0
0.0
0.0
0.0
0.0
0.0
0.0
0.0
0.0
0.0
0.0
0.0
0.0
0.0
0.0
1.12533
0.0
0.0
0.0
0.0
0.0
0.0
0.0
0.0
0.0
0.675272
0.0
1.94999
0.0
0.0
0.0
0.0986845
0.0
0.0
0.0
0.0
0.0
0.0
0.0
0.0
0.0
1.23799
2.65653
0.0
0.0
0.0
0.0
0.0
0.0
1.99767
0.0
2.1611
1.42033
0.0
0.0
0.0
0.0
0.0
0.0
0.0
0.471321
0.0
0.0
0.0
0.0
0.0
0.0
0.0
0.0
0.0
0.0
0.0
0.0
0.361712
0.0
0.0
0.0
0.0
3.82185
0.0
0.0
0.0
0.0
0.0
0.0
0.0
0.0
0.0
0.0
0.0
0.0
0.0
0.0
0.0
0.0
2.8061
1.11559
0.0
0.346215
0.0
1.73808
0.0
0.0
0.0
0.0
1.41835
0.0
0.0
0.0
0.26554
0.0
0.0
0.0
0.0
0.0
0.0
0.842534
0.0
0.0
0.0
0.0
0.0
0.0
0.0
0.0
0.0
0.0
0.0
0.0
0.0
0.0
0.0
0.0
0.0
0.0
0.0
0.0
0.0
2.53571
0.0
0.397773
0.0
0.0
0.0
0.0
0.0
0.0
0.0
0.0
0.0
0.648744
1.10673
0.0
0.0
0.0
0.0
0.0
0.0
0.0
0.0
0.0
0.0
0.0
0.0
0.0
0.0
1.34484
0.0
0.0
0.0
0.0
0.0
2.55559
0.0
0.0
0.0
0.0
0.0
0.0
0.0
0.359812
0.0
0.0
0.0
3.11621
0.0
0.0
0.0
0.0
0.0
0.0
0.0
1.43884
0.0
0.0
0.0
2.19829
0.220858
1.06522
0.0
0.0
0.154578
0.0
0.0
0.0
0.0
1.54121
0.0
1.1684
0.0
0.0
0.0
0.0
0.0
0.0
0.0
0.0
0.0
0.0
0.0
0.0
0.0
0.0
0.0
1.63564
0.0
0.0
0.0
0.0
0.0
0.0
0.0
0.0
0.574066
0.0
0.0
0.0
0.0
0.0
0.0
6.49946
0.0
0.0
0.0
0.0
0.0
0.0
0.0
0.0
0.0
0.0
0.0
2.08909
0.0
0.0
0.0
2.82453
0.0
0.0
0.0
0.586645
0.0
0.0
0.0
0.0
0.920349
0.0
0.0
0.0
0.0
0.0
0.0
0.0
0.0
0.0
0.0
0.0
0.0
0.0
0.0
0.0
0.0
2.23661
2.06783
0.0
0.0
0.0
0.0
0.0
0.448321
0.426731
0.0
0.776072
0.0
0.0
0.0
0.0
0.0
0.0
0.0
0.0
0.0
0.0
0.0
0.0
2.10593
0.0
0.0
0.878617
0.0
0.0
0.0
0.0
0.0
0.0
0.0
0.0799968
0.0
0.0
0.0
0.0
0.339739
0.0
0.0
0.0
0.0
0.0
0.0
0.0
0.419152
0.0
0.0
0.0
0.0
0.0
0.0
0.0
0.0
0.0
0.0
0.0
0.0
0.0
1.08501
1.90849
0.0
0.0
0.0
0.0
0.0
1.92949
0.0
0.0
0.0
0.0
0.0
0.0
0.0408119
0.0
0.0
0.0
0.0
0.0
0.0
1.75389
0.0
6.87535
0.0
0.0
0.0
0.0
0.0
0.0
0.0
0.0
0.0
0.0
0.0
0.0
0.0
0.0
0.0
0.0
0.0
0.0
0.0
0.0
0.0
0.0
0.0
0.0
0.764242
0.0
0.0
0.0
0.0
0.0
0.0
0.0
0.0
0.0
0.0
0.0
0.0
0.0
0.0
0.0
0.0
0.54925
0.0
0.0
0.0
0.0
0.0
2.48682
0.0
0.0
0.0
0.0
1.47161
0.0
0.0
0.0
0.0
0.0
0.0
0.0
0.0
0.0
0.0
0.0
0.0
0.0
0.0
0.0
0.0
0.0
0.0
0.0
0.0
0.0
2.57127
0.0
0.0
0.524502
0.0
0.0
0.0
0.0
0.0
0.0
0.0
0.0
0.0
3.00004
0.0
0.0
0.0
0.0
0.0
0.0
0.411011
0.0
0.0
0.0
0.0
0.0
0.0
1.5015
0.0
0.525532
0.0
0.0
0.0
2.57508
0.0
0.0
0.0
0.0
0.0
0.0
0.0
0.0
0.0
0.0
0.0
0.0
0.0
0.0
0.0
0.0
0.0
0.570826
0.0
0.0
2.07457
0.0
0.0
0.0
0.0
0.0
0.0
0.66568
0.0
0.0
0.0
0.0
0.0
0.0
0.0
0.0
0.0
0.0
0.0
0.0
3.03429
0.0
0.0
0.0
0.0
3.6272
0.0
0.0
0.0
0.0
0.0
0.0
0.0
0.0
0.0
0.0
0.0
3.06756
0.0
0.0
0.0
0.0
0.0
1.50005
0.0
0.0
0.0
0.0
0.0
0.0
0.0
0.21892
0.0
0.0
0.0
0.0
0.0
0.591612
0.0
0.0
0.0
0.0
2.23878
1.15478
0.0
0.0
0.0
0.0
0.0
0.0
0.0
0.0
1.15594
0.0
0.0
0.0
0.0
0.0
0.0
0.0
0.0
2.59093
0.0
0.0
3.93458
0.0
0.0
0.0
0.428225
0.0
0.0
0.0
0.0
2.83101
0.0
0.0
0.0
0.857868
0.0
0.0
1.4254
0.0
0.0
0.0
0.0
3.20103
2.59111
0.0
0.0
0.0
0.0
0.0
0.0
0.0
0.0
0.0
0.0
0.0
0.0
0.0
0.0
0.0
0.0
0.190106
0.0
0.0
0.0
0.0
0.0
0.0
1.94216
0.0
0.0
0.0
0.0
0.0
0.0
0.0
0.0
5.09958
0.0
0.0
0.0
0.0
0.0
1.69522
0.0
0.0
0.0
0.831065
0.0
0.0
0.0
0.0
0.0
1.0828
0.0
0.0
0.0
0.390251
0.0
0.0
0.0
0.0
0.0
0.0
0.0
0.0
0.0
6.06307
0.178363
0.0
0.0
0.0
0.0
0.0
0.0
0.0
0.338419
0.0
1.35577
0.0
0.0
0.0
0.0
0.0
3.17698
0.0
1.80398
0.0
0.0
2.7044
0.240051
0.0
0.0
0.0
1.05729
0.0
0.0
0.0
0.0
0.0
0.0
0.0
1.43241
0.0
3.05463
0.0
0.0
0.0
0.459239
0.0
1.94508
0.0
0.0
0.0
0.0
0.965495
0.0
0.0
0.0
0.0
3.20539
2.09108
0.0
0.0
0.0
1.61063
0.0
0.205909
0.0
0.0
1.3464
0.0
0.0
1.02967
0.0
0.0
0.0
0.0
2.27724
0.0
0.0
0.0
0.0
0.0
0.0
0.0
0.0
0.0
0.0
0.0
0.0
0.0
0.0
0.0
0.0
0.0
0.0
0.0
0.0
0.0
0.0
0.0
0.0
0.0
0.0
0.0
1.92003
0.0
0.0
0.0
0.0
0.0
0.724622
0.0
0.0
0.0
0.0
0.0
0.0
0.607797
0.992752
0.0
1.6816
0.0
3.09228
0.0
2.20317
0.0
0.0
0.0
0.0
0.0
0.0
0.0
0.0
0.0
0.0
0.0
0.0
0.0
0.0
0.0
0.0
0.0
2.53471
0.0
0.0
0.0
0.0
0.0
0.0
0.0
0.0
0.0
0.0
0.0
0.0
0.972564
0.0
0.0
0.0
0.0
0.0
0.0
0.0
0.0
0.0
0.0
0.0
0.0
0.0
0.0
0.0
0.0
0.0
0.0
0.0
1.14417
0.0
2.17545
0.0
3.57104
0.0
0.394096
4.9123
0.0
0.0
0.0
0.0
0.0
0.0
3.14039
2.00615
0.0
0.0
0.0
0.0
0.0
0.0
2.00735
0.0
0.0
0.0
0.0
0.0
0.0
0.0
0.0
0.0
0.0
0.0
0.0
0.0
0.0
0.0
0.0
1.18465
0.0
0.0
0.0
0.0
0.0
0.0
0.0
2.37919
0.0
2.78179
0.0
0.0
3.21282
0.0
0.0
0.0
5.29567
0.0
0.0
0.0
0.0
2.5669
1.40522
3.84557
0.0
0.0
1.95747
0.0
0.0
0.0
0.0
0.0
5.22563
0.0
0.0
3.36038
0.0
0.0
0.0
0.0
0.0
0.0
0.0
0.1522
0.0
0.204516
0.0
0.0
0.0
0.0
0.0
0.0
4.11749
0.0
0.0
0.0
0.0
0.0
0.0100316
0.0
0.0
0.0
0.0
0.0
0.0
0.0
1.51763
4.18831
0.0
0.663755
0.0
3.09894
1.04402
0.0
0.0
0.0
0.0
0.0
0.0
0.0
0.0
0.0
0.0
0.0
0.140868
0.0
0.0
0.0
0.0
0.0
0.0
0.0
0.0
0.0
0.0
0.0
0.0
0.0
0.0
0.0
0.0
0.0
0.0
0.0
0.0
0.0
0.0
0.0
2.95033
0.0
0.0
0.0
0.0
0.0
0.0
0.0
0.0
2.09192
0.0
0.0
1.31496
0.0
0.0
0.0
3.27878
0.0
0.0
0.0
0.0
2.90938
0.0
0.0
1.01886
0.0
0.0
0.0
0.0
0.0
1.55573
0.0
0.0
0.0
0.0
0.0
0.0
0.0
0.0
0.0
0.0
0.0
0.0
0.0
0.0
0.0
0.0
0.0
0.0
0.0
0.0
0.0
0.0
0.0
0.0
1.91233
0.0
0.0
0.0
0.42876
0.503762
0.0
0.0172921
0.0
0.0
0.0
0.0
0.0
0.0
0.0
0.0
0.0
1.72507
0.0
0.0
0.0
0.0
0.0
0.0
0.847364
0.0
0.0
0.0
0.0
