0.0
0.0
0.0
0.0
0.0
0.0
0.0
0.0
0.0
0.0
0.0
0.0
0.0
1.12577
0.0
0.0769762
0.0
0.0
0.0
0.0
0.0
0.0
0.0
0.0
0.0
0.0
0.0
0.0
0.0
0.0
0.0
0.0
0.0
3.52439
0.0
0.0
0.0
0.0
0.0
0.0
0.0
0.0
0.0
0.0
0.0
2.26607
0.0
0.0
0.0
1.78972
0.0
0.0
0.0
0.0
0.0
0.0
0.0
0.0
0.0
0.0
0.0
0.0
0.0
1.59583
0.0
0.0
0.0
1.00514
0.0
0.0
0.0
0.0
0.0
0.0
0.0
0.0
0.0
1.97243
0.0
0.0
0.0
0.0
0.0
0.0
0.0
0.0
0.0
0.0
0.0
0.0
0.0
0.0
0.0
0.0
0.0
0.0
0.0
0.0
0.0
0.0
0.0
0.0
0.0
0.0
0.0
0.0
0.201606
0.0
0.0
1.46572
0.0
0.0
0.0
3.14449
0.0
0.0
0.0
1.83121
0.0
0.0
0.0621726
0.0
0.0
0.0
0.0
0.0
0.0
0.029802
0.0
0.0
0.0
0.0
0.0
0.0
0.0
0.0
0.0
0.0
0.738017
0.0
0.0
2.15517
0.0
0.0
0.0
0.0
1.38345
0.0
0.0
0.0
0.0
0.0
0.0
0.0
0.115345
0.0
0.0
0.0
0.0
0.0
0.0
0.641834
0.0
0.0
0.0
0.0
0.0
0.0
0.00919664
0.506436
0.0
0.0
0.0
0.0
0.0
0.0343939
0.0
0.0
1.65538
0.0
4.59382
0.0
0.0
0.0
0.0
0.0
0.0
0.0
0.0
0.0
0.0
0.0
0.53751
0.0
0.0
0.0
0.0
0.0
0.0
1.24243
0.0
0.475748
0.0
1.77927
0.0
0.0
0.0
0.0
0.0
0.0
0.0
0.0
0.0
0.0
0.0
0.0
0.0
0.0
0.0
0.0
0.0
1.28995
0.0
0.0
0.74982
2.64604
0.0
0.0
0.0933924
0.0
0.0
0.0
0.0
0.0
0.0
0.198146
0.0
0.197826
0.0
0.272395
0.0
0.0
0.0
4.32159
1.49763
0.0
0.0
1.40129
0.0
0.0
0.826505
0.0
0.0284405
0.0
0.0
0.198404
0.0
0.0
0.525225
0.0
0.0
0.0
0.472282
0.0
0.0
0.0
0.806167
0.0
0.0
0.0
1.65967
0.0
0.0
0.0
0.0
0.0
2.42645
1.55669
0.0
0.0
2.09806
0.0
1.56143
0.0
0.0
0.0
0.0
0.0678807
0.0
0.0
0.0
0.0
0.0
1.86494
1.1669
0.0
0.0
0.0
0.0
0.0
0.0
0.0
4.10108
0.0
0.0
0.0
0.0
0.0
3.10867
0.0
0.0
0.0
0.0
0.0
0.0
0.0
0.0
0.0
0.0
0.0
0.157157
0.0
0.0
0.0
0.0
0.425385
0.0
0.0
0.0
0.25327
0.220658
0.0
0.0
0.0
0.0
0.0
0.0
0.0
0.0
0.0
0.0
0.0
0.0
0.343121
1.09607
0.0
1.24478
0.0
1.71593
0.0
0.0
0.0
0.0
3.03306
0.0
0.0
0.0
0.0
0.0
0.0
0.0
0.0
0.0
0.0
0.0
0.0
0.0
0.0
0.0
0.0
0.0
0.0
0.0
0.0
0.0
0.484485
0.0
0.0
0.0
0.0
0.598886
0.0
0.0
0.0
6.73567
0.0
0.0
4.20552
0.0
0.0149635
0.0
0.0
0.0
1.60663
0.0
0.671793
7.30013
0.137459
0.0
2.8702
0.0
0.0
0.0
0.0
0.0
0.0
0.0
0.0
1.36291
0.0
0.0
0.0
0.0
0.0
0.0
0.0
0.0
0.0
0.0
6.03966
0.0
0.0
0.0
0.0
0.0
0.0
2.66904
0.0
0.0
1.79474
0.0
0.0
0.0
0.0
0.0
0.0
0.0
0.0
0.0
0.0
0.0
1.41363
0.0
0.0
0.0
0.0
0.0
0.0
0.0
0.103383
0.250801
0.0
0.0
0.808405
0.0
0.0
0.0
0.0
0.0
0.0
0.0
0.0
0.0
3.17567
0.0
0.0
0.0
0.0
0.0
0.394189
0.0
0.0
0.0
0.0
0.0
0.401657
0.0
0.0
0.0
0.0
0.0
0.0
0.0
0.0
0.0
0.0
0.0
0.0
0.0
0.0
0.0
0.0
1.23391
0.0
0.0
0.0
6.58822
0.0
0.0
0.0
0.0
0.0
0.0
0.0
0.0
0.0
0.0
0.0
0.0
0.0
0.0
2.91141
0.0
0.0
0.0
0.0
0.0
1.85726
0.0
0.0
0.0
0.0
1.82105
0.0
3.91799
0.0
0.0
0.0
0.0
0.0
1.47929
0.0
0.0
2.06725
0.0
0.0
0.951637
0.0
0.0
0.0
0.0
0.0
0.110071
0.580185
0.0
0.774444
0.0
0.0
0.0
0.0
0.0
0.0
0.0
0.0
0.0675915
0.0
0.0
0.0
0.0
0.0
0.0
0.0
5.22175
3.59363
0.0
0.0
0.0
0.605241
0.0
0.0
0.0
0.0
1.16493
0.0
3.10959
0.521441
0.0
0.0
0.0
2.70609
0.0
0.0
0.619617
0.0
0.0
0.0
0.660814
0.0
0.0
0.0
0.0
0.0
0.0
0.0
0.0
0.0
0.0
0.0
0.0
0.0
0.0
0.623137
0.0
0.0
0.0
0.0
0.141456
0.0
0.327754
0.0
0.0
0.0
0.0
0.0
0.0
0.0
0.0
0.410121
0.0
0.0
0.0
0.0
2.58415
0.0
0.536072
0.0
0.0
0.0
0.0
0.0
0.0
0.0
0.0
0.0
0.0
0.0
0.0
0.0
0.0
0.921238
0.0
0.0
0.0
0.0
0.089173
0.0
0.0
0.0
0.0
0.0
0.0
0.0
0.0
0.0
0.0
1.81185
0.0
0.0
0.0
0.0
0.0
0.0
0.0
0.0
0.0
0.0
0.0
0.0
0.0
0.0
0.0
0.0
0.0
0.0
0.0
0.0
0.0
0.0
0.0
0.0
0.0
0.0
0.0
2.16886
0.0
0.0
0.0
0.0
0.0
0.0
3.90894
0.0
0.0
0.0
0.0
0.0
0.0
0.0
0.0
0.0
0.0
0.0
0.0
0.506589
0.0
0.0
0.0
0.0
0.0
0.0
0.0
0.188556
0.0
0.0
0.366543
0.0
0.0
0.666195
0.0
0.0
0.0
0.0
0.0
0.0
0.0
0.0
0.0
0.0
1.7031
0.0
0.0
0.0
0.0
0.0
2.28644
0.0
0.0
0.0
0.0
0.0
0.0
0.0
0.0
0.0
0.0
0.0
0.0
0.0
0.0
0.0
0.0
0.0
2.44677
0.253206
0.0
0.0
0.0
0.0
0.124608
0.0
0.0
1.17464
0.0
0.0
0.0
0.0
0.0
0.0
0.0
0.0
0.0
0.0
0.0
1.62026
0.0
0.0
1.28642
0.0
0.0
0.0
0.0
0.144034
0.0
3.31036
0.0
0.0
0.0
0.0
0.0
0.0
0.0
0.0
0.0
0.0
0.0
0.0
0.731497
0.0
0.693742
1.75915
0.0
0.0
0.0
0.0
0.0
0.651897
0.0
0.0
0.0
0.0
0.0
0.0
0.0
0.0
0.0
0.0
0.0
0.0
0.0
0.0
0.0
0.0
0.0
0.0
0.0
0.0
0.0
0.0
0.0
0.0
0.0
1.48651
0.0
2.3157
0.0
0.0
0.0
0.0
0.0
0.0
0.0
0.0
2.06716
0.0
0.0
0.0
0.0
0.0
0.0
2.40045
0.855054
0.0
0.728629
0.0
0.0
0.0
0.0
0.0
0.0
0.0
0.0
2.34422
0.0
0.0
0.208334
0.0
0.0
0.0
0.0
0.0
0.0
0.0
0.0
0.0
0.049981
2.80173
0.0
0.0
1.50182
0.0
0.0
0.0
0.0
1.38359
1.52651
0.0
0.0
0.0
0.0
2.4004
0.0
0.0
0.0
0.0
1.96105
0.0
0.0
0.0
0.0
0.0
0.902231
0.0
0.0
0.0
2.48543
0.0
0.0
0.0
0.0
1.05866
0.0
0.240768
0.0
0.0
0.0
0.0
0.0551612
0.0
0.0
0.0
0.0
0.0
0.0
0.0
0.0
0.0
0.0
0.768726
0.0
0.0
0.0
0.0
0.0
0.0
0.0
0.581131
0.0
0.0
0.0
0.0
0.0
0.0
0.0
0.0
0.0
0.0
2.58802
0.0
0.0
0.0
0.0
0.0
0.0
0.0
0.0
0.0
0.0
2.00517
0.0
0.0
1.26957
0.0439173
0.0
0.0
0.0
0.0
0.0
1.1698
0.0
0.0
0.0304805
0.0
0.0
0.0
0.0
0.0
0.0
0.0
0.0
0.77246
0.0
0.0
0.0
0.0
1.83548
0.0
0.0
0.421535
0.0
0.0
0.0
0.0
0.0
0.0
0.0
0.0
0.0
1.63352
0.0
0.0
0.0
0.0
0.0
0.0
0.0
0.0
0.0
0.0
0.0
0.0
0.0
0.0
0.0
0.0
0.0
0.0
0.0
0.724183
0.0
0.0
0.0
0.0
0.0
0.0
0.0
0.0
0.0
0.0
0.0
0.0
0.0
0.0
0.0
1.26702
0.0
2.16114
0.0
0.0
1.69255
0.0
0.0
0.0
0.0
0.0
0.0
0.0
1.51272
0.0
2.23849
0.0
0.0803701
0.0
0.0
0.0
0.0
0.0
0.0
0.0
0.0
0.0
0.0
0.0
0.0
0.0
0.0
0.0
0.0
0.480982
0.623499
0.0
1.63333
0.0
0.0
3.75457
0.0
0.0
0.592959
0.0
0.0
0.0
0.0
0.929202
0.0
0.0
1.25589
0.311762
0.0
2.21732
0.00783587
0.0
0.0
0.0
0.0
0.0
0.0
0.0
0.0
1.32918
0.0
7.42097
0.0
0.0
0.829755
0.0
0.0
0.0
0.0
0.0
0.0
0.0
0.477502
0.0
3.36619
0.0
0.0
0.0
0.0
0.0
0.0
0.0
0.0
0.0
0.0
0.0
0.0
0.0
0.0
0.0
1.75164
0.853627
0.0
0.0
0.0
0.0
0.0
0.0
0.0
0.0
0.0
0.0233005
1.14643
0.245574
0.0
3.09617
0.0
0.0
0.0
0.0
0.0
0.0
0.0
1.61322
0.0
0.0
2.02405
0.0
0.0
0.0
0.0
0.0
2.26535
0.0
1.22869
0.0
2.64011
0.0
0.0
0.0
0.0
0.0
0.0
3.14885
1.33629
0.0
0.0
0.0
0.0
0.0
0.0
1.04053
0.0
0.0
0.0
0.0
0.0
0.0
0.0
0.0
0.760803
0.0
0.0
0.0
0.0
0.0
0.0
0.0
1.03395
0.0
0.0
0.0
0.0
0.0
0.0
0.0
0.0
0.0
0.736819
0.0
0.0
0.0
0.0
0.0
0.0
0.0
0.0
0.0
0.0
0.0
0.0
2.39037
0.0
1.52246
0.0
0.125714
1.36951
0.0
0.0
0.0
0.0
0.0
0.0
0.0
0.181208
0.0
0.0
0.0
0.0
0.0
0.0
0.0
0.0
0.0
0.0
0.0
0.521663
0.0
0.0
0.0
0.0
0.0
0.0
0.0
0.0
0.0676218
0.0
0.785993
0.0
0.0
1.37157
0.0
0.0
0.0
0.0
0.0
0.0
0.593762
0.0
0.0
0.0
0.678299
0.0
0.0
0.0
0.0
0.0
0.0
0.60916
2.41436
0.0
1.33864
0.0
0.0
0.0
0.105268
0.0
0.0
0.0
0.0
0.0
0.0
0.0
1.14975
0.0
1.67563
0.0
0.0
0.0
0.0
0.0
0.0
0.0
0.0
0.0
0.0
3.20421
0.0
1.94377
0.0
0.0
0.0
0.0
0.0
0.0
0.0
0.0
0.0
0.0
0.0
0.567614
0.0
0.0
0.596412
0.0
0.0942154
0.201793
0.0
0.0
0.0
0.0
0.0
0.0
0.0
0.0
0.0
0.0
0.0
0.0
0.0
0.0
2.51947
0.0
0.0
0.0
0.0
0.0
0.0
0.0
0.0
0.0
0.0
0.0
0.0
3.09081
0.0
0.673801
3.03545
0.0
0.0
0.0
0.0
0.0
0.0
0.0
0.0
0.0
0.0
0.0
0.0
0.0
0.0
0.0
0.904319
0.0
0.0
0.0
0.0
0.161763
0.0
1.39572
0.0
0.0
0.0
1.83314
0.0
0.0
0.0
0.0
0.0
0.0
0.0
0.0
0.0
0.0
0.0
0.0183479
0.0
0.914401
0.0
0.0
0.0
0.0
0.0
0.0
0.0
0.0
0.0
0.0
0.0
0.0
0.0
0.0
0.0
0.0
0.0
0.0
1.63112
0.0
0.0
0.0
0.0
0.0
0.0
0.0
0.0
0.0
0.0
0.0
0.0
0.0
2.06762
0.0
0.0
0.0
0.193449
0.0
0.0
0.0
0.0
1.77028
0.0
0.0
0.0
0.0
0.0
0.0
0.0
0.0
0.0
0.0
0.0
0.365565
0.0
0.0
0.0
0.0
0.0
0.0
0.0
0.0
0.0
0.0
0.0
0.235686
0.0
0.0
0.0
1.33605
0.0
0.0
0.0
0.0
0.0
0.0
0.0
0.0
2.70537
0.226598
0.0
0.0
0.0
0.0
0.0
0.0
0.0
0.0
0.0833656
0.0
0.0
0.0
0.0
0.0
0.0
0.0
0.0
0.0
0.0
3.69104
1.12867
0.0
0.0
0.0
0.0
0.0
0.523366
0.0
0.0
0.0
1.70699
0.0
0.0
0.0
0.0
0.0
1.54623
0.0850927
0.0
0.0
0.0
0.0
0.0
0.0
0.0
0.0
0.0
0.0
0.0
0.0
0.0
0.0
0.0
0.0
0.0
0.0
0.0
0.0
0.0
0.0
0.0
0.0
0.0
0.164662
0.0
0.0
0.0
0.0
0.729683
0.0
0.0
0.0
0.0
0.0
0.0
0.0
0.0
0.0
0.0
0.0
0.0
0.0
0.0
0.0
0.0
0.0
0.0
0.0
0.0
0.77646
0.0
0.0
0.0
0.0
0.0
0.912038
2.95197
0.0
0.0
0.0
0.0
0.0
0.0
0.0
0.0
0.0
0.0
0.0
0.0
0.0
0.0
0.0
0.0
0.0
0.0
0.0
0.0
0.26648
0.0
0.0
0.0
2.02916
0.0
0.0
0.0
0.0
0.952815
0.0
0.861989
0.0
0.0
0.0
0.60439
0.0
0.0
0.0
0.0
0.0
0.0
1.22579
0.0
0.0
0.0
1.34729
0.0
0.0
0.0
0.0
0.0
0.0
0.0
0.0
0.0
0.0
0.0
0.0
0.0
0.0
2.57145
0.0
0.078716
0.0
0.0
0.0
0.0
0.0
0.0
0.0
0.0
0.0
0.0
0.0
0.0
0.0
0.0
0.0
0.0
0.0
0.0
0.0
0.0
0.0
0.0
0.0
0.0
0.0
0.0
0.0
0.0
0.0
0.0
0.0
0.0
0.0
0.0
0.0
0.0
1.51103
0.0
1.59933
0.0
0.0
0.0
0.0
0.0
0.0
0.0
0.0
0.362079
0.0
0.0
0.0
0.0
0.0
0.0
0.0
0.191132
0.0
0.0
0.0
0.0
0.0
0.0
0.0
0.0
0.0
0.0
0.0
2.10286
0.0
0.524633
0.0
0.0
0.0
3.31857
0.0
0.0
0.0
0.0
0.0
0.0
0.0
0.0
0.0
0.0
0.0
0.0
0.0
0.0
0.0
0.0
0.0
0.0
0.0
0.0
0.0
0.0
1.00309
0.0
0.0
0.0
0.0
0.0
0.0
0.0
0.0
0.0
0.0
0.0
0.0
0.0
0.222441
0.0
0.0
0.0
0.0
0.0
0.0
0.0
0.0
0.0
0.0
0.0
0.0
0.0
0.0
1.12214
0.0
1.82095
0.0
4.0939
0.990367
0.0
0.0
0.0
0.0
0.0
0.594414
0.0
0.0
0.0
0.00947875
0.0
0.0
0.0
1.76797
0.0
0.0
0.0
0.0
0.0
0.0
0.0
0.0
0.0
0.0
0.0
0.0
0.0
0.0
0.0
0.0
0.0
0.508357
0.0
0.0
0.0
0.0
0.0542497
0.0
0.0
0.0
0.0
4.1812
0.0
0.0
0.0
0.0
0.0
0.0
0.0
0.0
0.0
0.0
0.0
0.0
0.0
0.0
0.0
0.0
3.25845
0.0
0.0
1.18984
0.0
0.0
0.0
1.56491
0.0
0.0
0.0
0.0
0.0
0.0
0.0
0.0
2.25404
0.0
0.0
1.0548
0.0
0.446464
2.24851
0.0
3.281
0.0
1.12393
0.0
0.0
1.47977
0.0
0.0
0.0
0.0
0.0
0.0
0.0
2.32474
2.73464
0.0
0.0
0.0
0.0
0.0
0.0
1.47923
0.0
0.0
0.0
0.990011
0.0
0.0
0.0
0.0
0.0
0.0
0.0
0.0
0.0
0.0
0.0
0.0
0.0
0.0992081
0.0
0.0
0.0
0.0
0.0
2.33868
0.0
0.0
0.317891
0.0
0.0
0.0
0.0
0.0
0.0
0.0
0.0
0.0
0.0
0.0
1.10374
0.0
0.0
2.63731
0.0
0.0
0.800909
0.0
0.0
0.0
0.515777
1.783
0.0
0.0
0.545639
3.3769
0.334485
0.0
0.0
0.0
0.0
0.0
0.0
0.0
0.0
0.174057
0.0
0.0
0.0
0.0
2.61407
1.28418
0.0
0.0
0.0
0.0
0.0
0.0
0.0
0.0
0.0
0.0
0.0
0.0
0.0
0.0
0.0
0.0
0.0
0.0
0.0
0.0
1.24228
0.0
0.688729
0.0
0.0
0.0
0.0
0.0
0.0
2.69891
0.0
0.0
0.0
0.0
0.0
0.0
1.69325
0.0
0.0
0.0
0.0
0.0
0.0
0.0
0.0
0.0
0.0
0.0
0.0
0.612831
0.0
0.0
1.03784
0.0
0.500737
0.0
1.13152
2.89193
0.0
0.0
0.0
0.518545
1.05466
0.0
0.0
1.15177
0.0
0.0
0.836393
0.0
0.0
0.0
3.9533
1.2315
0.0
0.0
0.0
0.0
0.0
0.0
0.0
0.0
0.0
0.0
0.0
0.0
5.53696
0.0
0.0
0.0
0.0
0.0
0.0
0.0
1.26504
0.0
0.0
1.45059
0.0
0.0
0.0
0.0
0.0
0.0
0.0
0.0
0.136023
1.05253
0.0
0.0
0.0
0.0
0.0
0.0
3.54424
0.0
0.0
1.22399
0.0
0.0
0.0
1.47275
0.0
0.0
0.0
2.31612
0.0
0.0
0.0
1.09697
2.1704
0.0
0.0
2.52349
0.0
0.0
0.0
0.0
0.0
0.0
0.0
0.0
0.0
1.92372
0.0
1.49287
0.0
0.0
0.0
0.0
0.0
3.22657
0.0
0.0
0.0
0.0
0.0
0.683566
0.0
0.0
2.38202
0.0
0.0
0.0
0.424891
0.0
0.0
0.0
0.0
0.0
0.0
0.0
0.0
0.0
0.0
1.39088
0.876971
0.0
0.0
0.0
1.12147
0.0
0.0
0.0
0.0
1.73629
0.0
0.0
0.0
0.0
0.0
0.0
0.0
4.15181
0.12778
1.91956
0.0
0.0
0.0
0.0
0.0
0.0
0.0
2.23803
0.0
0.0
0.0
0.0
0.0
0.0
0.0
0.0
0.0
0.0
0.0
0.0
0.0
0.0
0.980278
0.0
0.0
0.0
0.0
0.0
0.640299
0.0
0.0
0.0
1.71119
0.0
0.0
0.0
0.0
0.0
0.0
2.2688
0.0
0.0
0.0
0.0
0.0
0.0
0.0
2.43806
0.0
0.0
0.0
0.0
0.0
0.0
0.0
0.0
0.0
0.0
0.0
0.0
0.0
0.0
0.0
0.0
0.0
0.259689
0.0
0.0
0.0
0.0
0.0
2.65317
0.0
0.0
0.0
0.0
0.0
3.59138
0.0
1.47727
0.0
0.0
0.0
0.0
0.0
0.0
0.0
0.0
0.0
0.0
0.0
0.0
1.81864
0.0807112
4.59568
0.0
0.0
0.0
0.0
0.0
0.0
1.6164
3.45698
0.419491
0.0
0.0
0.451441
0.777853
0.0
0.0
0.0
0.0
0.035624
0.0
0.0
0.0
0.967528
0.0
0.0
4.01593
0.0
0.0
0.0
0.0
0.0
0.0
0.0536472
0.0
0.406302
0.0
0.0
0.0
0.0
0.0
0.0
0.0
0.0
0.0
0.0
0.0
0.0
0.0
0.0
0.0
0.474305
0.0
0.0
0.0
3.89265
0.0
0.0
0.0
0.0
0.0
3.39303
0.0
0.0
0.0
0.0
0.711177
0.0451484
0.0
0.0
0.0
0.0
0.0
0.0
0.0
0.0
0.0
0.0
0.0
0.0
0.0
0.0
0.0
0.0
0.0
0.0
3.38016
0.0
0.0
2.67314
0.0
0.0
0.0
0.0
3.11208
0.0
0.513464
0.0
0.0
0.0
0.0
0.0
0.0
3.39962
0.0
0.0
0.0
0.278924
0.0
0.0
0.0
0.0
0.0
0.0
0.0
0.0
0.0
0.0
0.0
0.0
0.0
0.0
0.0
0.0
0.0
0.0
0.0
0.0
0.0
0.0
0.0
0.0
0.0
0.0
0.0
0.0
1.35673
0.0
0.0
0.0
0.0
0.0
0.53669
0.0
0.0
0.0
0.0
0.396385
0.0
0.0
0.0
0.0
0.0
0.0
0.0
0.0
0.0
0.0
0.661653
0.0
0.97683
0.0
1.27876
0.0
1.0727
0.0
0.0
0.0
0.0
2.30955
0.0
0.0
0.0
1.60188
0.0
0.0
0.0
0.0
0.0
5.85051
0.0
0.0
0.0
0.0
0.0
0.792681
0.0
0.429471
2.02039
0.0
0.0
1.28195
0.0
0.0
0.0
0.0
0.0
0.0
0.0
0.0
0.0
0.0
0.0
0.0
0.0
0.806226
0.0
0.0
0.0
0.0
0.0
0.0
0.0
0.0
0.0
0.0
0.0
0.0
0.0
0.0
0.0
0.0
0.0
0.0
0.0
0.0
0.0
0.0
4.23701
2.56253
0.0
0.0
0.0
0.0
0.0
0.0
0.0
0.0
0.0
0.0
0.0462104
0.0
0.00112861
0.0
0.0
0.0
0.0
0.0
0.0
0.0
0.198844
0.0
0.0
0.0
0.0
0.0
0.0
0.0
0.0
0.0
0.0
0.0
0.0
2.11817
0.0
0.0
0.0
4.35092
0.0839145
0.0
0.0
0.0
0.0
0.0
0.0
0.0
0.0
0.0
4.17805
0.0
0.0
0.0
0.0
0.0
0.0
0.0976648
0.0
0.0
0.0
0.0
0.0
0.0
0.64516
0.0
0.0
0.0
0.0
1.01113
0.0
0.0
0.0
0.0
0.0
0.0
0.0
0.0
0.0
0.0
0.539992
0.0
0.0
0.0
0.0
0.0
0.0
0.0
0.0
0.0
0.0
0.0
0.0
0.0
0.0
1.4299
1.3917
0.0
0.0
0.0
0.0
0.0
0.0
0.0
0.0
0.0
0.0
0.0
0.403057
0.0
0.0
0.0
0.0
0.0
0.0
0.979909
0.0
0.0
0.0
0.0
0.0
1.14314
0.0
0.0
0.0
0.0
0.0
0.0
0.0
0.0
0.0
0.0
0.0
0.0
0.0
0.0
0.0
0.0062611
0.0
0.0
0.0
0.0
0.0
0.0
0.0
0.0
0.0
0.0
0.0
0.0
0.0
0.0
0.0
0.0
0.0
0.497257
0.0
0.0
0.287918
0.0
0.0
0.0
0.0
0.0
0.0
0.0
0.0
0.0
1.52794
0.0
0.0
0.0
3.52535
0.0
0.0
0.0
0.0
0.0
0.0
0.0
0.0
0.0
0.0
0.0
0.0
0.0
1.25533
0.0
0.0
0.0
0.0
0.0297352
0.0
1.53633
0.0
0.0
1.38059
0.0
0.0
0.0
0.0
0.0
0.0
0.0
0.0
3.27363
0.642796
0.0
0.346376
1.06444
3.13135
0.0
0.0
0.0
0.0
2.58086
0.0
0.0
0.0
0.0
0.0
0.0
0.0
0.0
0.0
0.335891
0.0
0.0
0.970667
0.0
0.0
0.369684
0.0
0.0
0.0
0.0
0.0
2.98379
0.0
0.0
2.80682
0.0
0.0
0.0
0.0
0.0
0.0
0.0
1.62229
0.0
0.0
0.0
2.96021
0.767697
0.0
0.0
0.0
0.0
0.0
0.0
0.0
0.0
0.0
0.0
0.0
0.0
0.0
0.0
0.0
0.0
0.0
0.0
0.0
0.0
0.0
0.0
0.0
0.0
3.38562
0.0
0.0
0.0
0.0
0.0
0.0
0.0
2.55137
0.0
0.0283085
1.07309
0.0
0.0
0.0
1.66396
0.0
0.0
0.0
0.0
0.0
0.99839
0.0
0.0
0.0
0.0
0.0
0.0
0.0
0.0
0.0
0.0
0.0
0.0
0.0
0.0
0.0
0.0
0.0
1.24709
0.464
0.0
0.0
0.0
0.0
0.0
2.5265
0.0
0.0
0.0
2.67209
0.0
0.0
0.0
0.0
0.0
0.0
0.0
0.0
0.0
0.0870337
0.0
4.99562
0.0
0.0
0.0
0.0
0.0
0.0
0.0
0.0
0.0
0.372041
0.0
0.183115
0.0
0.0
0.0
0.549148
0.0
0.0
0.0
2.71774
0.0
0.0
0.269853
0.0
0.0
0.0
0.0
0.0
0.0
0.0
0.0
0.0
0.0
0.0
0.0
0.0
0.0
2.0855
0.0
1.09139
1.65955
0.0
0.0
0.647196
0.0
0.0
0.0
0.0
0.0
0.762354
0.0
0.0
0.0
0.0
0.0
0.0
0.0
0.0
0.0
0.0
0.0
0.0
0.0
0.0
0.0
1.25953
0.0
0.0
0.0
0.0
0.0
0.530706
0.0
0.0
0.0
0.545752
0.0
0.0
0.0
0.0
0.0
0.0
0.0
0.0
0.0
0.0
0.420355
0.0
0.0
0.0
0.0
0.0
0.0
0.0
0.0
0.0
0.0
0.0
0.0
0.0
0.396179
0.0
0.0
0.0
0.0
0.0
0.0
0.0
0.0
0.0
0.0
0.0
0.0
0.0
0.0
0.0
0.0
0.0
0.432497
1.02098
0.0
0.0
0.0
0.0
0.0
0.0
0.0
0.043355
0.0
0.0
0.0
0.0
0.0
0.0
0.0
0.0
0.0
0.0
2.07067
0.0
0.0
0.0
1.69014
0.0
0.643487
0.408402
0.0
0.0
0.0
0.0
0.0
4.2551
0.0
1.03443
0.0
0.0
0.0
0.0
0.0
0.0
0.0
0.0
0.0
0.0
0.0
0.0
0.0
0.0
2.83494
1.58434
0.0
0.0
0.0
0.0
0.0
0.0
0.0
0.0
0.0
0.0
0.0
0.050051
0.0
0.258732
0.0
0.0
0.0
0.0
0.253531
0.0
0.0
0.0
0.0
0.0
0.0
0.0
1.52818
0.0
0.0
0.0
0.0
0.0
0.0
1.12656
0.0
0.285448
0.0
0.0
0.0
0.0
0.0
0.0
0.0
1.34265
0.0
0.0
0.0
0.0
0.0
0.0
0.0
0.0
0.0
0.0
0.0
0.0
0.0
0.0
0.0
0.0
2.29743
0.0
0.0
0.0
0.0
0.0
0.0
0.0
0.0
0.123502
0.0
0.0
0.0
0.0567962
0.0
0.0
0.0
0.0
0.0
0.0
0.0
0.0
1.40697
0.0
0.0
0.0
1.56307
0.0
3.24499
0.0
0.0
0.0
0.0
0.0
0.0
0.0
0.0
2.03455
0.0
0.0
0.762629
0.176762
0.0
0.0
0.0
0.0
0.0
0.0
0.0
0.0
0.0
0.160271
0.0
0.0
0.0
0.530768
0.0
0.0
0.0
0.0
0.0
0.0
0.0
0.0
0.0
0.0
0.0
0.0
0.0
0.0
0.0
0.0
0.0
0.0
0.0
0.0
0.0
1.80242
0.0
0.0
0.0
0.0
0.0
0.0
0.0
0.0
0.0
0.0
0.0
0.0
0.0
0.0
0.0
0.0
0.0
0.797893
0.0
0.0
0.0
0.0
0.0
0.0
3.09299
0.0
0.0
0.0
0.0
0.0
0.0
0.555675
0.0
0.0
0.0
0.0
0.0
0.0
0.0
0.0
0.0
0.0
0.0
0.0
0.091812
0.0
0.0
0.0
0.0
0.0
0.0
0.0
0.0
0.0
0.0
0.0
0.0
0.0
0.0
0.0
0.0
0.0
0.0
0.0
0.0
0.0
0.0
0.0
0.0
0.0
0.0
0.0
0.0
0.0
0.0
0.0
0.0552686
0.0
0.0
0.0
2.57404
0.881425
0.0
0.569254
0.0
0.736907
0.0
0.0
0.0
0.0
0.0
5.19035
0.0
1.33486
0.0
0.0
0.0
0.0
0.0
1.06052
0.0
1.61768
0.0
0.0
0.0
4.40073
1.54156
0.0
0.0
0.0
0.0
0.0
0.0
1.0654
0.0
0.0
0.0
0.0
0.0
0.844075
0.0
0.0
2.39953
0.0
0.0
0.0
0.0
0.0
0.0
2.28506
0.0
0.0
0.0
0.0
0.0
0.0
0.0
0.0
0.0
0.0
0.0
0.0
0.0
0.0
0.0
0.0
1.44883
0.0
0.0
0.0
0.0
0.0
0.0
0.0
0.0
0.0
0.0
0.0
0.0
0.0
0.74692
1.46104
0.0
0.0
1.11636
0.0
0.681395
0.0
1.51811
0.0
0.229764
0.0
0.498998
2.11377
0.0
0.0
0.0
0.0
0.145888
0.0
0.0
0.142255
0.0
0.0
0.0
0.0
0.0
0.0
0.0
0.0
0.0
2.45251
0.0
1.05583
0.0
0.0
0.0
3.21668
0.0
0.0
0.868078
0.0
0.0
1.49438
0.0
0.0
0.0
0.0
0.0
0.0
0.0
0.0
0.0
0.0
0.659203
0.0
0.0
1.02474
0.0
0.0729234
3.00763
0.0
0.745188
0.0
0.597854
0.0
0.0
0.0
0.0
2.58452
0.0
0.0
0.0
0.0
0.0
0.0
0.0
0.0
0.0
0.0
0.0
0.0
0.0
0.0
0.0
0.0
1.45478
0.0
0.200158
0.0
0.0
0.0
0.0
0.0
0.0
0.0
0.0
0.0
0.0
0.0
0.0
0.0
0.0
0.0
0.0
1.386
0.0
3.4796
0.0
0.0
0.0
0.0
0.0
0.0
0.0
0.0
0.0
0.0
0.0
0.0
0.0
0.0
0.0
0.0
0.0
0.0
0.0
3.78695
0.0
0.0
0.0
2.51781
0.0
0.0
0.0
0.0
0.0
0.0
2.53761
0.0
0.429291
0.0
1.94655
0.0
0.0
0.0
0.0
0.0
0.0
0.0
0.0
0.0
0.0
2.30492
0.0
0.0
0.0
0.0
0.0
0.0
0.0
0.0
0.0
1.32258
0.0
0.0
0.0
0.0
0.0
1.2327
2.11179
0.0
0.0
0.0
0.0
0.0
0.216856
0.0463264
0.0
0.0
1.03483
0.0
0.0
0.0
0.0
0.0
0.0
0.194128
0.0
0.0
0.109191
0.0
0.0
0.0
0.0
0.0
0.0
0.0
0.0
0.0
0.0
0.0
0.0
0.0
0.0
0.0
0.0
0.0
1.37217
0.0
0.0
0.0
0.0
0.0
0.0
0.450879
0.0
0.0
0.0
0.0
0.0
0.0
0.0
0.0
1.37959
0.0
0.0
0.0
0.0
0.232623
0.0
0.0
1.58779
0.0
0.0
0.0
0.0
0.0
0.0
0.0
0.0
0.0
0.0
0.0
0.0
0.0
0.0
0.0
0.0
0.0
0.0
0.0
0.0
0.0
0.0
0.0
0.319334
0.0
0.937035
0.0
0.483196
0.0
4.65041
0.0
0.0
0.0
0.0
0.0
0.0
0.0
0.362572
0.0
0.0
0.0
0.0
0.0
3.79005
0.0
0.0
0.0
2.75494
0.0
0.0
0.644708
0.0
1.79442
0.0
0.0
0.0
0.0
0.0
0.0
0.0
0.0
0.169564
0.0
0.0
0.0
0.0
0.0
0.0
0.0718376
0.0
0.0
0.0
0.0
0.0
1.02529
0.0
0.0
0.0
0.0
0.185423
0.0
0.0
3.76117
0.0
0.0
0.0
1.37625
0.0
0.0
0.0
0.0
0.0
0.0
0.0
0.0
0.5738
0.0
0.0
0.012921
0.0
0.360865
0.0
0.0
0.0
0.0
0.0
0.0
2.96044
0.0
0.0
0.0
0.0
1.60575
0.0
0.0
1.11479
0.0
0.0
0.0
0.0
0.0
0.0
0.0
0.0
0.0
0.0
0.0
0.0
1.9141
0.0
0.276944
0.0
2.52973
0.0
0.0
0.0
0.0
0.0
0.0
0.0
1.2979
0.0
0.349122
0.0
0.0
0.0
0.738631
0.0
0.0
0.0
0.0
0.0
0.0
0.0
0.0
1.86145
0.0
0.0
0.0
0.0
0.0
0.0
2.90483
0.0
0.0
1.56698
2.10904
0.0
0.0
0.0
0.0
2.60988
0.0
2.06575
0.0
3.21581
0.0
4.97551
0.0
0.0
0.0
0.0
0.0
0.0
0.0
0.0
0.0
0.0
0.0
0.0509372
0.0
0.367162
0.108658
0.0
0.0
0.0
0.0
0.0
0.966149
0.0
0.0
0.0
0.0
0.0
0.0813085
2.4529
0.0
0.0
0.0
0.0
0.0
0.0
0.0
0.0
0.0
0.0
0.0
0.0
0.0
0.0
2.0574
0.0
0.0
0.0
0.0
0.0
0.0
0.0
0.0
0.0
0.0
0.0
0.0
0.634065
0.0
1.86095
0.0
0.0
0.0
0.0
0.0
0.0
0.0
0.0
0.0
2.93917
0.0
0.0
0.924695
0.0
0.0
0.0
0.0
0.0
0.0
0.0
0.0
0.0
0.0
0.0
0.0
0.0
0.0
0.0
0.0
0.0
0.902333
0.0
0.0
0.274674
0.0
0.0
0.0
0.0
0.0
0.0
0.0
0.813656
0.0
0.0
0.0
0.0
0.0
0.0
0.0
0.0202298
0.0
0.0
0.0
0.0
0.0
0.0
2.13682
0.0
0.0
0.0
0.0
2.53809
0.0
0.0
0.0
0.0
0.0
0.0
1.5151
0.491085
0.0
0.628568
0.0
0.0
0.0
0.785944
0.0
0.0
0.0
0.0
0.0
0.0
0.0
0.0
0.0
0.0
1.78983
0.0
0.0
0.0
0.0
0.0
0.0
0.0
0.0
0.0
0.0
1.75201
0.0
0.0
0.0
0.0
0.0
0.0
0.0
1.33692
0.0
0.0
0.0
0.0
0.0
0.0
0.0
0.0
0.0
0.0
0.0
0.0
0.0
0.0
1.08669
0.0
3.07666
0.0
0.0
0.0
0.0
0.0
0.0
0.0
1.47484
0.0
0.0
0.894381
0.0
0.954719
0.0
0.0
0.0
0.0
0.0
0.841791
0.345758
0.0
0.0
0.750673
0.0
0.0
0.0
0.0
0.0
0.0
0.0
0.0
0.0
0.712999
1.16033
0.0
0.0
0.0
0.0
0.0
0.0
0.0
0.0
0.427463
1.40242
0.0
0.0
0.0
0.0
0.0
0.0
0.0
0.0
3.37399
0.0
0.0
1.0659
0.0
0.0
0.12478
0.0
0.0
0.0
0.674199
0.0
2.63625
0.0
4.47679
0.0
0.0907665
2.02542
0.0
0.0
0.0
3.3944
0.0
0.0
0.0
0.0
2.99234
1.51607
0.0
0.0
0.0
0.0
0.0
0.0
0.0
0.0
0.997132
0.0
0.0
0.0
0.560619
0.488117
1.1823
0.0
0.0
0.0
0.0
0.0
0.0
0.628986
0.0
0.0
0.0
0.0
0.0
0.0
1.53875
0.0
0.0
0.821824
0.0
0.0
2.72096
0.0
0.0
0.0
0.0
0.0
3.61232
1.26642
0.0
0.0
0.0
0.0
0.0
0.0746654
0.0
0.0
1.09198
3.04333
0.0
0.0
0.0
0.0
1.72284
0.0
0.0
0.0
0.0
1.21816
4.04243
0.0
0.0
0.0
0.0
0.0
0.750453
0.0
0.0
0.0
0.0
0.0
0.0
0.0
0.0
0.0
0.0
0.0
1.76242
0.0
0.0
0.0
0.0
1.21964
0.0
0.0
0.0
2.40238
0.0
0.0
0.0
0.622451
1.0674
0.130279
0.0
0.0
0.0
0.0
0.0
0.977867
0.0
0.0
0.0
3.73111
0.0
0.0
0.0
0.0
0.0
0.0
3.522
0.0
0.0678678
0.385548
0.0
0.0
0.0
0.0
2.57516
0.0
0.0
0.0
0.0
0.0
0.0
0.0
0.0
0.0
0.0
0.0
0.0
0.100913
0.0
0.0
0.0
0.0
0.0
0.0
0.0
0.0
0.0
0.0
0.0
0.0
0.0
0.0
0.0
0.0
2.35113
0.0
0.0
0.0
1.09746
