0.0
0.0
0.59336
0.0
1.29084
0.0
0.0412495
0.0
0.0
0.0
0.0
0.0
0.0
0.0
0.0
0.0
0.0
0.963622
0.0
0.0
0.0
1.81605
0.0
0.0
0.0
0.0
0.0
0.0
0.0
0.0
0.0
0.0
0.0
8.09387
0.0
0.0
0.0
0.0
0.0
0.0
0.0
0.0
0.343811
0.0
0.0
1.6086
0.0
0.0
0.0
0.0
0.0
0.0
0.0
0.0
0.0
0.0
0.0
0.0
0.0
0.0
0.0
0.0
0.0
2.41282
0.0
0.0
0.0
0.0
2.23075
0.0
0.0
0.0
0.0
0.0
0.0
0.0
0.0
1.13716
0.0
0.0
0.0
0.0
0.0
0.0
2.97563
0.0
0.0
0.0
0.0
0.0
0.0
0.0
0.0
0.0
0.0
0.0
0.0
0.0
0.0
0.0
0.0
0.0
0.0
0.0
0.0
0.0
2.17279
0.0
0.0
0.0
0.0
0.0
0.0
3.09786
0.0
0.0
0.0
1.61169
0.0
0.0
0.277051
0.0
0.0
0.0
0.0
0.0
0.0
5.42668
1.72197
0.0
0.0
0.0249952
0.0
0.0
0.0
0.0
0.0
0.0
0.0
0.0
0.0
0.0
0.0
0.0
1.79677
0.0
2.6329
0.0
3.24115
0.0
0.0
0.0
0.0
0.0
0.0
0.0
0.0
0.0773668
0.0
0.0
0.0
0.0
0.0
0.0
0.0
0.0
0.0
0.0
3.52238
5.66516
0.0
0.0658789
0.435319
0.735851
0.0
0.0
0.0
0.0
2.62689
0.0
2.49292
0.0
0.0
0.0
0.0
0.0
0.0
0.0
0.0
0.0
0.0
0.0
4.83642
0.0
0.0
0.0
0.0
0.0
0.0
2.99851
0.0
4.30503
0.0
0.0
0.0
0.0
0.0
0.0
0.0
0.0
0.0
0.0
0.0
0.0
0.0
0.0
0.0
0.0
0.0
1.90527
0.0
0.623343
0.0
0.0
0.0
0.0
0.983513
1.47478
0.0
0.0
0.0
0.0
0.0
1.73943
0.0
0.0
0.0
0.0
0.0
0.0
0.0
0.0
0.726635
1.17214
0.0
0.0
0.0
0.883531
0.0
0.0
2.06366
0.0
0.0
0.0
0.0
0.630851
0.0
1.42512
0.0
0.0
0.0
0.0
1.53969
0.0
0.0
0.0
0.0
0.0
0.0
0.202609
0.0
0.0
0.0
0.0
0.0
0.0
3.47975
0.0
0.0
0.0
0.0
0.0
0.076165
1.95097
0.0
0.0
0.0
0.370229
0.0
0.0
0.0
0.0
0.0
0.0
0.0
0.0
0.0
0.0
0.0
0.0
0.0
6.46215
0.0
0.0
0.0
0.0
0.0
0.0
0.0
0.0
0.0
0.0
0.0
0.0
0.0
0.0
0.0
0.0
0.0
0.0
0.0
0.0
0.0
0.0
0.095499
0.0
1.48441
0.0
0.0
0.0
0.0
0.0
0.0
0.0
0.0
0.0
0.0
0.0
0.0
0.0
0.0
0.0
0.0
0.0
0.0
1.4614
0.0
0.0
0.5066
0.0
0.0
0.752498
0.0
0.0
0.0
0.0
0.0
0.0
0.0
0.427434
0.0
0.0
0.0
0.0
0.0
0.0
0.0
0.0
0.0
0.0
0.0
0.0
0.0
0.0
0.0
0.0
0.0
0.0
0.0
3.64724
1.35847
0.0
0.0
0.0
0.0
0.0
0.0
6.4532
0.0
0.0
0.0
0.0
0.0
0.0
0.0
0.0
7.02173
0.0
0.0
0.0
0.0
0.0
0.0
0.0
0.0
0.0
0.0
0.0
0.0
0.0
0.0
0.0
0.0
0.0
1.00069
0.0
0.0
0.0
0.0
1.90091
0.0
0.0
1.75713
0.0
0.0
0.0
0.0
0.0
0.0
0.0788867
3.33115
0.0
0.0
0.0
0.0
0.0
0.0
0.0
0.628468
0.0
0.0
1.86372
0.0
0.0
0.0
0.0
0.0
0.0
0.678431
0.0
0.0
0.0
0.0
3.31634
0.0
0.0
0.0
0.0
0.0
0.0
0.0
3.99944
0.0
0.613894
0.0
3.27801
0.0
0.0
0.919653
4.1779
0.0
0.0
0.0
0.0
0.0
0.0
0.0
0.0
0.413219
0.0
0.0
0.0
0.0
0.0
0.0
0.0
0.0
2.38814
0.236132
0.0
0.0
0.0
0.0
0.0
0.0
0.0
0.0
0.0
0.871821
0.0
0.0
0.0
0.0
0.0
0.0
0.0
0.0
0.0
0.0
0.0
0.0
0.0127075
0.0
0.0
0.0
0.0
0.0
2.1971
0.0
0.0
0.0
0.0
0.0
0.0
1.07945
2.3869
0.0
0.0
0.0
0.0
0.0
0.0
0.0
2.14778
0.0
0.0
0.0
0.0
0.0
0.0
0.0
0.0
0.0
0.594751
0.0
0.0
0.0
0.0
0.0
0.0
0.0
0.441606
0.0
0.0
4.3837
0.0
0.0
0.0
0.0
0.0
0.0
0.0
0.0
0.769389
0.0
0.0
0.0
0.240163
0.0
0.0
0.0
0.0
1.14498
4.30153
0.0
0.0
0.0
0.0
0.0
0.54252
0.0
0.0
0.323907
6.28906
0.0
0.0
2.57316
2.46767
0.0
0.0
0.0
0.0
0.181782
0.0
0.0
0.0
1.29722
0.0
2.71482
0.0
0.0
0.0
0.0
0.0
0.0
0.0
0.902938
0.0
2.7128
0.0
0.0
0.0
0.0
0.0
2.5662
0.87014
0.0
0.0
0.0
0.0
2.30321
0.0
0.0
0.0
0.0
0.0
0.0
0.0
0.0
0.0
0.0
0.0
0.0
0.0
0.0
0.0
0.317806
0.0
0.0
0.0
0.0
0.0
0.0
2.46629
0.0
0.0
0.0
0.0
0.0
0.0
0.0
0.0
0.0
0.0
0.0
0.0
0.0
0.0
0.0
0.0
0.0
1.47128
0.0
0.0
0.0
0.0
0.0
0.0
0.0
0.0
0.0
0.0
0.0
0.0
0.269418
0.0
0.0
0.0
0.0
0.0
0.0
0.0
0.0
4.71303
0.0
0.0
0.0
0.0
0.0
0.0
1.07337
0.0
0.0
0.0
0.0
0.0
0.0
0.0
0.0
0.0
0.0
0.0
0.0
0.0
0.0
0.0
0.0
0.0
0.0
0.0
0.0
0.0
1.2343
0.373947
0.0998018
0.0
0.0
0.0
0.0
0.0
0.0
0.0
0.0
0.0
1.21831
0.0
0.157088
0.0
2.46772
0.0
0.0
0.0
0.0
0.0
1.66632
0.496169
0.0
0.0
0.0
0.0
0.0
0.0
0.0
0.0
0.0
0.0
0.0
0.0
0.0
0.0
0.0
0.0
0.0
0.0
0.0
0.0
0.0
0.66044
0.0
0.0
3.58361
0.00599521
0.0
0.0
0.0
0.0
0.0
0.0
0.0
0.0
0.0
0.0
0.0
3.58966
0.0
0.0
0.0
2.63326
0.0
6.97606
0.0
0.0
0.0
0.0
0.0
0.0
0.0
0.0
0.0
0.0
0.0
3.39661
0.0
0.0
0.0
0.0
5.67013
0.0
0.0
0.332677
0.0
0.0
0.740109
0.0
0.0
0.0
0.0
0.0
0.0
0.0
0.0
0.0
0.0
0.0
0.0
1.20482
6.17799
0.0
0.0
0.0
0.0
0.0
0.0
0.0
0.0
0.0
0.0
0.0
0.0
0.0
0.0
0.0
0.0
0.0
0.0
0.0
0.0
0.0
0.0
0.0
0.0
0.0
1.45601
0.0
0.372638
0.0
0.0
0.0
0.105502
0.0
0.0
0.0
1.59136
0.0
0.0
0.0
0.0
0.0
0.0
0.0
0.0
0.418554
0.0
0.0
0.0
0.0
0.0646246
0.0
0.0
0.0
0.0
0.0
0.0
0.0
0.0
0.0
0.0
0.0
0.0
1.19336
0.0
0.0
0.0
0.0
0.0
0.0
0.0
0.0
0.0
0.0
0.0
0.0
0.0
0.0
0.0
0.0
1.67117
0.0
0.0
0.0
0.0
0.0
0.0
0.0
0.0
0.0
0.0
0.0
5.49857
0.532894
0.0
0.0
0.0
0.0
0.0
0.0
0.0
0.0
0.0
0.0
0.0
0.0
0.0
0.0
0.0
0.0
0.0
1.01501
0.0
0.0
0.0
0.0
0.0
0.0
0.0
0.0
0.0
0.0
0.0
0.0
0.0
0.0
0.0
0.0
0.0
0.0
0.198096
0.0
0.0
2.33812
0.0
3.18287
0.0
0.0
0.0
0.0
0.0
0.0
0.0
0.967069
0.0
0.0
0.0
0.451507
0.0
0.0
0.0
0.323933
0.0
0.469776
0.0
0.0
0.0
0.0
0.0
0.0
0.0
0.0
0.0
0.0
0.0
0.0
2.33699
0.0
0.526755
4.86902
0.0
0.0
0.0
0.0
0.0
0.0
0.0
0.0
0.0
0.0
0.0
0.0
0.0
0.0
0.0
0.0
0.0
0.0
0.0
0.0
0.0
0.0
0.0
0.0
0.0
0.0
0.0
0.0
2.74902
0.0
0.0
1.84133
0.0
2.05612
0.0
0.0
0.0
0.0
0.0
0.0
0.0
0.0
0.0
0.0
0.0
0.0
0.0
0.0
0.0
0.0
0.0
0.0
0.0
0.0
0.0
0.0
0.0
0.0
0.0
3.36195
0.0
0.0
0.0
0.0
0.0
0.0
0.0
0.0
0.0
0.0
0.0
0.0
0.0
0.0
0.0
0.0
0.0
0.566109
0.0
0.0
1.5176
0.0
1.05073
0.0
0.0
0.0
0.0
0.0
0.0
0.0
1.19849
0.0
0.0
0.0
0.0
0.0
0.0
0.0
0.0
0.0
0.0
0.0
0.0
0.0
0.0
0.0
0.0
0.0
0.0
0.0
0.0
1.56672
0.0
1.04059
0.0
0.0
0.0
0.0
0.0
0.0
0.0
0.0
0.0
0.0
0.0
0.0
0.0
0.0
0.0
0.0
0.0
0.0
1.83043
0.0
0.0
0.0
0.0
0.0
0.0
2.18743
1.83771
0.0
0.00389603
0.0
0.0
0.0
0.0
0.0
0.0
0.0
0.0
0.0
0.0
0.0
0.0
3.38014
0.0
2.83251
0.0
0.0
0.0
0.532316
0.0
0.0
0.0
1.12734
0.0
0.0
0.300616
0.0
0.0
0.0
0.0
0.0
0.0
0.0
3.22537
0.0
3.03896
0.0
0.0
4.40665
0.0
0.0
0.0
0.0
5.20306
0.0
0.537188
0.0
0.0
0.0
0.0
3.29954
0.0
0.0
0.0
0.0
0.0
0.0
0.0
0.0
0.0
0.0
0.0
0.0
0.0
0.0
0.0
0.0
0.0
0.0
0.0
0.0
0.0
0.0
0.0
0.0
0.0
0.0
4.61778
0.0
0.0
0.0
0.0
0.0
0.0
0.0
0.0
0.0
3.27891
0.0
0.0
1.64189
0.0
1.13177
0.0
0.0
0.0
4.21289
0.0
0.0
0.0
0.0
0.0
0.0
0.785991
0.0
0.0
2.2171
0.0
0.0
0.656947
0.0
0.65343
0.0
0.0
0.0
1.6215
1.09642
0.0
0.0
0.417541
0.0
0.0
0.0
0.0
0.0
0.0
0.0
0.0
0.0
0.0
0.0
1.14571
0.0
0.0
0.0
0.0
2.77061
0.0
0.0
0.0
0.0
0.0
0.0
0.0
0.0
0.0
0.0
0.251659
3.70982
0.0
0.252846
0.0
0.0
0.0
0.0
0.0
0.0
0.0
0.0
0.0
0.0
0.0
7.69266
0.0
0.0
6.74513
0.0
0.0
0.0
0.0
0.0
0.896013
0.0
0.0
0.0
1.069
0.0
2.11324
0.0
0.0
6.28491
0.0
0.0
0.0
0.0
0.0
0.0
0.0
0.0
0.0
0.0
0.0
0.0
0.0
0.0
0.0
0.0
0.0
0.0
0.0
0.0
0.0
0.0
0.0
0.0
0.0
0.0
0.0
0.0
0.0
0.0
0.0
0.0
0.0
0.0
0.0
0.0
0.0
0.0
0.0
0.0
0.0
0.0
0.0
0.0
3.05589
0.0
0.0
0.0
3.38376
0.0
0.0
0.0
0.0
0.0
0.0
0.0
0.0
0.0
0.0
0.0223875
0.0
0.0
0.0
0.0
0.0
0.0
3.58757
0.0
0.0
0.0
0.0
0.0
0.0
0.0
0.0
0.0
0.0
0.0
0.0
0.0
0.0
0.510098
0.0
0.0
0.0
0.0
0.0
0.0
0.0
0.0
0.0
0.0
0.0
1.63326
0.0
3.21783
0.0
0.0
0.0
0.0
0.0
0.0
0.0
0.0
0.0
0.0
0.0
3.45532
0.0
0.0
0.0
0.0
0.0
0.0
0.0
0.0
0.0
0.0
0.0
0.0
0.0
0.0
0.0
0.0
0.0
2.77788
0.0
0.0
0.0
0.0
0.0
0.0
0.0
0.0
0.0
0.0
0.0
0.0
0.0
3.43949
0.0
0.0
0.0
0.0
0.0
0.0
0.0
0.0
0.0
0.0
0.0
0.0
2.04199
0.0
0.0
0.0
0.504092
0.0
0.534688
0.0
0.0
0.0
0.0
0.0
0.0
0.0
0.0
0.0
0.0
0.0
0.0
0.0
0.0
0.0
0.0
0.0
0.0
0.0
0.0
0.0
0.0
0.0
0.0
0.0
1.14934
0.0
0.257831
0.0
0.0
2.74706
0.0
0.0
0.0
0.0
0.0
2.44006
2.38766
0.0
0.0
0.729062
0.0
0.0
0.0
0.0
4.24428
0.0
1.56408
0.0
0.0
0.0
0.0
0.0
0.0
0.0
0.0
0.0
0.0
0.0
0.0
0.0
0.0
0.0
2.08297
0.0
0.0
0.0
0.0
0.0
0.0
0.0
0.0
0.0
0.0
0.0
0.0
0.0
0.0
0.0
0.0
0.0
0.0
0.0
0.0
1.08196
0.0
0.0
0.0
0.0
0.0
0.0
0.0
0.597191
0.0
0.0
0.0
0.0
0.0
0.0
0.0
0.0
0.0
0.9095
0.0
0.627554
0.0
0.0
0.0
0.0
0.0
0.0
0.0
0.0
0.0
0.0
0.0
0.0
0.0
0.0
0.0
0.0
0.0
0.0
0.0
0.0
0.0
0.0
0.0
0.0
0.0
0.0
0.0
0.0
0.0
0.0
0.0
0.0
0.290706
0.0
0.0
1.85224
0.0
0.0
0.883124
0.0
0.0
0.0
0.0
0.0
0.0
0.0
0.0
0.0
0.0
0.0
0.0
0.0
0.29431
0.0
0.0
0.0
0.0
0.0
0.0
0.0
0.0
0.0
0.0
0.0
6.41102
0.0
0.0
0.0
0.0
0.0
0.0
0.891873
0.0
0.0
0.0
0.282024
0.971465
0.432673
0.0
0.0
0.0
0.0
0.0
1.01602
0.0
0.0
0.0
0.0
0.0
0.0
0.0
0.0
0.493184
0.0
0.0
1.38263
0.215317
1.05097
0.0
1.33729
0.0
0.0
0.0
0.0
3.61426
0.0
0.0
0.0
0.0
0.0
3.84318
0.0
0.0
0.0
0.762199
0.0
0.0
0.0
0.0
0.0
0.0
0.0
0.558754
0.0
0.0
0.0
0.0
0.0
0.0
0.0
0.0
0.243213
0.0
0.0
0.0
0.0
0.0
7.05786
0.0
0.0
0.0
0.0
0.0
1.34298
0.943778
0.0
0.0
0.0
0.0
0.0
0.0
0.0
6.23173
0.0
0.0
0.0
0.0
0.0
0.0
0.0
0.0
0.0
0.0
0.0
0.0
0.0
0.0
0.0
0.0
0.0
3.37729
0.0
0.0
0.0
1.6326
0.0
0.0
0.0
0.0
0.0
0.0
0.0
0.0
0.0
0.0
0.0
3.53248
0.0
0.0
0.0
2.96595
8.33612
0.0
2.31134
0.502828
0.0
0.0
0.0
0.0
0.0
0.0
0.0
0.0
0.0
0.0
0.624786
4.85594
0.0
0.0
0.0
0.0
0.0
0.0
0.0
0.0
0.0
0.0
0.0
0.0
0.0
0.0
0.0
0.0
0.0
0.0
0.0
0.0
0.0
0.0
0.0
0.0
0.0
0.0
0.0
0.0
0.0
0.0
0.0
2.42807
0.0
1.89495
0.0
0.0
0.0
0.0
0.0
0.0
1.07323
0.0
0.0
0.0
0.0
0.489979
2.33618
0.0
0.0
1.83427
0.0
0.0
0.0
0.0
0.0
0.0
0.0
0.0
0.0
0.0
0.0
0.0
0.159376
0.86577
0.0
0.0
0.0
0.0
0.0
0.0
0.0
0.0
0.0
0.0
0.0
0.0
0.0
0.406007
0.0
0.0
0.0
0.0
0.0
3.28513
0.0
0.0
0.0
0.0
1.05727
0.0
0.0
0.384788
0.0
0.0
0.0
1.43103
0.0
0.0
0.0
0.0
0.0
0.0
0.0
0.0
0.0
0.0
0.0
0.0
0.0
0.0
0.107829
0.0
0.0
0.0
4.24879
0.0
0.0
0.0
0.0
0.0
0.0
0.0
0.0
0.0
0.0
0.0
0.0
0.0
0.0
0.0
0.0
0.0
0.0
0.0
0.0
0.0
0.0
0.0
0.0
0.0
0.0
0.565349
0.0
0.0
0.0
0.352985
0.0
1.12014
0.0
0.0
0.0
0.0
0.0
0.0
0.0
1.66237
0.0
2.02761
0.0
0.0
0.0
0.0
0.0
0.0
0.0
0.0
0.0
0.0
0.0
0.0
0.0
0.0
0.0
0.186115
0.0
0.0
0.0
0.0
0.0
0.0
0.0
0.0
0.0
0.0
0.0
0.0
0.0
0.0
0.0
0.0
0.0
0.910128
0.0
2.96036
0.0
0.0
0.566176
0.0
0.0
0.0
0.0
2.15935
0.0
3.45214
0.0
0.0
0.0
0.0
0.0
0.0
0.0
1.31542
0.0
0.924922
3.26358
0.0
0.0
1.7733
0.0
4.32053
6.43732
0.0
0.0
0.0
0.0
0.0
0.109169
0.232865
0.0
0.0
4.58213
2.88508
0.0
0.0
4.08672
0.0
3.86674
0.0
0.0
1.70488
0.155598
0.0
0.0
0.0
0.0
0.0
0.0
0.0
0.0
0.0
0.0
0.694961
0.40595
0.0
0.0
0.0
0.0
0.0
0.0
0.0
0.0
0.0
0.0
6.82875
0.0
0.0
0.0
0.0
0.0
0.0
0.0
0.0
0.0
0.0
0.0
6.03613
1.32797
0.0
0.0
0.0
0.0
0.0
0.0
0.0
0.0
0.0
0.0
2.48604
0.0
0.0
0.0
1.7198
4.31757
0.0
0.0
0.0
0.0
0.0
0.0893347
0.0
0.0
0.0
0.0
0.0
0.0
0.0
0.0
3.19619
0.0
0.0
0.0
0.0
0.0
7.24771
0.0
0.0
0.0
0.961453
0.0
0.0
0.0
0.0
0.81602
0.0
0.0
0.0
0.0
0.0
0.0
0.0
0.0
0.0
0.0
0.0
0.0
0.0
0.0
0.0
0.0
0.0
0.0
0.496661
0.0
1.46758
0.0
0.0
0.0
0.0
0.0
0.0
0.0
0.0
0.0
0.0
0.0
8.91635
0.0
2.90269
0.0
0.0
0.0
0.0
0.0
0.254515
0.0
0.462702
0.0
0.0
0.0
0.0
1.10046
0.0
0.0
0.0
0.0
0.0
0.0
0.0
0.0
0.0
0.0
0.0
0.834817
0.0
0.0
0.0
0.966223
0.0
0.0
0.0
0.0
0.0
0.0
0.0
0.0
0.0
0.0
0.0
0.0
0.0
0.0
0.0
0.0
0.0
0.0
0.0
0.0
0.0
0.0
0.373665
0.0
0.0
0.0
0.0
0.0
0.0
0.0
0.0
0.0
0.0
0.0
0.0
0.0
0.0
0.0
0.0
0.0
0.0
0.0
0.0
0.240494
0.0
0.0
0.0
0.0
0.0
0.0
0.0
0.0
0.0
1.22907
0.0
0.0
0.0
0.0
0.0
0.0
0.0
2.52478
0.0
1.97972
0.0
0.69495
0.0
0.0
0.0
1.47294
0.0
0.0
0.0
0.0
0.0
0.0
0.0
1.90987
0.0
0.0
0.0
0.0
0.0
0.0
0.0
0.0
0.0
0.0
2.50408
0.0
2.66233
0.0
0.0
0.0
0.0
1.4131
0.0
0.0
0.0
0.0
0.0
0.0
1.69643
0.0
5.14788
0.0
0.0
0.0
0.0
0.0
0.0
0.0
0.0
0.0
0.0
0.0
0.0
0.0
0.0
0.0
0.0
0.0
0.0
0.0
0.0
9.65612
0.0
0.0
0.0
0.0
0.72863
0.0
0.0
0.0
0.0
0.0
0.0
1.15377
0.0
0.0
0.0
3.70948
0.0
0.0
0.0
0.0
0.0
0.0
0.0
0.0443252
1.53786
0.0
0.0
0.48119
0.0
0.0
0.0
3.22116
5.94401
0.0
0.0
0.0
0.523881
0.0
0.0
0.0
0.0
3.86206
0.0
0.0
0.0
0.0
0.0
0.0
0.0
0.0
0.0
0.0
0.0
0.0
0.0
0.0
0.0
0.820025
0.0
0.0
0.0
0.0
0.0
0.0
0.0
0.899925
0.346268
0.0
0.0
0.0
0.0
0.0
7.0055
0.0
0.0
0.0
0.0
0.0
0.0
0.0
0.0
0.0
0.0
0.0
0.0
2.06301
0.0
0.0
0.0
0.0
0.0
0.0
0.0
0.0
0.0
0.0
0.0
0.0
0.0
0.0
3.58818
0.0
0.0
3.66725
0.0
0.0
0.0
1.00683
0.0
0.0
0.0
4.18227
0.0
0.0
0.0
0.0
0.0
4.76434
0.0
0.0
0.0
0.0
0.0
0.0
0.0
1.54008
2.36287
0.0
1.44514
0.0
0.0
0.0
0.0
0.0
0.0
0.0
2.61458
0.0
0.0
0.0
0.0
0.0
0.0
0.0
1.34996
0.0
0.0
0.0
0.0
0.0
0.0
0.336609
0.0
0.0
0.0
0.231358
0.0
3.47538
0.0
0.0
0.0
0.0
0.0
0.0
0.0
0.0
3.28347
2.33767
0.0
0.0
0.0
0.0
0.0
0.0
0.0
0.0
0.0
0.0
1.36116
0.0
0.0
0.0
0.0
0.0
0.0
0.0
0.0
0.0
0.0
0.0
0.0
0.0
0.0
0.0
0.0
0.0
0.0
0.0
0.0
0.0
0.461021
0.0
0.0
0.0
2.47498
0.0
0.0
0.0
0.0
0.0
0.0
0.0
0.0
0.832063
0.0
0.0
1.21038
0.0
0.0
0.0
0.0
0.0
0.0
0.784159
0.0
0.0
0.0
0.0
0.0
0.0
0.0
0.0
0.0
0.0
0.0
1.88367
0.0
2.35303
0.0
0.0
0.0
0.0
0.0
0.0
0.0
0.0
0.32889
0.0
0.0
0.0
0.0
0.0
0.0
1.32171
0.0
0.0
0.0
0.0
0.0
0.0
0.0
0.0
0.0
0.0
0.0
0.0
0.0
0.0
0.0
0.0
0.0
0.0
0.0284386
0.0
0.0
0.0
0.0
0.0
0.0
0.0
0.0
0.0
0.0
0.0
0.0
0.0
1.79161
2.38732
0.0
0.0
0.0
0.0
0.0
2.71699
0.0
0.0
0.0
0.0
0.0
0.0
0.0
0.0
0.0
0.0
0.0
0.0
0.0
0.0
0.0
0.0
0.0
0.0
0.0
0.0
0.0
0.0
0.0
0.0
0.0
0.0
0.12697
0.0
0.0
0.0
0.0
0.0
0.0
0.0
0.0
0.0
0.0
0.0
0.0
0.0
0.0
0.0
0.0
0.0
0.936086
0.0
0.0
1.82905
0.0
0.0
1.82022
2.49151
0.0
0.0
0.0
0.0
0.0
0.0
0.0
0.0
0.0
0.0
0.0
0.0
0.0
0.0
0.0
0.0
0.0
0.0
0.0
0.0
0.0
0.0
0.0
0.0
0.0
0.0
3.46962
0.0
0.098469
0.0
1.38628
0.0
0.0
0.0
0.532999
0.336914
0.0
0.0
0.0
0.0
0.0
1.16587
0.186173
0.0
0.0
0.0
0.0
0.0
0.0
0.0
0.0
0.0
0.0
0.0
0.0
0.0
0.0
0.0
0.0
0.0
5.04148
2.49944
0.0
0.0
0.0
2.98724
0.0
0.0
0.0
0.0
0.0
0.0
5.07468
0.0
0.0
0.0
0.0
0.0
0.0
0.0
0.0
0.0
0.0
0.0
0.0
2.91785
0.0
0.0
0.0
0.0
0.0
1.11652
0.0
0.0
0.0
0.0
0.0
0.0
0.409758
0.0
5.56172
0.0
0.0
0.0
0.0
0.0
1.90203
0.0
0.0
0.0
0.0
0.0
0.0
0.0
0.0
1.81806
0.0
0.0
0.0
3.27684
0.0
0.0
0.0
0.0
0.0
0.0
0.0
0.0
0.0
0.0
0.0
0.00711942
0.0
0.0
0.0
0.0
0.0
1.38802
0.67344
0.0
1.72125
0.0
0.0
0.0
1.45707
0.0
0.0
0.0
2.28345
0.0
0.0
0.0
0.0
0.0
0.0
0.0
0.0
0.0
0.0
0.0
2.13741
0.0
0.0
0.0
0.0
0.0
0.0
0.0
0.0
1.65341
0.0
0.0
0.0
0.0
0.0
0.0
0.595231
0.689161
0.0
0.0
0.0
0.0
0.772847
0.0
0.0
0.0
0.0
0.0
0.0
0.0
0.0
0.0
0.0
0.0
0.0
0.0
0.0
0.0
0.395121
0.0
2.61372
1.25469
0.0
0.0
0.0
0.0
0.0
0.0
0.0
0.0
0.0
0.0
0.0
0.0
0.0
0.0
1.89787
0.0
0.0
0.0
0.0
0.0
2.88333
0.0
0.0
0.0
0.0
0.0
0.0
7.72818
0.0
0.0
0.0
0.0
0.0
0.0
2.94926
0.0
0.0
0.0
0.0
0.0
0.0
0.0
0.0
0.0
0.0
0.0
0.0
0.0
0.0
3.28819
0.0
0.0
0.0
0.0
0.0
0.0
0.0
0.0
0.0
2.77222
0.0
0.0
0.0
0.0
0.0
0.0
0.0
0.0
0.0
0.0
0.0
0.0
0.0
0.0
0.0
0.0
0.0
0.0
3.84269
0.679465
0.0
0.453917
0.0
0.0
0.0
0.0
1.79891
0.0
0.0
0.0
0.0
0.0
0.0
0.0
0.0
0.59962
0.0
0.0
0.0
0.0
0.0
0.0
0.0
0.150373
0.0
0.0
0.0
0.0
0.0
0.0
0.0
0.0
0.0
0.0
2.19446
0.0
0.0
0.0
0.0
0.0
0.0
0.0
0.0
0.0
0.0
0.0
0.0
0.0
0.0
0.0
0.0
0.0
0.0
0.0
0.0
0.894357
0.0
0.0
1.87315
0.0
1.05965
0.0
0.0
0.0
0.0
0.0
2.49424
0.0
0.0
0.0
0.0
0.0
0.0
0.0
0.0
3.50581
0.0
0.0
0.0
0.0
0.0
0.0
0.0
0.0
0.0
0.0
0.0
0.0
0.0
0.0
0.0
1.40355
1.38339
0.0
0.0
0.0
0.0
0.0
0.0
0.0
0.0
0.0
0.0
0.0
0.0
0.0
0.0
0.222492
0.0
0.0
0.0
0.0
0.0
0.0
0.0
0.0
0.0
0.0
0.0
0.0
0.0
0.0
0.0
0.0
0.0
0.0
0.0
0.0
0.0
0.0
0.0
1.37395
0.420624
0.266425
0.0
0.527312
0.0
0.0
2.0539
1.32651
0.0
0.0
0.0
0.0
0.0
0.0
0.0580365
0.0
0.0
0.754216
4.41889
0.0
0.0
0.0
0.0
0.0
0.0
0.0
0.0
3.47101
0.265236
0.0
0.0
0.0
0.0
0.0
0.0
0.0
0.673031
0.0
0.0
0.0
0.0
0.0
0.0
0.0
0.0
0.0
0.0
0.0
0.0
0.0
0.0
0.0
0.0
0.0
2.1327
0.0
0.0
0.0
0.0
0.0
0.0
0.0
0.0
0.0
0.0
0.0
0.0
0.0
0.0
0.0
0.0
0.0
1.55076
0.0
3.0811
0.0
0.0
0.0
0.0
0.0
0.0
0.0
0.0
0.0
0.0
2.31536
0.0
0.0
0.0
0.0
0.0
0.0
0.0
0.0
0.153585
0.0
0.0
0.0
0.0
0.0
0.0
0.0
0.0
0.0
0.0
0.0
0.0
0.0
0.0
0.0
0.0
0.0
1.66488
1.18057
0.0860199
0.0
0.0
0.0
0.0
0.0
0.0
0.0
0.0
0.0
0.0
0.0
3.09441
0.0
0.0
0.0
0.0
0.0
0.0
0.0
1.17174
0.0
0.0
0.0
0.0
0.0
0.0
0.0
0.0
0.0
0.0
0.0
0.0
0.0
3.48824
0.0
0.0
0.885371
0.0
0.0
0.0
0.0
0.0
0.0640752
0.0
0.0
0.0
0.0
0.0
0.0
0.0
0.0
0.0
0.735742
2.39226
0.0
0.0
0.0
2.0594
2.01138
0.0
0.0
0.0
0.0
0.0
0.0
0.0
0.0
0.333285
0.0
3.07289
0.0
0.0
0.0
0.0
0.0
0.0
0.0
0.0
0.0
0.0
0.0
0.0
0.0
0.0
0.0
4.5614
0.0
0.0
0.0
0.0
0.0
0.0
0.0
0.0
0.0987757
0.0
0.0
0.0
0.0
0.0
0.0
6.62441
0.0
0.0
0.0
0.0
0.0
0.0
0.0
0.0
0.0
0.0
0.0
0.911345
0.0
0.0
0.0
0.43762
0.0
0.0
0.0
0.0
0.0
0.0
0.0
0.0
0.0
0.0
0.0
0.0
0.0
0.0
0.0
0.0
0.0
0.0
0.0
0.13997
0.0
0.0
0.0
0.0
0.0
0.0
2.99227
0.0
0.0
0.0
0.0
0.0
1.79841
0.0
0.0
0.0
0.0
0.0
0.0
0.0
0.0
0.0
0.0
0.0
0.0
0.0
0.0
0.0
4.07983
0.0
0.0
3.33916
0.0
0.0
0.0
0.0
0.0
0.0
0.0
1.39303
0.0
0.0
0.0
0.0
0.0
0.0
0.0
0.0
0.0
0.0
0.484644
0.0
0.0
0.0
0.0
0.435359
0.0
0.0
1.05971
0.0
0.0
0.0
0.0
0.0
0.0
0.0
0.0
2.98621
0.0
2.96867
0.0
0.0
0.0
0.0
0.0
0.0
0.0
0.0
0.0
0.0
1.62527
0.0
1.68961
0.0
0.0
0.0
0.0
0.865245
0.0
11.4627
0.0
0.0
0.0
0.0
0.0
0.0
0.641929
0.0
0.0
0.0
1.80227
0.0
0.0
0.0
0.0
0.0
0.0
0.0
0.0
0.0
0.0
0.0
0.0
0.0
0.303515
0.0
0.0
0.0
0.0
0.0
0.0
0.0
2.17627
0.0
0.0
0.0
0.0
0.0
0.0
0.0
0.0
0.0
0.0
0.0
0.463764
0.0
0.0
5.2451
0.0
0.0
0.0
0.0
2.2935
0.0
0.0
0.0
0.0
0.0
0.0
0.0
0.0
0.0
0.0
0.0
0.0
0.0
0.0
0.0
0.0
2.16076
0.0
0.0
0.0
0.0
0.904675
0.0
0.0
0.0
0.0
0.0
0.0
0.0
0.0
0.0
0.0
0.0
0.0
0.0
0.0
0.0
0.0
0.0
0.0
0.0
0.0
0.0
0.0
0.0
0.0
0.0
0.0
0.102378
0.0
0.0
0.0
0.0
0.0
0.0
0.0
0.0
0.0
0.0
0.0
0.0
0.0
0.0
0.0
0.0
0.0
0.0
0.773757
0.0
0.0
0.0
0.0
1.82992
0.0
0.0
0.0
0.0
0.0
0.0
0.0
1.13877
0.0
0.0
0.0
0.0
0.0
0.0
0.0
0.0
0.0
0.0
0.0
0.0
0.0
0.0
2.50022
0.0
0.0
0.0
0.0
3.65264
0.0
0.0
0.0
0.0
0.0
0.0
0.0
0.0
0.0
0.0
0.0
1.40587
0.0
0.0
0.0
0.0
0.0
0.779172
0.0
0.0
0.0
0.0
0.0
0.0
0.0
0.192848
0.0
0.0
0.0
0.499709
0.0
0.0
0.488673
0.0
0.0
0.0
4.84272
3.10681
0.0
0.0
0.0
0.0
0.0
0.0
0.0
0.0
2.0109
0.0
0.0
0.0
0.0
2.94599
0.0
0.0
0.0
0.0
0.0
0.0
4.42277
0.0
0.0
0.0
0.0
0.756757
0.0
0.0
0.0
2.74508
0.0
0.0
0.0
0.0
0.0
0.0
0.0
0.0
0.0
0.0
0.0
4.43823
0.0
0.0
0.0
0.0
0.0
0.414382
0.440633
0.0
0.0
0.0
0.0
0.0
0.0
0.659956
0.0
0.0
0.0
0.0
0.0
0.0
0.0
0.0
0.0
0.0
0.0
0.0
0.0
0.0
0.0
0.0
0.0
0.0
0.0
6.06797
0.0
3.98739
0.0
0.673003
0.0
0.90887
0.732654
0.0
0.0
0.0
0.0
0.0
0.0
0.0
0.0
0.0981749
0.0
0.0
0.0
2.99655
0.0
0.0
0.0
0.0
0.0
0.0
0.0
1.96211
1.60814
3.14332
0.0
0.0
0.0
0.0
0.0
0.0
0.0
0.0
0.567105
0.0
2.56311
0.0
0.0
0.0
0.0
0.0
0.0
0.0
2.52955
0.0
0.0
6.1374
0.0
0.0
0.0
0.0
0.0
0.0
0.0
0.0
0.0
0.16791
0.0
0.0
0.0
0.0
0.169055
0.0
0.0
0.0
0.0
0.0
6.42621
0.0
0.0
0.0
0.0
0.0
0.0
0.0
0.0
0.0
0.37573
3.3221
0.0
0.0
0.0
1.55888
0.0
0.0
0.0
0.0
0.0
0.0
0.0
4.5103
0.0
0.0
0.0
0.0
0.476975
0.0
0.0
0.0
0.0
0.0
0.400569
1.30725
0.0
0.0
0.0
0.0
0.0
0.0
1.81843
0.0
0.0
0.0
0.0
0.0
0.0
0.0
0.0
0.0
0.0
0.0
0.0
0.37524
5.60977
0.0
0.0
0.0
0.0
0.0
5.05671
0.0
0.0
0.0
0.0
0.0
0.0
0.0
0.0
0.0
0.0
0.0
2.5477
0.0
0.0
0.0
0.0
0.0
0.0
0.0
0.0
0.0
0.0
0.0
0.0
0.0
0.0
0.0
0.0
0.0
0.19532
0.0
0.853687
0.0
0.0
0.0
0.0
0.0
0.0
0.0
0.0
0.0
0.0
0.0
0.0
0.0
0.0
0.0
0.0
0.0
0.0
0.0
0.0
0.0
0.0
0.0
0.0
0.0
0.0
0.0
0.0
0.0
0.0
0.0
0.0
1.34482
0.0
2.17336
0.0
8.09669
0.0
0.0
8.2591
0.0
0.0
0.0
0.0
0.0
0.0
0.0
4.74392
0.0
0.0
0.0
0.0
0.0
0.0
2.63334
0.0
0.0
0.0
0.0
0.0
0.0
0.0
0.464846
0.0
0.0
0.0
0.0
0.0
0.0
0.0
0.0
0.919707
0.0
0.0
0.0
0.0
0.0
0.0
0.0
3.8459
0.0
3.44695
0.0
0.0
2.46713
0.0
0.0
0.0
1.99331
0.0
0.233834
0.0
0.0
4.18317
2.97895
5.08604
0.0
0.0
0.0
0.0
0.0
0.0
0.0
0.0
2.43182
0.0
0.0
1.45711
0.713258
0.0
0.0
0.0
0.0
0.0
0.0
0.0
0.0
1.63558
0.0
0.0
0.0
0.0
4.00346
0.0
7.02286
0.0
0.0
0.0
0.0
0.0
0.0
0.0
0.0
0.0
0.0
0.0
0.0
1.40463
0.0
5.92798
0.0
0.0
0.0
0.0
0.0
0.0
0.0
0.0
0.0
0.0
0.0
0.0
0.0
0.0
0.0
0.0
1.33891
0.0
0.0
0.0
0.374702
0.0
0.0
0.0
0.0
0.0
0.0
0.0
0.0
0.0
2.00561
3.44695
0.0
0.0
0.0
0.0
1.99452
0.0
0.0
0.0
3.16799
0.0
0.0
0.265859
0.0
0.0
0.0
0.0
0.0
0.280057
0.0
0.0
0.0
0.405753
0.0
0.0
0.0
0.0
0.494006
0.0
0.0
1.55825
0.0
0.0
0.0
0.0
0.0
0.0
0.0
0.0
0.0
0.0
0.0
0.0
3.19368
0.0
0.0
0.0
0.0
0.0
0.0
0.0
0.0
0.0
0.0
0.0
0.0
0.0
0.0
0.0
0.0
0.0
0.0
0.0
0.00356123
2.43608
0.0
0.0
0.0
0.0
1.79045
0.0
1.40395
0.0
0.0
0.0
0.0
0.0
0.0
0.0
0.0
0.0
0.0
0.0
0.0
0.0
0.0
0.0
0.0
0.429047
0.0
0.102416
0.0
0.0
