0.0
0.0
1.68695
0.0
3.01585
0.0
0.0
0.0
0.0
0.0
0.0
0.0
0.0
3.2025
0.0
1.36003
0.0
0.0
0.0
0.0
0.0
0.0
0.0
0.0
0.0
0.0
0.0
0.0
0.0
0.0
0.0
0.0
0.0
5.74412
0.0
0.0
0.0
0.0
0.0
0.0
0.0
0.0
1.96739
0.0
0.0
4.41234
0.0
2.16523
0.0761719
3.10594
0.0
0.0
0.0
0.0
0.0
0.0
1.89371
0.0
0.0
0.0
0.0
0.0
0.0
2.89408
0.0
0.0
0.0
0.0
0.0
0.0
0.0
0.0
0.0
0.0
0.0
0.0
0.0
2.27151
0.169182
0.0
0.610062
0.0
0.0
0.0
0.0
0.0
0.0
3.29321
1.08628
0.0
0.0
0.0
0.0
0.0
0.0
0.0
0.0
0.0
2.67854
0.0
0.0
0.0
0.0
0.0
0.0
0.0
0.0
0.0
0.0
0.509063
0.0
0.0
0.0
1.80913
0.0
0.0
0.0
0.0398059
2.83872
0.0
0.0
0.422905
0.0
0.0
0.0
0.0
0.0
4.31509
0.0
0.0
0.0
0.0
0.0
0.0
2.02201
0.0
0.689748
0.0
3.04559
0.0
0.0
0.523068
0.0
0.0
0.0
0.0
0.0
0.0
0.0
0.0
0.0
0.0
0.0
0.0
0.0
0.0
0.0
0.917372
0.0
0.0
0.0
0.0
0.0
0.0
0.0
0.0
0.0
0.0
0.652832
0.0
0.0
0.617807
0.0
0.114096
0.0
0.0
0.381155
0.0
0.0
0.0
4.19419
0.0
0.0
0.0
0.0
0.0
0.108205
0.0
0.0
0.0
0.0
0.0
1.43985
0.0
0.0
0.0
0.0
0.0
0.0
2.06115
0.0
3.65722
0.0
0.0116386
0.0
0.0
0.0
0.0
0.0
0.0
0.0
0.921488
0.0
0.0
0.0
3.06272
0.0
0.0
0.0
0.0
0.0
1.16524
0.0
0.0
0.777766
0.0
0.560169
0.0
0.0
0.0
0.0
0.0
0.0
0.0
0.0
0.0
0.0
0.0
0.0
0.0
0.0
0.0
0.0
0.17068
0.0
0.0
0.0
1.40494
0.0
0.0
0.0
0.0
0.0
0.0
0.0
1.15213
0.0
0.0
0.0
0.0
0.0
0.0
0.0
0.0
0.0
0.0
0.965404
0.0
0.0
1.09882
0.0
0.699095
0.00146265
0.0
0.0
0.983565
2.05924
1.19578
0.0
0.0
0.0
1.34863
3.2899
2.54559
0.0
0.0
0.0
0.0
0.0
0.0
0.0
0.0
0.239524
0.0
0.852159
0.741599
0.0
0.0
0.0
0.0
0.0
1.67217
1.73983
0.0
0.0
1.247
0.0
0.0
1.66391
0.0
0.0
0.0
0.0
0.0
0.0
0.0
0.0
0.0
0.475126
0.0
0.0
0.0
0.0
0.0
0.0
0.0
0.442967
0.0
0.0
1.22447
0.0
0.0
0.0
0.0
1.21912
0.0
0.9367
0.0
0.0
0.0
0.0
0.0
0.0
0.0
0.0
0.0
0.0
0.0
0.0
0.0
0.0
0.0
0.0
0.279419
0.0
0.0
0.0
0.0
0.0
1.67672
0.0
0.0
0.428681
0.0
0.0
1.72573
0.0
0.0
0.0
0.0
0.0
0.0
0.0
0.0
0.0
0.0
0.0
0.0
0.0
2.14739
0.0
0.0
1.70703
0.0
0.0
0.0
0.0
3.11232
0.0
2.53917
0.0
0.0
0.0
0.742201
0.0712913
1.09787
5.81051
0.0
0.0
0.0
0.0
0.0
0.0
0.0
0.0
0.0
0.0
0.664572
0.0
0.0
0.0
0.0
0.0
0.0
1.25066
0.0
0.0
0.0
0.0
3.30113
0.0
0.0
2.36843
0.0
0.0
0.0
0.0622454
0.0
0.0
1.10904
4.15046
0.0
0.0
0.0
0.0
0.0
0.0
0.0
0.0
0.0
0.0
0.0
0.0
0.0
0.0
0.0
0.0
0.0
0.0
0.0
0.0
0.0
0.0
3.18815
0.0
0.0
0.0
0.0
0.0
0.0
0.0
0.32852
1.64126
0.0
0.0
0.711786
0.0
0.0
0.0
1.22836
0.0
0.0
0.0
0.0
0.0
0.525048
0.0
0.0
0.614524
0.0
0.0
0.0
0.0
1.75094
0.0
0.0
0.962627
0.0
0.0
0.0
0.0
0.0
0.0
0.0
0.0
2.61303
3.03814
0.0
0.0443017
0.0
0.0
0.0
0.0
0.0
0.0
0.0
0.0
0.0
0.0
0.0
0.0
3.42828
0.0
0.0
0.0
0.0
0.0
1.84895
0.0
0.0
0.0
0.0
0.0
0.376465
0.0
0.0
0.0
0.0
0.0
0.0
0.0
0.0
1.35174
4.36954
0.0
0.0
3.05028
0.0
0.0
0.0
0.0
0.0
1.37514
0.0
0.0
0.0
0.0
0.0
0.0
0.0
0.0
0.0
0.0
0.0
0.0
0.111089
0.0
0.0
0.0
0.0
0.0
0.853466
0.0
0.0
0.0
0.0
0.0
0.0
0.0155959
0.0
0.0
0.0
0.0
0.0
0.0
0.0
1.06076
0.0
0.0
0.408675
0.0
0.0
3.56847
0.0
0.0
0.0
4.95847
0.0
0.0
0.0
0.0
0.107329
2.8789
0.0
0.0
0.0
0.0
0.0
0.0
0.0
0.0
0.0
0.0
0.0
2.92999
0.0
0.0
0.0
0.0154011
0.0
0.0
0.0
0.0478082
0.0
0.0
1.89038
0.0
0.0
0.0
0.0
2.58588
0.0
1.76196
0.0
1.14997
0.0
0.0
0.0
0.0
0.0
0.0
0.0
0.0
0.0
0.0
0.0
2.26128
0.836345
0.0
0.0
0.0
0.0
0.0
0.511213
0.0
0.0
0.298808
0.0
0.0
0.0
0.0
0.0
0.0
0.0
0.0
0.0
0.0
4.15201
0.0
0.0
3.08497
3.29545
0.0
0.0
0.0
0.0
0.0
0.0
0.0
0.0
0.0
0.0
0.0
0.0
0.0
0.0
0.0
0.0
0.0
0.0
0.0
0.0
0.0
1.65933
0.0
0.0
0.0
0.0
0.0
0.0
0.0
0.0
0.0
0.0
0.0
0.0
0.0
0.0
0.0
0.0
0.0
0.0
0.0
0.0
0.0
0.0
0.0
0.0
0.0
0.0
0.0
0.0
0.0
0.0
0.0317736
0.0
0.0
0.0
0.0
0.0
0.0
0.0
0.0
0.0
0.0
1.60796
0.0
0.0
3.95865
1.6572
0.0
1.93751
0.0
0.0
1.39353
0.0
0.0
0.0
4.01487
0.0
1.06096
0.0
0.0
0.0
0.0
1.20382
0.0
0.0
0.0
0.0
0.268352
0.56908
0.0
2.34522
0.0
0.0
0.0
0.25856
0.0
0.0
1.54846
1.29342
1.51927
0.0
0.0
0.0
0.0
0.0
0.0
0.0
0.0
0.0
0.0
0.640757
0.940859
0.0
1.31641
0.0
0.0
0.0
0.0
0.0
0.0
1.88118
0.0
0.0
0.835899
0.0
0.0
0.0
0.0
0.0
0.0
0.0
0.0
0.0
1.59498
0.0
0.0
3.88692
0.0
0.0
0.0
3.40382
0.0
0.5298
0.0
0.550931
0.0
0.0
0.0
0.0
0.0
0.0
0.0
0.0
0.0
0.0
0.0
0.873189
0.0
0.0
0.772657
0.0
0.0
2.21071
0.0
0.0
0.0
0.0
0.0
1.43636
0.0
0.0
0.0
0.0
0.0
0.0
0.0
0.0
0.0
0.0
0.204693
0.0
0.349434
0.227328
0.0
0.0
0.0
1.56808
0.0
0.0
0.0
0.0
0.0
0.0
0.0
0.0
0.0
0.0
2.87777
0.259148
0.0
0.0
0.0
0.0
0.0
0.39371
0.0
0.0
0.0
0.0
0.0
0.0
0.0
0.0
0.0
0.0
1.00723
0.0597952
0.0
3.55598
0.0
0.0
0.0
0.0780587
0.0
0.0
0.0
0.0
0.0
5.14746
0.0
0.0
0.0
0.0
0.496149
0.0
0.0
0.0
0.0164623
0.0
0.0
0.0
1.08248
0.0
0.0
0.0
1.01589
0.0
0.0
0.0
0.0
0.0
0.0
0.0
0.0
0.0
0.0
0.0
0.0
0.0
0.0
0.0
0.0
0.0
0.0
0.0
0.0
0.0
1.20305
0.0
0.0
0.0
0.0
0.345064
0.0
0.0
0.0
0.896051
0.0
0.0
0.0
0.390424
0.0
0.0
0.924766
0.0
0.0
0.0
0.0
0.393608
0.0
0.0
0.0
0.345829
0.0
2.34142
0.0
1.82341
0.0
0.0
0.0
0.0
0.0
0.0
0.0
2.23463
0.0
0.0
1.22114
0.0
0.0
0.0
0.0
0.0
0.0
0.0
0.0
0.0
0.0
0.28229
1.08882
0.0
3.18334
1.31829
0.0
0.0
0.0
0.0
0.0
0.0
0.0128411
0.0
0.0
0.0
0.0
0.0
0.0
0.0
0.0
1.45703
0.0
0.0
0.0
0.0
0.0
0.0
0.0
0.0
0.0
0.0
0.0
0.0
0.201427
0.0
3.303
1.94079
0.0
0.0
0.0
0.0
0.0
0.0
0.0
0.0
0.0
0.0
0.423258
0.0
0.0
0.0
0.0
0.0
0.684373
1.63634
0.0
0.0
0.0
0.0
0.0
0.0
0.0
0.428645
0.0
0.0
0.0
0.0
0.0
0.0
0.0
0.0
0.0
2.73875
0.0
0.0
0.0
0.0
0.306237
0.0
0.0
0.0
0.0
0.251827
0.0
0.0
4.06765
2.12474
2.52328
0.0
0.0
0.0
0.0
0.0
0.357658
0.0
0.865051
0.0
0.0
0.0
0.0
0.0
0.0
0.0
0.0
0.782844
0.0
0.0
0.0
0.0
0.0
0.0
1.14809
2.33299
0.0
0.0
0.0
1.85165
0.0
0.64019
0.0
0.0
0.0
0.0
0.0
0.425367
0.0
0.0
0.0
0.0
0.0
0.0
4.51603
0.0
0.0
0.0
0.0
0.0
1.6702
0.0
0.0
0.0
0.0
0.0
0.0
0.346081
0.0
0.0
0.0
0.821965
0.648906
0.0
0.0
0.0
0.0
0.0
0.0
0.0
0.0
0.0
0.0
0.0199802
0.0
2.68858
0.0
0.0
0.0
0.0
0.0
1.46721
0.0
1.39642
0.0
0.0
2.94282
0.0
0.0
0.0
0.0
0.0
0.0
0.0
2.29018
0.0
3.1393
0.0
0.0
1.73422
0.0
0.0
0.0
3.17566
1.19096
0.0
3.92189
0.0
0.0
0.0
0.0
0.0
0.0
0.0
0.0
0.0
0.0
0.0
0.97966
0.0
0.716013
0.0
0.0
0.0
0.0
0.0
0.0
0.0
0.0
0.0
0.0
0.0
0.0
0.0
4.32469
0.0
0.0
0.0
0.0
0.0
0.0
0.0
0.0
0.0
0.0
0.0
0.0
0.0
1.75319
0.0
0.0
5.4826
0.0
1.3886
0.0
0.0
0.177339
1.02384
0.0
0.0
0.0
0.0
0.0
0.0
1.40817
0.0
0.0
2.65513
0.0
0.0
3.63445
0.0
0.0
0.0
0.0
0.0
0.0
0.0
0.0
0.0
0.502095
0.0
0.0
0.0
0.0
1.4711
0.0
0.0
0.0
0.0
0.0
0.0
2.24962
0.0
0.0
0.628894
0.0
1.23257
0.0
0.0
0.0
0.0
0.0
0.0
0.0
0.0
0.0
0.0
0.0
4.65488
0.0
0.280089
0.0
0.0
0.0
0.0
0.0
0.0
0.0
0.0
0.0
0.0733645
0.0
2.16455
0.0
2.68231
2.20742
0.0
0.0
0.0
0.0
0.0
0.0
0.0
0.0
0.0
0.353665
0.0
5.27411
0.0
0.0
1.26724
0.0
0.0
0.0
0.0
0.0
0.0
0.0
0.0
0.0
0.0
0.0
1.17779
0.0
0.0
0.0
0.0
0.0
0.0
0.0
0.0
0.0
0.0
0.0
0.0
2.81628
1.62304
0.0
0.0
0.0
0.0
0.0
0.0
0.0
0.0
0.0980149
0.712958
1.15494
0.0
0.0
0.362104
0.0
0.0
0.0
0.0
0.0
0.0
0.0
0.0
1.68267
0.0
0.0
0.0
0.0
0.0
1.46283
0.0
0.0
0.0
0.0
0.0
0.0
3.30917
0.0
0.0
0.0
0.0
0.0
0.0
0.452102
1.30823
0.0
0.52611
0.0
0.0
0.0
0.301833
1.44166
0.0
0.0
0.0
0.0
1.8264
0.0
0.0
0.0
0.0
2.21215
1.92411
0.0
0.0
0.0
0.0
0.132607
0.0
0.0
0.0
0.0
0.182586
2.17782
0.0
0.328727
0.0
0.0
0.0
0.0
0.0
0.0
0.0
0.0
3.5904
0.0
0.907307
0.0
0.0
1.28928
0.0
0.0
0.0
1.45927
1.30153
0.0
0.0
2.04436
0.0
0.0
0.0
0.0
0.0
0.279819
0.0
0.0
0.0
0.0
0.594517
0.0
0.0
0.0
1.16362
0.0
1.26301
0.0
0.0
0.0
0.0
0.0
0.0
0.0
0.0
0.0
0.0
0.0
0.0
0.0
0.0
0.0
0.0
1.13465
0.0
0.0
0.0
0.832838
0.0
0.0
0.0
0.0
0.0
0.0
0.0
0.0
0.0
0.0
0.0
0.0
0.0
0.0
0.0
0.0
0.0
0.650068
0.0
0.0
0.0
1.42455
0.0
1.21259
0.0
0.00770402
0.0
0.0
0.0
0.0
0.0
0.0
0.537619
0.0
4.04261
0.780715
0.390402
0.0
0.0
0.0
0.0
0.0
0.0
0.0
0.0
0.212805
0.0
0.0
0.0
0.0
0.101622
0.0
0.0
0.0
0.0
0.0
0.0
0.0
0.0
1.64419
0.0
0.0
0.508946
0.0
0.0
0.0
2.19412
0.0
0.645253
1.3269
0.0
0.0
5.65905
0.341992
0.0
0.0
0.0
0.0
0.0
0.0
0.0
0.0
0.0
0.0
0.0
0.0
0.0
0.0
0.0
0.236663
0.0
0.0
0.244733
0.0
0.0
0.0
0.0
0.0
0.169128
1.19058
0.0
0.0
1.36827
0.0
0.0
0.0
0.0
0.0
0.0
0.0
0.0
0.0
0.0
0.0
0.0
0.0
0.0
0.728275
0.0
0.0
0.0
0.0
0.0
0.0
0.0
0.0
0.0
0.0
1.61398
0.0
0.0
0.0
0.0
0.0
0.0
0.0
0.0
0.0
0.291876
0.0
0.0
0.118676
0.0984327
0.0
0.0
1.00775
0.0
0.0
0.0
1.61306
0.0
0.0
0.0
1.54324
0.0
2.89187
0.0
0.0
0.0
0.0
0.0
0.0
0.0
0.0
1.58523
0.0
0.0
0.524677
0.0
0.0
0.0
1.57795
0.0
0.502808
6.34932
0.0
0.0
0.0
0.0
0.0
0.0
0.0
0.0
0.0
0.0
0.0
2.09082
0.0
0.700381
0.0
0.0
0.0
0.0
0.893387
0.0
0.0
0.998317
0.0162034
4.14026
2.05057
1.73278
0.0
0.0
0.0
0.0
0.0
0.528461
0.0
0.0
0.0
0.0
0.0
0.0
0.0
0.0
0.0
0.0
0.0
0.0
0.215308
0.390952
0.0
0.0
0.0
0.0
0.0
0.0
0.0670679
0.0
0.0
0.0
0.0
0.0
0.0
0.0
0.0
0.0
0.0
0.0
0.0
1.72577
0.0
0.0
0.0
0.0
0.0
3.6388
0.239564
0.0
0.0
0.0
0.0
0.0
0.0
0.0
0.0
0.0
0.0
0.0
0.728536
0.0
0.0
0.0
0.421294
0.0
0.0
0.0
0.0
0.0
0.0
0.0
0.0
0.0
0.0
0.0
0.0
0.0
0.0
0.0
0.0
0.0
0.0
0.0
0.0
0.0
0.055377
0.0
0.0
0.369982
3.1891
0.0
0.0
0.0
0.0
0.0
0.0
1.90018
1.22998
0.0
0.435028
0.0
0.0
0.0
0.667173
0.0
2.27094
0.0
1.07746
0.0
0.0
0.0
0.0324752
0.0
0.617776
0.0
0.0
0.0
0.0
0.0
0.0
0.0
0.0
0.0
0.0
0.0
0.0
0.0
0.0
0.0
0.0
0.0
0.0
0.0
0.0
0.0
0.0
0.0
0.0
0.935328
0.0
0.0
0.0
0.175845
0.0
0.0
0.0
0.0
0.0
0.0
0.0
0.0
0.0
0.0
0.0
0.0
2.13903
0.0
0.0
0.0
0.720628
0.0
0.0
0.0
0.0
0.0
0.0
0.0
0.0
0.0
0.0900471
0.0
0.0
2.57007
0.0
0.0
0.0
0.0
0.0
1.19534
0.0
0.0
0.0
0.0
0.0
0.0
0.0
0.0
3.64984
0.0
0.0
0.0
0.0
0.0
5.66408
0.0
0.0
0.0
0.0
0.0
0.0
0.0
0.0
0.0
0.0
0.0
2.00291
0.0
0.0
0.0
0.0
0.0
0.0
0.0
0.0
0.0
0.0
0.0
2.39517
0.0
0.0
0.0
0.0
0.181183
0.0
1.82542
0.19975
0.0
0.0
0.0
0.0
0.907277
0.0
2.28195
0.0
0.0
0.0
0.0
0.0
0.0
0.0
0.0
0.0
0.0
0.0
0.0
0.0
1.4912
0.0
0.0
0.0
0.0
1.1211
0.0
0.0
0.0
1.06833
0.836059
0.709535
0.0125024
0.0
0.0
0.0
0.620804
0.0
0.0
1.99589
0.0
0.0
0.0
0.0
0.0
0.0
0.0
0.0
0.0
0.0
0.0
0.0
0.0
0.0
0.0
0.0
0.0
0.0
0.0
0.0
0.0
0.0
0.0
0.0
0.0
1.43903
0.0
0.0
0.0
0.0
0.0
0.0
0.0
0.0
0.0
1.90842
0.0
1.28108
1.07947
0.0
0.0
0.0
1.70813
0.0
0.0
0.871462
0.0
0.743713
1.57588
0.0
0.0
0.0
0.0
0.0
0.0
0.857026
0.0
2.68326
1.939
0.0
4.22006
0.171558
0.0
2.48917
1.91011
0.0
0.0
0.0
1.45333
0.0
3.60603
2.76536
0.764311
0.0
1.67289
0.411563
0.0
0.0
1.68404
2.91312
0.0
0.0
0.0
1.0741
0.0
0.0
0.0
0.0
0.0
0.0
0.0
0.0
1.81282
0.0
1.61697
0.183849
0.0
0.0
0.0
0.0
0.0
0.0
0.447865
0.0
0.0
0.0
0.0
2.14889
0.0
0.753082
0.0
0.0
0.874669
0.0
0.0
0.0
0.0
0.0
0.0
1.13178
0.0
0.648832
0.0
0.0
0.0
0.0
0.372501
0.0
0.0
0.0
0.0
0.0
0.0
0.0
0.0
0.0
3.82936
0.0
0.0
0.0
0.0
0.0
0.0
0.0
3.24929
0.0
0.0
0.0
0.0
0.0
0.0
4.28332
0.0
0.0
0.70948
0.0
0.0
5.86348
0.239836
0.0
0.0
0.0
0.0
0.0
0.0
0.0
0.0
0.0
0.0
0.0
0.0
0.0
0.0
0.0
3.31351
0.0
0.0
0.0
0.0
0.0
0.0
1.81533
0.0
0.0
0.0
0.0
0.510769
0.0
0.0
0.0
0.0
5.84259
0.0315676
0.0
0.178456
0.0
0.0
0.0
0.0
4.50282
0.0
0.231775
0.0
0.0
0.0
0.0
0.0
0.0
0.0
0.0
0.0
0.0
0.0
0.031485
1.46823
0.0
0.0
0.0
0.0
0.611535
0.0
0.0
0.0
0.0
0.0
0.0
6.84196
0.0
0.0
0.0
0.0
2.13147
0.0
0.0
2.15531
0.0
0.0
0.0
0.0
0.0
0.0
0.0
0.0
0.0
0.0
0.0
0.0
0.0
0.0
0.0
0.0
0.0
0.0
0.0
0.0
0.0
0.0
0.0
0.0
0.0
0.0
0.0
0.0
0.447631
0.0
0.0
0.0
0.0
0.0
0.0
0.0
0.0
0.0
1.54243
1.43414
0.0
0.0
0.0
1.3685
0.0
0.0
1.14086
0.0
0.0
0.0
0.0
0.0
0.0
0.0
0.0
0.0
0.0
0.71938
0.0
0.0
0.0
3.00895
0.0
0.0
0.0
2.24259
1.33229
0.0
0.969284
0.0
0.0
0.0
0.0
0.0
0.0
0.0
0.0
0.0
0.0
0.0
0.0
0.0
0.0
0.0
0.0
0.79776
0.0
0.0
0.0
0.0
0.0
3.72989
0.0
0.0
0.0
0.0
0.0
0.0
0.884116
0.0
3.19101
0.0
0.0
0.0
0.0
0.0
0.0
0.0
0.0
0.0
0.0
0.0
0.0
0.0
0.0
0.0
0.0
0.0
0.0
0.0
0.0
0.738461
0.0
0.0
4.89206
0.0
0.0
0.0
0.0
1.37345
0.0
0.0
0.0
0.0
0.0
0.0
0.0
1.13021
0.0
0.0
0.0
0.0
0.0
0.0
0.0
2.90126
1.39312
0.0
0.0
1.80481
0.0
0.0
0.0
0.0
0.893995
0.0
2.61393
0.0
0.0
1.20084
0.0
0.0
0.0
3.63511
0.0
4.88007
0.0
0.0
0.0
0.0
0.0
0.0
0.0
0.0
0.928269
0.0
0.0
0.0
0.0
1.78995
0.0
0.0
0.0
0.0
0.0
0.0
0.0
0.0
2.22007
1.06011
0.0
0.0
0.0
0.0
0.295628
0.0
0.0
0.0
0.0
0.0
0.0
0.0
0.0
0.0
1.1422
0.0
0.0
0.0
0.0
0.0
0.0
0.0
0.0
0.0
0.0
0.0
0.0
0.0
1.04532
0.0
0.0
0.0
3.1862
0.0
0.0
1.57506
0.0
0.0
0.0
4.17615
0.0
0.0
0.0
2.52926
0.0
0.0
0.0
0.0
0.0
0.523381
0.0
0.0
0.0
0.0
0.0
0.686075
0.0
0.261903
3.36424
0.208756
0.153431
0.0
0.444052
0.0
0.0
0.0
0.0
0.0
0.0
0.0
0.0
0.0
0.0
0.0
0.0
3.06371
0.0
0.0
0.0
0.0
2.47981
0.0
0.0
0.293386
0.0
0.0
0.0
2.51136
0.0
0.0
0.679626
0.0
0.0
0.0
0.0
0.0
0.0
0.0
2.24453
1.29921
0.0
0.0
0.0
0.0
0.0
0.0
0.0
0.661727
0.0
0.0
0.0
0.0
0.0
0.0
0.0
0.0
0.0
0.0
0.0
0.0
0.0
0.0
0.0
0.0
0.0
0.0
0.0
0.0
0.0
0.227435
0.0
0.0
0.436011
0.0
0.0
0.0
0.0
1.84874
0.0
0.0
0.0
0.0
0.0
0.0
0.0
0.0
0.0
0.0
0.61979
0.0
0.0
0.0
0.0
0.0
0.0
0.0
0.0
0.0
0.0
0.0
0.0
0.0
0.0
0.0
0.0
0.0
0.0
1.95786
0.0
0.324971
0.0
0.0
0.0
0.0
0.0
0.0
0.0
0.0
0.0
0.0
0.0
1.74752
0.0
3.74808
0.0
0.620371
0.0
0.0
0.0
0.0
0.0
0.0
0.0
0.694967
0.0
0.0
0.0
0.0
0.0
0.0536172
0.0807097
0.0
0.0
0.0
0.0
0.0
0.0
0.0
0.0
0.0
0.0
0.0
0.0403988
0.0
0.0
0.0
0.0
0.0
0.0
0.0
0.0
0.0
0.0
2.24287
0.0
0.685992
0.0
0.0
0.0
0.0
0.0
0.0
0.0
0.0
0.0
0.0
0.0
0.0
0.0
0.0
0.0
0.0
0.0
0.0
0.0
0.0
0.0
0.0
0.0
0.0
0.0
0.0
0.0
0.0
0.0
0.0
0.0
0.0
0.0
0.0
0.0
0.0
0.0
0.0
0.0
0.0
1.0153
0.0
0.0
0.0
0.0
0.631722
0.0
0.0
1.41587
0.0
0.0
0.0
0.625025
0.0
0.0
0.0
0.0
2.5778
1.50119
0.0
0.0
1.3051
0.0
0.0
0.0
0.0
0.0
0.0
0.0
0.0
0.440724
0.0
0.0
0.0
0.0
0.0
0.0
0.0
0.598176
0.0
0.0
0.0
1.213
0.0
0.0141428
0.0
0.0
1.8534
0.0
0.0
0.0
1.88969
0.0
0.0
0.0
0.0
0.0
0.0
1.74561
0.0
0.0
0.0
0.240335
0.0
0.0
0.917554
0.0
0.0
0.0
0.185812
0.0
0.0
3.17806
1.18667
0.0
0.0
0.0
4.53813
0.0
0.0
0.0
0.0
0.0
0.0
1.73121
0.0
0.401733
0.0
0.0
0.0
0.0
0.0
0.0
0.0
0.0
0.563561
0.0
3.5083
2.66744
0.0
1.78295
0.0
0.0
1.19681
0.0
0.0
0.0
0.0
0.0
0.0
0.0
0.0
0.0
0.0
0.0
0.0
0.0
0.0
0.0
0.0
0.0
0.0
1.71517
0.912938
0.0
0.0
0.0
0.0
0.95155
0.0
0.0
3.59326
0.0
0.0
0.0
0.0
0.0
0.0
0.0
0.0
0.0
0.0
0.0
0.0
0.0
0.0
0.0
0.0
0.0
0.275289
2.22188
0.0
0.446468
1.98227
0.0
0.0
1.67757
0.0
0.0
0.0
2.38699
1.6196
0.0
0.0
0.0
0.604519
0.0
0.510173
0.0
0.0
0.0
0.0
0.383509
0.0
0.0
0.0
0.0
0.0
0.0
0.0
0.0
0.0
0.0
0.0
0.0
0.0
0.0
0.0
2.10775
3.362
0.0
0.0
2.6068
0.0
0.0
0.0
0.0
0.0
0.0
0.0
1.03547
0.0
0.0
0.0
0.0
0.0
0.0
0.0
0.0
0.0
0.0
0.0
3.89638
1.58598
0.0
0.0
0.0
0.376932
0.0
1.54485
0.0
0.0
0.143563
0.362412
0.0
0.0
0.0
2.9043
2.23164
0.0
0.0
0.354954
0.0
0.0
1.77349
0.0
2.0113
0.0
0.0
0.0
1.98321
0.924927
0.0
0.498244
0.0
0.0
0.0
0.0
2.9232
0.0
0.0
0.0
0.0
0.0
0.0
0.0
0.0
0.0
0.0
0.0
0.0
0.0
0.0
0.0
0.0
0.0
0.0
0.0436209
0.0
0.0
0.0
0.0
0.0
0.839403
0.0
0.0
0.0
0.0
0.7747
3.99253
0.0
0.0
0.0
0.0
0.0
0.0
0.0
0.0
0.351257
0.0
0.0
0.0
0.221591
0.0
1.71012
0.0
1.89689
0.0
0.0
0.0
0.0
0.327152
0.0
0.0
0.0
0.0
0.0
0.0
0.559358
0.0
0.0
1.24163
0.0
0.0
0.0
0.297648
0.0
0.0447722
0.0
0.0
0.0
2.13067
0.0
0.0
0.0
0.0
0.0
0.0
0.0
0.0
0.0
0.0
0.0
0.0
0.0
0.0
0.0
0.499738
2.04561
0.0
2.22747
0.724881
0.0
0.0
0.0
2.20929
0.0
0.0
0.0
0.0
0.0727632
0.0
4.35173
0.0
0.757136
0.0
0.0
0.0
0.0
0.115068
0.0
0.0
0.0
0.0
1.79352
0.0
0.0
0.0
0.0
3.91155
0.0
0.0
0.0
1.63791
0.0
0.0
0.0407162
0.0
1.44284
0.0
0.0
0.0
0.0
0.0
0.0
0.0
0.0
0.0
0.0
0.0
0.0
0.0
0.0
0.0
0.0
0.0
0.0
0.0
0.0
0.0
0.18083
0.0
0.0
0.0
0.0
0.0
0.0
0.0
0.0
0.0
0.0
0.0
0.104391
0.0
0.0
0.0413691
1.35393
0.0
0.0
0.0
0.0
0.0
0.0
0.0
0.0
2.62392
0.0
0.38877
0.0
0.0
0.0
0.460278
0.820905
0.0
0.0
0.0
0.0
0.0
0.0
0.0
0.0
0.0
0.0
0.0
0.975334
0.0
0.0
0.550712
0.0
0.0
0.0
1.45291
0.0
0.493352
0.405515
0.0
0.0
0.0
0.0
0.0
0.0
0.0
0.167694
0.0
0.544835
0.0
0.0
0.0
0.0
0.0
0.0
0.0
6.47193
0.0
0.0
0.0
0.0
0.0
0.0
0.0
2.63544
0.0
0.0
0.0
0.423269
0.0
0.0
0.0
0.0
0.0
0.0
0.0
0.547605
0.0
0.0
0.0
0.0
0.0
0.0
0.0
0.238476
0.0
0.577495
0.0
0.0
0.0
0.0
2.77158
0.0
0.0
0.0
0.0
0.0
0.0
0.0
0.0
0.0
0.0
0.0
0.0
0.0
0.0
0.0
0.0
1.74802
0.0
0.0
0.0
0.0
0.0
0.0
0.0
0.0
0.0
3.21895
0.0
0.0
0.0
0.348573
0.0
1.00748
0.0
0.0
0.0
0.0
0.0
0.0
0.0
0.0
0.0
0.0
0.0
2.52598
0.0
0.0
0.0
0.0
0.0
0.0
0.0
0.488433
0.0
0.227155
0.0
0.0
0.0
0.0
0.0
0.0
0.0
0.0
0.0
0.0
0.0
0.0
0.0
0.0
0.673704
0.0
0.0
0.0
0.0
1.42516
0.0
0.0
0.0
4.5511
0.0
0.0
0.0
0.0
0.0
0.0
0.0
2.25829
0.0
0.0
0.0
0.0
0.0
1.14339
0.0
0.0
0.559414
0.0
0.0
0.0
0.0
0.0
0.0
1.34986
0.155295
0.731193
0.0
0.0
0.0
0.0
0.0
0.0
0.0
0.0
0.0
2.07945
0.0
0.0
0.0
0.0
0.0
0.0
0.0
0.0
0.0
0.0
0.0
0.0
1.93195
0.0
0.0
0.0
0.0
2.85845
0.0
1.30851
0.0
0.0
3.01221
0.0
0.0
0.0
0.435342
0.0
0.583054
0.0
0.0
2.15819
0.0
0.0
0.0
1.46052
0.0
0.0
0.0
2.42451
0.161301
0.0
0.0
0.982623
0.0
0.0
0.0
0.0
0.0
0.0
0.0
0.412377
0.0
0.0
0.0
0.0
0.0
0.0
0.0
0.0
0.0
0.0
1.64172
0.0
0.0
0.0
0.0
0.0
1.27508
0.0
0.0
1.60249
0.0
0.0
0.0
1.04337
0.0
0.0
0.0
0.0
0.0
0.0
0.0
0.0
0.913126
0.0
0.0
0.0
0.0
0.0
0.0
1.78663
0.693132
0.0
0.0
0.611653
0.0
0.0
0.0
0.0
1.52238
0.0
1.7536
0.0
0.0
0.0
0.0
0.0
1.54747
0.0
0.0
0.0
0.0
0.0
0.0
0.0
0.0
0.0
0.0
0.0
0.0
0.0
0.0
0.0
0.0
1.35233
0.0
0.0
0.0
2.25533
0.0
0.0
0.0
0.0
0.0
0.0
1.84468
0.151226
2.0813
0.0
0.0
0.0
0.0
2.35357
0.0
5.25926
0.0
0.0
0.0
0.335651
0.0
0.0
0.996651
0.0
0.0
0.0
0.983129
0.596392
0.873174
0.0
0.569247
0.0
0.0
0.0
0.0
0.0
0.0
0.0
0.0
0.0
0.0
1.03282
0.0
0.0
0.0
0.772493
0.0
0.0
0.0
0.0
0.0
1.1026
0.0
0.469199
0.0
0.0
0.0
0.0
0.311776
0.0
0.0
0.0
0.0
3.51361
3.69035
1.66563
0.0
0.0
1.43075
0.774612
0.0
0.0
0.882756
0.0
0.0
0.0
0.0
0.0
0.0
0.0
0.0
0.0
0.0
0.0
0.0
0.128986
0.0
0.0
0.0
0.0
1.73619
0.0
3.06518
0.0
0.0
0.0
0.0
0.0
0.0
0.0
0.0
0.0
0.0
0.0
0.0
0.0
0.0
0.0
0.0
0.0
0.0
0.0
0.0
0.0
0.0
0.0
0.112309
0.0
0.0
0.0
0.0
0.0
0.0
0.641591
0.0
0.0
0.0
0.0
0.0
0.0
0.0
0.0
0.0
0.0
0.0
0.0
0.572785
0.0
0.0
0.0
0.0
0.0
0.0
0.0
4.11112
0.0
1.25923
0.0
0.0
0.0
0.695562
0.0
0.0
0.0
0.0
0.0
0.0
0.0
0.0
0.0
0.0
0.0
0.0
0.0
3.88643
0.0
1.31371
0.0
0.0
0.0
0.0
0.0
0.0
0.131409
0.0
0.0
0.0
0.0
0.0
0.0
0.0
1.50843
0.0
0.0
0.0
0.0
0.0
3.25718
0.0
0.0
0.0
0.0
0.0
0.0
0.0
0.0540593
0.0
0.0
0.0
0.459909
0.0
1.57005
0.0
0.0
0.0
0.0
3.95603
0.0934144
0.0
0.0
0.0165551
0.0
0.0
0.0
0.0
0.0
0.0
0.0
0.0
0.0
1.59396
3.7378
0.0
0.0
0.0
0.0
0.0
0.0
3.1077
0.0
0.0
0.0
0.0
0.0
0.0
0.0
0.0
3.11089
0.0
0.0
0.0
0.35056
0.0
0.0
0.0
0.0
0.0
0.0
0.0
0.0
0.0
0.0
0.0
0.0
0.0
0.764938
0.0
0.0
0.0
0.0
1.49179
1.05509
0.0
0.0
0.0
0.0
0.0
0.0
0.0
0.0
0.0
0.0
0.0
0.0
0.322531
0.0
0.0
0.0
0.0
0.68792
0.0
0.0
0.0
2.73771
0.0
1.47178
0.0
0.566172
1.38151
0.0
0.0
0.0
0.0
0.0
0.0
0.330303
2.51325
0.0
1.16875
0.0
0.0
1.04411
0.0
0.0
0.0
0.0
0.0
0.0
0.0
0.0
0.0
2.30196
0.0
5.52319
0.0
0.0
0.0
0.0
2.74024
0.0
0.0
0.0
0.0
0.0
1.12035
0.0
2.8586
0.0
0.0
0.0
0.0
0.0
0.823352
0.0
0.0
0.0
0.0
0.0
0.0
0.0
0.252213
0.0
0.0
0.0
0.0
0.0
0.0
0.0
0.0
0.0
1.41705
0.0
0.0
0.0
0.0
0.0131707
2.21298
0.0
0.0
0.0
1.03497
0.0
0.0
0.0
0.0
0.0
3.4987
0.0
0.0
0.514745
0.0
1.12491
0.0
0.0
0.0
0.0
1.32873
0.0
0.0
4.23939
0.0
0.0
0.0
0.0
0.454736
0.0
0.0
0.0
0.0
0.0
1.1829
2.68778
0.0
0.0
0.0
0.0
0.0
0.0
2.78515
0.0
0.0
0.0
0.0
0.0
0.0
0.0
1.56688
0.0
0.0
0.0
0.0
0.200493
0.0
0.0
0.0
0.0
0.0
0.0
2.84674
0.0
0.539055
0.0
0.0
0.0
0.0
4.78056
0.0
0.0
2.45535
0.0
0.111141
0.0
0.227796
0.0
0.0
0.0
0.0
1.46958
0.0
0.0
0.0
0.0
0.0
3.85792
0.0618098
0.0
0.0
0.0
2.11527
0.0
0.0
0.0
0.0
0.0
0.0
0.0
0.0
0.0
0.124537
0.0
0.0
0.0
2.0845
2.87704
0.0
0.0
0.0
0.0
0.0
0.0
0.0
0.0
0.0
0.0
0.0
0.0
0.0
2.20938
0.470715
0.0
0.0
0.0
0.0
2.13488
0.0
0.0
0.0
1.42752
0.0
0.0
2.25336
0.0
1.28919
0.0
0.0
0.0
0.0
3.69532
1.79015
3.34137
0.0
0.0
0.0329997
0.0
0.0
0.0
0.0
0.0
0.808513
0.0
0.0
0.422737
2.24652
0.726134
0.0
0.0
0.0
0.0
0.0
0.0
0.0
0.205173
0.0
2.33756
0.0
0.0
0.0
0.0
0.0
0.0
0.0
0.0
1.97032
0.0
0.0
4.87373
0.0
0.0
0.579455
1.90592
0.0
0.0
2.79054
0.0
3.65355
0.0
0.947994
0.0
0.0
0.38577
0.536687
0.0
0.557243
1.18042
0.0
3.12692
0.0
0.0
2.3611
0.0
0.0
0.0
0.0
0.0
0.0
0.0
0.0
0.0
0.476163
0.0
0.0
0.0
0.0147375
0.0
0.0
0.464158
1.73629
0.0
0.0
0.0
0.0
1.18184
0.0
0.0
0.0
0.0
0.0
0.0
0.0
0.0
1.22894
0.0
2.34664
0.0
1.68003
0.743972
0.0
0.206578
0.0
0.0
0.986375
0.0
0.0
0.0
0.0
2.54952
0.0
1.02107
0.0
0.0
1.17052
0.0
0.0
0.0
0.0
0.0
0.0
0.0
0.0
0.0
0.0
0.0
0.0
0.0
0.0
0.634879
0.0
1.5561
0.0
0.0
0.0
1.72212
0.0
0.0
0.0
0.0
0.0
0.0
0.0
2.63368
0.119499
0.0
0.686978
0.0
0.0
1.46511
0.0
0.0
0.0
0.0
0.0
0.0
2.57638
0.0
0.0384775
3.33661
0.0
0.0
0.0
0.0
0.0
2.77717
0.0
0.0
0.0
2.24026
0.109909
1.04775
0.0
0.0
0.0
0.0
1.04532
0.0
0.0
0.0
0.0
0.0
0.0
0.0
0.0
1.8045
0.0
0.0
0.0
0.0
0.0
0.0
0.0
0.0
3.02635
1.20338
0.0
3.13558
0.0
0.0
0.0
0.0
0.0
0.0
0.0
0.0
0.0
0.470174
0.0
0.0
0.0
0.0
0.0
0.0
1.70755
0.0
0.0
0.0
0.0
