0.0
0.0
5.48361
0.0
1.32084
0.0
0.0
0.0
0.0
0.0
0.0
0.0
0.0
0.688974
0.0
0.0
0.0
0.0
0.0
0.0
0.0
0.0
0.0
0.0
0.0
0.0
0.0
0.0
0.0
0.0
0.0
1.48456
0.0
7.59989
0.0
0.0
0.0
0.0
0.0
0.0
0.0
0.0
1.25735
0.0
0.0
1.23576
0.0
0.0
0.0
2.59123
2.2578
0.0
0.0
0.0
0.0
0.0
1.04149
0.0
0.0
0.0
0.886788
0.0
0.0
0.0
0.782213
0.0
0.0
0.0
0.431293
0.0
0.0
0.0
0.0
0.0
0.0
0.0
0.0
0.0
0.0
0.0
0.0
0.0
0.0
0.0
0.555903
0.0
0.0
0.0
0.0
0.0
0.0
0.0
0.0
0.0
0.0
0.0
0.0
0.0
0.0
0.0
0.0
0.0
0.0
0.0
0.0
0.0
0.0
0.0
0.0
0.0
0.0
0.0
0.0
2.86656
0.0
0.0
0.0
3.64824
0.0779019
0.0
0.0
0.0
0.0
0.0
0.0
0.0
0.0
5.65495
0.0
0.0
0.0
0.76913
0.0
0.0
0.0
0.0
0.0
0.0
0.449439
0.0
0.0
0.0
0.0
0.0
0.0
0.0
0.0
1.38031
0.719794
0.0
0.0
0.0
0.0
0.0
0.0
0.0
0.0
1.11591
0.0
0.0
0.0
0.0
0.0
0.0
0.0
0.0
0.0
0.0
0.0
1.56823
0.0
1.21644
3.97142
0.0
0.0
0.0
0.0
0.0
0.0
0.0
4.37943
0.0
0.0
0.0
0.0
0.874807
0.811437
0.0
0.0
0.0
0.0
0.0
2.17815
0.0
0.0
0.0
0.0
0.0
0.0
2.15286
0.0
2.60855
0.0
0.0
0.0
0.0
0.0
0.0
0.0
0.0
0.0
0.0
0.0
0.0
0.0
0.0
0.0
0.0
0.0
1.63531
0.0
2.48427
0.0
0.0
0.0
0.0
0.0
0.0
0.0
0.0
0.0
0.0
0.0
0.132688
0.0
0.0
0.0
0.429735
0.0
0.0
0.0
0.0
0.0
0.0
0.0
0.0
0.0
5.41927
0.0
0.0
0.0
0.0
0.0
0.0
0.0
1.22281
0.0
0.0
0.0
0.0
0.0
0.0
1.13817
0.0
0.0
0.0
1.89287
0.0
0.0314151
0.0
0.0
0.534878
0.0
0.0
0.0
0.0
2.93591
0.0
0.0
0.0
0.0
0.0
0.0
0.49424
0.0
0.0
0.0
0.15428
0.0
0.0
0.0
0.0
0.0
0.0
0.0
0.0
0.0
0.0
0.0
0.0
0.0
6.25177
0.00174245
0.0
0.0
0.0
0.0
0.0
0.0
0.0
0.0
0.0
0.0
0.0
0.0
0.0
0.0
0.0
2.00352
0.0
0.0
0.0
0.0
0.0
0.0
0.0
1.2201
0.0
0.0
0.0
0.0
0.0
0.0
0.0
0.0
0.0
0.0
0.0
0.0
0.0
0.0356346
0.0
0.0
0.0
0.0
0.0
0.0
0.0
0.0
0.0
0.0
0.0
0.0
0.0
0.0
0.0
0.0
0.0
0.0
0.0
0.0
0.0
0.0
0.0
0.0
0.0
0.0
0.0
0.0
0.0
0.0
0.0
0.0
0.0
0.0
0.0
0.0
0.0
0.0
0.682649
0.01354
0.0
0.0
0.0
0.0
0.0
0.0
5.9704
0.0
2.57434
0.0
0.0
0.0
0.0801094
0.0
3.88331
1.28131
0.0
0.0
0.0
0.0
0.0
0.0
0.0
0.0
0.0
0.0
0.0
0.0
0.0
0.0
0.0
0.0
0.0
1.94242
0.0
0.0
0.0
0.0
1.94761
0.0
0.0
0.0
0.0
0.0
0.0
0.0
0.0
0.0
0.0
5.31394
0.0
0.0
0.0
0.0
0.0
0.0
0.0
0.0
0.0
0.0
1.52675
0.0
0.0
0.0
0.0
0.0
0.0
0.0
0.0
0.0
0.0
0.0
3.90215
0.0
0.0
0.0
0.0
0.0
0.0
0.0
0.144063
0.0
0.0
0.0
0.0
0.0
0.0
2.02769
0.44902
0.0
0.0
0.0
0.0
0.0
0.0
0.0
0.0
1.8113
0.0
0.0
0.0
0.0
2.43066
0.0
0.0
0.0
0.0
0.0
0.0
0.0
0.0
0.0
0.0
0.0
2.87598
3.31722
1.15765
2.18538
0.0
0.0
0.0
0.0
0.0
0.0
0.0
0.0
0.0
0.0
0.0
0.0
0.0
0.0
0.0
1.02523
0.0
0.0
0.0
0.0
0.0
0.0
0.0
0.0
3.01223
0.0
2.19367
0.0
0.0
0.0
0.0
0.0
0.0
0.0
1.26599
0.0
0.0
2.14632
0.0
0.0
0.0
0.0
0.0
0.0
1.25245
0.0
0.0
0.0
0.0
0.0
0.0
0.0
0.115072
0.0
0.0
0.0
0.0
0.0
0.0
0.0
0.0
0.0
0.0
0.0
0.0
0.0
0.0
0.0
0.0
0.0
0.0
0.0
0.0
0.0
0.0
0.0
0.0
0.0
0.0
0.0
0.0
0.0
0.0
0.0
2.13835
0.996503
0.0
3.17277
1.07364
0.0
0.0
0.0
0.0
0.0
0.0
0.0
0.0
0.0
0.0
0.0
0.0
0.0123319
0.0
0.0
0.0
0.0986262
0.0
0.351191
0.0
0.0
0.0
0.0
0.0
0.0
0.0
2.71991
0.0
0.0
0.0
0.0
0.0
5.29898
0.0
0.0
0.0
0.732924
0.0
0.0
0.0
0.0
0.0
0.0
0.0
0.0
0.0
0.0
0.0
0.0
0.0
0.0
0.0
0.0
0.0
0.0
1.7463
0.0
0.0
0.0
0.0
0.0
0.0
0.0
0.0
0.0
0.811309
0.0
0.0
0.0
0.0
0.0
0.0
1.19666
1.43228
0.0
0.0
0.0
0.0
0.0
0.0
0.0
0.0
0.0
0.0
0.0
0.0
0.0
0.0
1.44584
0.0
0.0
0.0
0.0
0.0
0.0
2.37294
0.0
0.0
0.0
0.0
0.0
0.0
0.0
0.0
0.0
0.0
0.0
0.0
0.0
0.0
0.0
0.0
0.0
0.0
0.0
0.477662
0.0
0.0
0.0
0.0
0.0
0.0
0.0
0.0
2.5058
0.0
0.0
0.0
0.0
2.64497
0.0
0.0
0.0
0.0
0.0
0.0
0.0
0.0
0.0
0.0
0.0
0.0
0.0
0.0
0.0
0.236437
1.72307
0.0
0.0
0.0
0.0
0.0
0.0
0.0
0.0
0.0
0.0
0.0
0.0
0.0
0.0
0.0
0.0
0.0
1.63885
0.0445077
0.0
0.0
0.0
0.0
0.406159
0.0
1.8726
4.6895
0.0
0.0
0.0
0.0
0.0
0.0
0.0
0.0
0.0
0.0
0.0
0.0
0.0
0.0
0.0
0.0
0.0
5.24897
0.0
0.0
0.0
0.0
0.0
0.0
0.0
0.0
0.0
0.0
0.0
0.0
0.0
0.0
0.0781206
0.0
4.96605
0.0
0.0
3.73785
0.0
0.0
0.0
0.0
0.0
0.0
0.0
0.0
0.0
0.0
0.0
0.0
0.0
0.0
0.0
0.0
0.0
0.0
0.0
0.0
0.0
0.0
0.0
0.0
0.0
0.470078
0.0
0.0
0.0
0.0
0.0
0.84169
0.0
0.0
0.0
0.0
0.0
0.0
0.612853
0.0
0.0
0.0
2.49123
0.0
0.0
0.257642
0.0
1.57411
0.420825
3.65031
0.0
0.0
0.838183
0.0
1.72066
0.0
0.0
0.0
0.0
0.0
0.628683
0.0
0.0
0.0
0.0
0.0
0.0
0.284447
0.0
0.0
0.0
0.0
0.0
0.0
0.0
0.0
1.42314
0.0
0.0
2.18808
0.0
0.7001
0.0
0.0
0.0
0.0
0.0
0.0
0.0
0.0
0.0
0.169274
0.0
0.0
0.0
0.0
0.0
0.0
0.0
0.0
0.0
0.0
0.0
0.0
0.0
0.0
0.0
0.0
1.96922
0.0
0.0
0.0
0.0
0.0
0.0
0.0
0.0
0.0
0.0
0.0
0.0
0.274539
0.0
0.0
0.0
0.0
0.0
0.0
0.0
0.0
0.807221
0.0
0.0
0.0
0.0
0.0
0.0
0.0
0.0
0.0
0.0
0.0
0.0
1.318
0.182059
0.0
1.05557
0.0
0.0
1.83568
0.0
1.10366
0.0
0.0
0.0
0.0
0.0
0.0
0.0
0.382931
0.0
0.0
0.0
0.0
0.0
0.0
0.0
0.474804
0.0
1.8785
0.0
0.0
0.0
0.0
0.0
0.0
0.0
0.0
0.0
0.0
0.0
0.0
0.0
0.0
0.0
0.0
0.0
0.0
0.0
0.0
0.0
0.0
0.0
0.0
0.0
0.0
0.343018
0.0
0.0
0.0
0.0
0.0
0.0
0.0
0.0
0.0
0.0
0.0
0.0
0.0
0.0
0.0
0.0
0.0
0.805402
0.0
0.0
2.29902
0.0
0.0
1.18043
0.0
0.0
0.0
0.0
0.0
0.0
0.0
0.0
0.0
0.0
0.0
0.0
0.0
2.3286
0.0
0.0
0.0
0.0
0.0
0.0
0.0
0.0
2.95683
0.0
0.0
0.519247
0.0
0.0
0.0
0.0
0.0
0.0
0.0
0.0
0.455812
0.0
0.0
0.0
0.0
0.0
0.0
0.0
1.93904
0.0
0.0
0.85635
0.851823
1.54244
0.0
0.0
0.0
0.0
0.0
0.0
0.0
4.0187
0.0
0.0
0.0
0.61522
0.0
0.0
0.162709
0.0
0.0
0.0
2.93107
0.0
0.0
0.0
0.0
0.0
0.0
0.0
0.0
0.0
4.29131
0.0
0.159758
0.0
0.0
0.0
0.0
0.0
0.0
0.0
0.0
0.0
0.0
0.0
0.0
2.12198
0.0
0.0
0.0
0.0
0.0
0.0
0.0
0.0
0.0
0.0
0.0
0.0
3.28815
0.0
2.11455
1.47546
2.8155
0.0
0.0
0.0
0.0
0.0
0.0
0.0
0.0
0.0
0.0
0.0
0.0
0.0
5.44672
0.0
0.0
0.0
0.0
0.0
0.0
0.0
0.450453
0.0
0.0
5.11188
0.0
0.0
0.0
0.0
0.0
0.0
0.0
4.13563
0.0
0.0
0.0
0.0
4.85318
1.28458
0.0
0.0
2.06788
7.13558
0.0
0.0
0.0
0.0
0.0
0.0
0.557312
0.0
0.0
0.0
0.0
0.0
0.0
0.0
0.0
1.06786
0.0
0.0
0.0
0.0
0.0
0.909795
0.0
0.0
0.0
0.0
0.0
0.0
0.0
0.0
0.0
0.0
0.0
2.43988
0.0
0.0
0.0
0.0
0.0
0.0
0.0
0.0
0.0
2.78625
0.0
1.8573
5.02977
0.0
0.863675
0.0
0.0
0.0
1.37421
0.0
0.0
0.0
0.16695
0.0
2.25551
0.0
0.0
0.0
2.04945
0.0
0.0
1.66139
0.0
0.332852
0.0
0.0
0.0
2.49308
0.0
0.0
0.0
0.0
0.0
0.0
0.0
0.0
2.28791
0.0
0.0
0.0
0.0
0.0
0.0
2.90724
0.0
0.0
0.0
0.0
1.60764
0.0
0.0
0.0
0.0
0.0
0.0
0.0
0.0
0.0
0.0
0.939162
0.623706
0.440874
0.293243
0.0
0.0
0.0
0.0
0.0
1.35
0.0
0.0
0.0
0.0
0.0
4.6408
0.0
0.0
6.52098
0.0
0.0
0.0
0.0
0.0
0.0
0.0
0.0
0.0
1.39422
0.0
4.2297
0.0
0.0
3.4148
0.0
0.0
0.0
0.0
0.0
0.0
0.0
0.0
0.0
0.0
0.0
0.0
0.0
0.0
0.0
0.0
0.0
0.0
0.0
0.0
0.0
0.0
0.0
0.0
0.0
0.0
0.0
0.0
0.530094
0.0
0.0
0.0
0.0
0.261967
0.0
0.0
0.0
0.0
0.0
0.0
0.0
0.0
0.0
0.0
1.42057
0.0
0.0
0.0
4.28617
0.0
0.0
0.0
0.0
0.0
0.0
0.0
0.0
0.0
0.0
0.158938
0.0
2.32958
0.0
0.0
0.0
0.480556
2.10951
0.0
0.0
0.0
0.0
0.0
0.0
0.0
0.0
0.0
0.0
0.0
0.0
0.0
0.0
0.76805
0.0
0.0
0.0
0.0
0.0
0.0
0.0
0.0
0.0
0.0
0.0
3.3857
0.0
0.0
0.0
0.817993
0.0
0.0
0.0
0.0
0.0
0.0
0.0
0.0
0.0
1.01933
0.0
0.475497
0.0
1.65739
0.0
0.0
0.0
0.0
0.0
0.0
0.0
0.0109115
0.0
0.0
0.440973
0.0
0.0
0.101605
0.0
0.0
0.0
0.0
0.0
0.0
0.0
0.0
0.0
0.0
0.0
0.0
0.0
2.13498
0.0
0.62403
0.0
0.0
0.0
0.0
0.0
0.0
0.0
0.0
0.0
0.0
0.0
0.0
0.0
0.0
0.97775
0.0
0.0
0.0
0.0
0.0
0.0
0.0
0.0
0.0
0.0
0.0
0.0
0.0
0.0
0.0
0.0
0.0
0.0
0.0
0.0
0.0
0.0
0.0
0.0
0.0
0.0
0.0
0.0
0.0
0.929597
0.0
0.0
0.0
0.0
0.0
0.0
0.0
0.0
1.08127
2.07861
1.15579
0.0
1.49289
0.0
0.0642788
0.57513
0.0
0.0
0.0
0.0
0.0
0.0
0.0
0.0
0.0
0.0
0.0
0.0
0.0
0.0
0.0
0.0
0.0
3.82557
0.0
0.0
0.0
0.0
0.0
0.0
0.0
0.0
0.0
0.0
1.65389
0.0
0.0
0.0
0.0
0.0
0.0
0.0
0.0
0.0
0.0
0.0
0.0
0.0
0.0
0.0
0.0
0.0
0.0
0.0
0.0
0.0
0.0808497
0.0
0.0
0.0
0.0
0.0
0.0
1.5007
1.68207
0.0
1.35869
0.0
0.0
0.0
0.0
0.0
0.0
0.0
0.0
0.0
0.0
0.0
0.0
0.0
0.0
0.0
0.0
0.0
0.0
0.0
0.0
0.0
0.0
0.0
0.0
0.0
0.598355
0.0
0.417621
0.0
0.0
0.0
0.0
0.0
2.12366
0.0
1.43347
0.0
0.0
0.0
0.757867
0.0
0.0
0.0
0.0
0.0
0.0
0.87279
0.0
0.0
0.0
0.0
0.0
0.0
0.0
0.0
0.0
0.0
0.0
0.0
0.0
0.0
2.49487
0.0
0.0
2.51767
0.0
0.0
0.0
0.0
0.0
0.0
2.72729
0.0
0.0
0.0
0.0
0.0991694
0.883553
0.0
0.0
0.0
0.0
0.0
0.414657
0.471305
0.0
0.0
0.0
0.0
0.0
0.0
0.0
0.0
0.509999
2.22073
0.0
0.932805
3.0037
0.0
3.60586
0.268465
0.0
0.0
0.0
4.92504
0.0
0.0
0.0
0.0
0.0
1.82981
0.0
0.0
0.0
0.0
0.0
0.0
0.0
0.0
0.0
0.0
0.0
0.0
0.0
0.0
0.0
0.0
0.0
0.0
0.0
0.0
0.0
0.0
0.0
0.0
0.0
0.0
2.82012
0.0
0.0
0.0
0.0
0.0
2.50376
2.5043
0.0
0.0
0.0
0.0
0.0
0.0
0.0
0.0
0.0
0.0
0.0
0.0
0.0
0.0
0.0
0.0
0.0
0.0
0.0
0.0
0.0
0.0
0.0
0.0
0.0
0.1212
0.0
0.0
0.0
0.0
0.0
0.0
0.0
0.0
0.0
0.0
0.0
0.0
0.0
0.0
1.7856
3.89698
0.0
0.0
0.0
0.0617377
2.55818
0.0
3.0041
0.0
0.0
0.0
0.0
0.0
0.0
0.0
0.0
0.0
0.0
0.0
0.0
2.45935
0.0
0.0
0.0
0.0
0.0
0.0
0.0
0.0
0.0
0.0
0.0
0.0
0.0
0.0
0.0
0.0
0.0
0.0
0.0
0.0
0.0
0.0
0.0
0.0
0.0
0.0
0.0
0.0
0.0
0.0
0.0
0.0
0.217713
0.0
0.0
0.064094
0.0
0.0
0.0
0.0
0.0
0.0
0.0
0.0
0.0
0.0
0.0
0.0
0.0
0.0
0.0
0.0
0.0
1.27684
0.0
0.0
1.56779
0.0
0.0
0.0
0.463309
0.0
1.90473
0.0
0.0979135
0.0
0.0
0.0
0.0
0.0
0.0
0.0
0.0
0.0
0.0
0.0
0.0
2.64923
0.0
0.0
0.0
0.0
0.0
6.71162
0.0
0.0
0.0
0.0
1.78109
0.0
0.0
0.0
0.0
0.0
0.0
0.0
0.0
1.31488
0.0
0.0
0.0
0.0
0.0
0.0
0.0
0.0
0.49482
2.93265
0.0
0.0
0.0
0.0
0.0
1.50397
1.13506
0.0
0.0
0.0
0.0
0.0
0.0
0.0
0.0
0.0
0.0
0.0
0.0
0.0
0.0
0.0
0.0
0.0
0.0
0.0
0.0
0.0
0.0
0.0
0.0
0.0
0.0
0.645568
0.0
0.0
0.0
1.10211
0.0
0.0
0.0
0.0
0.0
0.0
0.632711
0.0
0.0
0.116601
0.0
0.0
0.0
0.0
0.0
0.0
0.0
0.0
0.0
0.0
0.0
0.0
0.0
0.0
0.0
0.0
0.0
0.526261
0.0
0.0
0.0
0.0
0.0
0.0
0.0
0.0
0.0
0.0
0.0
0.0
0.0
0.0
0.0
0.0
0.0
0.0
0.0
2.56401
0.0
0.0
0.205993
0.0
0.0
0.0
0.0
0.0
0.0
0.814761
0.0
0.0
0.0
0.0
0.0
0.0
0.0
1.14726
0.0
1.26487
3.46631
0.0
2.72936
0.0
0.0
5.95154
5.03428
0.0
0.0
0.0
0.213046
0.0
2.43771
1.50649
0.0
0.0
0.0
0.0
0.0
0.0
1.90925
0.365388
1.01117
0.0
0.0
0.0
0.0
0.0
0.335491
0.0
0.0
0.0
0.0
0.0
0.0807745
0.0
0.0
1.90036
0.0
0.0
0.0
0.0
0.0
0.0
0.0
0.499595
0.0
0.0
0.0
4.88973
0.0
0.0
0.0
0.0
0.439693
0.0
0.0
0.0
0.0
0.0
0.0
4.87903
0.0
0.0
0.0
0.0
0.0
0.0
0.361531
0.0
0.0
0.0
0.0
2.26722
0.0
0.0
0.0
1.82629
5.32751
0.0
0.0
0.0
0.0
0.0
0.0
0.0
0.0838835
0.0
0.0
0.0
0.0
0.0
0.0
4.34127
0.0
0.0
0.0
0.0
0.0
1.47432
0.760679
0.0
0.0
0.0
0.0
0.0
0.0
0.0
2.12031
0.0
0.0
0.0
0.0
0.0
0.0
0.0
0.0
0.0
0.0
0.0
0.0
0.0
0.0
0.0
0.0
0.0
0.0
0.0
0.0
0.0
0.0
0.0
0.0
0.910566
0.0
0.0
0.0
0.0
0.0
0.0
0.0
5.40989
0.0
0.456868
0.0
0.0
0.0
0.0
0.0
0.0
0.0
0.0
0.0
0.0
0.0
0.0430449
3.1304
0.0
0.0
0.0
0.0
0.919458
0.0
0.0
0.0
0.0
0.0
0.0
0.165832
0.0
0.0
0.0
0.150171
0.0
0.0
0.0
0.0
0.0
0.0
0.0
0.0
0.0
0.0
0.0
0.0
0.0
0.0
0.0
0.0
0.0
0.0
0.0
0.0
0.0
0.0
0.0
0.0
0.0
0.0
0.271343
0.0
0.0
0.0
0.0
0.0
0.0
0.0
0.0
0.0
0.0
0.0
0.0
0.0
0.0
0.0
0.814885
3.89042
0.0
0.0
0.0
0.0
1.98263
0.0
0.0
0.0
0.0
0.0
0.0
0.0
0.0
0.0
0.0
0.0
0.0
1.27843
0.0
0.0
0.0
3.58716
0.0
0.0
0.0
2.39734
0.0
0.0
0.0
0.0
0.0
0.0
0.0
0.406072
0.0
0.0
0.0
0.0
0.0
0.261688
0.0
0.0
0.0
0.0
0.0
0.0
1.30913
0.0
0.0
0.0
0.0
0.915982
0.0
0.430806
0.0
0.0
1.284
0.0
0.687503
0.0450239
4.49943
0.0
0.0
0.0
0.0
0.0
0.0
0.0
0.0
0.0
0.0
0.0
0.0
0.0
0.0
0.0
0.0
0.0
0.0
0.0
0.0
3.62907
0.0
0.0
0.0
0.0
0.0
0.0
0.0
0.777
0.0
0.0
0.0
2.63088
0.0
0.0
0.0
1.47973
0.0
0.0
0.0
0.0
0.0
0.922876
0.0
0.225065
0.78179
0.0
0.0
0.0
0.0
0.0
0.0
0.60485
5.24134
0.0
0.842855
0.0
2.4536
0.0
0.655474
0.0
0.0
5.02689
0.0
0.0
0.0
0.0
0.0
0.329426
0.0
0.0
0.0
0.0
0.836015
0.0
0.0
0.0
0.0
0.0
0.0
0.0
0.0
0.0
0.0
0.0
0.0
0.895463
2.09491
0.0
0.0
0.0
1.48908
0.0
3.2225
0.0
0.0
0.0
0.0
0.0
0.0
0.0
0.0
0.0
0.030607
0.0
0.0
0.0
0.0
1.19025
0.0
0.0
0.773943
0.0
0.0
0.0
0.0
0.0
0.0
0.0
0.0
0.0
3.15213
0.0
0.0
0.0
0.0
0.0
0.0
0.176968
0.0
0.0
0.0
0.0
0.0
0.0
0.0
0.0
0.0
3.79937
0.0
0.0
0.0
0.0
0.0
0.0
0.0
0.406783
3.59543
0.0
0.349943
0.0
0.0
0.0
0.0
0.0
0.0
0.0
0.172985
0.0
0.0
0.0
0.0
0.0
0.0
0.0
0.0
0.0
0.0
0.0
0.0
0.0
0.0
0.216632
0.0
0.0
0.0
1.91519
0.0
0.0
0.0
0.0
0.0
0.0
0.0
0.0
0.0
0.0
2.46977
1.96601
0.0
0.0
0.0
0.0
0.0
0.0
0.0
0.0
0.0
0.0
0.0
0.0
0.0
0.0
0.0
0.0
0.0
0.0
0.0783014
0.0
0.0
0.0
0.0
0.0
0.0
0.0
0.0
0.0
0.0
1.22596
0.0
0.0
0.0
0.0
0.0
0.0
0.0
0.0
0.0
0.0
0.0
0.0
0.0
0.0
0.0
0.0
0.617441
0.0
1.45273
0.0
0.0
0.0
0.0
0.0
0.0
0.759184
0.0
0.0
0.0
0.0
0.0
0.0
0.0
0.0
0.0
0.0
0.0
2.64766
0.0
1.34275
0.0
0.0
0.0
0.0
0.0
0.0
0.0
0.0
1.48035
0.0
0.0
2.0234
0.0
0.0
0.0
1.51981
0.0
0.0
0.0
0.0
0.0
0.0
0.0
0.39335
0.0
0.0
0.0
0.0
0.0
1.50582
0.0
0.0
0.0
0.0
0.0
0.0
0.0
0.0
0.0
1.42031
0.0
0.0
0.0
0.0
0.0
0.0
0.0
0.0
0.0
0.0
0.0
0.0
0.0
1.4855
0.0
0.159411
0.0
0.0
0.0
0.0
0.0
0.0
0.0
0.0
0.0
0.0
0.0
0.0
0.0
0.0
0.0
0.0
0.0
0.0
0.0
0.0
0.0
0.0
0.0
0.0
0.0
0.0
0.0
0.0
0.0
0.0
0.0
0.0
0.0
0.0
0.0
2.91198
0.0
0.0
0.0
0.0
0.0
0.0
0.0
0.0
0.0
0.0
0.0
0.982856
1.68726
0.0
0.393005
0.0
0.0
0.0
0.0
0.0
0.0
0.0
0.374563
0.0
0.0
0.0
0.0
0.0
0.0
0.0
0.0
0.0
0.0
0.0
0.0
0.0
0.0
0.0
0.0
0.0
1.582
0.0
5.36425
0.0
0.0
0.0
3.79766
0.0
0.0
0.0
0.0
1.64705
0.0
0.0
0.0
0.0
0.0
0.0
0.0
0.0
0.0
0.0
0.0
0.0
0.0
0.0
0.0
1.97575
0.490598
0.0
0.0
0.0
0.0
0.650211
0.0
0.0
5.41947
2.13696
0.0
0.0
0.0
3.78256
0.0
0.0
0.0
0.0
0.0
0.0
1.70942
0.0
0.606145
0.0
0.0
0.0
0.0
0.0
0.0
0.0
0.0
0.0
0.0
5.2844
0.0
0.0
1.07031
0.0
0.0
0.0
0.0
0.0
0.0
0.0
0.0
0.0
0.0
0.0
3.70302
0.0
0.0
2.17773
0.0
0.0
0.331022
0.0
0.0
0.723178
0.0
0.0
0.0
0.0
0.0
0.0
0.0
0.0
0.0
2.20072
0.0
0.0
0.0
0.0
0.0
0.0
0.0
0.0
0.0
0.886808
0.0
0.0
0.0
0.0
0.0
0.0
0.0
0.878025
5.3621
1.97031
0.0
1.39414
0.0
0.0
3.01566
0.0
0.0
1.45492
0.0
0.0
0.0
0.0
0.0
0.0
0.0
0.0
0.0
0.0
0.354805
0.0
3.5813
0.0
0.0
0.0
0.0
0.0
0.0
0.0
0.0
0.766954
0.0
0.0
0.0
0.0
0.0
0.0
0.0
0.0
0.0
0.0
1.30403
0.0
0.0
0.0
0.0
0.0
0.0
0.30363
0.0
0.0
0.0
0.0
0.0
0.0
0.0
0.0
0.0
0.0
0.0
0.0
0.0
3.67313
0.0
0.0
0.0
0.0
0.0
0.0
0.0
0.0
0.0
0.0
0.0
0.0
0.0
1.59892
0.0
0.0
0.0
0.0
0.0
0.0
0.0
0.0
0.0
0.0
0.0
0.0
0.0
5.60634
0.0
0.0
0.0
0.0
0.0
0.0
4.21817
0.0
0.0
0.0
0.0
0.0
0.0
0.0
0.0
0.0
0.0
0.0
0.0
0.0
0.0
0.0
0.0
0.0
0.0
0.0
0.0609148
0.0
0.0
0.0
0.0
0.431322
0.0
0.0
0.0
0.0
0.102453
0.771892
0.0
0.0
0.0
0.0
0.0
0.0
0.0
0.0
0.49192
0.0
0.0
0.0
2.76406
0.600972
0.0
0.0
0.0
0.0
0.0
0.0
0.15089
0.0
0.0
0.0
0.0
0.0
0.0
0.0
1.5788
0.0
0.0
0.0
0.0
0.0
0.0
0.0
0.0
0.51554
0.0
0.0
0.0
0.0
0.0
0.0
0.0
0.0
0.0
0.0
0.0389147
0.0
0.0
0.0
0.0
0.0
0.0
0.0
0.0
0.0
0.96975
0.0
0.719861
0.0
0.0
0.0
0.0
0.0
0.0
0.0
0.0
0.258017
1.63722
0.0
0.0569152
0.0
2.73806
0.0
0.0
0.0
0.0
0.0
0.0
0.0
0.0
0.0
0.0
0.0
0.0
0.0
0.0
1.52475
0.0
0.0
0.0
0.0
0.0
0.0
0.0
0.0
0.275778
1.42901
0.0
0.0
0.0
0.0
0.0
0.0
1.58275
0.0
0.0
0.0
0.0
0.0
0.0
0.0
0.0
0.0
0.0
0.0
0.0
0.0
0.0
0.0
0.0
0.0
0.0
0.0
0.0
0.0
0.0
0.0
0.0
0.0
0.0
0.812606
0.0
0.0
0.0
0.0
0.0
0.0
0.0
0.0
0.0
0.0
0.0
0.540187
0.0
0.0
0.0
0.433854
0.0
2.53084
0.0
0.0
0.0
0.0
0.0
0.0
0.0
0.0
0.0
0.0
0.0
0.0
2.44026
0.0
0.0
0.558927
0.0
0.0
0.0428444
0.264331
0.0
0.195513
1.45368
0.0
0.0
0.0
0.0
0.0
0.0
0.0
0.0
0.0
0.0
0.0
0.0
0.0
0.0
0.0
0.0
0.319644
0.556007
0.0
0.0
0.0
0.0
0.0
0.0
0.0
3.08846
0.0
0.0
0.0
0.0
0.0
0.0
0.0
0.0
0.0
0.0
0.0
0.0
0.0
0.0
0.0
0.0
0.0
0.622914
0.0
1.89251
2.61136
0.229042
0.0
0.0
0.0
0.0
0.0
0.0
0.0
0.0
0.0
0.0
0.0
0.0
0.0
0.0
0.0
0.0
0.636154
0.0
0.0
0.0
0.0
0.0
0.0
0.0
0.0
0.0
0.0
0.0
0.0
0.0
0.0
0.0
0.0
0.0
0.0
0.0
0.0
0.0
0.0
0.0
0.0
0.543561
0.0
0.0
0.0
0.0
0.0
0.0
0.0
3.4268
0.0
0.0
0.0
0.0
0.0
0.0
0.0
0.935685
0.0
0.0
0.0
0.0
0.0
0.0
0.0
0.0
0.0
0.0
0.0
0.0
0.0
1.75455
0.0
0.0
0.297233
0.0
0.0
0.0
0.0
0.0
0.0
0.0
0.0
1.24142
0.0
0.0
0.0
0.0
0.0
0.0
0.0
0.0
0.0
0.0
0.0
1.54563
0.0
1.29851
0.0
0.0
2.77533
0.0
0.0
0.0
0.0
0.0
0.0
2.46127
0.0
0.0
0.0
0.0
0.0
0.0
0.0
0.0
0.0
0.0
0.0
2.70894
0.0
0.0
0.0
1.24523
0.0
0.0
0.0
0.0
0.0
0.0
0.0
0.0
3.88808
0.0
0.0
0.0
0.0
0.0
0.0
2.73109
0.0
0.0
0.0
0.0
0.0
0.0
0.0
0.0
0.0
0.0
0.0
3.78975
0.0
0.0
0.0
0.0
0.0
0.0
0.0
0.67982
0.0
0.0
0.0
0.0
0.0
0.0
0.0
0.0
0.0
0.0
0.0
0.0
0.0
0.0
0.0
0.0
0.0
0.0
0.0
0.0
0.0
1.18705
1.67185
0.0
0.0
0.0
0.0
0.0
1.57936
0.0
0.0
0.0
0.0
0.0
0.0
0.0
0.0
0.0
0.0
0.0
0.0
0.0
0.0
0.0
0.932559
0.0
0.0
2.53736
0.0
0.0
0.0
1.23971
1.05521
0.0
0.0
0.553292
0.0
0.0
0.0
0.0
2.04648
0.0
0.0
0.0
0.0
0.0
0.0
0.0
0.0
0.0
0.0
0.0
0.0
0.0
1.31688
0.0
0.0
0.0
0.0
0.0
0.0
0.0
0.0
0.0
0.0
3.31034
0.0
0.0
0.0
0.0
0.0
0.0
0.0
0.0
0.0
0.0
0.0
0.0
0.0
0.0
0.0
0.0
0.0
3.28786
0.0
7.36822
0.0
0.0
0.0
0.0
0.0
0.0
0.856554
0.0
0.0
0.0
3.80588
0.0
0.0
0.0
0.0
0.0
0.0
0.0
0.0
1.06214
0.0
0.0
0.0
0.0
0.696275
2.16216
0.0
0.0
0.0
0.0
0.0
0.0
0.0
0.0
0.0
0.0
0.0
0.0
0.0
0.0
0.0
0.0
4.81174
0.0
0.0
0.0
0.0
6.01663
0.0
0.0
0.0
0.0
0.125532
0.0
0.0
0.0
0.239832
0.0
0.0
0.0
0.0
0.0
0.0
0.0
0.0
0.0
0.0
0.0
0.0
0.0
0.0
0.0
0.0
0.0
1.10025
0.0
0.139159
0.0
0.0
0.0
0.0
0.0
0.0
0.0
0.0
0.0
0.0
0.0
0.0
0.0
0.0
0.0
0.0
0.0
0.0
0.0
0.597842
0.0
0.54325
0.0
0.0
2.87071
0.0
0.0
0.0
0.0
0.0
0.845669
0.0
0.0
0.0
0.0
0.0
0.0
0.0
0.0
0.0
0.0
0.0995928
0.356566
0.0
0.0
0.0
0.0
0.0
2.07911
0.0
0.0
1.75425
0.558649
0.0
0.0
0.0
0.0
0.0
0.0
0.0
0.0
0.0
0.0
0.0
0.0
0.0
0.0
0.0
0.0
0.0
0.0
2.41382
0.0
0.0
0.0
0.0
0.0
0.0
0.0
0.0
1.88186
0.0
0.0
0.0
0.0
0.0
0.0
0.0
4.49004
2.6714
0.0
0.0
0.0
0.0
0.0
0.0
0.0
0.0
0.0
0.0
0.0
0.0
0.0
0.0
0.0
0.0
0.0
0.0
0.651873
0.0
0.400533
0.0
0.0
4.88159
1.69239
0.0
0.0
0.0
0.0
0.0
0.0
0.0
0.0
1.96045
0.0
0.0
0.0
0.0
1.64646
0.0
0.0
0.0
1.17041
0.0
0.0
1.63704
0.0
0.0
0.0
0.0
0.108439
0.0
0.0
0.0
1.08871
0.0
0.0
0.0
0.750589
0.0
0.0
0.0
0.0
0.0
0.0
0.0
0.100006
1.07741
0.0
0.0
0.0
0.0
0.0
2.41635
0.0
0.0
0.0
0.0
0.0
0.0
0.0
0.0
0.0
0.0
0.0
0.0
0.0
0.0
0.0
0.0
0.0
0.0
0.0
0.0
0.0
0.0
0.0
0.0
0.0
0.0
6.54924
0.0
0.11217
0.0
0.0
0.0
0.0
0.0
0.0
0.0
0.111709
0.0
0.0
0.0
0.0
0.0
0.0
0.0
1.32237
0.0
0.0
0.0
0.0
0.0
0.0
0.0
0.0
0.0
1.80831
4.3624
6.34427
0.0
0.0
0.0
0.0
0.0
0.0
0.0
0.0
1.79834
0.0
0.0
0.0
0.0
0.0
0.0
0.0
0.798574
0.0
0.314242
0.0
0.0
4.19173
0.0
0.0
0.0
0.0
0.0
0.0
0.0
0.0
0.0
0.0
0.0
0.0
0.0
0.0
1.9473
0.0
0.0
0.0
0.0
0.0
4.50228
0.0
0.0
0.0
0.0
1.62883
0.0
0.0
0.0
0.0
4.52391
0.433949
0.0
0.0
0.0
3.64854
0.0
0.0
0.0
0.0
0.0
0.0
0.0
0.130777
0.0
0.0
0.0
0.0
3.1454
0.0
0.0
0.0
0.0
0.0
0.0
3.30763
0.0
0.0
0.0
0.0
0.0
0.0
0.460039
0.0
0.0
0.0
0.0
0.0
0.0
0.0
0.0
0.0
0.0
0.0
0.0
0.841823
1.75721
0.0
0.0
0.0
0.0
0.0
0.0
0.0
0.0
0.0
0.0
0.0
0.0
2.12693
0.572681
0.0
0.0
0.0
0.366486
0.0
0.0
0.0
0.0
0.0
0.0
0.0
0.0
0.0
0.0
0.0
0.0
0.505449
0.0
0.0
0.0
0.0
0.0
0.0
2.01288
0.0
0.0
0.0
0.0
0.0
0.0
0.0
0.0
0.0
0.0
0.0
2.30398
0.0
0.0
0.0
0.0
0.0
0.0
0.0
0.0
0.0
0.0
0.0
0.0
0.0
0.0
0.0
0.0
0.0
0.0
0.0
0.0
0.474482
0.0
0.0
0.0
3.09188
0.0
0.0
2.11592
0.0
0.462322
0.0
0.0
0.0
0.0
0.0
2.13643
0.0
0.0
0.0
0.367957
0.0
0.0
0.0
0.0
0.0
0.0
0.0
0.0
0.0
0.0
0.0
0.0
0.0
0.0
0.0
0.0
0.0
0.0
0.0
0.0
0.0
0.0
0.0
0.0
0.0
0.0
0.0
0.0
0.0
0.539949
0.0
0.0
1.91166
0.0
0.0
0.0
1.22637
0.0
1.19169
0.0
0.0
3.32957
1.48247
2.04459
0.0
0.0
0.0
0.0
0.0
0.0
0.0
0.0
4.35499
0.0
0.0
0.0797566
0.0
0.0
0.0
0.0
0.0
0.0
0.0
0.323041
0.0
1.87493
0.0
0.0
0.0
0.0
3.03245
0.0
3.12309
0.0
0.0
0.0
0.0
0.0
0.0
0.0
0.0
0.0
0.0
0.0
0.0
0.0
0.0
2.9136
0.0
0.0
0.0
4.23522
0.985861
0.0
0.0
0.0
0.0
0.0
0.0
0.0
0.0
0.0
0.0
0.0
1.43646
0.0
0.0
0.0
0.0
0.0
0.0
0.0
0.0
0.0
0.0
0.0
0.408842
0.0
1.57712
0.0
0.0
0.0
0.0
0.0
0.0
0.0
0.0
0.0
3.86712
0.0
0.0
0.0
0.0
0.0
0.0
0.0
0.0746677
0.0
0.0
0.72757
0.0
0.0
0.0
0.0
0.0
0.0
0.0
0.0
1.01858
0.0
0.0
0.0
0.714421
0.0
0.0
0.0
0.0
0.0
3.5728
0.0
0.0
0.0
1.33202
0.0
0.0
0.0
0.0
0.0
0.0
0.0
0.0
0.0
0.0
0.0
0.0
0.0
0.0
0.0
0.0
0.0
0.0
0.0
0.0
0.730952
0.0
0.0
0.0
0.0
1.30388
0.0
4.32188
0.0
0.0
0.0
0.0
0.0
0.0
0.0
0.0
0.0
0.0
0.0
0.0
0.0
0.0
0.0
0.0
0.108251
0.0
0.0
0.0
0.0
