0.0
0.0
3.27076
0.0
1.67572
0.0
0.0446606
0.0
0.0
0.0
0.0
0.0
0.0
0.0
0.0
0.0
0.0
0.0
0.0
0.0
0.0
0.305104
0.0
0.0
0.0
0.0
0.0
0.0
0.0
0.0
0.0
0.163896
0.0
9.16835
0.0
0.0
0.0
0.0
0.0
0.0
0.0
0.0
0.521478
0.0
0.0
0.0
0.0
0.0
0.0
2.85233
0.692232
0.0
0.0
0.0
0.0
0.0
0.0
0.0
0.0
0.0
0.0
0.0
0.0
2.28112
0.60358
0.0
0.0
0.62279
0.766137
0.0
0.0
0.0
0.0
0.0
0.0
0.0
0.0
0.0
0.0
0.0
0.752231
0.0
0.0
0.0
0.0
0.0
0.0
0.0
0.0
0.0
0.0
0.0
0.0
0.0
0.0
0.0
0.0
0.0
1.56018
0.0
0.0
0.0
0.0
0.0
0.0
0.0
0.261209
0.0
0.0
0.0
0.0
0.0
0.0
3.87467
0.0
0.0
0.0
0.0
1.21711
0.0
0.123343
0.0
0.0
0.0
0.0
0.0
0.0
4.95246
0.0
0.0
0.0
0.853782
0.0
0.0
2.24759
0.0
0.0
0.0
0.722922
0.0
0.0
0.514726
0.0
0.0
0.0
0.0
0.0
0.0
0.0
0.0
0.0
0.0
0.0
0.0
0.0
0.0
0.0
0.381513
0.0
0.0
1.20001
0.0
0.0
0.0
0.0
0.0
0.0
0.0
0.0
2.61213
0.0
0.0862368
0.504899
0.0
0.0
0.0
0.0
0.0
0.0
0.0
0.0
0.0
0.0
0.0
0.0
0.181224
0.0
0.0
0.0
0.0
0.381215
0.0
2.0059
0.0
0.0
0.0
0.0
0.0
0.0
1.67703
0.0
1.2412
0.0
1.86314
0.0
0.0
0.0
0.0
0.0
0.0
0.0
0.0
0.0
0.0
0.0
0.0
0.0
0.0
0.0
1.2833
0.0
1.1241
0.0
0.0
0.0
0.0
0.0
1.64882
0.0
0.0
0.0
0.0
0.0
1.23691
0.0
0.0
0.0
0.0
0.0
0.0
0.0
0.0
0.0
2.03835
0.274967
0.0
0.0
4.0441
0.0
0.0
0.0148452
0.242284
0.0
0.0
0.0
0.0
0.0
0.0
0.0
0.0
0.0
0.0
3.39565
0.0
0.0
0.0
0.0
0.0
0.0
2.34613
0.0
2.69311
0.0
0.0
0.0
0.0
0.716679
0.0
0.0
0.0
0.0
0.203873
0.645432
1.5444
0.0
0.0
0.0
0.0
0.2888
0.0
0.0
0.0
0.0
0.0
0.0
0.0
0.0
0.0
0.0
0.0
0.0
2.28644
3.49469
0.0
0.0
0.0
0.0
0.0
0.0
0.0
0.0
0.0
0.0
0.0
0.0
0.0
0.0
0.0
0.0
0.0
0.0
0.0
0.0
0.0
0.0
0.0
0.0
0.0
0.0
0.0
0.0
0.0
0.0
0.504322
0.0
0.0
0.0
0.0
0.0
0.0
0.0
0.0
0.0
0.0
0.0
0.0
0.0
0.0
0.0
0.0
0.0
0.0
0.0
0.0
0.0
0.0
0.0
0.0
0.0
1.98494
0.0
0.0
0.0
0.0
0.0
0.618835
0.0
0.0
0.0
0.0
0.0
0.0
0.0
0.0
0.0
0.0
0.0
0.0
0.0
1.18164
0.0
0.0
0.0
0.0603654
0.0
0.0
0.0
4.68158
0.0
2.69427
0.0
0.0
0.0
0.0
0.0
2.68647
4.28795
0.0
0.0
0.0
0.0
0.0
0.0
0.0
0.0
0.0
0.0
0.0
0.0
0.0
0.0
0.0
0.0
0.0
0.593388
0.0
0.0
0.0
0.0
1.24134
0.0
0.0
0.597953
0.0
0.0
0.0
0.0
0.0
0.0
0.0
2.03501
0.0
0.0
0.0
0.0
0.0
0.0
0.0
0.0
0.0
0.0
0.0
0.0
0.0
0.0
0.0
0.0
0.0
1.11335
0.0
0.0
0.0
0.0
3.64229
0.0
0.0
0.0
0.0
0.0
0.0
0.0
0.0
0.0
0.0
0.0
0.966967
0.0
0.0
0.276037
2.53942
0.0
0.0
0.0
0.0
0.0
0.0
0.0
0.0
1.378
0.0
0.0
0.0
0.0
0.60547
0.0
0.0
0.0
0.0
0.0
0.0
0.0
0.0
0.0
0.0
0.0
0.0
2.3839
1.86476
0.811391
0.0
0.0
0.0
0.0
0.0
0.0
0.0
0.0
0.0
0.0
0.0
0.0
0.0
0.0
0.0
0.0
0.0
0.0
0.0
0.0
0.0
0.0
0.0
0.0
0.674075
0.0
0.0
0.0
0.0
0.0
0.149763
0.0
0.0
0.0025385
0.877671
0.0
0.0
1.14116
0.0
0.089937
0.0
0.0
0.0
0.284215
0.0
0.0
0.0
0.0
0.0
0.0
0.0
0.0
0.0
0.0
0.0
0.0
0.0
0.0
0.0
0.0
0.0
0.0
0.0
0.0
0.585033
0.0
0.0
0.0
0.0
0.0
0.0
0.0
0.0
0.0
0.0
1.89346
0.0
0.0
0.0
0.0
0.0
0.0
0.0
0.0
0.0
0.0
0.0
1.36372
0.0
0.0
0.0
0.0
0.0
0.0
0.0
0.0
0.0
3.92071
0.0
0.186648
0.0
0.0
0.0
0.0
0.0
0.837619
0.0
0.0
0.0
0.276722
0.0
0.0
0.0
0.0
0.0
0.0
1.2072
0.0
0.0
0.0
0.986245
4.51948
0.0
0.0
0.0
2.93965
0.0
0.0
0.0
0.0
0.0
0.0
0.0
0.0
0.0
0.0
0.260317
0.0
0.0
0.0
0.0
0.0
0.0
0.0
0.0
0.0
0.0
0.0
0.0
0.0
0.0
0.0
0.0
0.0
0.0
0.0
0.0
0.0
1.24383
0.0
0.0
2.6033
2.15605
0.0
0.0
0.0
1.53262
0.0
0.0
0.0
0.0
0.0
0.0
0.0
0.0
0.174252
0.0
3.63493
0.0
0.0
0.0
0.0
0.0
0.0
2.28345
0.0
0.0
0.0
0.0
0.0
0.0
0.0
0.0
0.0
0.0
0.0
0.0
0.0
0.0
0.0
0.0
0.0
0.0
0.0
0.0
0.0
0.0
0.0
0.0
0.0
0.0
0.0
0.0
2.48364
0.0
0.0
0.0
0.0
0.0
0.0
0.0
0.0
0.0
0.0
0.0
0.76064
0.0
0.0
0.0
1.44561
1.45804
0.0
1.5362
0.0
0.0
3.89061
2.29941
0.0
0.0
2.99973
0.0
0.0
0.0
0.0
0.0
0.0
0.0
0.0
0.0
0.0
0.0
0.0
0.0
1.74771
0.0
0.0
0.0
0.0
4.96943
0.548566
0.0
3.17289
2.01072
0.0
0.0
0.0
0.0
0.0
0.0
0.0
0.0
0.0
0.0
0.0
0.401422
0.0
0.0
1.87203
0.985485
0.0
3.69581
0.0
0.0
0.0
0.023055
0.0
0.0
0.0
0.0
0.0
0.0
0.0
1.54863
0.0
0.0
0.0
0.0
3.06156
0.0
0.0
0.0
0.0
0.0
0.0
1.56431
0.0
0.0
0.423105
0.0
0.0
0.0
0.0
0.0
0.0
0.0
0.295308
0.0
2.97243
0.0
0.0
0.0
0.0
0.0
0.0
0.0
0.0
0.698608
0.0
0.0
0.299835
0.0
0.0
0.0
0.0
0.0
0.0
0.0
0.0
0.0
1.27897
0.0
0.0
0.0
3.66338
0.0
1.53321
0.0
0.0
0.0
0.485392
0.365456
0.0
0.0
0.0
0.0
0.556762
0.0
0.0
0.0
0.0
0.0
2.35514
2.36054
0.0
0.0
0.0
0.0
0.0
0.0
0.0
0.0
0.0
0.0
0.0
0.0
0.0
0.0
0.0
0.0
0.0
0.0
0.0
0.536423
0.0
0.0
0.0
0.0
0.0
0.0
0.0
1.36694
0.0
2.06996
0.0
0.0
0.0
0.0
1.83884
0.0
0.0
0.0
0.0
0.0
0.0
0.0
0.0
0.0
0.0
0.0
2.92077
0.0
0.0
0.0
0.0
0.0
0.0
0.0
0.0
0.459562
0.0
0.0
0.0
0.398397
0.0
1.95949
0.0
0.0
0.0
1.24699
0.0
0.0
0.0
0.0
0.0
1.39274
0.0
0.0
0.0
0.0
0.0
0.0
0.0
0.0
0.0
0.0
0.0
0.0
1.06571
0.0
0.0
0.354712
0.0
0.0
0.0
0.0
0.0
1.6983
0.0
0.371549
0.0
2.83862
0.0
0.0
0.0
0.0
0.484358
0.0
0.0
3.73393
0.0
0.0
1.98213
0.0
0.0
0.0
0.0
0.0
0.0
0.0
0.0
0.0
0.0
0.0
0.874838
0.0
0.0556118
2.63861
0.0
0.0
0.0
0.0
0.0
0.0
0.0
0.0
0.0
0.140535
0.0
0.0
0.0
0.0
0.0
0.0
0.0
0.0
0.0
0.0
0.0
0.0
0.0
0.0
0.0
0.0
0.0
0.0
0.0
0.0
0.193609
2.165
0.0
0.0
0.0
0.0
0.0
0.725694
0.0
0.0
0.0
0.0
0.0
0.0
0.0
0.0
0.0
0.18967
1.23157
0.0
0.0
0.0
0.0
0.0
0.0
0.0
0.0
0.322828
0.0
0.0
0.161671
0.0
0.0
0.0
0.0
0.0
0.0
0.0
0.0
0.0
0.0
0.0
0.0
0.0
0.0
0.0
0.0
2.71531
0.0
0.0
0.656798
1.60545
0.738026
0.0
0.0
0.0
0.0
2.05655
0.0
0.0
3.02667
0.0
0.0
0.0
0.0
0.0
0.0
0.0
0.0
0.0
0.0
0.507667
0.0
0.0
0.0
0.0
0.717819
0.0
0.0
0.0
0.0
0.0
0.0
0.0
0.0
0.0
1.63266
0.0
0.104557
0.0
0.0
0.0
0.0
0.0
0.0
0.0
0.0
0.0
0.0
0.0
0.0
0.0
0.80284
0.0
0.0
0.0
0.0
0.0
0.0
0.0
0.0
0.0
0.0
0.0
0.0
0.0
0.0
0.0
0.0
0.201431
0.0
0.0
0.0
0.0
0.0
1.84572
0.0
1.60347
0.0
0.0
0.0
0.686074
0.0
3.04655
0.0
0.0
0.0
0.695593
0.909094
0.0
0.0
0.0
0.0
0.0
0.0
0.0
1.76513
0.0
2.50246
0.0
0.0
1.6626
0.849989
0.0
0.0
0.0
4.8454
0.0
0.411449
0.0
0.0
0.0
0.0
0.815865
0.352057
0.0
0.0
0.0
0.0
0.0
0.0
0.0
2.92134
0.0
0.0
0.0
0.0
0.0
0.0
0.0
0.0
0.0
0.0
0.0
0.0
0.0
0.0
0.0
0.0
0.0
0.0
0.0
0.0
0.0
0.0
0.0
0.0
0.0
0.0
0.0
0.0
0.0
0.862219
6.39383
0.0
0.0
0.0
0.0
0.706318
1.83782
0.0
0.0
0.0
0.0
0.0
1.79953
0.0
0.0
0.0
2.48442
0.0
0.0
1.1679
0.0
0.0
0.0
0.0
0.0
0.317028
0.0
0.0
0.0
0.0
0.0
0.0
0.0
0.0
1.23264
0.0
0.0
0.0
0.0
0.0
0.0
1.24803
0.0
0.0
0.0
0.0
0.0
0.0
0.0
0.0
0.0
0.0
0.0
0.0
0.0
0.0
2.06417
0.0
4.98133
0.0
1.91931
0.0
0.0
0.0
0.0
0.0
0.0
0.0
0.0
0.0
0.0
0.0
4.12624
0.0
0.514053
1.87881
0.0
0.0
0.0
0.0
0.0
0.0
0.0
0.0
0.0
2.20478
0.991834
1.83794
0.0
0.0
0.517288
0.0
0.0
0.0
0.0
0.0
0.0
0.0
0.0
0.0
0.0
0.0
0.0
0.0
0.0
0.0
0.0
0.0
0.0
0.0
0.0
0.0
0.0
0.0
0.0
0.0
0.0
0.0
0.0
0.0
0.0
0.0
0.0
0.0
0.0
0.116002
0.0
0.0
0.0
0.0
0.0
0.0
0.0
0.0
0.0
1.78607
0.0
0.0274594
0.0
3.79675
0.0
0.0
1.02483
0.0
0.0
0.0
0.0
0.0
0.0
0.0
0.0
0.0
1.32183
0.0
0.0
0.0
0.0
0.0
0.0
0.0
0.321375
0.0
0.0
0.0
1.09673
0.577755
0.541006
0.0
0.958336
0.0
0.0
0.0
0.247671
0.0
0.0
0.0
0.0
1.42497
0.0
0.0
0.0
0.0
1.21119
0.0
0.0
0.0
1.43914
0.0
0.0
0.0
0.0
0.0
0.0
0.0
0.0
0.0
0.0
0.0
1.86076
0.0
0.0
0.0
0.136483
0.0
0.0
0.0
0.0
0.0
0.0
0.0
0.0
0.0
0.0
3.38192
0.0
0.0
0.0
0.0
0.0
0.0
0.0
0.0
0.0
0.0
0.0
2.51903
0.0
0.0
0.0
0.0
2.32286
0.0
0.0
0.0
0.0
0.0
0.0
0.0
0.0
0.0
0.0
0.0
0.0
0.353606
0.0
1.27056
0.0
2.82021
0.0
0.258468
0.0
0.364639
0.0
0.0
0.0
0.0
1.3785
0.684293
0.0
0.0
0.0
0.0
0.0
0.0
0.0
0.55458
0.0
0.0
0.0
0.0
0.0
0.0
0.0
0.0
0.0
0.691241
0.0
0.0
0.0
0.0
0.0
0.0
0.0
0.27306
0.0
0.0
2.1331
3.11367
1.95693
0.0
0.0
0.0
0.0
0.0
0.0
1.13087
0.0
0.0549759
0.0
0.0
0.0
0.0
0.553685
1.27959
0.0
0.0
0.0
0.0
0.0
0.0
0.0
0.3433
0.0
0.0
0.0
0.0
0.0
0.0
0.0
0.0
0.0
0.0
0.0
0.0
1.59442
0.0
0.0
0.0
0.0
0.0
0.0
0.0
0.0
0.0
0.0
1.65957
0.0
0.0
0.0
0.664154
0.0
0.0244669
1.92035
0.0
0.73383
0.0
0.0
0.0
0.0
0.0
0.0
3.22142
0.0
0.0
0.569533
0.0
0.0
0.0
0.0
0.0
0.0
0.0
0.0
0.0
0.0
0.0
0.0
0.0
0.0
0.0
0.0
0.0
0.0
0.0
0.0
0.0
0.0
0.0
0.0
0.0
1.10219
0.0
2.55032
0.0
1.26618
0.0
0.0
0.0
0.0
0.0
0.0
0.0
0.0
0.0
0.0
0.0
0.0
0.0
0.0
0.0
0.0
0.0
0.0
0.0
0.0
0.0
0.0
0.0
0.0
0.0
0.0
0.0
0.0
0.0
0.211221
0.0
1.80729
0.0
0.0
2.55775
0.0
0.0
0.0
0.0
0.0
0.0
1.87156
0.0
0.0
0.0
0.0
0.0
0.257312
0.0
0.0
0.0
0.0
0.0
0.0
0.0
0.0737754
0.0
0.0
0.0
0.0
0.0
0.0
1.74908
0.0
0.0
1.29902
0.0
1.67745
0.0
2.70487
0.0
0.0
0.0
2.02047
0.567141
0.0
0.0
0.0
0.0
0.0
1.22254
0.0
0.0
0.0
0.272311
0.0
0.0
0.0
0.0
0.0
0.0
0.0
0.0
0.0
1.27696
0.0
0.0
0.0
0.0
0.0
0.0
3.41836
0.0
0.0
0.0
0.0
0.0
4.55033
0.0
0.0
0.0
0.0
1.57282
0.291958
1.55996
0.0
0.0
0.0
0.0
0.0
0.0
0.0
0.601229
0.0
1.56696
0.0
0.0
0.0
0.0
0.454264
0.0
1.55411
0.0
0.0
0.0
0.0
0.0
0.61664
0.0
0.0
0.723121
0.0
0.0
0.0
0.137375
0.0
0.0
0.0
0.0
0.0
0.0
0.0
0.0
0.0
0.0
0.0
4.58119
0.0
0.0
0.0
0.0
2.33121
0.0
0.229611
0.540027
0.0
0.0
0.0
0.0
0.0
0.0
0.0
0.0
0.0
0.0
0.0196627
0.987986
0.0
0.0
0.0
0.0
0.0
0.0
0.0
0.0
0.0
0.0
0.16437
0.0
0.0
0.0
0.0
0.0
0.0
0.0
0.0
0.0
0.0
0.0
0.0
0.0
0.0
0.0
0.0
0.0
0.0
0.0
0.0
0.0
1.73178
2.42788
0.0
0.0
0.0
0.0
0.0
0.0
0.0
0.0
1.65328
0.0
0.0
0.0
0.532283
0.0
0.0
0.0
0.0
0.0
0.0
0.0
0.0
0.0
0.0
0.165391
0.0
0.0
0.0
0.0
0.825361
0.0
0.0
0.0
0.0
0.0
0.0
0.0
0.0
0.0
0.0
0.0
0.0
0.0
0.0
3.13392
0.0
0.0
0.0
0.0
0.0
1.66697
0.0
0.0
0.0
0.0
0.745563
0.0
0.0
2.2167
0.0
0.0
0.0
1.35572
0.0
0.0
0.0
0.0
0.0
0.0
0.0
0.0
0.0
0.0
1.04976
0.0
0.0
0.0
0.0
0.0
0.0
0.889434
1.3683
0.0
0.0
0.0
0.0
0.0
0.0
0.0
0.995464
0.0
0.0
0.0
0.0
0.0
0.0
0.0
0.0
0.0
0.0
0.0
0.0
0.0
0.493708
0.0
0.0
0.0
0.0
2.12676
0.0
0.0
0.0
0.220184
0.0
0.0
1.19349
0.0
0.0
0.0
1.09232
0.0
0.0
0.978913
0.0
0.0
0.0
0.702238
0.640602
0.0
0.0
0.0
0.0
0.0
0.0
0.0
0.0
0.0
0.0
0.0
0.0
0.0
0.0
0.0
0.0
0.0
0.0
0.0
0.0
0.0
0.0
0.0
0.0
0.0
0.0
0.0
0.505577
0.0
0.0
2.52055
0.0
3.94131
0.97521
0.0
0.385866
0.0
0.267019
0.0
0.0
0.745462
0.0
0.0
0.0
0.0
0.0
0.0
0.035921
0.0
0.0
0.75537
0.0
3.46809
3.10764
0.0
2.97027
0.0
0.0
4.35557
3.06982
0.0
0.0
0.0
0.0
0.43989
0.0
0.0153437
0.0
0.14318
1.55963
2.90879
0.0
0.0
2.36586
0.0
3.44128
0.0
0.404017
0.0528621
0.0
0.0
0.0
0.0
0.0
0.0
0.0
0.0
0.0
0.0
0.649479
0.0
0.551608
1.17456
0.0
0.0
0.0
0.0
0.0
0.176974
0.0
0.0
0.0
5.1291
0.0
0.0
0.0
0.0
0.0539455
0.0
0.0
0.0
0.0
0.0
0.0
1.15747
0.540627
0.154257
0.0
0.0
0.0
0.0
0.0
0.0
0.0
0.0
0.0
0.688923
0.0
0.0
0.0
0.0
6.29186
0.0
0.0
0.00337771
0.0
0.0
0.0
0.0
4.49369
0.0
0.0
0.812862
0.0
0.0
0.0
6.99112
0.0
0.0
0.0
0.0
0.0
3.74374
0.0
0.0
0.0
0.0
0.0
0.0
0.0
0.0
0.601091
0.0
0.0
0.0
0.0
0.0
0.0
0.195725
0.0
1.60731
0.0
0.0
0.0
0.0
1.22705
0.0
0.0
0.0
0.0
0.0
0.255539
1.81387
0.0
0.0
0.0
2.37648
0.0
0.0
0.0
0.0
0.0
0.786004
0.0
5.83074
0.0
1.02434
0.0
0.0
0.0
0.0
0.0
0.0
0.0
2.28685
0.0
0.0
0.0
0.550553
1.81875
0.0
0.0
0.0
0.0
0.0
0.0
0.0
0.0
0.0
0.0
0.756693
2.49421
0.0
0.0
0.0
0.0
1.69114
0.0
0.0
1.43247
0.0
0.0
0.0
0.0
0.0
0.0
0.0
0.0
0.0
0.0
0.0
0.409512
0.0
0.0
0.0
0.0
0.0
0.0
1.52271
0.0
0.0
0.0
0.0
0.0
0.0
0.0
0.0
0.263712
0.254765
0.0
0.0
0.0
0.0
0.0
0.0
0.0
0.0
0.0
2.28148
3.21848
0.0
0.0
0.0
0.0
1.38084
0.0
0.0
0.0
0.0
0.0
0.0
0.0
0.0
0.0
0.0
0.0
0.0
0.0
0.0
0.0
0.0
1.0359
0.0
0.0
0.0
3.42527
0.0
0.0
0.0
0.0
0.0
0.0
0.0
0.814739
0.0
0.0
0.0
0.0
0.0
2.37619
0.0
0.0
0.0
0.0
0.0
0.0
2.99772
0.0
0.0
0.0
0.0
2.77301
0.0
0.274837
0.0
0.0
0.0
0.0
3.22739
0.0
6.60798
0.0
0.0
0.0
0.0
0.0
0.0
0.0
0.0
0.0
0.0
0.0
0.0
0.0
0.0
0.0
0.0
0.0
0.0
0.0
0.0
4.4631
0.0
0.0
3.01996
0.0
1.035
0.0
0.0
0.0
0.0
0.0
0.0
0.339222
0.0
0.0
0.0
1.30521
0.0
0.0
0.0
0.0
0.0
0.0
0.0
2.43861
0.0
0.0
0.0171205
0.0
0.0
0.0
0.0
0.946124
4.20032
0.0
0.32208
0.0
1.7319
0.102583
0.0
0.0
0.0
5.50827
0.0
3.60263
0.0
0.0
0.0
0.0
0.0
0.0
0.0
0.0
1.17317
0.0
0.0
0.0
0.0
0.015163
0.0
0.0
0.0
0.0
0.0
0.0
0.0
1.75394
0.0
0.0
0.0
0.0
0.0
0.0
2.68581
0.0
0.0
0.0
0.0
0.0
0.0
0.0
0.0
0.0
0.0
0.0
0.0
0.0
0.0
0.0
0.0
0.0
0.0
0.795637
0.0
0.0
0.0
1.64543
0.0
0.0
0.0
0.0
2.04464
0.0921369
0.546893
2.07407
0.0
0.0
0.0
0.672059
0.0
0.0
0.0
1.90736
0.0
0.0
0.0
0.0
0.0
0.697862
0.0
0.0
0.0
0.0
0.647462
0.0
0.0
0.0
1.34812
0.0
1.12792
0.0
0.0
0.0
0.0
0.0
1.25808
0.0
1.98958
0.0
0.0
0.0
0.0
0.0
0.0
0.5526
0.82237
0.0
0.0
0.0
0.0
0.0
0.0
1.60532
0.0
0.0
1.20146
3.8932
0.0
0.0
0.0
0.0
0.0
0.0
0.0
0.0
0.0
0.0
2.49177
1.4352
0.0577563
0.0
0.98318
0.0
0.0
0.0
0.0
0.21959
0.0
0.0
2.20783
0.0
0.0
0.0
0.0
0.0
0.0
0.0
0.0
0.0
0.0
0.0
0.0
0.0
0.0
0.0
0.0
0.0
0.0
0.0
0.0
0.0
0.0101938
0.0
0.0
0.0
0.485163
0.0
0.780117
0.0
0.0
0.0
0.0
0.0
0.0
0.0
0.0
0.0
0.0
0.0
0.0
0.0
0.0
0.0
0.0
0.0
0.0
0.0
0.0
0.0
0.0
0.0
0.271868
0.0
0.0
0.0
0.0
3.31291
0.0
0.956377
0.0
0.0
0.0
0.0
0.0
0.0
0.0
0.0
1.28973
0.0
0.0
0.0
0.0
1.68805
0.0
0.400969
0.0
0.0
0.0
0.0
0.0
0.0
0.0
0.0681417
0.0
0.0
0.0
0.0
0.0
0.0
0.0
0.0
0.0
0.0
0.0
0.0
0.0
0.0
1.87214
0.0
0.0
0.0
0.0
2.19199
0.0
0.0
0.0
0.0
0.0
0.0
0.0
0.0
0.0
0.0
0.0
0.0
0.0
0.0
0.254486
0.0
0.0
0.0
0.0
0.0
0.0
0.0
0.0
0.0
0.0
0.0
0.0
0.0
0.0
0.0
0.0
0.0
0.0
0.0
0.0
0.0
0.0
0.0
0.0
0.0
0.0
0.0
0.0
0.0
0.0
0.0
0.0
0.0
0.0
0.0
0.0
0.0
0.0
0.0
0.0
0.0
0.544891
2.28205
0.0
0.689012
2.39716
0.0
1.76603
1.12435
0.0738221
0.0
0.0
0.0
0.0
0.0
1.12152
0.0
0.0
1.19544
0.0
0.269443
0.0
0.731933
0.0
0.0
0.0
0.566512
0.0
0.0
0.0
0.0
0.0
0.0
0.797211
0.0
0.845762
0.0
0.0
0.0
1.68102
0.0
0.0
0.0
0.0
0.0390821
0.0
0.0
0.0
0.0
0.0
0.0
0.127438
1.12142
0.0
0.0
0.846041
0.0
0.0
0.0
0.0
0.0
0.399376
0.0
0.0
0.0
0.0
1.32695
0.0
0.0
2.35903
0.457909
0.0
0.184997
0.0
6.12505
0.0
0.0
0.0
0.0
0.0
0.0
1.78506
0.0
0.0
0.0
0.0
0.0
0.0
0.0
0.0
0.0
0.0
0.0
0.0
1.63996
0.0
0.0
0.0
0.0
0.0
0.0
0.0
0.0
0.0
0.0
0.0
0.0
0.30938
0.0
3.07536
0.0
0.0
0.0
0.0
0.0
0.359812
0.0
0.0
0.0
1.52757
0.0
0.0
0.0
0.0
0.0
0.0
0.0
0.0
1.96285
2.39885
0.0
0.0
0.0
0.0
0.0
0.0
0.0
0.0
0.0
0.0
0.0
0.0
0.0
0.0
0.0
0.0
0.0
1.45994
1.12715
0.0
3.50163
0.0
0.0
3.87994
0.0
0.0
0.0
0.990863
0.764243
0.0
0.0
0.0
0.0
0.0
0.0
0.0
0.374036
0.0
0.0
1.09538
0.0
0.0
0.0
0.0
0.0
0.0
0.0
0.0
0.0
0.0
0.0
0.0
0.0
0.0
0.0
0.0
1.58489
0.0
0.0
0.0
0.0
0.16632
0.0
0.0
0.0
2.10318
0.0
0.445647
0.0
0.0
0.0
1.276
0.0
0.0
0.0
0.0
0.0
0.0
0.0
2.75285
0.0
0.0
0.0
0.0
0.0
0.0
3.92539
0.0
0.0
0.0
0.0
0.922185
0.0
0.0
1.78581
3.09617
0.0
0.0
0.0
0.0
0.0
1.52694
0.0
0.467598
0.0
0.0
0.0
0.375179
3.99266
0.0
0.0
0.0
0.0
0.0
0.0
2.70986
0.0
0.0
0.0
0.0
0.0
0.0
0.0
0.0
0.0
0.0
0.0
0.0
0.0
0.0
0.0
0.0
0.0
1.18638
0.0
0.0
0.0
0.0
0.0
0.0
0.835459
0.0
0.0
0.0
0.0
1.2258
0.0
0.0
0.0
0.0
0.0
0.0
0.0
0.0
0.0
0.0
0.0
0.0
0.0
6.61166
0.0
0.0
0.0
0.842867
0.0
0.0
0.0
2.07208
0.0
2.56813
0.0
0.0
0.0
0.0
0.0
0.0
0.0
0.0
0.274795
0.0
0.0
0.0
2.65093
0.0
0.300329
0.0
0.0
0.0
0.0
0.0
0.0
0.0
0.0
0.0
0.0
0.774068
0.0
0.0
0.0
0.0
0.0
0.0
0.0
0.0
0.0
0.0
0.0
0.0
0.83247
0.0
0.0
0.0
0.0
0.421215
0.0
0.0
0.208911
2.93938
0.0
2.20191
0.407036
1.02651
0.0
0.0
0.0
0.0
0.474908
0.266167
0.0
0.0
0.0
0.0
0.0
0.0
0.0
0.0
3.3044
0.0
0.0
0.0
0.0
0.0
0.0
0.452083
0.0
0.0
0.0
0.0
0.0
0.0
0.0
0.0
0.0
2.63234
0.0
0.0
0.0
0.735795
0.0
0.0
0.0
0.0
0.0
0.0
0.0
0.0
0.0
0.0
0.0
0.0
0.0
0.0
0.0
1.46004
0.0
0.0
0.0
0.0
0.0
0.0
0.379709
0.0
0.0
0.0
0.0
0.0
0.0
0.0
0.0
0.0
0.0
0.0
0.495441
0.253389
0.0
0.0
2.97597
0.0
0.178613
0.586964
2.29529
0.0
0.0
0.0
0.0
0.0
0.0
0.0
0.0
0.0
0.455533
3.05962
0.0
0.0
0.0
0.0
0.0
0.0
0.0
0.0
1.2143
1.32364
0.0
0.0
0.0
0.0
0.0
0.0
0.0
0.0
0.0
0.0
0.0
0.0
0.0
0.0
0.0
0.0
0.0
2.1106
0.0
0.0
0.0
0.0
0.0
0.0
0.0
1.54425
0.0
0.0
0.0
0.0
0.0
0.0
0.0
0.0
0.0
0.0
0.0
1.14067
0.0
0.0
0.0
0.0
0.0
0.190238
0.0
3.2845
0.254878
0.529778
0.0
0.0
0.0
0.0
0.0
0.0
0.0
0.0
0.0
0.0
0.0
0.0
0.0
0.0
0.0
0.0873318
0.320971
0.0
0.0
0.0
0.0
0.0
0.0
0.0
0.0
0.0
0.0
0.0
0.0
0.0
0.0
0.947029
0.0
0.0
0.0
3.99173
0.0
0.0
0.0
0.695641
0.0
0.067323
0.0
0.0
0.0
0.0
0.0
0.0
0.0
3.01224
0.0
0.0
0.0
0.0
0.0
0.0
0.0
1.89925
0.0
0.0
0.0
0.0
0.0
0.241421
0.0
0.0
0.0
0.0
0.0
0.0
0.0
1.03938
0.0
0.0
0.0
0.0
0.0
0.0
0.0
0.0
0.0
0.0
0.0
1.13336
0.0
0.0
0.0
0.0
0.0
0.0
0.0
1.4196
0.0
0.0
0.0
1.28741
0.0
2.67565
0.0
0.0
0.0
0.0
0.715703
1.07097
0.0
0.0
0.0
2.77727
0.0
0.726875
0.0
0.0
0.0
0.0
0.0
0.0
0.0
0.0
0.0
4.97689
0.0
0.0
0.0
1.30344
0.0
0.0
0.0
0.0
0.0
0.0
0.0863008
0.0
2.61975
0.0
0.0
0.0
0.0
0.0
0.0
1.66624
0.0
0.0
0.0
0.0
0.0
0.0
0.0
0.0
0.0
0.0
0.0
3.36641
0.176049
0.0
0.0
0.291489
0.0
0.0
0.0
0.0
0.0
0.0
0.0
0.0
1.53877
0.0
0.0
0.0
0.0
0.0
0.0
0.0
0.0
0.0
0.0
0.529492
0.0
0.0
0.0
0.0
0.0
0.0
0.0
0.0
0.167702
0.0
0.0
0.0
1.29644
0.0
0.0
0.533108
0.0
1.41148
0.0
1.25431
0.0
0.0
0.0
0.0
1.06153
0.0
0.0
0.0
1.81768
0.0
0.0
0.686148
0.0
0.0
0.0
0.0
0.534179
0.0
0.0
0.0
0.0
0.0
0.0
0.0
0.0
0.0
0.0699392
0.0
0.0
0.0
0.0
0.0
3.69044
0.0
0.0
0.0
0.0
0.0
0.462673
0.0
0.0
0.0
0.0
0.0
0.0
0.0
0.0
0.0
0.0
0.0
0.0
0.0
0.0
2.64471
0.0
0.0
0.0
0.0
0.0
0.0
1.79442
0.0
0.0
0.0
0.0
0.788725
0.0
0.0
0.0
7.88404
0.0
0.0
0.0
0.0
0.0
0.0
1.68143
0.0
0.0
0.0
1.84801
0.0
0.0
0.0
0.0
0.0
0.0
0.0
0.0
0.0
0.415671
0.0
0.0
2.5755
0.45492
0.0
0.0
0.0
0.0
0.0
0.0
0.0
0.0
0.0
0.0
3.61873
0.0
0.0
0.0
0.0
0.0
0.0
1.83572
0.0
1.51804
0.0
0.0
1.91512
2.60215
0.0
0.0
0.0
0.0
0.0649113
0.0
0.0
0.0
0.0
0.0
0.0
0.0
0.0
0.0
0.0
0.0
0.0
0.0
0.0
0.0
0.745506
0.0
0.0
0.0
0.0
1.05204
0.0
0.0
0.0
0.0
0.0
0.0
0.0
0.0
0.0
0.0
0.0
0.597598
0.0
0.0
0.0
0.0
0.0
0.0
0.0
0.0
0.0
0.0
0.0
0.0
0.0
0.0
0.0
0.0
0.0
0.0
0.0
0.0
1.54727
0.0
0.0
0.0
0.0
0.0
0.0
0.0
0.0
0.717467
1.4911
0.173475
0.0
0.0
0.0
0.0
0.0
0.989722
0.0
0.0
0.0
2.71909
0.0
2.31941
0.0
0.0
1.10296
0.0
0.0284496
0.0
0.0
0.0
0.0
0.0
0.0
0.0
0.0
0.0
0.0
0.0
0.0
0.314891
0.0
0.0
0.0
0.0
0.0
0.0
0.0
0.0
0.283905
0.0
0.0421761
0.0
0.0
0.0
0.0
0.0
0.611905
0.624889
0.0
0.0
0.460929
0.0
0.62409
0.987487
0.0
0.0
0.0
0.136419
0.0
0.0
0.0
0.0
0.260947
0.0
0.169138
0.0
0.0
0.0
1.46399
0.0
0.0
2.37712
1.82143
0.0
0.0
0.109298
0.0
0.0
0.0
0.0
0.0
0.0
0.0
0.0
0.0
1.2217
1.22531
0.0
0.0
0.0
1.43229
0.0
0.0
4.37855
0.0
0.0
0.0
0.0
3.05296
0.0
0.0
0.0
0.0
0.0
0.0
0.0
0.0
0.0
0.0
0.0
0.0
0.0
0.0
0.0
0.0
0.0
0.0
0.0
0.0
0.0
0.0929042
2.90566
0.0
0.0
0.0
0.410396
0.410527
0.0
0.0
0.0
0.0
0.0
0.0
0.0
0.0
0.0
0.0
0.0
0.0
0.0
0.0
0.0
0.0
0.0
0.0
0.0
0.0
0.0
6.35281
0.0
2.25009
0.0
3.8017
1.89356
1.09664
0.0
0.0
0.0
0.0
0.0
1.34678
0.0
0.0
0.0
0.0
0.0
0.777164
0.957526
2.48643
0.0
0.0
0.0
0.0
0.0
0.0
0.0
0.0
0.0251483
1.95889
0.0
0.0
0.0
0.0
0.0
0.0
0.0
0.0
0.17784
0.630573
1.25031
0.0
0.0
1.27145
0.0
0.0
1.2334
0.0
1.96489
0.0
0.0
1.37871
0.0
0.0
0.0
0.0
0.0
0.0
0.0
0.0
0.0
0.0
0.0
0.0
0.215628
0.0
2.68708
0.0
0.0
0.0
0.0
0.0
3.66786
0.0
0.0
0.0
0.0
1.3196
0.0
0.0
0.00844955
0.0
2.2378
1.57047
0.0
0.0
0.0
1.53466
0.0
0.0
0.0
0.0
0.0
0.0
0.0
3.59826
0.0
0.0
0.0
0.0
0.0
0.0
0.0
0.0203917
0.0
0.0
1.71278
1.97188
0.0
0.0
0.0
0.0
0.166935
0.0
1.45917
0.0
0.0
0.0
0.756053
0.0
0.0
0.0
0.0
0.0
0.0
0.0
0.0
1.96172
1.29201
0.0
0.864295
0.0
0.0
0.0
1.07399
0.0
0.0
0.0
0.0
0.0
0.0
0.0
0.514269
0.0
1.37285
0.0
1.18019
2.64063
2.24791
0.0
0.0
2.37497
0.0
1.45767
0.0
0.67634
0.0
0.0
0.0
0.0
0.389974
0.0
0.0
0.0
0.0
0.0
0.0
0.0
0.0
0.0
0.0
0.0
0.0
0.295604
1.17769
0.0
0.0
0.0
5.23153
0.161563
0.0
0.0
0.0
0.0
0.0
0.0
0.0
0.0
0.0
0.0
0.0
0.0
0.0
0.477576
0.0
0.0
0.0
0.861659
0.0
0.0
0.0
3.32125
0.0
2.65103
0.0
0.0
1.81407
0.0
2.93487
0.0
0.0
1.48585
0.0
2.33749
1.33988
0.0
0.0
0.0
0.0
0.0
0.0
0.0
0.0
0.0
0.0
0.0
0.0
0.0
0.984657
3.89656
0.0
0.0
0.0
0.0
0.0252583
0.0
0.0
1.59955
0.0
1.17545
0.0
0.0
0.0
0.0
0.0
0.0
1.7145
0.0
1.89698
0.0
0.0
4.50188
0.0
0.0
0.0
3.46436
0.332115
0.0
0.25519
0.0
2.93736
2.96552
1.70763
0.0
0.112029
1.58082
0.0
0.0
0.0
0.0
0.0
1.88345
0.0
0.0
4.19183
0.0
0.0
0.0
0.0
1.03334
0.0
0.0
0.0
0.0
1.56334
0.0
0.0
0.0
0.0
0.0
0.0
3.11119
0.0
0.0
0.0
0.0
0.0
0.0
0.0
0.0
0.276979
0.0
0.0
0.0
0.243673
0.0
2.36938
0.0
1.31873
0.0
1.02583
0.0
0.0
0.0
0.0
0.0
0.0
0.0
0.0
0.0
0.0
0.0
0.0
1.00902
0.0
0.0
0.0
0.0
0.632297
0.0
0.0
0.0
0.0
0.0
0.0
0.0
0.0
0.793117
0.995135
0.0
0.0
0.0
0.0
0.0
0.0
0.0
0.0
2.25494
0.0
0.0
1.72594
0.0
0.0
0.0
0.0
0.0
0.0
0.0
1.64851
0.0
0.0
0.0
0.459587
0.0606908
0.0
2.65372
0.0
0.0
3.21934
0.0
0.0
0.0
0.0
0.0
0.0
0.0
0.0
4.18338
0.0
0.0
0.0
0.0
0.0
0.0
0.0
0.0
0.0
0.0
0.0
0.0
0.0
0.0
0.0
0.0
0.0
0.0
0.0
0.0
0.0
0.0
0.0
0.0
2.95975
0.0
0.0
0.0
0.0
1.64996
0.0
4.32649
0.0
0.0
0.0
0.0
0.0
0.0
0.0
0.0
0.0
2.51097
0.0
1.35482
0.0
0.0
0.0
0.0
0.0
0.0
0.340459
0.0
0.0
