0.0
0.0
1.26006
0.0
0.0
0.0
0.0
0.0
0.0
0.0
0.0
0.0
0.0
1.28259
0.0
0.0
0.0
0.0
2.14813
0.0
0.0
3.0975
0.0
0.0
0.0
0.0
0.0
0.0
0.0
0.0
0.0
2.16725
0.0
6.01792
0.0
0.0
0.0
0.0
0.0
0.0
0.0
0.0
1.65312
0.0
0.0
0.0
0.614501
0.0
0.113467
2.7648
0.0
0.0
0.0
0.0
0.0
0.0
0.0
0.0
0.0
0.0
0.0
0.0
0.0
4.23999
0.0
1.24785
0.0
0.599266
0.527133
0.0
0.0
0.0
0.0
0.0
0.0
0.0
0.0
0.0
0.0
0.0
2.26476
0.0
0.0
0.0
0.0
1.0296
0.0
0.0
0.0
0.0
0.0
0.0
0.0
0.0
0.0
0.0
0.0
0.0
2.12723
0.0
0.0
0.0
0.0
0.0
0.0
0.0
0.0506915
0.0
0.0
0.0
0.0
0.0
0.0
4.66461
0.0
0.0
0.0
0.0
0.0
0.0
1.06917
0.0
0.0
0.0
0.0
0.0454289
0.0
4.05269
0.0
0.0
0.0
0.0
0.0
0.0
0.783058
0.0
0.620591
0.332629
0.0
0.0
0.0
0.842727
0.0
0.0
0.0
0.0
0.0
0.0
1.37008
0.0
0.0
0.0
0.0
0.0
0.0
0.0
0.0
0.0
0.0
0.0
0.135983
0.0
0.633787
0.0
0.0
1.48422
0.0
0.200657
0.0
1.81984
0.0
0.0
0.0
0.0
0.0
0.0
0.0
0.0
0.0
0.0
2.96573
0.0
0.0
0.0
0.0
0.0
0.00403616
0.0
0.0
0.0
0.0
0.0
3.04071
0.0
0.0
0.0
0.0
0.0
0.0
3.86256
0.0
2.73781
0.0
0.0
0.0
0.931233
0.0
0.0
0.0
0.0
0.0
0.0
0.0
0.0
0.0
3.62717
0.0
0.0
0.0
3.59857
0.0
2.34092
0.0
0.0
0.0277049
0.0
0.0
2.15853
0.0
0.0
0.0
0.0
0.0
0.624607
0.0
0.0
0.0
0.0
0.0
0.0
0.0
0.0
0.0
0.0
1.53558
0.0
0.0
4.46191
0.0
0.0
0.0
1.69837
0.0
0.0
0.0
0.0
0.0
0.0
0.0
0.0
0.0
0.0
2.49202
0.0
0.0
0.0
0.0
0.0
0.0
0.475397
0.0
0.0
0.0
0.0
0.0
0.0
0.557499
0.0
0.0
0.0
0.0
0.206687
0.367919
2.15276
0.0
0.0
0.0
0.0
0.0
0.0
0.0
0.0
0.0
0.0
1.57933
0.0
0.0
0.0
0.0
0.0
0.0
5.71972
4.36242
0.0
0.0
0.0
0.0
0.0
1.7466
0.0
0.0
0.0
0.0
0.0
0.0
0.0
0.0
0.0
0.0
0.0
0.0
0.0
0.0
0.0
0.0
0.0
2.3384
0.0
0.0
2.80965
0.0
0.0
0.0
0.0
0.0
0.0
0.0
0.0
0.0
0.0
0.0
0.0
0.0
0.0
0.0
0.0
0.0
0.0
0.0182542
0.0
0.0
0.0
0.0
0.0
0.0
0.0
0.0
0.0
0.0
2.27701
0.0
0.0
0.0
0.0
0.0
1.67676
0.0
0.0
0.0
0.0
0.0
0.0
0.0
0.0
0.0
0.0
0.0
0.0
0.0
0.732809
0.0
0.0
0.37498
0.0
0.0
0.0
0.0
4.88841
0.372674
3.40227
0.0
0.0
0.0
0.0
0.0
3.96961
2.82886
0.0
0.0
0.0
0.0
0.0
0.0
0.0
0.0
0.0
0.0
0.0
0.0
0.0
0.0
0.0
0.0
0.0
0.0
0.0
0.0
0.0
0.0
1.71145
0.0
0.0
1.22892
0.0
0.0
0.0
0.0
0.0
0.0
0.0
4.87695
1.92472
0.0
0.0
0.0
0.0
0.0
0.0
3.46595
0.0
0.0
0.0
0.0
0.0
0.965516
0.0
0.0
0.0
0.0
0.748008
0.0
0.0
0.0
7.17905
0.0
0.0
0.0
0.0
0.0
0.0
0.0
0.482662
0.0
0.0
0.0
2.51024
0.0
0.0
0.0
3.61374
0.0
0.0
0.0
0.0
0.0
0.311587
0.0
0.0
4.67332
0.0
0.0
0.0
0.0
0.0
0.0
0.0
0.0
0.0
0.0
0.0
0.0
0.0
0.0
0.0
0.0
0.0
0.0
0.0
0.0
0.0
0.0
0.616354
0.0
0.0
0.0
0.0
0.0
0.0
0.0
0.0
0.0
0.0680907
0.0
0.0
0.0
0.0
0.0
2.51272
0.0
0.0
0.0
0.0852996
0.0
3.52323
0.0
0.0
0.0
0.0
0.0
0.0
0.0
0.0
2.97763
0.496722
0.0
0.0
2.59336
0.0
0.519842
0.0
0.0
0.0
0.0822173
0.0
0.0
0.0
0.0
0.0
0.0
0.0
0.0
0.0
0.0
0.0
0.365524
0.0
0.206279
0.0
0.0
0.0
0.0
0.0
0.0
0.0
0.0
0.0
0.0
0.0
0.0
0.0
0.408008
0.0
0.0
0.0784228
0.817611
0.0
0.0
0.0
0.0
0.0
0.0
0.0
0.681478
0.0
0.0
0.0
1.25664
0.0
0.0
0.0
0.0
0.0
1.4266
0.0
0.0
0.0
0.39091
0.0
0.0
0.0
0.0
0.0
0.0
0.0
0.0
0.0
0.0
0.0
3.18831
0.0
0.0
0.0
0.0
0.0
0.0
1.84674
0.0
0.0
0.0
0.857871
2.29995
0.0
1.41063
0.0
4.13601
0.0
0.0
0.0
0.0
0.0
0.0
0.0
0.0
0.0
0.0
1.11632
3.21544
0.0
0.0
0.0
0.0
0.0
0.0
3.53129
0.0
0.0
0.0
0.0
0.0
0.0
0.0
0.0
0.0
0.0
0.0
0.0
0.0
0.980138
0.0
0.0
3.41157
3.54723
0.0
0.0
0.0
0.0
0.0
0.0
0.0
0.0
0.0
0.0
0.0
0.0
2.1424
0.0
0.423624
0.0
1.51643
0.0
0.0
0.0
0.0
0.321879
0.0
0.0
0.0
0.0
0.0
0.0
0.0
0.0
0.0
0.0
0.327508
0.0
0.0
0.0
0.0
0.0
0.0
0.0
0.0656459
0.0
0.0
0.0
0.0
0.0
0.0
0.0
0.0
0.141422
5.18886
0.0
0.0
0.0
0.0
0.0
0.0
0.0
0.0
0.0
0.0
0.0
1.14948
2.20056
0.0
0.0
1.81852
0.0
0.0
1.97559
0.0
0.0
3.21596
5.7365
0.0
0.0
1.8892
0.0
1.33567
0.0
0.0
0.0
0.0
0.8051
0.0
0.0
0.0
0.255083
0.0
1.53913
0.0
0.323963
0.0
0.0
0.0699362
0.0
2.06423
0.0
2.91479
0.0
0.0
0.0
0.0
0.0
0.0
0.0
0.0
0.0
0.0
0.0
0.0
0.0778147
0.0
0.0
0.0885851
0.0
0.0
0.626203
0.0
0.0
0.0
1.60919
0.0
0.0
0.0
0.0
0.0
0.0
0.0
3.65725
0.0
0.0
0.0
0.0
2.39544
0.0
0.0
0.708395
0.0
0.0
2.05815
1.98733
0.0
0.0
0.912463
0.0
0.0
0.0
0.0
0.0
0.0
0.0
0.0
0.0
3.10386
0.0
0.0
0.0
0.0
2.86548
0.0
0.0
0.0
0.802724
0.0
0.0
0.0
0.312123
0.0
0.0
0.0
0.0
0.0
0.0
0.0
0.0
0.0
0.0
0.0
0.0
0.0826285
0.0
0.0
0.0
0.0
0.0
0.319798
0.979524
0.0
0.0
0.370364
0.0
1.82156
0.0
0.0
0.0
0.0
0.0
1.42877
2.69509
0.0
0.0
0.0
0.0
0.0
0.0
0.0
0.0
0.0
0.0
0.0
0.0680774
0.0
0.0
0.0
0.0
0.0
0.0
0.0
3.58454
0.0
0.0
0.0
0.0
0.0
0.0
0.0
0.0
0.0
2.73731
0.0
0.0
2.53872
0.0
0.0
0.0
0.0
0.0
0.0
0.0
0.0
0.0
0.0
0.0
0.0
0.0
1.35585
0.0
0.0
0.0
0.0
0.0
0.0
0.0
0.0
0.679478
1.38806
0.0
0.0
2.62311
0.0
0.0
0.0
0.0
0.0
0.0
0.0
0.0
0.462752
0.0
0.0
1.01734
0.0
0.478929
0.0
0.0
0.0
0.0
0.0
0.0
0.0
1.95865
0.0
0.0
0.0
0.0
0.0
0.0
0.0
0.0
0.0
0.797924
0.0
0.131327
0.0
3.08526
0.0
1.55679
0.0
0.0
0.0
0.0
1.2625
0.0
0.0
4.97389
0.0
1.82421
1.87607
0.0
0.0
0.0
0.0
0.0
0.597182
0.0
0.0
0.0
0.0
0.0
2.00766
0.0
0.928322
3.61214
0.0
0.0
0.0
0.0
0.0
0.446556
1.44222
0.0
0.0
0.0
0.0
0.0
0.0
0.0
0.0
0.0556978
0.0
0.0
0.0
0.0
0.0
0.0
0.0
0.0
0.0
0.0
0.0
0.0
0.882364
0.0
0.0
0.0
0.0
1.11725
0.0
0.0
0.0
0.0
0.0
0.0
0.0
0.0
0.0
0.0
0.495764
0.0
0.0
0.94805
1.57692
0.513509
0.0
0.0
0.0
0.0
0.0
0.0
0.0
0.0481
0.0
0.0
0.188336
0.0
0.0
1.82407
0.0
0.0
0.0
0.0
0.0
0.275925
0.0
0.0
1.57395
0.0
0.0
0.0
0.0
0.0
0.0
0.0
2.28015
3.76538
0.16002
0.0
0.0
0.746382
0.0
1.5067
0.0
0.0
2.22302
0.0
0.0
0.0
0.0
0.0
0.0
1.35112
0.0
0.331686
0.0
0.0
0.0
0.0
0.0
0.0
0.657901
0.0
0.0
0.0
0.0
1.37961
0.0
1.90999
0.0
0.0
3.11807
0.0
1.28636
0.0
0.0
0.0
0.0
0.0
0.0
0.0
2.28268
0.0
0.0
2.09921
0.0
0.0
0.0
0.0
0.0
0.0
0.0
0.0
0.0
0.0
0.464684
0.0
0.0
0.0
0.0
0.0
0.0
0.0
0.0
0.584284
0.0
0.0
0.0
0.0
0.0
0.0
0.0
3.22084
0.0
0.0
1.37539
0.0
0.0
0.0
0.0
1.40104
0.0
0.304246
2.90697
0.0
0.0
0.0
0.0
1.63587
0.0
0.0
0.712166
0.0
0.0
0.0
0.0
0.0
0.0
0.0
0.0
1.72365
0.542405
0.0
0.0
0.0
0.0
0.0
0.0
0.0
1.46766
1.13502
0.0
0.0
0.0
0.0
0.0
0.0
0.0953896
0.0
0.0
0.0
0.0
0.0
0.0
0.0
0.0
0.0
0.0
0.0
0.0
0.0
3.91445
0.0
0.0
0.0
0.0
0.0
0.0
0.0
0.0
0.0
0.229578
0.0
0.0
0.0
0.0
0.0
1.42692
6.68202
0.0
0.0
0.0
0.0
0.0
1.03682
0.0
1.84154
1.1837
0.0
0.0
2.4085
0.0
0.0
0.0
1.26834
0.0
0.0
1.76311
0.0
0.0
0.0
0.0
0.0
1.20699
0.761043
0.0
0.0
0.0
0.0
0.0
0.62365
0.0
2.59067
0.0
0.0
0.0
0.0
0.0
1.89214
0.0
0.0
0.0
0.0
0.0
1.53032
0.0
0.0
0.0
0.0
0.0
0.0
0.673152
0.0
0.0
0.0
3.50651
4.68026
0.0
1.88328
0.0
0.0
0.0
0.0
0.0
0.0
0.0
0.0
0.0
0.0
0.0
8.58535
0.0
1.02753
0.438437
0.0
0.0
0.0
0.0
0.0
0.427514
0.0
0.0
0.0
0.778269
0.0
2.60385
0.0
0.0
2.83297
0.0
0.0
0.0
0.0
0.0
0.0
0.0
0.296512
0.0
0.0
0.0
0.0
1.25461
0.0
0.0
0.0
0.0
0.0
0.0
0.0
0.0
0.0
0.0
0.0
0.0
0.0
0.0
0.0
0.907347
0.0
0.0
0.0
0.0
0.0
0.0
0.0
2.25446
0.0
0.0
0.913913
0.0
0.0
0.0
0.0
0.0
0.0
0.0
0.0
4.9302
0.0
0.0
0.0
0.0
0.0
0.0
0.0
0.0
0.0
0.0
0.0
0.0
0.0
0.0
0.0
0.0
0.0
0.0
0.0
0.0
0.290707
0.0
0.0
0.0
0.0
0.0
0.0
0.0
1.409
0.0
0.0
0.0
0.0
0.0
0.0
0.0
0.0
1.8325
0.0
0.0
0.0
0.0
0.0
0.410729
0.0
0.0
1.45043
0.0
0.571212
0.0
0.0
0.0
0.0
0.0
0.0
0.244153
0.0
0.293062
0.0
0.0
0.0
0.0
0.684106
0.0
0.0
0.0
0.0
0.386554
0.0
0.0
1.64613
0.0
0.0
0.811244
0.0
0.0
0.0
0.0
0.0
0.0
0.0
0.386583
0.0
0.0
0.0
1.49599
0.0
0.0
0.0
0.0
2.78593
0.0
0.0
0.522707
0.0
0.0
0.0
0.0
0.0
0.0
0.0
0.0
0.0
0.617879
0.0
0.0
0.0
5.78769
0.0
1.45581
0.0
0.80626
0.0
0.0
0.0
0.0
0.0
0.0
0.0
0.0
0.0
0.0
0.0
0.0
0.0
0.0
0.0
0.0
0.0
0.0
0.0
0.0
0.0
2.30264
0.0
0.0
0.0
0.0
0.0
0.0
0.0
0.0
0.0
0.0
0.0
0.0
2.64054
0.479757
0.0
0.0
0.00945272
0.0
0.0
0.0
0.0
0.0
0.0
2.53346
0.0
0.0
0.0
0.0
0.749409
0.815936
0.0
0.0
0.0
0.0
0.0
0.0
0.0
2.6621
0.0
1.19461
1.46038
0.0
0.0
0.0
0.179794
0.0
0.0
0.0
0.0
0.0
2.50078
0.306499
0.0
0.0
0.0
0.0
0.0
0.0
0.730485
0.0
0.0
0.0
0.918066
0.0
0.0
0.0
0.0
0.984666
2.53747
0.0
0.0
0.0
0.0
0.0
0.0
0.0
0.0
1.53366
0.0
0.0
4.09256
0.0
0.0
0.0
0.0
0.0
0.0
0.0
0.0
0.587117
0.0
0.0
0.0
0.0
0.0
0.0
0.0
0.0
0.0
0.0
0.0
0.0
0.0
0.0
0.0
0.0
1.84005
0.0
0.0
0.0
0.0
0.0
0.0
0.0
0.0
1.49904
0.0
0.0
0.0
0.0
0.0
0.0
0.0
0.280856
0.0
0.0
0.0
0.0
0.0
0.0
0.0
0.0
0.0
0.0
0.0
0.0
0.0
0.0
0.0
0.0
0.0
0.0
0.0
0.0
0.0
3.88948
0.0
0.0
0.0
0.0
0.0
0.0
2.34787
0.0
0.0
0.0
1.25849
0.0
2.25487
0.0
0.0
0.0
0.0
0.0
1.21172
0.0
0.0
0.0
0.0
0.0
1.00036
1.23602
0.0
0.776655
0.0
0.0
1.94401
0.0
0.162017
0.0
1.34611
2.94799
0.0
0.0
0.0
0.384758
0.0
0.0
0.0
0.0
0.0
1.00316
0.0
0.0
0.0
0.0
0.0
0.0
0.0
0.0
0.0
0.0
1.53556
0.0
0.0
0.0
0.386669
0.0
0.0
0.0
0.0
0.0
0.0
0.0
0.455406
0.0
0.0
0.0
1.6382
0.0
0.0
0.0
0.0
0.0
0.39354
0.0
0.0
0.0
0.0
0.0
0.0
0.0
0.0
0.0
0.0
0.0
0.0
0.0
0.0
0.0
0.0
0.380751
1.35302
0.0
0.0
0.0
0.0
0.0
1.64143
0.0
0.0
0.0
0.0
0.0
0.0
0.0
0.0
0.0
0.0
0.0
0.0
0.0
0.0
0.0
0.0
0.0
0.0
3.13542
0.0
0.0
0.0
0.0
3.25223
0.0
1.36899
3.00614
0.0
0.0
0.0
0.0
0.0
0.0
0.0
1.18681
0.359399
0.0
0.0
0.0972342
0.0
0.0
0.0
0.0
0.0
0.0
0.0
0.0
0.0
0.0
0.0
0.0
0.0
0.0
0.0
0.0
0.0
0.0
0.0
0.0
0.0
0.0
0.0
0.0
0.0
0.0
0.0
0.0
0.0
0.0
0.0
0.0
1.81227
1.2927
0.0
0.485423
0.0
0.0
0.0
0.0
0.0
0.0
0.0
0.0
0.0
0.828166
0.329217
0.0
0.0
0.0
0.0
0.0
0.0
1.61515
0.0
0.0
0.0
1.85293
0.0
0.0
0.0
3.60991
0.534989
0.0
0.0
0.0
0.0
0.0
0.0
0.0
0.0
0.0
0.0
0.0
0.0
0.0
0.0
1.4803
0.0
0.0
0.0
0.0
0.0
1.5168
0.0
0.0
0.0
0.0
0.0
0.0
0.0
0.0
0.0
0.0
0.0
2.41622
0.111651
0.0
0.0
0.0
0.0
0.0
0.0
0.0
0.0
0.0
1.06395
0.309925
0.0
0.0
0.0
0.0
0.0
0.0
0.270474
0.0
0.0
0.0
0.0
0.0
0.0
0.0
0.938305
0.27933
0.0
0.0
0.0
0.0
1.02596
0.0
0.0
0.0
0.0
0.0
0.0
0.0
0.0
0.0
0.0
0.0
0.0
1.53294
0.0
0.0
0.0
1.13154
0.835048
2.04893
0.150491
0.0
0.0
0.0
0.0
0.0
0.0
2.07793
0.0
2.05502
0.0
0.993882
0.0
0.0
0.0418273
0.0
0.0
0.0
0.0
0.0
3.05918
0.0
0.0
0.0
0.0
0.0
0.0
0.0
0.0
1.92629
0.0
0.0
0.0
0.0
0.478775
0.0
0.520938
0.0
0.0
0.0
0.0
0.0
0.0
4.53636
0.0
0.571445
3.55466
0.0
0.0
0.0
1.0862
0.0
0.0
0.0
0.0
0.0154566
0.0
0.0
0.0
0.0
0.0
0.0
0.0
4.57895
0.0
0.559054
0.0
0.0
4.98844
0.0
0.0
0.813754
2.47502
0.0
0.0
0.0
0.509526
0.0
0.0
1.66353
0.0
0.0
2.5022
2.39846
0.0
0.0
0.190812
0.0
2.08979
0.0
0.0
0.0
1.15788
0.0
0.0
0.0
0.0
0.0
0.0
0.0
0.0
0.0
3.11002
1.14212
0.0
0.0
0.0
0.0
0.0
0.0
0.0
0.176671
0.0
0.0
1.03822
2.778
0.0
0.0
0.0
0.0
0.0255703
0.769524
0.0
0.0
0.0
0.0
0.0
2.07495
0.0
0.0
0.0
0.0
0.0
0.0
0.0
0.913451
0.0
0.0
0.0
3.84724
0.0
0.0
0.0
0.0
6.88878
0.0
0.0
0.0
0.0
0.0
0.0
0.0
4.44593
0.0
0.0
0.0
0.0
0.0
0.0
3.62425
0.0
0.0
0.0
0.281871
0.0
2.71185
0.0
0.0
0.0
0.0
0.0
0.0
0.0
0.0
1.46769
0.0
0.0
0.0
0.0
0.0
0.0
1.04795
0.836398
1.02109
0.0
0.0
0.0
0.0
0.0930962
0.0
2.91593
0.0
0.0
0.0
0.0
2.73006
0.0
0.0
0.0
6.7142
0.0
0.0
0.0
0.0
0.0
0.0
0.0
4.03016
0.0
0.311782
0.0
0.0
0.959675
0.0
0.0
1.16137
0.0
4.27817
0.0
0.0
0.0
0.0
1.56676
0.0
0.0
0.0
0.0
0.0
0.0
0.0
0.0
0.0
0.0
0.0
2.101
0.0
0.0
0.0
3.21754
1.29403
0.0
0.0
0.0
1.11926
0.0
0.0
0.0
0.0
0.0
0.0
0.0
0.0
0.0
0.0
0.262934
0.0
0.0
1.67505
0.0
0.0
0.0
0.0
0.0
0.0
0.0
0.0
0.0
0.0
0.0
0.0
0.0
0.228241
0.0
0.0
0.0
0.0
0.0
0.0
0.0
0.0
0.0
0.0245496
4.03855
0.0
0.0
0.0
0.0
1.76451
0.0
0.0
0.0
0.0
0.0
0.0
0.0
0.0
0.0
0.0
0.0
0.0
2.77951
0.0
1.57982
0.0
1.9407
0.0
0.0
0.0
1.51205
0.0
0.0
0.0
0.0
0.0
0.0
0.0
0.0
0.0
0.0
0.0
0.0
0.0
0.0
0.0
0.0
0.193398
0.0
0.0
0.0
0.0
0.0
0.0
0.0
0.0
0.489511
0.0
0.0
0.0
0.0
0.0
0.0
2.5783
0.0
4.33733
0.0
0.0
0.0
0.0
0.0
0.0
0.0
0.0
0.0
0.0
0.0
0.0
0.0
0.0
0.0
2.41859
0.0
0.0
0.0154256
0.0
5.25319
0.0
0.0
4.64489
0.0
0.0
0.0
0.0
0.0
0.0
0.0
0.0
0.508129
0.0
0.0
0.0
0.0
0.0
0.0
0.0
1.16418
0.0
0.0
0.0
1.61059
1.09888
0.0
0.0
0.0
0.0
0.0
0.0
0.404004
3.20988
0.0
0.0
0.0
0.0
0.0
0.0
0.54615
0.0
1.53013
0.0
2.91133
0.0
0.0
0.0
0.0
0.0
0.0
0.0
0.0
0.0312203
0.0
0.0
0.0
0.0
1.05394
0.0
0.0
0.0
0.0
0.0
0.0
0.0
0.0
0.0
0.0
0.92317
0.0
0.0
0.00245015
3.0079
0.0
0.0
0.0
0.0
0.0
0.0
0.0
0.0
0.0
2.53158
0.0
0.0
0.0
0.0
0.0
0.35389
0.0
0.0
2.79657
0.0
1.56184
0.0
0.0
0.0
0.0
0.0
0.0
4.19035
0.0
0.0
0.0
0.0
0.0
0.0
3.84374
0.129597
0.0
0.0
0.0
0.0
0.0
0.0
0.0
0.0
0.85386
0.0
0.0
1.39215
0.0
0.191912
0.0
0.0
3.41298
4.19615
0.38498
0.0
0.0
0.0
0.0
0.0
0.0
0.0
0.0
0.0817726
0.0
0.0
0.0
0.0
0.0
0.0
0.0
0.0
0.0
0.0
0.0
0.811548
0.0
0.0
1.6415
0.0
0.0
0.0
4.90771
0.0
0.0
1.00529
0.0
0.0
0.0
0.0
0.0
0.0
0.0
0.591836
4.37565
0.0
0.0
0.0
0.0
0.0
0.0
0.0
0.28957
0.0
0.0
0.0
0.0
1.06744
0.0
0.0
0.0
0.628885
0.0
0.0
0.0
0.0
0.0
0.0
0.0
0.0
0.0
0.0
0.0
0.0
0.0
0.0
0.0
2.81648
0.0
0.0
0.0
0.0
0.0
1.24735
0.0
0.0
0.0
0.0
0.0
0.0
0.0
0.0
0.0
0.842129
0.0
0.0784316
0.0
0.0
0.0
0.0
0.0
0.0
0.0
0.0
0.0
0.0
0.339578
0.954676
0.0
0.0
0.0
0.0
1.88979
0.0
1.14533
0.0
0.0
0.0
0.0
0.0
0.0
0.0
0.280279
1.863
0.0
0.0
0.0
0.0
1.20432
0.0
0.968331
0.0
0.0
1.45247
0.0
0.0
0.0
0.0
0.0
0.0
0.0
0.0
0.0
0.0
0.0
2.79713
0.0
0.0
0.0
0.0
0.0
0.0
0.0
0.0
0.0
0.0
0.0
0.0
0.0
0.0
0.0
0.0
0.0
0.0
0.0
0.0
0.0
0.186226
0.0
0.0
0.0
0.0
0.0
0.787616
0.0
0.0
0.0
0.0
0.0
0.0
0.0
0.0
0.0
0.0
0.0
0.0
0.0
1.69076
4.89541
0.0
0.0
0.0
0.0
0.0
0.0
0.0
0.0
0.0
1.81237
0.0
0.0
0.0
0.0
0.0
0.0
0.0
0.0
0.0
1.85421
0.0
0.0
0.0
0.0
0.0
0.0
0.0
0.0
0.0
0.0
1.72123
0.0
0.472832
0.185096
0.0
0.0
0.0
0.0
0.0
0.0
0.65759
0.348485
0.0
0.0
0.0
2.59962
0.0
0.0
0.749472
0.0
0.0
3.32883
0.0
0.0
0.0
0.0
0.0
0.0
0.0
0.0
2.46642
0.0
0.0
0.0
0.0
0.0
0.0
0.0
1.7383
0.0
0.0
0.0
0.0
2.14556
0.0
0.0
0.0
0.0
1.53748
0.0
0.450927
0.0
0.0
0.0
0.373356
0.0
0.0
0.0
0.0
0.0
0.0
0.0
0.0
0.0
2.12397
0.612582
0.0
0.0
0.263643
3.87706
0.0
0.0
0.0
0.0
0.0
0.0
1.97055
0.30252
1.15901
0.323323
2.29233
0.0
0.0
0.0
0.0
0.0
0.0
0.0
0.0
0.254763
2.79147
0.0
0.0
0.0
0.0
0.0
0.0
0.0
0.0
0.0
0.0
0.0
0.0
0.0
1.81799
0.0
0.0
0.0
0.0
0.0
0.472049
0.0
1.32152
0.0
1.49821
0.217831
0.0
0.0
0.0
0.0
0.0
0.0
0.0
0.780159
4.23135
0.0
0.0
0.0
0.0
0.0
0.0
0.0
0.0
0.0
0.0
0.0
0.0
0.0
0.0
1.08547
0.0
0.693731
4.39277
0.743696
2.49897
3.49997
0.0
0.0
4.52204
0.0
0.0
0.0
0.0
0.0
0.0
0.0
0.0
0.0
0.0
1.22907
0.0
0.0
0.0
0.0
0.256858
0.0
0.0
0.0
0.0
0.0
0.0
0.0
0.110631
0.0
0.0
0.0
0.0
0.0
0.0
0.0
0.0
0.762394
0.0
0.0
0.0
0.0
0.0
0.0
0.0
0.0
2.26041
1.79532
0.0
0.0
0.0
0.0
0.0
0.0
0.0
0.0
0.0
0.0
0.0
0.0
1.0973
3.57849
1.02887
0.0
0.0
0.0
0.0
4.06677
0.0
0.0
0.0
0.0
0.0
0.0
0.0
0.941002
0.325496
0.0
0.0
1.07056
0.0
0.0
1.75709
0.0
0.0
0.0
0.0
0.0
1.11246
2.95085
0.0
0.0
0.0
0.0
0.0
0.0
3.57217
0.0
0.0
0.0
0.0
0.0
0.0
0.0
0.0
0.0
0.0
0.0
0.0
0.0
0.0
1.1762
0.0
0.0
0.0
0.155343
0.0
0.0
0.0
0.0
0.79959
1.63642
0.0
0.0
0.0
0.0
0.0
2.67602
0.0
0.0
0.0
0.0
0.0
0.0
0.0
0.0
1.72696
0.0
0.0
0.0
3.90401
0.0
0.0
1.20231
0.0
0.0
0.0
0.0
0.986866
0.0
0.0
0.0
0.0
0.0
0.0
0.0
0.0
1.04386
0.0
1.06739
0.0
0.0
0.0
2.44722
0.0
0.0
0.0
0.0
0.0
0.0
0.0
0.0
0.0
0.0
0.0
0.0
1.98111
0.0
0.0
0.0
0.0
0.0
0.0
0.0
0.0
0.0
0.0
0.0
1.08827
0.583707
0.0
0.0
0.0
0.0
0.0
0.0
0.0
0.0
2.10549
0.0
2.97182
2.41573
0.0
0.0
0.0
0.0
0.0
1.75087
0.0
0.0
0.0
1.06029
0.0
0.0
0.0
0.0
0.0
1.32898
0.0
0.0
0.0
0.0
0.0
0.0
0.560384
0.0
0.0
0.893233
0.0
0.0
0.0
0.0
0.0
0.0
1.75714
0.0
0.0
0.0
0.0
0.133427
0.0
0.0
0.0
0.0
0.0
0.0
0.0
0.0
0.0
0.662115
0.0
0.368699
0.0
0.0
0.0
0.0
0.0
0.0
0.0
0.0
0.0
2.58466
0.0
0.0
0.0
0.0
0.0
0.0
0.0
0.0
0.0
0.0
0.0
0.0
0.0
0.836937
0.0
2.55095
0.0
0.0
0.0
0.974688
0.0
0.0
0.0
0.0
0.0
0.0
0.0
0.0
0.0
0.0
4.80821
0.0
0.0
0.0
0.0
0.0
0.0
0.0
0.0
0.0
0.0
0.0
0.0
0.0
0.0
0.0
0.0
0.0
0.135416
0.0
1.4873
0.0
0.625031
0.0
0.0
0.0
0.0
2.35492
2.22093
0.0
0.0
0.0
0.0
0.0
0.0
0.0
1.3715
0.0
0.0
0.0
0.0
0.0
0.0
0.0
0.0
0.0
0.0
0.0
0.908315
0.0
0.0
0.0
0.0
0.0
0.0
0.0
1.74132
0.0
0.0
0.0
0.0
0.786749
0.0
1.80694
0.0
0.0
0.0
0.0
0.0
0.0
0.0
0.0
0.0
0.0
0.0
0.0
0.0
0.0
0.0
0.0
0.0
0.0
0.0
0.0
0.0
0.0
0.0
0.0
0.0
0.0
0.0
0.0
0.457743
0.0
3.33583
1.05984
0.0
0.0
0.0
0.0
0.0
0.0
0.0
0.0
0.0
0.0
0.0
0.0
2.11962
0.0960044
0.0
0.0
0.0
0.0
0.0
0.0
0.0
0.0
0.0
0.0
0.0
0.0
0.817329
1.44666
0.0
0.0
0.0
0.0
0.0
0.0
1.65651
0.0
0.0
1.26277
0.0
0.0
0.0
0.0
1.94774
0.00664794
0.0
0.0
0.0
0.0
0.0
0.0
0.0
0.0
0.0
0.0
1.34743
0.0
0.256188
0.0
0.642607
1.71846
2.78391
0.0
0.0
0.0
0.0
0.0
0.0
0.0
2.20136
0.0
1.39714
0.0
0.0255851
1.50573
0.0
1.77914
0.0
0.0
0.0
0.0
0.0
0.0
2.25285
0.0
0.0
0.0
0.0
0.0
0.0
0.0
0.531789
0.0
0.0
0.0
0.0
0.849373
0.0
0.0
0.0
0.0
0.0
0.0
0.0
0.0
0.0
0.0
0.0
0.0
0.0
1.24215
0.0
0.0
0.0
0.0
1.53083
0.0
0.0
0.0
1.66009
0.0
0.0
0.0
0.0
0.0
0.0
0.0
1.06431
2.7721
0.0
0.0
0.0
0.0
0.0
0.0
0.0
0.0
0.0
0.0
0.0
0.0
0.0
0.25977
0.0
0.0
0.0
0.474761
0.0
0.0
0.0
0.0
0.0
0.0
0.0
0.0
0.0
0.0
0.0
0.0
0.0
0.0
0.0176891
0.0
0.0
0.0
0.0
0.0
0.0
1.11339
0.0
0.0
0.790973
0.0
0.0
0.0
0.0
0.0
0.0
0.251663
0.49305
0.0
0.0
0.0
0.0
2.31286
0.0
0.0
0.0
0.0
0.0
0.0
0.0
0.0
0.0445739
0.0
0.0
0.0
0.0987669
1.11347
0.0
0.0
0.0
0.0
0.0
0.0
0.0
0.0
0.0
0.0
0.0
0.0
0.0
0.0
2.01807
0.0
0.0
0.0
0.0
0.0
0.0
0.0
0.167984
0.0
0.0
0.0
0.0
0.351853
0.392272
0.0
8.33051
0.0
0.0
0.0
0.634646
0.0
0.0
0.0
0.0
0.0
0.0
0.0
0.0
0.727739
0.0
0.0
0.0
0.0
0.0
0.0
0.0
0.0
0.0
0.0
0.0
0.727448
0.0
0.0
0.0
0.0
0.0
0.0
0.0
0.0
0.0
0.0
2.43083
0.0
2.25954
0.0
0.0
0.0
0.0
0.604522
0.0
4.78302
0.0
0.0
3.07799
1.84002
0.0
0.0
0.0
0.0
0.0
0.0
0.0
0.0
0.0
0.0
0.0
0.0
0.0
0.0
0.0
0.0
0.0
0.0
0.0
0.0
0.0
0.0
0.0
0.0
0.0
2.5895
0.0
0.0
0.0
0.0
0.0
0.0
0.0
0.0
0.0
0.0
0.0
1.04432
0.0
0.0
1.40429
0.0
0.0
0.0
0.0
0.0
0.0
0.0
0.0
0.0
0.0
0.625381
0.0
0.0
0.0
0.0
0.0
0.0
0.296234
0.0
0.0
0.0
0.0
0.0
0.0
0.0
0.0
0.0
0.0
0.0
0.0
1.04317
0.0
0.0
0.0
0.694589
0.0
0.0
0.0
3.57669
0.353659
0.0
0.0
0.0
0.0
0.0
0.0
0.0
0.0
0.0
0.0
0.0
0.0
0.0
0.0
2.57951
0.0
0.0
0.0
1.02979
0.0
0.0
0.0
0.0
0.0
0.0
0.0
0.0
0.0
0.0
0.0
0.0
0.0
0.306122
0.0
0.0
1.94951
0.0
0.0
0.0
1.57748
0.0
1.17666
0.0
0.0
0.0
0.0
0.0
0.0
0.0
3.18085
0.0
0.0
0.0
0.0
0.0
3.06953
0.0
0.0
0.0
0.0
1.90301
3.21855
0.0
0.0
0.127198
0.0
0.0
0.0
0.0
0.0
0.0
0.0
0.0
1.23316
0.0
0.0
0.0
0.0
0.0
0.0
0.0
0.0
5.10412
0.0
0.729848
0.0
0.0
0.0
0.0
0.0
0.0
0.0
0.0
0.0
0.0
0.0
0.0
0.0
0.0
0.0
0.0
0.0
0.0
2.57843
0.0
0.0
0.0
0.0
0.0
0.643701
2.40046
0.0
0.0
0.0
0.0
3.92477
0.0
2.21614
0.0
0.0
0.0
0.0
0.0
0.0
0.0
0.0
0.0
0.24338
2.70397
0.0
0.0
0.0
0.0
0.0
0.0
0.0
1.13544
4.63828
0.0747235
1.55755
0.0
2.85825
0.0
0.465996
0.0
0.142986
0.0
3.84888
0.0
0.0
0.0
0.0
0.0
0.0
0.0
0.816304
0.0
0.395467
0.0
0.0
0.0
0.0
0.0
0.0
0.0
0.0
0.195473
2.36015
1.02252
0.0
0.0
0.0
0.482087
0.14375
0.0
0.0
0.0
0.0
0.0
0.0
0.0
0.0
0.0
0.0
0.0
0.0
3.06602
0.0
0.0
0.415728
0.0
0.0
0.0
0.0
0.0
0.0
0.0
0.0
0.0
0.295316
0.0
0.0
0.0
0.0
1.28408
0.0
0.0
0.0
0.0
0.0
2.62826
0.0
0.0
0.0
0.0
1.06598
0.0
0.0
0.0
0.0
4.81531
1.9255
0.0
0.0
0.0
0.19556
0.0
0.0
0.0
0.0
3.37586
0.0
0.0
1.72423
0.0
0.0
0.0
0.0
1.24802
0.0
0.0
0.950199
0.0
0.0
0.0
0.0
0.0
0.0
0.0
0.0
0.0
0.0
2.63399
0.0230998
0.0
0.0
0.0
0.0
0.0
0.0
0.622575
0.0
0.0
0.0
0.0
4.02107
1.54742
0.0
1.60138
0.0
0.0
0.0
0.923402
0.0
0.879748
0.0
0.0
0.0
0.0
0.0513361
1.06909
0.0
3.38265
0.0
2.51253
2.88835
2.02726
0.0
0.0
2.01011
0.0
0.0
0.0
0.0
0.0
0.0
0.0
0.281672
0.0
0.0
0.0
0.861559
0.0
0.0
1.29447
0.0
0.0
0.0
0.0
0.0
0.0
1.97056
0.0
0.0
0.0
0.0
4.15435
0.0
0.0
0.0
0.0
0.0
0.0
0.0
0.0
0.0
0.0
0.0
0.0
0.0
0.0
0.0
0.0
0.0
0.0
0.0
0.0
0.126074
0.0
0.0
0.0
2.881
0.0
0.0
3.46086
0.0
0.89811
0.0
0.0
0.0
0.0
1.55025
0.304184
0.0
0.0
0.0
2.8179
0.0
0.0
0.0
0.0
0.0
0.0
0.0
0.0
0.0
0.293792
1.81412
0.0
0.0
0.0
0.0
0.0
0.0
0.0
1.79471
0.0
2.26568
0.0
0.0
0.0
0.0
0.0
0.0
3.47185
0.0
2.24393
1.77309
0.0
0.0
0.0
0.0
0.0
2.09384
0.0
0.0
1.4122
0.0
2.68736
0.0
3.31741
0.0
0.470639
0.683006
0.0
0.0
0.0
0.881357
0.0
1.37783
0.0
0.0
3.01166
0.0
0.0
0.0
0.20451
0.0
0.0
0.0
0.0
0.0
0.0
0.0
0.0
0.0
0.0
0.0
0.0
6.49326
0.0
0.0
0.0
0.0
0.0
0.0
0.0
0.0
0.0
0.0
0.0
0.0
0.0
0.0
4.28196
0.0
0.0
0.0
1.09692
0.0
0.0
0.0
0.0
0.0
0.0
0.0
0.0
0.0
0.0
0.0
0.0
0.0
0.0
0.0
0.0
0.0
0.0
0.0
0.0
0.0
0.0
0.0
0.0
0.0
0.0
0.681201
1.95845
0.0
0.0
0.0
0.0
0.0
0.0
0.0
0.0
1.71239
0.0
0.0
0.0
0.0
0.0
0.0
0.0
1.93301
1.09318
0.0
0.326177
0.0
0.0
0.0
0.0
0.0
0.0
2.92597
0.0
0.0
5.17464
0.0
0.0
0.0
0.0
0.0
0.0
0.0
0.0
5.3556
0.0
0.0
0.0
0.126631
0.0
1.62756
0.0
0.0
0.0
0.0
0.110771
0.0
0.0
0.0
0.0
0.0
0.0
0.0
0.0
0.267089
0.0
0.0
0.0
0.0
0.886476
0.0
0.483463
0.0
0.0
1.57259
0.0
4.13987
0.0
0.0
0.0
0.0
0.0
0.0
1.23203
0.0
0.0
0.0
0.0
0.0
0.0
0.0
0.0
0.0
0.0
0.0
0.0
0.0
0.0
