0.0
0.0
3.98043
0.0
0.321774
0.0
0.0
0.0
0.0
0.0
0.0
2.3388
0.0
0.0
0.0
0.0
0.0
0.0
0.0
0.0
0.0
2.92393
1.05605
0.0
0.0
0.0
0.0
0.0
0.0
0.0
0.0
2.23596
0.0
2.42964
0.0
0.0
0.0
0.0
0.0
0.0
0.0
0.0
3.60139
0.0
0.0
0.0
0.0
0.0
0.0
0.839424
1.61018
0.0
0.0
0.0
0.0
0.0
0.0
0.0
0.0
0.0
0.849314
0.0
0.0
2.04392
0.551436
0.0
0.0
0.0
2.86761
0.0
0.0
0.0
0.0
0.0
0.0
0.0
0.0
0.0
0.0
0.0
1.92766
0.0
0.0
0.0
0.0
0.0
0.0
0.0
0.960112
0.0
0.0
0.0
0.0
0.0
0.0
0.0
0.0
0.0
2.56442
0.0
0.0
0.0
0.0
0.0
0.0
1.26006
1.3062
0.0
0.0
0.109128
0.0
0.0
0.0
2.70513
0.0
0.0
0.0
5.77877
0.685751
0.0
0.0
0.0
0.0
0.0
0.0
0.0
0.0
3.37885
0.656811
0.0
0.0
0.0
0.0
0.0
0.0
0.0
0.0
0.0
1.64392
0.0
0.0
0.48468
0.0
0.0
0.0
0.0
0.0
0.0
2.07818
0.0
0.0
1.04399
0.088139
0.0
0.0
0.0
0.0
0.0
0.0
0.0
0.0
2.23834
0.0
0.0
0.0
0.0
0.0
0.241459
0.0
0.0
0.0
0.0
2.48802
1.21492
0.0
0.0
0.0
0.0
0.0
0.0
6.36554
0.0
0.0
0.0
0.0
0.0
0.0
0.0
0.0
1.54795
0.58261
0.0
1.89355
3.07542
0.0
0.0
0.0
0.0
0.0
0.0
0.0
0.0199244
0.0
0.0
0.0
1.25532
0.0
0.0
0.0
0.0
0.0
0.0
0.0
0.0
1.93621
2.13518
0.0
0.0
0.0
0.437465
0.0
4.70087
0.0
0.0
0.0
0.0
0.0
0.0
0.0
0.0
0.0
0.0
0.0
0.522753
0.0
0.0
0.0
0.0
0.0
0.0
0.0
0.0
0.0
5.43182
0.0
0.0
0.0
5.36111
0.0
0.0
3.44186
0.0
0.0
0.0
0.0
0.0
0.0
0.0
0.0
0.0
0.0
0.0
3.2484
0.948063
0.0
0.0
0.0
0.0
0.0
0.0
0.0
0.0
0.0
0.0
0.0
0.0
5.25785
0.0
0.0
0.0
0.0
0.0
2.97976
1.88191
0.0
0.0
0.0
0.0
0.0
0.0
0.0
0.0
0.898658
0.0
3.37399
0.0
0.0
0.0
0.0
0.228924
0.0
4.39379
1.41224
0.0
0.0
0.0
0.0
0.098687
0.258833
0.0
0.0
0.0
0.0
0.0
0.0
0.0
0.0
0.0
0.0
0.0
0.0
0.0
0.0
0.0
3.16632
0.0
0.266554
0.0
0.0
0.0
0.0
0.0
0.0
0.0
0.0
0.0
0.0
0.0
0.0
0.0
0.0
3.15666
0.0
0.0
0.0
0.110657
0.0
0.0
0.309533
0.0
0.0
0.0
0.0
0.0
0.0
0.0
0.0
0.0
0.0
0.0
0.0
0.0
0.0
0.0
0.0
0.111058
0.0
0.0
0.0
0.0
0.0
0.0
0.0
0.0
0.475096
0.0
0.82957
0.0
0.0
0.208126
0.0
0.0
0.0
0.0
2.00642
0.0
0.0
3.86244
0.0
0.0
0.0
0.0
0.0
0.0
0.0
4.05082
5.09401
0.0
0.0
0.0
0.0
0.0
0.0
0.0
0.0
0.0
0.0
0.0
0.949592
0.0
0.0
0.0
0.0
0.0
0.0
0.0
0.0
0.0
0.0
0.0
0.0
0.0
1.73016
0.0
0.0
0.0
0.0
0.0
0.0
1.19888
2.29205
0.0
0.0
0.0
0.0
0.0
0.0
0.0
1.60735
0.0
0.0
0.0
0.0
0.0
0.0
0.0
0.0
0.0
0.600975
0.0
0.0
0.0
0.0
1.34068
0.0
0.0
0.0
0.0
0.0
2.20383
0.281795
0.742661
0.0
0.0
0.0595148
0.0
0.0
0.0
0.0
4.67532
0.0
0.0
0.0
0.0
0.0
0.0
0.0
0.0
0.0
0.0
0.0
0.0
0.0
1.19589
0.0
0.0
0.0
0.0
0.0
0.0
0.0
0.0
0.0
0.0
0.0
0.0
1.47648
0.0
0.612132
0.0
0.0
0.0
0.0
0.0
0.0113353
0.0
0.0
0.0
0.0
0.0
0.0
0.0
0.0
0.0
0.0
0.0
0.0
0.0
0.0
0.0
0.0
0.0
0.0
2.67266
1.0792
0.0
0.0
0.0
0.0
0.0
0.0
0.0
0.293042
1.69236
0.0
0.0
4.2335
0.616373
0.0
0.0
0.0
0.0
1.59013
0.599881
0.0
0.0
0.0
0.0
0.0
0.0
0.0
0.0
0.0
0.0
3.98395
0.0
2.60341
0.0
0.0
0.0
0.0
0.0
0.0
0.0
0.0
0.0
3.19584
0.0
0.0
0.0
0.236808
2.90804
0.0
0.0
0.0
0.0
0.0
0.0
0.0
0.0
0.0
0.0
0.0
0.0
0.0
0.0
0.969264
3.83732
0.0
0.0
0.0
0.0
0.0
0.0
0.0
0.0
0.0
0.0
0.0
0.0
0.0
0.0
0.0
0.0
0.0
0.0
0.0
0.0
0.0
0.0
0.0
0.0
0.205977
0.0
0.0
0.0
0.0
0.0
0.0
0.0
2.10842
0.0
0.0
0.0
0.0
0.0
0.0
0.0
0.0
0.0
0.0
0.0
0.0
0.0
0.0
0.0
1.74919
0.0
0.0
0.0
0.167432
0.177711
0.0
2.42437
0.0
0.0
0.970973
0.0
0.0
0.0
0.0
2.50327
0.0
0.0
0.0
0.0
0.0
0.292817
0.0
0.0
1.19807
1.33043
0.0
0.0
0.0
0.0
0.711246
0.0
0.0
0.0
0.0
0.0
0.0
0.0
2.87836
0.0
0.0
0.0
0.0
0.0
0.0
0.0
0.0
3.61975
0.0
0.0
0.0
0.0
0.0
0.0
0.0
0.0
0.0
0.0
0.0
0.0
0.0
0.0
1.09976
0.0
0.0
0.0
0.0
3.19567
0.0
0.0
0.0
0.0
0.0
0.0
0.0
0.0
4.31471
0.0
0.62995
0.0
0.0
3.25433
0.0
0.0
0.0
3.43105
0.0
0.0
0.0
0.0
0.0
0.0
5.80529
0.0
0.0
2.26741
0.0
0.0
2.02739
1.41284
0.0
0.0
0.201246
0.0
0.0
0.0
0.0
0.0
0.0
1.37109
0.0
0.0
0.0
0.0
0.0
0.0
0.0
0.0
0.0
0.0
0.0
0.0408239
0.0
0.0
0.966357
0.0
0.0
0.0
0.0
0.0
0.0
0.0
0.0
0.0
0.0
0.0
0.0
5.49419
0.0
0.403311
0.130905
0.0
0.0
1.8458
0.0
0.0
0.0
0.452977
0.0
0.0
0.782669
0.0
0.0
0.0
0.0
0.0
0.0
0.0
0.0
0.0
1.02679
0.0
3.6496
3.32815
0.0564469
0.298895
0.0
0.0
0.0
0.0
0.0
0.0
0.0
0.0
0.0
0.0
0.0
0.0
0.0
0.0
4.05876
0.0
0.0
0.0
0.0
0.0
0.0
0.0
0.0
2.02779
0.0
0.0
0.0
0.0
0.0
0.0
0.0
0.0
0.0
0.0
0.0
0.0
0.0
0.0
0.0
0.093615
0.0
0.0
2.17844
0.193305
0.0
0.0
0.0
0.0
0.0
0.352236
0.0
0.0
0.817143
0.0
0.0
0.0
0.0
0.0
3.52575
3.60016
0.0
0.0
0.0
0.0
0.155415
2.26959
0.0
0.0
0.0
0.0
0.0
0.0
2.45009
0.222903
0.0
0.0
0.0
0.0
0.0
0.0
0.0
0.0
0.0
0.0
0.0
1.52863
0.0
0.0
0.31548
0.0920414
0.0
0.0
9.16877
1.67743
0.0
0.0
0.0
0.0
0.0
0.0
0.0
0.0
0.0
0.0
0.0
0.0
2.80241
1.81864
0.0
0.0
0.0
0.0
0.0
0.0
0.0
0.0
1.15102
0.0
0.0
0.0
0.0
0.0861856
0.0
0.0
0.0
0.0
0.0
0.0
0.0
0.0
0.0
0.0
0.0
0.0
0.0
0.0
0.0
0.0
0.0
0.0
0.0
3.35934
0.0
0.0
1.20197
0.0
0.0
0.0
0.0
1.94994
0.0
0.0
0.0
0.0
0.0
0.646226
0.0
0.0
0.0
0.0
0.0
0.0
0.886832
0.0
0.0
0.0894346
0.0
0.0
0.0
0.0
0.0
0.0
0.0
0.0
0.0
0.0
0.0
0.0
0.0
0.0
2.768
0.0
0.0
0.530848
0.0
0.0
0.0
0.0
0.0
0.0
0.0
0.0
0.0
0.0
0.0
0.0
0.0
0.0
0.0
0.0
0.0
0.0
0.0
0.0
0.0
0.0
0.0
0.0
0.0
0.0
0.0
0.0
0.0
0.0
0.0
1.22928
0.0
0.0
0.0
0.0
0.0
4.00809
0.0
0.0
0.0
0.0
0.338963
0.0
0.0
0.0
0.0
0.0
0.0
3.43729
0.0
0.0
0.0
0.0
0.0
0.0
0.0
3.02031
0.0
0.0
0.0
0.0
0.0
0.0
0.0
0.0
0.0
0.0
0.0
0.0
0.0
0.0
0.0
0.0
0.0
0.0
0.0
1.32046
0.0
1.66353
0.272184
1.40693
1.40003
0.0
0.0
0.0
0.0
0.0
0.885178
0.0
0.0
0.0
0.0
0.893653
0.0
0.0
0.0
0.0
0.0
0.0
0.0
1.59796
0.0
0.0
0.0
0.0
0.0
1.92675
0.0
0.0
0.0
7.45045
0.0
0.970203
0.0
0.0
2.59955
0.0
0.363875
0.0
0.0
0.0
0.0
0.0
0.0
0.0
0.356291
0.0
0.0
0.0
0.0
0.0
2.18368
0.0
0.0
0.0
0.0
0.0
0.0
0.481843
0.0
0.0
3.28452
0.0
0.0
0.0
0.0
0.0
0.0
0.511051
0.0
0.0
0.0
0.0
0.0
0.0
0.0
0.0
0.0
0.0
0.0
0.0
0.0
0.809703
1.57084
0.0
0.0
1.42938
4.02002
0.0
0.0
0.0
0.0
0.0
0.0
0.0
1.06747
0.0
2.15292
0.0
0.0
4.6475
0.390363
0.0
0.0
0.487599
4.00131
0.0
0.0
0.0
0.0
0.0
0.0
0.0
0.0
0.0
0.0
0.0
0.0
0.0
0.0
0.0
0.0
0.0
0.0
0.0
0.0
0.0
0.123478
0.0
0.763893
0.0
0.0
0.0
0.0
0.0
0.0
0.0
0.0
0.0
0.180701
0.0
0.0
0.0
3.51054
0.0
0.0
0.0
0.0
0.0
3.08225
0.0
0.0
6.73673
0.759962
1.9612
0.0
0.0
1.39743
2.10995
0.0
0.0
0.0
0.0
0.0
1.25468
0.0
1.70816
0.0
0.0
0.0
0.0
1.82657
0.0
0.0
0.0
0.0
0.0
2.10505
2.26418
0.0
0.0
0.0
0.0
0.0
0.0
0.0
0.0
0.0
0.0
0.0
0.0
0.422349
0.0
0.983009
0.0
0.0
0.0
0.0
0.0804666
0.0
0.0
0.0
0.0
0.0
0.0
0.0
0.0
0.0
0.0
0.193731
0.0
0.0
0.0
0.0
0.0
0.0
0.0
0.0
0.0
0.0
0.0
0.0
0.0
0.0
7.6643
0.0
0.0
5.50339
0.0
0.0
0.0
1.65854
0.0
0.0
0.0
0.00804529
0.0
2.57784
0.0889777
2.6054
0.0
0.0
0.0
0.0
0.0
0.0
0.0
0.0
0.0
0.735573
0.0
0.0
0.0
0.0
0.0
0.0
0.0
0.0
0.0
0.0
0.0
0.0
0.0
0.0
0.0
0.0
0.0
0.0
0.55761
0.0
0.0
2.21152
0.194294
0.0
0.0
0.0
0.0
0.0
0.0
0.0
0.0
0.0
0.0
0.0
0.0
0.555806
0.0
0.0
0.0
0.0
0.0
0.691483
0.0
0.0
0.0
0.0
0.0
0.0
0.0
0.0
0.0
0.0
0.0
4.18924
0.0
0.0
0.0
0.0
0.0
1.92567
1.97935
0.0
0.858859
0.0
0.0
0.0
0.0
0.431265
0.0
0.0
0.0
0.0
0.0
0.0
0.0
0.0
0.0
0.0
0.0
0.368075
0.0
0.0
0.0
0.0
0.0
0.760336
0.0
0.0
1.37163
0.0
0.40513
1.81877
0.0
0.0
0.0
0.0
0.0
0.0
0.0
0.0
0.798458
0.0
0.0
0.0
0.0
0.0
0.0
0.0
0.0
0.0
0.0
0.0
0.0
0.0
0.0
0.0
2.5182
0.0
0.0
0.0
0.0
0.0
1.46484
0.0
0.0
0.0
0.0
0.0
0.0
0.0
0.0
0.0
2.69922
0.0
0.0
1.82997
0.0
0.0
0.0
0.0
0.0
0.0
0.0
0.0
0.0
0.389788
0.0
0.0
0.0
2.14005
0.0
0.0
0.0
0.929948
0.0
0.0
0.0
0.0
0.0
0.0
0.0
0.0
0.0
0.0
0.0
0.0
0.0
0.163481
0.0
0.0
0.0
0.0
0.0
0.0
0.0
0.0
0.0
3.0744
0.0
0.0
0.0
0.0
0.0
0.0
0.0
0.0
0.0
0.0
2.73577
1.23316
0.0
1.68753
0.0
1.77614
0.0
0.0
0.0
0.0
0.0
0.0
0.0
0.0
3.27491
0.0
0.0
0.678207
0.0
0.0
0.0
0.0
0.0
0.0
0.0
0.023694
0.0
0.0
0.0
0.0
0.0
0.0
0.0
0.0
0.0
0.0
0.0
0.0
0.146326
0.0
0.0
0.0
0.0
0.0
0.0
0.0
0.869021
0.0
0.281411
0.0
0.0
0.0
0.0
0.0
0.0
0.0
0.0
2.4366
0.0
0.0
0.0
0.0
0.0
0.0
0.0
1.33391
0.0
0.0
0.689416
0.0
0.0
0.0
0.0
0.0
0.0
0.0
0.0
0.0
0.0
0.0
0.0
0.0
0.0
0.0
0.0
0.0
0.0
0.0
0.0
0.101425
0.0
0.0
0.0
0.554273
0.0
0.0
0.0
0.0
0.0
0.0
0.0
0.0
0.204872
0.0
0.0
0.0
0.0
0.0
0.0
0.0
0.604992
0.490847
0.0
0.0
0.0
0.086083
0.0
0.0
0.0
0.0
0.0
0.0
0.0
0.0
0.0
0.0
0.0
0.0
0.0
0.0
0.0
0.0
1.2
0.65576
0.0
0.0
0.0
0.0
0.0
0.0
4.43829
0.0
0.0
0.0
2.13606
2.64424
0.0
0.0
0.0
0.0
0.0
0.0
0.0
0.0
0.0
0.0
0.0
0.0
0.0
0.0
0.0
0.0
0.0
2.86181
1.53742
0.0
6.98243
0.0
0.477088
0.0
0.0
0.0
1.1575
2.62039
0.0
0.0
0.0
0.0
0.0
1.47116
0.0
0.0
0.0
3.10672
0.0
0.0
0.125185
0.0
0.0
0.0
0.0
2.33727
0.0
0.0
0.0
0.0
0.0
0.0
0.0
0.0
0.0
0.0
0.0
0.0
0.0
0.0
1.87362
0.0
0.0
0.0
0.0
0.0
2.67375
0.0
0.0
0.0
1.40449
0.0
0.0
0.0
0.0
0.0
0.0
0.0
0.0
0.0
0.0
0.0
0.0
0.0
0.0
0.0
0.0
0.0
1.07386
0.0
0.0
0.0
0.0
0.0
0.0
0.0
0.0
0.0
0.0
0.0
0.0
0.0
0.0
0.0
0.0
0.0318405
0.0
0.0
0.0
0.0
0.0
0.0
0.0
0.0
5.489
0.11432
0.975882
0.0
0.0
1.4128
0.0
0.0
0.0
0.0
0.0
0.0
0.0
5.26681
0.104488
3.57424
0.0
3.16982
0.0
0.0
0.0
0.0
0.0
0.0
0.0
0.0
0.0
0.0
0.0
0.0
0.0
0.0
0.0
0.0
0.0
0.0
0.0
0.0
0.0
0.0
1.41715
0.0
0.0
0.0
0.0
0.0
0.0
0.0
0.119284
2.17327
0.0
0.0
0.0
0.0
0.0
0.0
0.0
0.0
0.0
0.0
0.0
0.919305
1.54008
0.0
0.0
2.14503
0.0
0.0
0.0
0.0
0.0
0.0
0.0
0.0
0.0
0.142783
0.0
0.0
1.68664
0.291882
0.0
0.0
0.0
0.0
0.0
0.0
0.0
0.0
0.0
0.0
0.0
0.0
0.0
0.0
0.0
0.0
0.0
0.0
0.0
1.66821
0.0
0.0
0.0
0.0
0.0
0.0
0.0
0.0
0.0
0.0
0.0
0.889344
0.0
0.267312
0.0
0.0
0.0
0.680112
0.0
1.57567
0.0
0.0
0.0
0.0
0.0
0.0
0.0
0.0
0.0197648
0.0
1.23641
0.0
0.0
0.0
0.0
0.0
0.0
0.0
0.0
0.0
0.0
0.0
0.0
0.0
0.0
0.0
0.0
0.0
0.0
0.0
0.0
0.0
0.0
0.0
0.0
0.0
0.0
2.15158
0.0
0.0
0.401079
0.0
0.0477923
0.0
0.0
0.0
0.0
0.0
0.0
0.0
0.0
2.02913
0.0
2.97726
0.0
0.0
0.0
0.0
0.0
0.0
0.0
0.0
0.0
0.674167
1.54288
0.0
0.0
0.0
0.0
0.0
0.0
0.0
0.0
0.0
0.0
0.0
0.0
0.0
0.182036
0.0
0.0
0.0
0.0
0.0
0.0
0.0
0.0
2.16106
0.0
4.40736
4.18696
0.0
0.0
0.0
0.584038
0.0
0.0
0.0
0.0
3.59787
0.63413
0.0
0.0
0.0
1.27121
2.39676
0.0
2.74554
0.0
0.61977
0.179924
1.7311
0.0
0.0
0.0
3.08719
1.51342
0.0
0.0
0.0
0.0
1.51133
1.18897
0.0
0.0
0.0
5.83739
0.0
0.0
0.0
0.0
0.0
0.746694
0.0
0.0
0.0
0.0
0.0
0.270996
0.0
0.0
0.0
0.0
0.0
0.0
0.0
0.0
1.5895
1.49644
2.41116
0.0
0.0
0.0
0.0
0.0
0.0
0.0
0.0
0.389552
1.26283
0.0
0.0
0.0
0.189293
0.440543
0.0
0.0
0.0
0.0
0.0
0.0
0.0
0.0
0.0
0.0
0.0
0.0
0.0
0.0
0.0
0.0
0.0
0.0
2.91468
0.0
0.0
0.0
0.0
6.67845
0.0
0.0
0.574655
0.0
0.0
0.0
0.0
0.0
0.0
0.0
0.0516788
0.0
0.0
0.0
0.856839
0.0
0.0
0.0
0.0
0.0
1.50212
0.0
0.0
0.0
0.0
0.0
0.0
0.0
0.0
1.39142
0.0
1.36708
0.0
0.0
0.0
0.0
0.00678509
0.0
1.58677
0.0
0.0
0.0
0.0
3.24447
0.0
1.42669
0.0
0.0
0.0
0.0
0.0
0.0
0.0
0.0
1.15338
2.03196
0.0
0.0
0.921758
0.0
0.0
0.0
4.40346
0.0
0.0
0.0
0.0
0.0
0.0
0.0
0.0
0.0
1.74497
0.0
0.0
0.0
0.0
0.885841
0.0
0.0
0.0
0.0
0.0
0.0
0.0
0.0
0.0
1.62667
0.0
0.0
0.0
0.0
0.0
1.27061
0.0
0.0
0.0
1.04413
0.0
0.0
0.0
0.0
1.99856
0.0
0.124831
0.0
0.0
0.0
0.0
0.260647
0.0
0.0
0.0
0.0
0.0
0.0
0.837669
0.0
0.0
0.0
0.62619
0.0
0.693934
0.0
0.0
1.43989
0.0
0.0
0.0
0.0
0.0
0.0
0.504234
0.0
0.0
0.554627
0.0
2.76092
0.0
0.0
0.0
0.0
2.10744
0.0
0.0
0.0
0.0
0.0
0.0
0.0
0.0
0.0
0.0
0.0
0.741202
0.0
0.0
0.0
0.0
0.0
0.0
0.0
0.0
0.0
0.0
0.0
1.15446
0.0
0.0
0.0
0.0
2.93968
0.0
0.0
0.316318
0.0
0.0
0.0
0.0
0.0
0.0
0.0
0.0
0.0
2.66904
0.0
0.0
0.0
0.0890911
0.0
0.0
0.0
0.0
0.0
0.666013
0.0
1.34522
0.0
3.28195
0.0
0.0
0.0
0.0
0.0
0.0
0.0
0.0
0.0
0.0
0.0
0.0
0.0
0.0
0.0
3.15837
0.0
0.0
0.0
0.0
4.85464
0.0
0.851652
0.0332829
0.0
8.28059
0.0
0.0
0.0
0.0
0.0
0.0
0.0
0.0
0.0
0.0
1.73056
0.0
0.0
0.0
0.0
0.0
0.0
0.0
0.0
0.0
0.0
1.66419
1.03469
0.0
0.0
0.0
0.0
2.62597
0.0
0.0
0.0
0.201874
0.0
0.0
0.0
0.0
5.15313
0.0
0.0
0.0
0.0
0.0
0.0
0.0
0.0
0.0
0.0
0.0
0.0
0.0
0.0
0.0
0.582959
0.0
0.0
0.0
0.0
0.0
0.0
0.0
0.0
2.3132
0.444172
0.0
0.0
0.0
0.335134
1.24547
0.0
0.0
0.27526
0.0
0.0
0.0
0.0
0.0
0.0
0.0
0.0
3.1947
0.0
0.0
0.0
0.0
0.0
0.0
2.00406
0.0
0.0
0.0
0.0
2.0699
0.0
0.0
0.0
0.67405
0.0
0.0
5.5553
0.0
0.0
0.0
0.784983
0.0
0.0
0.0
1.69803
0.0
0.0
0.0
0.0
0.0
3.32587
0.0
0.0
0.0
0.343677
0.0
0.0
0.0
1.03104
1.34183
0.0
0.577783
0.0
0.543088
0.268631
1.63105
0.0
0.0
0.0
1.03637
0.0
0.0
0.0
0.0
1.56598
0.0
0.0
0.0
0.0
0.0
0.0
0.0
0.0
0.0
0.0
0.0
0.0
0.0
0.0
0.0
0.0
0.0
0.0
0.0
0.0
0.0
0.0
0.0
0.0
1.32275
0.716991
0.0
0.0
0.0
0.0
0.0
0.0
0.0
0.0
0.0
0.0
0.0
0.0
0.0
0.0
0.0
0.0
0.0
0.0
0.0
0.394196
0.0
0.0
0.0
0.0
0.0
0.0
0.0
0.0
0.177156
1.48242
0.0
0.0
1.09009
0.0
0.0
0.0
0.0
1.01246
0.0
0.0
0.0
0.0
0.0
0.0
0.0
0.0
0.0
0.0
3.10687
0.0
0.0
0.0
0.0
0.0
0.0
0.0
0.0
0.0
0.0
0.0
0.0
0.0
0.0
0.732896
0.0
0.0
0.0
0.0
0.0
1.31764
0.0
0.0
0.0
0.0
0.0
0.0
0.0
0.0
0.0
0.0
0.0
0.0
0.0
0.0
0.0
2.85241
0.0
0.0
0.0
0.0
0.0
0.0
0.0
0.710531
0.0
0.0
0.0
0.0
0.0
0.0
0.0
0.0
0.0
0.0
0.0
0.0
0.0
0.0
0.0
0.0
0.0
0.0
0.0
0.34239
0.473169
0.0
0.0
0.0
0.0
3.47367
0.0
0.0
0.0
0.0
0.0
1.69932
0.0
0.0
0.0
0.0
0.0
0.0
0.0
0.0
0.0
0.0
0.0
0.0
0.0
0.0
0.0
0.0
0.0
0.0
0.0
0.0
0.0
0.0
0.0
0.0
0.0
0.0
0.0
0.0
0.0
0.0
0.0
0.0
0.0
0.467378
0.0
0.0
0.0
0.0
0.0
0.0
0.0
0.0
0.0
0.0
0.0
0.0
0.0
0.0
0.0
0.0
0.0
0.0
0.0
0.0
0.0
0.0
0.0
0.435067
0.399467
0.0
0.0
4.17552
0.0
0.0
0.0
0.0
0.0
0.0
0.0
4.18623
0.0
0.0
0.0
0.0
0.0
0.0
0.730544
0.0
0.530304
0.0
1.50434
0.0
4.03735
0.0
1.21557
0.0
0.0
0.0
0.0
0.0
0.0
0.659173
0.0
0.0
0.0
0.0
0.0
0.0
2.35697
0.0
0.0
0.0
0.0
1.03116
0.0
0.0
0.0
0.0
0.0
0.0
0.0
0.0
5.51725
5.51992
0.0
0.0
0.0
1.98094
0.0
0.0
0.0
1.12676
0.0
0.0
1.89434
0.121166
0.0
0.0
0.0
0.0
0.0
0.803318
0.0
0.0
0.0
0.0
0.0
2.80722
0.0
0.0
0.0
3.7558
0.0
0.0
0.0
0.0
0.0
0.0
0.0
0.0
0.0
0.0
0.0
0.0
0.0
0.0
0.0
0.0
0.0
0.0
0.0
0.0
0.815184
0.0
0.0
0.0
0.0
1.35677
0.0
0.0
0.0
5.61073
0.0
0.0
0.0
0.0
0.0
0.0
0.0
0.0
0.0
0.0
0.0
0.0
0.0
0.0
0.0
0.0
0.0
7.80024
4.0462
0.0
0.480548
2.86407
0.0
0.0
0.0
0.0
0.0
0.0
0.0
0.653098
0.0
0.184649
0.0
0.0
0.0
0.0
0.0
0.0
0.0
0.0
0.0
0.0
0.0
0.0
0.0
0.0
0.0
0.0
0.0
4.39225
0.0
0.0
0.0
0.0
0.0
0.0
0.0
0.0
0.0
0.0
2.97687
0.0
0.0
0.0
0.0
0.0
0.0
0.40151
0.0
0.0
0.0
0.0
0.0
0.0
0.0
0.0
0.0
0.0
1.37401
0.0
1.72496
4.28247
0.0
0.0
1.09945
0.0
0.0
4.486
0.0
0.0
0.0
0.0
0.0
0.0
0.0
0.0
0.192193
0.0
0.0
0.0
0.0
0.0
0.788254
0.0
0.0
0.0
0.0
0.0
0.0
3.15493
0.0
0.0
0.909751
0.0
0.0
0.0
1.96473
0.0
0.0
0.0
0.0
0.0
0.0
0.0
0.0
0.0
0.0
0.0
0.0
0.980414
0.0
0.0
0.0
0.0
0.0
0.0
0.0
0.0
0.373439
0.0
0.0
0.563621
0.0
0.0
0.0
0.0
0.0
0.0
0.0
0.0
0.0
0.0
0.0
0.0
0.0
0.0
0.0
0.0
0.0
1.10702
3.24423
2.72575
0.80582
0.0
0.0
0.0
0.0
0.0
0.0
0.0
1.86383
0.0
0.0
0.0
0.0
0.0
0.0
0.432425
0.0
0.0
0.0
0.0
0.0
0.0
0.0
0.0
0.0
0.0
0.0
0.848279
0.0
0.0
0.0
0.0
0.0
0.0
0.924173
0.243498
1.03827
0.0
0.0
0.0
0.0
0.0
0.0
0.0
0.0
0.0
0.0
0.467929
0.0
0.0
0.0
0.0
0.0
0.0
0.0
0.0
2.27509
0.0
0.0
0.0
0.857133
0.0
0.0
0.0
0.0
0.0278618
0.0
0.0
0.0
0.0
0.0
0.0
0.0
0.0
0.0
3.36556
0.0
0.0
0.0
0.0
0.0
0.0
0.0
0.0
0.186509
0.0
2.62683
0.0
0.0
0.0
0.0
0.0
3.19115
0.0
0.0
0.0
0.0
0.0
0.0
0.0
0.0
0.0
0.0
0.0
0.0
0.0
0.0
0.0
0.0
0.0
0.0
0.0
0.0
0.0
0.0
0.0
0.0
0.0
0.0
0.0
0.0
0.0
0.0
0.0
0.0
0.0
0.0
0.0
0.0
0.0
0.0
0.0
0.0
0.282926
0.0
0.0
0.0
0.0
2.53096
0.0
0.0
0.0
0.0
0.0
0.0
0.0
0.306984
0.0
0.0
0.0
4.04918
0.0
0.0
0.0
0.0
0.0
0.0
0.0
0.0
2.19319
0.0
0.49648
0.0
0.0
0.178822
0.0
0.0
0.0
2.78366
0.0
0.0
0.0
0.0
0.0
0.0
0.0
0.0
0.0
0.0
0.0
0.0
1.22648
0.0
0.0
0.0
0.0
3.43771
0.0
0.0
0.0
0.0
0.0
0.0
0.0
0.0
0.0
0.0
0.0
0.448404
0.0
0.698605
0.0
0.0
0.786421
0.0
0.677674
0.0
2.83318
0.0
0.0
0.0
0.0
0.0
0.0
0.0
0.0
0.0
0.445102
0.0
0.0
0.0
0.0
0.0
0.0
0.0
0.0
0.0
0.0
0.0
0.0
0.0
0.0
0.0
0.518673
0.0
0.0
0.0
0.0
0.0
0.0
0.0
0.0
0.0
0.0
1.40729
0.0
2.27448
0.0
0.0
0.0
0.0
0.0
0.0
0.0
0.0
0.0
0.0
0.0
0.0
0.0
0.647081
0.0
0.0
0.0
0.0
0.0
0.0
0.0
0.0
0.0
0.0
0.0
0.0
0.107938
0.0
0.0
0.0
0.0
0.0
0.0
2.20311
0.0
0.0
0.0
0.0
0.0
0.0
1.62354
0.762104
0.998062
1.5761
0.0
1.67686
0.0
0.0
0.0
0.0
0.0
0.0
0.0
2.01527
0.0
0.0
0.0
0.126013
0.0266404
0.0
0.0
0.0
0.0
0.0
1.03845
0.0
0.0
0.564433
0.0
0.0
1.47792
0.0
2.70093
0.0
0.376729
0.0
0.0
0.380693
1.36422
0.0
0.0
0.0
0.0
0.0
0.0
0.0
0.0
0.0
0.0
0.0627877
0.0
0.0
0.0
0.0
0.0
0.0
0.0
0.0
0.0
0.0
0.517013
4.3435
0.0
0.0
0.0
0.0
0.0
0.0
0.0
0.0
0.0
0.0
0.0
0.0
0.0
0.0
0.0
2.62127
0.0
0.0
0.0
1.55457
0.0
0.677285
0.0
0.0
0.0209305
0.0
0.0
0.0
0.0
1.22111
0.0
0.0
0.0
0.0
0.0
1.222
0.0
0.0
0.253923
0.0
0.0
0.0
1.48976
0.0
0.0
0.0
0.0
0.0
1.56096
2.87436
0.0
0.0
0.0
0.0
0.0
0.101667
0.0
0.254209
0.0
0.0
0.0
0.0
0.640436
0.0
0.0
0.0
0.0
0.0
0.0
0.0
0.0
1.83713
0.0
0.0
0.0
0.0
0.0
0.0
0.0
0.0
0.866213
0.0
0.0
0.0
0.0
0.0
0.0
0.0
2.20025
0.0
0.0
0.0
0.0
0.0
0.0
0.0
0.0
0.0
0.0
0.0
0.0
0.0
0.0
0.0
0.0
0.0
0.0
0.0
0.0
0.0
0.0
0.0
0.0
0.0
0.0
0.0
0.268565
0.0
0.0
0.0
0.0
0.0
0.0
2.29366
0.0
3.76163
0.0
0.0
0.0
0.0
0.0
0.0
0.701659
0.0
2.07696
0.0
1.37111
0.0
0.0
0.0
0.114892
0.0
0.0
0.0
0.0
0.0
0.0
0.0
0.0
0.0
0.0
2.36688
0.0
0.0
0.0
0.0
0.0
0.0
0.0
0.0
0.0
0.0
0.0
0.0
0.0
0.0
0.0
0.0
3.50294
0.0
0.0
0.0
0.0
1.38417
0.0
0.0
0.0
0.0
3.51597
0.0
0.0
0.0
0.0
0.0
0.0
0.0
0.0
0.0
0.0
0.0
0.0
0.0
0.0
0.0
0.0
0.0
0.0
0.0
0.0
0.0
0.162874
0.0
0.0
0.390147
0.0
0.0
0.0
0.0
0.0
0.0
0.0
0.422741
0.0
0.0
0.0
0.0
0.0
0.0
0.0
0.0
0.743196
0.0
0.0
0.0
0.0660896
0.0
0.0
1.70969
0.0
0.0
0.0
0.0
0.0
0.270152
0.0
0.0
0.0
0.0
0.0
0.0
0.0
0.0
0.0
0.0
0.0
0.0
0.0
0.0
0.0
0.0
0.0
0.0948032
0.0
0.0
0.0
0.0
0.0
0.0
0.0
0.0
0.0
1.24066
0.0
0.0
0.0
0.0
0.0
0.0
0.992141
0.0
0.0
0.61778
0.0
0.0
3.62877
0.0
0.0
0.0
0.0
2.68003
0.0
0.0
0.0
0.0
0.0
0.0
0.0
0.0
0.0
0.0
0.0
0.0
0.0
0.0
0.0
0.0
0.0
1.4608
0.0
0.0
0.0
0.0
0.0
0.0
0.131114
0.0
0.0
0.98096
0.0
0.0
0.0
1.94297
1.92092
0.0
0.0
0.0
5.47971
3.57783
0.0
0.0
0.0
0.0
0.0
0.0
0.0
0.0
5.12138
0.0
0.0
0.49167
0.0
0.778222
0.0
0.0
0.0
1.07706
0.0
0.0
5.21244
0.0
0.0
0.0
0.0
1.51634
0.0
0.0
0.0
0.0
0.0
0.0
0.0
0.0
0.0
0.0
4.88461
0.0
0.0
0.0
0.0
4.69221
0.0
0.0
0.0
0.0
0.0
0.0926965
0.0
0.0
0.0
0.0
0.0
0.0
0.0
0.0
0.0
0.0
0.0
0.0
0.0
0.0
0.0
0.0
0.0
0.0
1.21413
0.0
0.0
0.0
0.0
0.0
0.0
0.0
1.18849
1.63133
0.0
3.16212
0.0
0.0
0.0
0.0
0.0
0.0
0.0
0.0
1.94461
1.80267
0.0
0.0
0.0
2.88147
0.0
0.0
0.0
3.33748
0.0
0.0
1.12706
0.0
0.0
0.363341
0.0
0.972701
4.05452
4.73016
0.0
0.0
0.0
0.0
0.0
0.0
0.0
0.38434
0.0
0.0
2.8411
0.0
0.0
1.04121
0.0
0.0
0.0
0.0
0.0
0.0
0.0780968
2.69243
0.39947
0.0
0.0
0.0
0.0
0.0
0.0
0.0
0.0
0.0
0.0
0.0
1.74251
0.0
0.0
0.0
0.0
0.0
0.0
0.0
2.9394
0.0
0.0
0.0
0.0
0.0
0.0
0.0
0.0
0.0
4.60231
4.30098
0.0
0.0
0.0
0.944522
0.0
0.0
0.0
0.0
2.84242
0.0
0.0
0.0848035
0.0
0.0
0.0
0.0
1.44585
0.135583
0.0
0.0
0.0
0.0
0.0
0.0
0.0
0.0
0.0
0.0
0.0
0.0
0.0
0.0
0.0
0.0
0.0
0.0
0.0
0.0
0.0
0.0
0.0
0.0
0.0
0.0
3.40596
0.0
0.0
0.0
0.0
0.883884
1.00379
0.0
0.0
0.0
0.0
0.0
0.0
0.0
0.0
0.0
1.36808
0.0
0.340373
0.0
0.206003
0.0
0.0
0.0844736
0.0
0.0
0.0
0.751081
0.0
0.0
0.0
0.0
0.0
0.0
0.0
0.0
0.0
0.0
0.0
0.0
0.0
0.690158
0.0
0.0
0.0
0.0
0.644307
0.0
0.0
0.0
2.05063
0.0
0.0
0.0
0.0
0.0
0.0
0.0
0.0
0.0
0.0
0.0
0.0
0.0
0.263768
0.0
0.0
0.0
0.0
0.0
0.0
0.391459
0.0
3.11412
0.0
3.31235
0.0
0.0
4.45293
0.0
0.0
0.0
0.0
0.0
0.0
1.29211
1.74786
0.0
0.0
0.0
0.867065
0.0
0.0
0.0
0.0
0.0
0.0
0.0
0.0
0.0
0.409484
4.01614
0.0
0.0
0.0
0.0
1.01474
0.0
0.0
0.0
0.0101315
2.59446
0.0
0.0
0.0
0.300549
0.0
0.0
0.840352
0.0
2.15891
0.226214
0.0
1.1704
0.0
0.0
0.0
2.35981
0.0
0.0
0.0
0.0
4.81494
0.0
2.7533
0.0
0.0
4.36828
0.0
0.0
0.0
0.0
0.0
4.74541
0.0
0.0
1.19202
0.0
0.0
0.0
0.0
0.0
0.0
0.0
0.0
0.0
1.393
0.0
0.0
0.0
0.730349
2.36197
0.0
5.0622
0.0
0.0
0.0
0.0
0.0
0.194943
0.0
0.0
0.0
0.0
0.0
0.0
0.0
0.0
1.08583
0.0
0.0
0.0713499
6.46349
3.56903
0.0
0.0
0.0
0.0
0.0
0.0
0.0
0.0
0.0
0.0
0.0
2.03599
0.0
0.0
0.0
0.0
0.0
0.0
0.0
0.0
0.0
0.0
0.0
0.0
0.0
0.0
0.0
0.0
0.0
0.0
0.0
1.99188
0.0
0.0
0.0
0.789565
0.0
0.0
0.0
0.0
0.0
0.0
0.0
0.0
0.0
0.0
0.0
0.0
0.0
0.0
0.0
0.0
0.0
0.0
0.0
0.0
2.3146
0.278858
0.0
2.67512
0.0
0.0
0.0
0.0
0.0
2.66467
0.0
0.0
0.0
0.260932
0.781799
0.0
0.0
0.0
0.0
0.0
0.0
0.0
0.356376
0.0
0.0
0.0
0.0
0.0
0.0
0.0
0.0
0.0
0.0
0.516407
3.08632
0.0
0.0
0.0
0.0
0.0
0.0
1.11406
0.0
0.0
0.0
0.0
0.0
0.0
0.0
0.0
0.0
0.0
0.0
0.0
0.0
0.0
0.439847
0.0
0.0
0.0
0.0
0.0
0.0
