0.0
0.0
2.44975
0.0
1.99516
0.0
0.0
0.0
0.0
0.0
0.0
0.659314
0.0
0.31342
0.0
0.0
0.0
0.0
0.0
0.0
0.0
0.0
0.0
0.0
0.0
0.0
0.0
0.0
0.0
0.0
0.0
3.67917
0.0
4.88048
0.0
0.0
0.0
0.0
0.0
0.0
0.0
0.0
2.8948
0.0
0.0
3.93251
0.0
0.0
0.0
3.14092
2.70613
0.0
0.0
0.0
0.0
0.0
0.897292
0.0
0.0
0.0
2.72801
0.0
0.0
0.0
1.66519
0.0
0.0
0.0
2.98162
0.0
0.0
0.0
0.0
0.0
0.0
0.0
0.0
0.0
0.0
0.0
0.0
0.0
0.0
0.0
0.0
0.0
0.0
1.11873
0.32562
0.0
0.0
0.0
0.397898
0.0
0.0
0.0
0.0
0.0
0.0
0.0
0.0
0.0
0.0
0.0
0.0
0.0
0.0
0.0
0.0
0.970886
0.0
0.0
0.0
3.28336
0.0
0.0
0.0
2.9933
0.0
0.0
0.0
0.0
0.0
0.0
0.698742
0.0
0.0
4.50445
0.0
0.0
0.0
0.0
0.0
0.0
0.0
0.0
0.0
0.42686
0.0
0.0
0.0
0.0
0.0
0.0
0.0
0.0
0.0
0.0
0.0
0.0568659
0.285251
0.0
0.0
0.0
0.0
0.0
0.0
0.255715
0.0
0.0
0.436346
0.0
0.0
0.0
0.0
0.0
0.0
0.638306
0.0
0.0310913
0.0
0.0
2.5775
0.238827
0.0
0.0
0.0
0.0
0.0
0.0
5.35011
0.0
0.0
0.0
0.0
0.172924
0.181786
0.0
0.0
0.205282
0.0
0.0
0.0
1.442
0.0
0.0
0.0
0.0
0.0
1.45612
0.0
0.0
0.0
0.0
0.0
0.0
0.0
0.0
0.0
0.0
0.0
0.0
0.0
0.0
0.363443
0.677683
0.0
0.0
0.0
0.546632
0.0
0.534623
0.0
0.0
1.4528
0.0
0.0
0.937621
0.0
0.0
0.0
0.0
0.0
0.0
0.0
0.0
0.758798
0.0
0.0
0.0
0.0
0.0
0.0
0.989878
0.0
0.0
0.0
2.49988
0.0
0.0
0.0
0.0
0.0
0.0
0.0
0.0
0.0
0.0
0.0
0.0
0.0
0.0
0.968482
0.0
0.0
0.0
1.9291
0.0
0.0
1.56961
0.0
1.60127
0.0
0.0
0.0
0.678605
2.81121
0.0
0.0
0.0
0.0
0.0
0.197841
0.710582
0.0
0.0
0.0
0.0
0.0
0.0
0.0
0.0
0.203763
0.0
0.941325
0.926754
0.0
0.0
0.0
0.0
0.0
2.5992
0.0
0.0
0.0
0.0
0.0
0.0
0.0
0.0
0.0
0.0
0.0
0.0
0.0
0.0
0.0
0.0
1.89397
0.0
0.0
0.0
0.0
0.0
0.0
0.0
0.0
0.0
0.0
0.0
0.0
0.0
0.0
0.0
0.0
0.0
0.0
0.0
0.0
0.0
0.0
0.0
0.0
0.0
0.0
0.0
0.0
0.0
0.0
0.0
0.0
0.0
0.0
0.0
0.0
0.0
0.0
0.0
0.0
0.0
0.0
0.0
0.0
0.0
0.0
0.0
0.0
0.0
0.0
0.0
0.0
0.0
0.0
0.0
1.12922
0.0
0.749799
0.0
0.0
1.02565
0.0
0.0
0.0
0.0
0.0
0.0
0.0
0.0
0.0
0.0
0.0
0.0
0.0
0.0
0.0
1.80339
1.05386
0.0
0.0
0.0
0.0
0.0
0.0
0.0
0.663747
0.0
0.321929
0.0
0.0
0.0
0.0
0.0
0.0
0.0
2.43385
0.0
0.0
0.0
0.0
0.0
0.0
0.0
0.0
0.0
0.0
0.0
0.0
0.0
0.0
0.0
0.713266
0.0
0.0
0.0
0.0
0.0
0.0
0.0
0.0
0.0
0.0
0.438409
0.0
0.0
0.0
0.0
0.0
0.0
0.0
0.0
0.0
0.0
0.0
0.661714
0.0
0.0658619
0.0
0.0
0.0
0.0
0.0
0.0
0.0
0.0
0.0
0.0
0.0
0.0
0.0
2.31776
0.0
0.0
0.0
0.0
0.0
0.0
0.0
0.0
0.0
0.0
0.0
0.0
0.0
1.95102
0.0
0.0
0.0
0.0
0.0
0.0
0.0
0.0
0.0
0.0
0.0
0.0
1.69888
0.0
0.0
0.0
0.0
0.0
0.0
0.0
0.0
0.0
0.0
0.0
0.0
0.506068
0.0
0.987665
0.0
0.0
0.0
0.0
0.0
0.0
0.0
0.0
0.0
0.0
0.0
0.0
0.0
0.0
0.0
0.0
0.0
0.0
0.0
0.0
2.05888
0.0
0.0
0.0
2.93929
0.0
0.808483
0.0
0.0
0.0
0.0
0.0
0.0
0.0
0.0
0.0
0.0
0.0
0.0
0.644083
0.0
0.0
1.51572
0.0
0.0
0.0
0.0
0.0
0.0
0.0
0.0
0.428762
0.0
0.0
0.0
0.0
0.0
0.0
0.0
0.0
0.0
0.137871
0.0
0.0
0.0
0.0
0.0
0.0
0.0
0.0
0.0
0.0
0.0
0.0
3.15238
0.469745
0.0
0.0
0.0
0.0
0.522433
0.0
0.0
0.0
1.30483
0.0
0.0
0.0
0.0
0.0
0.0
2.59557
0.493288
0.0
0.0
0.0
0.0
0.0
0.0
0.0
0.0
0.0
0.0
0.0
0.0
0.0
0.0
0.0
6.51395
0.0
0.0
0.0
2.31376
0.0
0.0
0.0
0.0
0.0
0.0
0.0
0.0
0.0
0.0
0.0
1.68767
0.0
0.0
0.0
0.0
0.0
0.0
0.325802
0.0
0.0
0.295329
0.0
0.0
0.0
0.0
0.0
0.0
0.0
0.0
0.0
0.0
0.826442
0.0
0.0
0.00348587
3.70222
0.0
0.0
0.0
0.0
0.0
0.0
0.0
0.0
0.0
0.0
0.0
0.0
1.02888
0.0
2.08102
0.0
0.0
0.0
0.0
0.0
0.0
0.510926
0.0
0.0
0.0
0.0
0.0
0.0
0.0
0.0
0.0
0.0
0.0
0.0
0.0
0.0
0.0
0.0
0.0
0.968075
0.0
1.47345
0.0
0.0
0.0
0.0
0.0
0.0
0.0
0.0
0.0
0.0
0.0
0.0
0.0
0.347602
0.0
0.0
0.0
0.0
0.0
0.0
0.0
0.0
0.0
0.366218
2.31652
0.0
0.0
0.362905
0.0
1.97644
0.138914
0.0
0.0
0.0
1.02633
0.0
0.0
0.0
0.0
0.0
0.0
2.66505
0.0
0.0
0.0
0.0
0.0
0.0
0.721884
0.0
0.0
0.0
0.0
0.0
0.0
0.159953
1.69482
2.09017
0.0
0.0
0.0
0.0
0.0
0.0
0.0
0.0
0.0
0.0
0.0
0.991479
0.0
1.74699
2.15663
0.0
0.0
2.04787
0.0
0.0
0.0
0.0
0.0
0.0
0.0
0.0
0.0
0.0
0.0
0.0
0.0
0.0
0.0
0.0
2.65986
0.0
0.519618
4.50891
0.0
0.0
0.0
0.0
0.0
1.1122
0.0
0.0
0.0
0.0
0.0
0.0
0.0
0.0
0.0
0.0
0.366012
0.0
0.0
0.0
0.0
0.0
0.0
0.0
0.0
3.51927
0.0
0.0
0.0
0.385308
0.0
0.0
0.0
0.0
0.0
0.0
0.0
0.0
0.0
0.0
0.0
0.0
0.0
0.0
1.65225
0.0
0.0
0.0
0.0
2.92404
0.0
0.0
0.0238425
0.0
1.15519
0.0
0.0
0.0
0.0
0.0
0.446304
2.08489
0.0
0.0
0.0
0.0
0.0
0.0
0.0
0.0
0.223859
0.0
0.0
0.0
0.0
0.0
0.502385
0.0
0.0
2.08696
0.0
0.0
0.0
0.0
0.0
0.0
0.0
0.0
0.0
0.0
0.0
0.441849
0.514847
0.0
2.95583
0.0
0.0
0.0
0.0
1.3512
0.0
0.0
0.0
0.0
0.0
0.0
0.0
0.0
4.53059
0.747124
0.0
0.0
0.0
0.0
0.0
0.0
0.0
0.0
0.0
0.0
0.0
0.0
0.0
0.0
0.0
0.0
0.0
0.0
0.0
0.0
0.0
0.0
0.0
0.0
0.0
0.0
0.0
0.0
0.0
1.02231
0.0
0.0
0.0
2.38445
0.0
0.0
0.0
0.0
0.0
0.0
0.0
6.03868
0.0
0.0
0.0
0.0
0.0
0.0
0.0
0.878235
0.0
0.0
0.0
0.0
0.0
0.0
0.0
0.0
0.589067
0.0
1.79814
0.0
0.0
0.0
0.0
0.0
0.0
0.0
0.0
0.0
0.0
0.0
2.82388
0.0
0.0
2.2636
0.0
0.0
0.0
0.0
0.0
0.0
0.0
0.0
0.0
0.0
2.01075
0.0
0.0
0.0
0.0
0.470174
0.0
0.0
0.0
0.0
0.0
0.0
0.0
0.0
0.0
0.0
0.0
0.0
0.0
0.985554
0.0
1.61958
0.0
0.0
0.0
0.0
0.0
0.0
0.0
0.0
0.0
0.0
1.05359
0.0
0.189617
0.0
0.0
0.0
0.0
0.0
0.0
0.0
0.0
0.0
0.0
0.0
0.0
4.64853
0.0
0.0
0.0108356
0.0
0.0
0.0
0.0
0.0
0.582716
0.0
0.0
1.21716
0.0
0.0
0.0
0.0
0.0
0.0
0.0
0.619641
0.0
2.89817
0.0
0.681167
0.0
0.0
0.0
0.0
0.0
0.0
0.0
0.0
1.94548
0.0
0.0
1.30945
0.0
1.53123
0.733392
0.0
0.0
0.0
0.0
1.64744
0.0
0.0
0.0
0.0
0.0
0.0
0.0
0.0
0.0
3.411
0.0
0.397842
0.0
0.0
0.0
0.0
0.0
0.0
0.0
0.0
0.0
0.0
0.0
0.0
0.613851
0.0
0.0
0.0
0.0
0.0
1.61842
0.0
0.929737
0.0
0.0
0.0
0.947164
0.701519
0.0
0.0
2.3753
0.0
0.0
0.0
0.0
0.0
0.0
0.0
0.0
0.0
0.0
0.0
0.0
0.0
0.986931
3.42965
0.0
0.0
0.0
0.0
0.0
0.0
0.452879
0.0
0.0
0.0
1.0368
0.0
0.0
0.0
0.0
0.0
0.0
0.0
2.06277
0.0
0.386624
0.0
0.0
2.54414
0.709626
0.0
0.0
1.89311
1.96847
0.0
0.0
0.0
0.0
0.0
0.0
0.0
0.0
0.0
0.0
0.0
0.0
0.0
0.0
0.0
0.00852495
0.0
0.0
0.0
0.0
0.0
1.38902
0.0
0.0
0.0
0.0
0.0
0.0
0.0
0.973672
0.0
0.0
0.0
0.0
0.0
0.0
0.0
0.0
0.0
0.0
0.0
0.0
0.0
3.43963
0.0
0.0
5.255
0.0
0.870627
0.0
0.0
1.13106
0.0
0.0
0.0
0.0
0.0
0.0
2.68715
0.0
0.0
0.0
0.171529
0.0
0.0
1.75728
0.0
0.0
0.0
0.0
0.0
0.43289
0.665979
0.0
0.0
0.0
0.0
0.0
0.0
0.0
0.0
0.0
0.0
0.0
0.0
0.0
0.0
4.53554
0.0
0.0
0.0
0.0
1.86777
0.0
0.0
0.0
0.0
0.0
0.0
0.0
0.0
0.0
0.0
0.0
0.564639
0.997688
0.0
0.0
0.0
0.0
0.0
0.0
0.964845
0.0
0.0
0.0
0.0
0.0
4.58708
0.0
0.0
3.49867
0.0
0.0
0.0
1.00212
0.0
0.0
0.0
0.0
0.0
0.0
0.0
3.35969
0.0
0.0
0.00566927
0.0
0.380465
0.0
0.0
0.0
0.0
0.0
0.0
0.0
0.652829
0.0
0.0
0.0
0.0
0.0
0.0
0.0
0.0
0.0
0.0
0.0
0.0
0.0
0.0
0.0
0.0
0.0
0.223998
2.34719
0.0
0.0
0.0
0.0
0.0
0.0
0.0
2.05062
0.41761
0.0
0.0
0.0
0.0
0.0
0.0
0.0515848
0.0
1.22642
0.0
1.60031
0.0
0.0
0.0
0.0
0.0
0.0
0.18874
0.0
0.0
0.0
1.18708
0.647588
0.269414
0.0
0.0
0.0
0.0
0.0
0.675567
0.0
0.262696
0.0
0.0
0.0
0.0
0.0
0.0
3.01512
0.0
0.0
0.0
0.0
1.31157
0.0
0.0
0.0
0.0
4.70097
0.0
0.0
0.0
0.0
0.0
1.14362
2.19385
0.0
0.810741
0.0
1.72637
0.0
0.0
0.0
0.0
0.0
0.0
0.0
0.0
0.0
0.0
0.0
0.0
0.0
0.0
0.0
0.0
0.0
0.0
0.0
0.0
2.15243
0.0
0.0
0.0
2.15018
0.0
1.37197
0.0328291
0.0
0.0
0.0
0.0
0.0
0.0
0.0
0.0
0.0
0.0
0.0
0.0
0.0
0.629053
0.0
0.0
0.0
0.0
0.0
0.0
0.0
0.0
0.0
0.0
0.0
0.0
0.0
0.750836
0.0
0.0
2.29365
0.0
1.25508
0.181805
0.0
0.0
0.0
0.0
0.0
0.0
0.0
0.0
0.0
0.0
0.0
0.0
0.0
0.0
0.0
0.0
0.0
0.0
0.54142
0.0
0.0
0.0
0.0
0.0
3.04683
0.0
0.0
0.0
0.0
0.0
0.0
0.0
0.0
0.0
0.0
0.0
1.58164
0.0
0.277739
0.0
0.0
0.0
0.0
0.0
0.0
0.0
0.0
0.0
0.0
1.08018
0.0
0.0
0.309932
0.0
0.0
0.0
0.0
0.0
0.0
0.0
3.63713
0.0
0.293541
0.0
0.0
0.0
0.0
0.0
0.0
0.0
0.0
0.0
0.0
1.04846
0.0
0.0
0.0
0.0
0.0502805
0.0
0.0
0.0
0.0
1.81328
0.147708
0.0
0.0
0.0
0.0
0.0
0.578144
1.27307
0.0
2.9829
0.0
0.0
0.0
0.0
0.0
0.0
2.7004
0.0
0.0
0.553947
0.0
0.0
0.0
0.0
0.0
0.0
0.0
0.0
0.0
0.0
0.0
0.0
0.0
0.0
0.0
0.0
0.0
0.0
0.0
0.0
0.0
0.0
0.0
0.0
0.0
0.0
0.0
0.431578
0.0
1.57772
0.0
0.0
0.0
1.34279
0.0
0.0
0.0
0.0
0.0
1.1989
0.0
0.0
0.0
0.0
0.0
0.0
0.0
0.0
0.0
0.0
0.0
0.0
0.0
0.0
0.0
0.0
0.0
0.0
0.0
0.0
0.0
3.10645
0.0
1.99577
0.293422
0.0
0.0
0.0
0.0
0.0
0.819987
4.60031
0.0
0.0
0.0
0.185923
0.0
0.0
0.0
0.0
0.0
0.0
0.288734
0.0
0.80972
0.0
0.0
0.0
0.0
0.0
0.0
0.0
0.0
0.0
3.61432
1.26174
0.0
5.80664
0.0
2.73498
0.0
0.0
0.0
1.72582
0.0
0.0
0.0
1.71499
0.0
0.0
0.0
0.0
0.0
0.0
0.0
0.0
0.0
0.675425
0.0
0.0
0.0
0.0
0.0
0.0
0.0
0.0
0.0
0.0
0.0
0.0
0.0
0.0
0.0
0.0
0.0
0.0
0.0
1.55822
0.0
0.0
0.0
0.0
0.0
3.26027
1.75774
0.0
0.0
0.0
0.0
0.0
0.0
0.0
0.0
0.0
0.0
0.0
0.0
0.0
0.0
0.0
0.0
0.0
0.0
0.0
0.0
0.689996
0.0
0.837888
0.0
0.0
0.0
0.0
0.0
0.0
0.0
0.0
0.0
0.0
0.0
0.0
0.0
0.0
0.0
0.0
0.0
0.999425
2.10329
0.0
0.0
0.0
0.942206
1.13152
0.0
0.0
1.66761
0.780062
0.0
0.0
0.0
0.0
0.637542
0.0
0.920539
0.227155
0.968073
0.0
2.07625
0.0
1.314
0.0
0.0
0.0
0.0
0.0
0.0
0.0
0.0
0.0
0.0
0.0
0.0
0.0
0.0
0.0
0.0
0.0
0.0
0.0
0.0
0.0
0.0
0.313637
0.0
0.0
0.0
0.19319
0.0
0.0
0.0
0.198664
0.0
0.0
0.0
0.0
0.0
0.0
0.0
0.199543
0.0
0.0
0.0
0.0
0.0
0.647587
0.0
0.0
0.586593
0.0
0.0
0.0
1.41723
0.0
0.0
0.0
0.519964
0.0
0.0
0.0
0.0
0.0
0.0
0.428058
0.0
0.0
0.0
0.0
0.0
0.0
0.0
0.0
0.0
0.0
0.0
0.0
0.0
0.0
0.0
0.0
0.0
0.0
1.60191
0.0
0.0
0.0
0.0
2.79608
0.0
0.0
0.0
0.392931
0.0
0.0
0.0
0.0
0.0
0.0
0.0
0.0
0.0
0.0
0.0
0.0
0.0
0.0
2.5139
0.0
0.0
0.0
0.0
0.60114
2.35036
2.85147
0.0
0.0
0.0
0.0
0.0
0.0
0.0
0.0
0.0
0.0
0.0
0.0
0.0
0.0
0.0
0.0
0.0
0.0
0.0
0.0
0.0
0.0
0.0
0.0
0.0
0.0
2.82023
0.0
0.0
0.0
0.0
0.513158
0.0
0.0
0.0
0.285301
0.0
0.0
0.0
0.0
2.97411
0.0
0.105473
0.0
0.687635
0.0
0.0
0.0
0.0
0.0
0.0
0.0
0.0
0.0
0.0
0.0
0.0
0.0
0.0
0.0
0.0
0.0
0.0
0.0
0.0
0.0
0.0
0.0
0.0
0.0
0.0
0.0
0.0
0.0
0.0
0.0
1.5207
0.0
0.572548
2.7124
0.0
0.0
0.0
2.17056
0.0
0.0
0.0
0.0
0.0672356
0.0
0.0
0.0
0.0
1.78862
0.930797
0.0
0.0
0.0
3.26033
0.0
0.0
0.0
1.66695
0.0
6.16709
0.0
0.0
0.0
0.0
0.0
0.0
1.90859
0.0
1.06852
0.0
1.64847
1.04524
0.0
0.0
3.31177
0.0
1.36335
0.0
0.0
0.0
0.0
0.0
1.3397
0.0
0.0
0.0
0.0
0.0
0.0
0.0
1.31745
3.62258
0.0
4.25865
0.0
0.0
0.0
0.0
0.0
0.0
0.0
0.0
0.0
1.55134
0.0
0.0
0.0
0.0
1.17176
0.0
0.0
0.0
0.0
0.0
0.0
0.411328
0.0
0.0539435
0.711815
0.0
0.0
0.0
0.0
0.0
0.0
0.0
0.0
3.51669
0.0
0.0
0.0
0.0
1.79861
0.0
0.0
0.0
0.0
0.0
0.0
0.0
0.0
0.0
0.0
0.282687
0.0
0.0
0.0
0.954207
0.0
0.0
0.0
0.0
0.0
2.19286
0.0
0.0
0.0
0.0
0.0
0.0
0.0
0.0
0.517522
0.0
0.0
0.0
0.0
0.0
0.0
0.0
0.0
0.0
0.0
0.0
0.0
0.0
0.0
0.0
0.0
0.0
0.0
0.0
0.0
0.0
0.0
0.0
0.0
1.42338
0.978745
0.0
1.36112
0.0
0.0
0.0
0.0
4.45605
0.0
0.0
0.0
0.0
0.0
0.0
0.0
0.0
0.0
0.0
0.0
0.0
0.0
0.0
0.0
0.0
0.0
0.0
0.364726
0.46858
0.0
0.0
0.0
0.0
0.324432
0.847714
0.0
0.0
0.0
0.0
3.26776
0.0
0.0
0.0
0.57222
0.0
0.0
0.0
0.0
0.0
0.0
0.0
0.0
0.0
0.0
0.790026
0.0
0.1802
0.0
0.0
0.0
0.0
0.0
0.174826
0.0
0.0
0.0
0.0
0.0
0.705113
0.0
0.0
0.0
0.0
0.0
0.0
0.0
0.0
0.0
0.0
0.0
0.0
0.0
0.0
3.58172
0.0
0.0
0.0
0.541611
2.47243
0.0
0.0
0.0
0.0
0.0
0.0
0.0
0.0
0.0
0.0
0.0
0.0
0.0
0.0
0.0
0.0
0.0
0.0
0.0
0.0
1.84509
0.0
0.0
0.0
0.0
0.0
0.0
0.0
0.0
0.0
0.0
0.0
0.0
0.0
0.0
0.0
0.0
0.0
0.0
0.0
0.0
1.51604
0.0
0.0
0.0
0.0
1.87975
0.0
0.0
0.0
0.0
0.0
0.0
0.183849
0.0
5.90116
0.0
0.0
0.0
0.0
0.0
0.0
0.0
0.0
0.0
0.0
0.0
0.0
0.0
0.0
0.0
0.0
0.0
0.0
0.536834
0.0
2.19934
0.0
0.0
0.644778
0.0
2.57188
0.0
0.0
0.0
0.0
0.0
0.0
0.63899
0.0
0.0
0.0
0.159712
0.0
0.0
0.0
0.0
0.0
0.0
0.0
1.11238
0.839797
0.0
0.829323
0.0
0.0
0.0
0.318757
1.40924
2.41866
0.0
0.269428
0.0
0.0
0.0
0.0
0.0
0.0
3.38846
0.0
0.0
0.0
0.0
0.0
0.0
0.0
0.0
0.0
0.0
0.0
0.0
0.0
0.0
0.0
2.09854
0.0
0.0
0.0
0.0
0.0
0.0
0.0
0.0
2.28621
0.0
0.0
0.0
0.0
0.0
2.84468
0.0
0.0
0.0
0.0
0.0
0.0
0.0
0.0
0.0
0.125887
0.0
3.51779
0.0
0.0
0.370072
0.467873
0.291749
0.0
0.0
0.0
0.0
0.0
0.0
0.0
0.0
0.0
0.0
0.909012
0.0
0.0
2.71595
0.0
0.0
0.0
0.0
0.0
0.0
0.0
0.0
0.0
0.212444
0.0
0.0
0.0
0.0
0.0
0.0
1.10415
0.0
0.0
0.0
0.0
0.0
2.22046
0.0
4.11729
0.0
0.0
0.0
0.0535796
0.0
0.0
0.0
0.0
0.0
0.0
0.0
0.0
0.0
0.0
0.0
0.0
0.0
0.0
0.0
0.0
0.0
0.0
0.0
0.0
0.0
0.0
0.0
0.0
0.11925
0.0139777
0.0
0.0
0.0
0.0
0.0
0.0
0.0
0.0
0.0
0.0
0.0
0.0
0.0
0.0
0.0
0.0
1.03775
0.0
0.0
0.0106226
0.0
0.0
0.0
0.0
0.0
0.0
0.0
0.0
0.0
0.0
0.0
0.0
0.0
0.0
0.0
0.0
0.0
0.0
0.0
0.0
0.0
2.04798
0.0
0.0
0.767289
0.0
0.0
0.0
0.0
0.0
0.0
0.0
0.0
0.0
0.152389
0.0
0.0
3.45622
0.0
0.0
0.0
0.0
0.0
0.0
1.16101
0.0
0.0
0.0
0.0
0.0
0.0
0.0
0.195528
0.0
0.388129
0.0
3.00912
0.0
2.05741
0.0
0.0
0.0
0.0
0.0
0.0
0.0
0.0
0.0
0.0
0.0
0.0
0.0
0.0
0.0
3.05643
0.0
0.0
0.0
0.0
0.0
0.0
0.0
0.0
0.0
0.0
0.0
0.0
0.0
2.7004
0.0
0.0
0.0
0.0
0.0
0.0
0.0
0.0
0.0
0.0
0.0
0.0
0.0
0.0
0.0
0.0
0.0
0.0
0.0
0.0
0.0
0.0
0.0
0.0
0.0
0.540594
0.0
0.0
0.0
0.0
0.0
0.0
0.0
0.0
0.0
0.0
0.0
0.0
0.0
0.0
0.0
0.0
0.118452
0.0
0.0
0.0
0.0
0.0
0.0
0.0
0.0
0.0
0.0
0.0
0.0
0.0
0.0
0.0
0.0
0.0
0.0
1.42892
0.0689321
0.0
0.0
0.0
0.0
0.0
0.0
0.0
0.0
0.0
0.0
0.0
0.0
0.0
0.0
0.0
0.0
0.0
0.0
0.0
0.0
0.0
0.0
0.0
0.0
0.567076
0.0
0.0
0.0
0.0
0.0
0.0
0.0
1.78647
0.0
0.0711184
0.0
0.0
0.0
0.0
0.0
0.0
2.87382
0.0
0.0
0.0
3.76797
0.0
0.0
0.0
0.0
0.0
0.0
0.0
0.0
0.0
0.0
0.0
0.0
0.0
0.0
0.0
0.0
0.0
0.0
0.0
0.0
0.597908
0.349281
0.0
0.0
0.0
0.0
0.0
0.0
0.0
4.51523
2.20627
0.0
0.0
0.0
3.97236
0.0
0.0
0.0
1.30894
0.0
0.0
1.96045
0.0
0.125085
0.0
0.0
0.0
0.0
0.0
0.0
0.0
0.742664
0.0
0.0
2.7214
0.0183722
0.0
0.488948
0.0
0.0
0.0
0.0
0.0
0.0
0.0
0.0
0.770242
0.0
0.0
0.210214
0.0
0.0
0.0
0.0
0.0
0.0
0.0
0.0
0.539313
0.0
0.0
0.0
0.0
0.0
1.68611
0.0
0.0
0.0
2.22613
0.0
0.0
0.0
0.0
0.0
0.0
0.0
0.0
0.0
0.0
0.0
0.0
0.0
0.0
0.0
0.0
0.0
1.26733
4.89487
0.0
0.0
3.91524
0.0
0.0
1.215
0.0
0.0
0.0
0.0
0.0
0.0
0.0
0.0
0.0
0.0
0.0
0.0
0.0
0.0
0.0
0.0
0.0
0.0
0.0
0.252426
0.0
0.403111
0.0
0.0
1.81363
0.0
0.0
0.0
0.0
0.0
0.0
0.330399
0.0
0.0
0.0
1.82455
0.0
0.0
0.0
0.0
0.0
0.0
0.0
0.0
0.0
0.0
0.0
0.0
0.0
0.0
0.0
0.0
0.0
0.0
0.0
1.10554
0.623698
0.0
0.0
0.484075
0.0
0.0
2.29247
0.0
0.0
0.0
0.0
0.0
0.0
0.0
1.63414
1.68846
0.0
0.0
0.0
0.0
0.0
0.0
0.0
0.0
0.0
0.0
0.0
0.0
2.45276
0.0
0.0
0.0
0.0
0.0
0.0
2.07885
0.0
0.0
0.0
0.0
0.0
0.0
0.0
0.0
0.0
0.0542544
0.0
0.0
0.0
0.0
0.0
0.0
0.0
0.0
0.0
0.0
0.0
1.61846
0.0
0.0
1.00119
0.0
0.0
0.0
0.0
2.04119
0.449921
0.0
0.0
0.0
0.0
0.0
0.0
0.0
0.0
0.0
0.0
0.0
0.654607
3.49101
0.0
0.0
0.0
1.4954
0.0
0.0
0.0
0.0
0.0
2.49199
0.0
0.0
0.0
0.182104
0.0
3.32011
0.0
0.0
0.0
0.0
0.0
0.0
0.0
0.0
1.36919
0.0
0.0
0.0
0.773365
0.0
0.0
0.0
0.0
0.0
0.0
0.0
0.0
0.0
0.0
0.0
0.0
0.0
0.0
0.0
0.0
3.74717
0.0
0.0
0.0
0.0
0.0
0.0
0.0
0.0395809
0.0
0.0
0.0
1.88474
0.0
2.23726
0.0
0.127201
0.0
0.0
0.0
0.0
0.0
0.0
0.431181
0.0
0.0
0.0
0.0
0.0
0.0
0.0
3.40697
0.0
0.0
0.0
0.0
0.0
0.0
0.0
0.0
1.65626
0.68858
0.0
0.0
0.0
0.0
0.0
0.0
1.89441
0.0
0.0
0.0
0.0
0.0
0.0
0.0
0.0
0.0
0.0
0.0
0.0
0.0
0.0
0.0
0.0
0.0
0.176136
0.0
0.0
0.0
0.0
0.0
0.0
0.0
1.48041
0.111977
0.0
0.0
0.0
0.867677
0.0
0.0
0.0
0.0
0.0
0.0
0.0
2.27133
0.0
2.13229
0.0
0.0
0.0
1.24108
1.63557
0.0635487
0.0
0.0
0.0
0.0
0.0
0.0
0.0
0.0
0.0
1.23118
3.01905
0.0
0.0
0.181181
0.0
0.0
0.0
0.802885
0.0
1.47323
0.39701
0.0
0.0
0.0
0.0
0.0
0.0
0.0
0.0
0.0
0.0
0.0
0.0
0.0
0.0
1.63176
0.0
0.0
0.0
0.0
0.0
0.0
0.0
0.0
0.0
0.0
2.7695
0.0
0.0
0.0
0.0
0.0
0.0
0.0
0.0
0.0
0.0
0.0
2.85359
0.0
0.0
0.0
0.0
0.0
0.0
0.0
0.0
2.57309
2.1813
0.0
0.0
0.0
0.0
1.89109
0.0
0.0
0.0
2.73588
0.0
0.0
0.0
0.0
0.0
0.0
0.0
2.42521
0.0
0.0
0.0
0.0
0.0
0.0
0.0
0.0
0.0
0.0
0.0
0.0
0.0
0.162095
0.0
0.0
0.0
0.0
0.91182
0.0
1.07464
0.0
0.0
0.0
0.0
0.0
0.0
0.0
0.0
0.0
0.0
0.0
1.71234
0.0
0.0
0.0
0.0
0.0
0.0
0.0
0.0
0.0
0.0
0.0
0.0
0.0
0.0
0.0
1.38062
0.0
0.0
0.0
0.0
0.0
0.808584
0.0
0.0
0.0
0.0
0.0
0.0
0.0476369
1.29464
0.0
0.0
0.0
3.67947
0.0
0.0
0.0
0.0
0.0
0.0
0.0
1.65449
0.0
0.0
0.0
0.635717
0.0
0.0
0.0
0.0
1.34608
0.0
1.15449
0.0
0.0
0.0
0.0
0.183065
0.114712
0.0
0.639127
0.0
0.0
0.0
0.0
0.0
0.0
0.0
0.0
0.0
0.0
0.0
0.0
0.632664
0.0
0.0
0.0
0.0
0.0
0.0
0.0
0.0
1.32553
0.0
0.0
0.0
0.0
0.0
0.0
2.28247
0.0
0.0
0.0
0.0
0.0
0.0
0.0
0.0
0.0
0.0
0.0
0.945878
0.0
0.0
0.0
2.23369
0.0
0.0
0.0
0.79643
0.0
0.0
0.0
0.479117
0.0
0.0
0.0
0.0
0.0
0.0
0.0
0.468604
0.0
0.0
0.0
0.0
0.0
0.0
0.0
0.0
0.0
1.22174
0.0
0.0
0.0
0.0
0.0
0.0
0.24665
3.89903
0.0
2.47194
0.0
0.0
0.0
0.297639
0.0
0.77218
0.0
0.0
0.0
0.0
0.0
0.0
1.98
0.0
0.0
0.0
0.0
0.0
0.0
0.0
0.757802
0.0
0.0
0.0
0.0
0.0
0.0
0.0
0.0
0.0
1.72003
0.0
0.0
0.0
0.0
0.0
4.65304
0.0
0.0
0.0
0.0
0.0
0.0
0.0
0.0
0.0
0.0
0.0
0.0
0.00174902
2.84178
0.0
0.0
0.0
0.0
0.0
0.0
1.46656
0.0
0.0
0.0
0.0
0.0
0.0
1.56091
0.0
0.0
0.27917
0.0
0.0
0.0
0.244857
0.0
4.51427
0.0
0.0
0.0
0.0
0.0
0.0
1.13083
0.0
0.0
0.0
3.49453
0.462899
0.0
0.0
0.0
0.0
0.0
0.0
0.0
0.0
0.0
0.0
0.0
0.0
0.0
3.08898
0.0
0.0
0.0
0.0
0.0
0.0
0.0
0.0
0.0
0.0
0.0
1.57726
0.0
0.0
0.0
0.0
0.982355
0.0
0.0
0.0
0.0
2.42648
0.0
0.0
0.0
0.0
1.1064
0.0
0.0
0.0
0.0
0.0
0.0
0.0
0.0
0.0
0.0
0.0
0.0
0.0
0.0
0.0
0.0
0.0
0.0
0.0
0.0
0.0
2.12787
0.0
0.631949
0.0
0.0
0.0
0.0
0.0
0.0
0.0
0.0
0.0
0.0
0.0
0.0
0.0
0.0
0.0
0.0
0.0
2.60699
0.0
0.0
0.0
1.91961
0.0
0.0
2.51726
0.0
0.0
0.0
0.0
0.0
1.51699
0.0
0.0
0.0
0.0
0.0
0.0
0.0
0.0
0.0
0.0
0.0
0.0
0.0
0.0
0.0
0.0
0.0
1.47348
0.0
0.0
0.0
0.85196
0.0
0.0
0.0
0.0
0.0
0.0
0.0
0.0
0.0
0.0
0.0
0.0
0.0
0.0
0.0
0.0
0.0
0.0
2.59982
0.0
0.0
0.0
0.0
0.662157
0.0
0.0
0.0
0.0
0.0
0.0
0.0
0.0
0.0
0.0
0.0
2.86821
0.0
0.0
0.0
0.0
0.0
1.94715
0.0
0.0
0.0
0.0
0.0
0.0
0.113392
0.0
0.0
0.0
0.0
0.0
0.0
2.50451
0.0
0.00230265
0.0
0.0
1.19341
0.0
0.0
0.0
0.60789
0.0
0.0
0.0
0.0
0.0
1.79926
0.0
0.0
0.0
0.0
0.733665
0.0
0.0
0.0
4.52069
0.0
0.0
1.20626
0.0
0.0
0.0
0.0
0.0
0.0
0.0
0.0
0.233704
0.0
0.0
0.0
0.114314
0.0
0.0
0.0324216
0.0
0.0
0.0
0.0
2.02235
2.32011
0.0
0.0
0.0
0.0
0.0
0.0
0.0
0.0
0.0
0.0
0.0
0.0
0.0
0.0
0.0
0.0
0.0
0.0
0.0
0.0
0.0
0.0
0.0
1.11958
0.0
0.0
0.998083
0.0
0.0
0.0
0.0
0.753085
3.6718
0.867945
1.70181
0.0
0.0
0.341689
0.0
0.0
0.0
0.0
0.0
0.0
0.0
0.520285
0.0
0.0
0.0
0.0
0.0
0.0
2.0553
0.0
0.0
0.0
0.0
0.0
0.0
0.0
0.0
0.196147
5.50306
1.23461
0.0
0.0
0.0
0.265672
0.0
0.0
0.0
0.271325
0.0
1.20827
0.0
0.0
0.0
0.0
0.0
0.590152
0.0
0.0
0.0
0.0
0.0
0.0
0.0
0.0
0.0
0.0
0.0
0.0
0.0
0.0
0.0
0.0
0.0
0.0
0.0
2.28198
0.0
0.0
0.0
0.0
0.0
2.48835
0.0
0.0
0.0
0.214499
0.278757
0.0
0.0
0.0
0.0
2.06957
1.03494
0.0
0.0
0.0
2.61888
0.0
1.7618
0.0
0.0
0.0
0.0
0.0
0.0
0.0
0.0
0.0
0.0
2.56647
0.0
0.0
0.0
0.0
0.0
0.0
0.0
0.0
0.0
0.0
0.0
0.0
0.0
0.248514
0.0
0.0
0.0
0.0
0.758526
0.0
0.0
0.0
0.0
0.0
0.0
0.0
0.0
0.620311
0.0
0.0
0.0
0.0
0.0
1.86554
0.0
0.0
0.0
0.0
0.0
0.0
2.77242
0.0
0.0
0.0
0.0
0.16352
0.440733
0.0312467
0.0
0.0
0.0
0.0
0.0
0.0
0.0
0.0
0.0
0.0
0.944177
0.0
0.0
0.0
0.0
0.0
0.0
2.69518
0.0
0.0
0.436388
0.0
0.0
0.0
0.0
0.0
0.0
0.0
0.0
0.0
0.0
0.0
0.0
0.0
0.0
0.0
0.0
0.0
0.0
0.0
0.0
0.0
0.0
0.0
0.0
0.0
0.0
0.0
0.0
0.0
1.24566
0.0
1.86523
0.0
3.90186
0.0
0.0
1.12632
0.0
0.0
0.0
0.0
0.0
0.0
3.38987
1.45038
0.345503
0.0
0.0
0.0
0.0
0.0
0.0
0.0
0.0
0.0
0.0
0.0
0.0
0.0
0.499495
0.0
0.0
0.0
0.0
0.0
0.0
0.0
0.0
0.0
0.0
0.0
0.0
0.0
0.826148
0.0
0.0
1.33927
0.0
0.0
0.0
0.0
2.14064
0.0
0.0
0.18239
1.1981
0.0
0.0
0.0
0.0
0.632925
0.0
0.809284
0.0
0.0
0.0
0.0
0.0
0.0
0.0
0.0
3.97849
0.0
0.0
0.84582
0.0
0.0
0.0
0.0
2.04651
0.0
0.0
0.0
0.0
0.232452
0.0
0.0
0.0
0.0
0.0
0.0
1.25946
0.0
0.0
0.0
0.0
0.0
0.836243
0.0
0.0
0.0
0.0
0.0
0.0
0.0
0.0
0.0424856
0.0
1.75885
0.0
4.10691
2.61157
0.0
0.0
0.0
0.0
0.0
0.0
0.0
0.0
0.0
0.0
0.0
0.0
0.0
0.0
0.0
0.0
0.0
0.0
0.0
0.0
0.0
0.0
0.0
0.710639
0.0
0.0
0.0
0.0
0.0
0.0
0.0
1.57208
0.0
0.0
0.0
2.27123
0.0
0.0
0.0
0.0
0.0
0.0
0.0
0.0
0.954096
0.0
0.0
0.0
0.0
0.0
0.0
0.414139
0.0
0.0
0.0
0.12617
1.05651
0.0
0.0
2.34109
0.0
0.0
0.0
0.0
0.0
2.42022
0.0
0.0
0.0
0.624602
0.0
0.0
0.74265
0.0
0.0
0.0
0.0
0.233917
0.0
0.0
0.0
0.0
0.0
0.0
0.0
0.0
0.0
0.0
0.0
0.0
2.1017
0.0
0.306641
0.0
0.114352
1.256
0.0
2.16078
0.0
0.0
0.0
0.0
0.0
0.0
0.0
0.0
0.0
0.0
0.0
1.18866
0.0
0.0
0.0
0.0
0.0
0.0
0.0
0.0
0.0
