0.0
0.0
0.0
0.166569
0.0
0.0
1.52972
0.0
0.0
0.745209
0.0
0.0
0.0
0.213616
2.39575
0.0
0.0
0.0
0.0
0.0
0.0
0.257415
0.0
3.63094
0.0
0.0
0.0
0.0
0.360212
0.0
1.51399
0.0
0.0
0.0
0.0
0.0
0.0
0.0
0.0
0.0
0.0
0.0
0.249668
0.0
0.0
0.0
0.0
0.0
0.0
1.07725
0.0
0.0
0.0
0.0
0.0
0.0
0.0
0.0
0.0
0.0
0.0
0.0
0.0
0.0
2.71692
2.22592
0.0
1.80335
1.55772
0.0
0.0
0.0
0.0
5.16591
0.0
0.0
0.0
0.0
0.0
0.0
0.0
0.200783
0.0
0.0
0.0
0.36066
0.0
0.387184
2.21136
0.0
0.0
0.532808
0.086671
0.0
0.395535
0.0
0.95136
0.0
0.0
0.759428
0.0
0.710336
0.0
0.0
0.0
0.0
0.0
0.0
0.0
0.0
0.0
0.0
0.0
0.0
0.0
2.24334
0.0
2.13848
1.00804
0.0
1.67249
0.0
0.0
0.0
0.970186
0.0
0.0
0.292556
0.0
0.790097
0.0
0.0
0.0
0.0
0.0
0.0
2.12926
0.0
0.0
0.0
0.0
0.0
0.0
0.0
0.0
0.0
0.0
0.0
0.0
0.0
0.0
2.21286
1.91848
0.0
0.0
0.0
0.0
2.09167
0.0
0.0
0.207842
0.266859
0.0
0.0
1.32961
2.76628
0.0
0.0
0.0
0.0
0.0
0.0
0.0
0.448699
0.0
0.0
0.0
0.0
0.0
0.0
0.358605
0.0
0.0
0.0
0.0
0.0
0.0
0.712217
0.0
1.61181
0.0
0.0
0.0
0.437061
0.0
0.0
0.0
2.52796
0.0
0.0
0.0
0.0
0.0
0.0
0.0
0.0
0.0
0.0
0.0
0.0
0.0
0.0671843
0.0
0.0
1.63809
0.0
0.0
0.0
1.96392
0.0
0.699363
0.519964
0.0
0.0
0.0
0.0
0.0
0.368167
0.0
0.0
2.99039
0.77655
0.0
0.0
0.0
0.0
0.0562873
0.860105
0.0
0.0
0.630821
0.181946
0.0
0.0
0.0
0.0
0.0
0.0
0.0
0.0
0.0
0.0
0.0
0.715119
0.0
0.0
0.0
0.0
0.0
3.19914
4.20845
0.0
0.0
1.85311
0.0
0.0
0.0
0.0
1.24616
0.0
0.502604
0.0
0.0
0.0
0.0
0.0
0.193043
0.0
0.0
0.0
0.0
0.0
0.0
0.0
0.0
0.217482
0.290946
0.0
0.0
0.0
0.932718
0.0
4.47441
0.0
1.39911
0.0
0.0
1.76626
0.0
0.733419
1.83226
0.0
0.0
0.0
0.0
0.0
0.502803
0.0
0.0
0.0
0.0
1.23596
0.0
3.7239
0.0
0.344432
0.0
0.0
0.0
0.0
0.0
2.65071
0.0
0.0
0.0
0.0
0.0
0.0
0.0
0.443076
0.0
0.0
0.0
0.0
0.0789368
0.0
2.06503
0.0
4.01504
0.0
0.0
3.27211
1.91591
0.0
0.0
0.0
1.69511
0.0
0.0
0.0
0.0
0.0
1.01209
0.0
1.23706
0.0
0.0
0.0
0.0
0.0
0.0
0.0
0.0
0.0
0.0
0.0
1.50616
0.0
0.0
0.0
0.0
0.0
0.0
0.0
0.0
0.0
0.0
3.72749
0.0
0.0
0.0
2.36835
0.117105
1.68747
0.0
0.0
0.0
0.0
0.0
0.0
0.0
0.0
3.06413
0.758694
0.0
1.3922
0.0
0.0
4.76501
0.0
2.06525
0.369585
0.0
0.0
0.388394
0.0
0.0
0.0
0.266262
0.0
0.0
0.0
0.941681
0.0
0.0
0.0
1.68968
0.0
0.0
0.0
0.0
0.783157
0.0
0.0
0.0
0.0
0.0
0.353589
0.0
0.0
0.0
0.0
0.0
0.0
1.01952
0.0
0.978784
0.0
0.832689
0.0
2.64506
0.0
0.0
0.0
0.0
0.0
0.0
0.0
0.488476
0.0
0.0
0.0
0.0
0.0
4.6359
0.0
0.0
0.0
0.207034
0.727568
0.0
0.0
0.0
0.0
0.0
0.440585
0.0
0.0
0.0
0.934264
0.0
0.0
0.0
0.0
0.0
0.650059
0.0
0.0
0.0
0.0
0.0
0.0
0.0
0.0
0.231778
0.0
0.0
0.0
0.0
0.0
0.0
0.0
0.0
0.0
0.0
0.0
0.0
1.48792
0.0
0.134532
0.0
0.0
1.90578
1.32143
0.0
0.381265
0.0
0.0
1.25333
2.30117
0.0
0.0
0.0
0.0
0.0
0.0
0.0
0.0
0.0
0.200334
0.0
0.0
0.0
0.0
3.22379
0.0
0.0
0.0
0.0
0.0
0.0
3.61068
0.0
0.0
0.0
0.0
1.30478
0.0
0.115021
1.65427
0.0
0.0
0.0
0.0
0.0
0.0
0.0
0.0
0.0
3.74647
0.461613
0.0
0.0
0.0
0.0
0.0
0.0
0.0
0.0
0.0
0.0
0.0
0.0
0.0
0.0
0.0326816
1.81326
0.0
0.0
2.98516
0.0
0.0
0.0
0.0
0.0
0.0
1.42494
0.0
0.0
0.0
1.72482
0.0
0.0
0.0
0.0
1.83451
0.0
0.0
0.0
0.0
0.0
0.0
0.0
0.0
0.0
1.71731
1.70428
0.0
0.0
1.65572
0.103517
0.0
0.0
1.68114
0.0
2.27266
0.0
1.25432
0.0
0.0
0.0
0.0
0.0
0.0
0.0
1.37468
1.78324
0.0
5.12584
4.35026
0.0
0.567574
0.0
0.0
0.0
0.0
0.0
0.0
0.0
3.22544
0.0
0.0
0.0
0.0
0.0
0.0
0.0
0.0
0.0
0.0
0.0
0.0
0.0
0.0
0.0
0.0
1.86164
0.0
0.0
0.0
0.0
0.0
0.0
0.0
0.0
0.0
0.0
0.0
4.02985
0.0
0.0
0.0
0.0
0.0
0.0
0.955585
0.0
1.04476
0.0
0.0
0.0
0.0
0.0
0.0
0.0
0.0
0.0
1.22468
0.0
0.0
0.0
1.8618
1.51257
0.0822736
0.0
0.0
0.0
0.0
0.0
0.819809
0.0
0.0
0.0
0.0
0.0
0.0
0.0
0.0
0.0
0.0
0.0
0.0
0.0
0.0
2.51723
0.0
0.0
1.31514
0.725771
0.0
0.0
0.0
0.0
0.0
0.0
0.0
0.0
0.0
0.0
0.0
0.0
3.38063
0.0
0.0
0.0
0.0
0.447747
0.0
0.00985754
0.0
1.03072
1.82505
0.0
0.523761
0.0
1.98421
0.0
0.0
3.26935
0.0
0.0
0.0
0.0
0.3121
1.66319
0.0
0.0
0.0
0.0
0.0
0.0
1.72962
0.0
0.0
0.0
0.0
0.0
0.0
0.795766
0.0
0.423799
0.0
2.26229
0.0
1.73956
0.0
0.0
1.26701
0.0
1.6981
0.0
2.81939
0.0
1.29612
0.0
0.0
0.0
0.0
0.0
0.0
0.0
0.0
0.0
0.0
0.0
0.0
0.0
0.0
0.218802
0.0
0.130208
0.0
0.0
0.0
0.241772
0.0
0.0
0.0
0.0
0.0
0.0
2.36425
0.0
0.0
0.0
0.0
0.0325608
0.0
1.39307
0.0
0.0
0.0
0.0
0.0
0.0
0.0
1.14697
2.16339
0.0
0.0
0.0
0.0
0.0
0.0
0.0434099
0.0
0.0
1.69896
0.462371
1.6561
0.0
0.0
0.0
0.0
0.0
0.704134
0.0
0.0
0.0
0.0
0.0
1.15554
0.0
1.01071
3.43837
0.0
0.0
0.0
0.0
0.0
0.0
1.86101
0.0
0.886559
0.0
0.0
0.0
0.0
0.776012
0.0
0.0
0.0
0.0
0.0
0.0
0.0
2.71493
0.0
0.0
0.0
0.127091
0.261022
0.0
0.0
0.0
0.0
0.0
0.0
0.799758
0.0
0.0
0.0
2.63643
0.0
0.0
0.089304
0.559111
0.0
0.0
0.0
0.239721
0.0
0.0
0.0
0.0
1.20951
0.0
0.0
1.10473
0.0
0.0
0.0
0.0
0.0
0.0
0.0
0.0
0.0
0.505037
0.0
0.0
0.0
0.0
0.0
0.0
0.479431
0.292239
0.0
0.0
0.0
0.0
0.0
0.0
0.0
1.04088
0.0
0.0
0.0
0.0
2.04361
0.0
0.0
0.0
0.0
0.0
0.0
0.0
0.0
0.0
0.0
0.0
0.0
0.0
0.0
0.0
0.0
0.0
0.0
0.0
0.0
0.0
0.0
0.0
0.0
0.0
0.0
0.0
1.25319
0.0
0.0
0.0
0.413629
0.0
0.0
1.41192
0.0
0.0
0.0
0.420835
0.0
3.33729
0.268423
0.0
0.820194
1.20077
1.21637
0.0
0.0
0.83887
0.0
0.0
0.0
3.92218
0.0
0.0
0.0
0.0
1.04263
0.0
0.0
0.0
0.0
0.0
0.0
0.0
0.0
0.275913
0.0
0.0
0.0
0.0
0.0
0.0
0.0
0.346559
0.0
1.47902
0.0
0.536203
0.0
1.43369
2.65211
0.0
0.997411
3.77225
2.52523
0.0
0.0
0.0
0.0
0.109247
1.05585
0.0
0.0
0.0
0.748601
0.82155
0.0
0.0
0.0
0.0
0.0
0.936717
0.0
0.0
0.0
4.64136
0.0
0.375568
1.56839
0.0
0.0
5.44425
0.0
0.0
0.0
0.0
0.566356
0.299594
0.0
0.0
0.0
0.270941
0.0
3.70117
0.0
0.0
0.0
0.671822
0.0
0.0
1.66943
0.0
0.0
0.0
0.0
0.0
0.0
0.0
0.0
0.0
0.0
0.0
0.0
2.00985
0.0
0.0
0.0
0.385726
2.21372
0.0
0.0
2.0466
0.0
0.0
1.43229
1.217
0.0
0.0
0.0
0.0
0.0
0.0
0.0
0.0
0.0
0.0
0.0
1.96528
0.0
0.0
0.0
2.8777
0.0
0.0
0.0
0.616497
3.23064
0.0
0.914403
0.0
0.0
0.0
0.0
0.0
1.27435
0.0
0.0
0.0
0.392347
0.0
0.0
0.575319
0.0
0.0
0.0
0.0
0.0
0.0
0.0
0.0
0.0
0.0
0.0
0.0
2.93518
2.22224
1.25152
0.0
1.37494
0.0
0.0
0.0
0.0
0.0
0.0
0.0
0.0
0.0
0.0
0.0
0.0
0.0
0.792478
0.0
0.0
0.0
2.84551
0.0
0.0
0.0
1.37249
0.0
0.0
0.0
0.0
1.23445
0.0
1.26136
0.0
0.0
0.0
0.0
1.37559
0.0
4.23566
0.0
0.275335
0.0388652
0.0
0.0
0.294457
0.0
1.02014
0.315937
0.0
0.0234813
0.0
0.0
0.0
2.19293
0.0
1.18023
0.0
1.2641
0.0
0.0
0.0
0.0
0.0
0.0
0.0
0.0
4.28212
0.0
1.91317
0.0
0.0
0.0
0.0
0.0
0.0
0.0
1.73049
0.0
0.0
4.76253
0.0
0.0
0.0
1.60846
0.0
0.0
0.0
0.656622
0.0
0.0
0.0
0.0
0.726189
0.0
2.95034
0.0
2.76703
0.0
0.0
0.0
0.0
0.11746
0.537833
0.0
0.0361477
0.0
0.0
0.0
0.353204
0.390541
0.0
0.0
3.81567
0.0
0.421968
0.0
0.0
0.0
0.0
0.0
0.0
0.0
0.360019
0.0
0.0
0.0
0.0
0.0
0.0
0.0
0.0
0.0
0.0
0.0887472
0.0
0.0
0.0
0.0
0.0
0.0
0.18944
0.0
0.0
0.0
0.0623717
0.0
0.0
0.0
0.0
0.0
0.0
0.0
0.0
1.63389
0.0
0.0
0.0
0.0
0.0
2.53715
0.0
0.0
0.0
0.0
0.0
1.67605
0.0
0.0
0.0
0.0
0.0
0.0
0.0
0.0
1.30276
0.0
0.0
0.0
0.0
0.0
0.269285
0.0
1.98003
0.0
1.59196
0.163423
0.0
0.0
0.0
0.0
0.0
0.0
0.0
0.0
0.832077
0.0
0.0
0.0
2.14326
0.0
0.0
0.0
0.0
0.0
0.0
2.47633
0.0
0.0
0.0
0.0
0.918387
0.0
0.0
0.0
0.0
0.0
0.0
0.0
0.0
0.0
0.0
0.0
0.0
0.0
2.60257
0.0
2.81127
0.0
2.08275
0.0
0.0
0.0
0.0
0.0
0.0
0.0
1.98703
0.0
0.0
0.0
0.0
0.0
0.548614
0.0
3.40947
0.0
0.0
0.0
3.01002
2.34545
0.0
0.0
0.0
0.0
0.0
0.0
0.0
0.0
0.0
0.474411
0.0
0.0
0.0639946
0.0
0.0
0.0
0.0
0.0
0.0
0.0
0.0
1.69828
0.0
0.0
0.0
0.0
0.0
0.0
0.0
0.0
0.0
0.0
0.0
0.0
0.0
0.0
0.0
0.0
0.0
4.54554
1.41882
0.0
0.0
0.0
0.00228909
1.05455
0.400594
2.43449
0.0
0.0
0.399684
0.0
0.0
0.0
0.0
0.0
2.6932
0.0772627
1.74037
0.0
0.0
0.502832
2.68628
0.0
0.0
0.0
0.0
0.0
0.0
2.22422
0.0
0.0
0.0
0.0
0.0
0.0
0.127855
0.0
1.69776
0.0
0.0
0.00714472
0.0
0.0
0.0
0.0
0.0
0.0
0.0
0.0
0.0
0.0
0.0
0.0
0.0
0.0
0.0
0.0
0.0
0.0
0.0
0.632635
0.0
1.49542
0.0
0.0
1.4434
1.69261
0.0
0.0
0.0
0.86797
0.0
0.0
0.0
0.0
0.0
1.84715
0.0
0.0
0.979266
0.0
0.0
0.0
0.0
0.0
0.0
0.0
0.0
0.0
1.26103
0.0
0.233031
0.0
2.32409
1.75612
2.44283
0.0
0.0
1.83797
0.0
0.0
0.0
0.0
0.0
0.0
0.0
0.0496887
0.0
0.0
0.135467
0.0
0.0
0.353058
0.0
0.0
0.269662
0.0
0.843391
0.0
0.0
0.0
1.1739
0.0
0.0
0.0
0.0
3.59468
1.78803
0.0
0.0
0.0
0.0
2.07608
0.0
2.11194
2.27576
0.871227
0.0
0.0
0.0
0.0
0.0
0.572017
0.0
0.0
0.0
0.0
0.0
0.494433
0.0
0.0
0.0
0.0
0.155545
0.0
2.84834
0.0
0.606917
1.83375
0.0
0.0
0.0
0.0
4.17879
0.0
0.0
0.0
0.0
0.0
0.0
0.0
0.0
0.0
0.0
0.0
0.0
3.69204
0.0
0.0
1.27982
0.0
0.0
0.0
0.0
0.0
1.29723
0.0
0.0
0.0
0.0
0.0
0.0
0.221723
0.0
0.0
0.0
0.277122
0.0
0.0
0.0
2.14696
0.0
0.0
0.707388
2.12195
0.0
0.0793501
0.0
1.87933
0.0
0.0
0.0
0.0
0.0
2.54814
0.0
0.0
2.00405
0.0
0.903733
0.0
0.0
0.0
0.0
0.0
0.0
0.0
0.0
0.0
0.0
0.388939
0.0
2.71602
0.0
0.0
0.0
0.0
0.0
0.0
0.0
0.0
0.0
0.0
0.201948
0.0
0.0
1.16077
0.0
0.0
0.0
0.0
0.628726
0.0
0.0
0.0
0.0
0.0
0.0
0.0
0.0
3.13575
0.0
1.04594
0.0
0.0
0.0
0.0
0.265359
0.0
0.0
1.01549
0.0
0.904134
0.0
0.0
0.0
0.0
1.69147
0.0
0.0
0.0
0.0
1.77332
0.734525
0.715689
0.0
0.0
0.0
0.0
0.0
0.0
0.0
0.0
2.19264
0.0
3.5873
0.824858
0.0
0.0
0.0
0.388282
0.556817
2.15376
0.0
1.42868
0.0
0.0
0.0
0.0
0.0
0.0
4.01186
0.0
3.0981
0.0
1.11133
0.0
0.0
0.0
0.31997
0.0
0.269882
0.0
0.0
0.0
0.401426
0.0
0.0
0.0
0.0
0.0
0.0
0.0
0.0
0.0
0.0
0.0
0.0
0.475483
0.0
0.0
0.0
0.0914169
0.0
0.251387
0.0
1.43004
0.0
1.84256
0.0
0.0
0.0
1.32505
0.0
2.81993
7.1995
0.0
0.0
0.0
0.0
0.0
0.0
0.0
0.0
0.0
0.0
0.0
1.02046
0.0
0.0
0.0
0.0
0.0
0.0
0.0
0.976623
0.0
0.0
0.0
0.0120999
1.98195
1.08131
0.801498
0.0
0.0
0.0
0.0
0.0
0.0
0.0
0.301054
0.0
0.0
0.0
0.0
0.262772
0.0
0.0
0.0
2.25348
0.0
1.08307
0.0
0.0
0.0
0.0
0.0
0.0
0.0
0.0
0.0
0.0
0.0
0.0
0.0
0.0
0.0
0.0
0.0
1.93383
0.0
0.0
0.0
1.19927
0.0
0.0
1.17008
0.0
0.0
0.0
0.0
0.0
0.0
0.0
0.0
0.0
0.0
0.0
0.0
0.0
0.0
0.0
0.0
0.0
0.0
1.56336
0.0
3.53002
0.0
1.922
0.0
0.0
0.0
0.509557
0.188234
0.0
0.0
0.570931
0.0
0.0
0.0
0.0
0.0
2.061
1.22624
0.0
1.23722
0.0
0.0
0.0
0.0
0.0
0.44807
0.0
0.0
0.0
0.0
0.0
0.0
0.0
1.54624
0.0
0.0
0.0
0.0735201
0.0323924
0.0
0.0
0.0
0.0
0.0
0.0
0.0
0.0
0.0
0.0
0.00956333
0.28193
0.0
0.0
0.0
1.18897
0.0
1.10244
1.35229
0.662824
0.0
0.0
1.07651
0.0
0.0
0.0
0.340781
0.0
0.0
0.0
0.00891867
0.0
0.0
0.0
0.0
0.685038
0.0
1.34075
2.40156
0.82529
0.0
0.0
0.0
0.0
0.0
0.0
1.45034
0.0
0.0
0.0
0.71288
0.0
0.0
0.0
0.0
0.0
0.0
0.0
0.0
0.0
0.291126
0.0
0.4621
0.167577
0.0
2.24404
0.289777
0.0
0.0
0.0
0.0
0.327952
0.251578
0.0
0.0
0.324399
0.612868
1.75271
0.0
0.0
0.193616
0.0
3.80267
0.0
1.39681
0.0
0.0
0.0
0.318783
0.0
0.0
0.0
0.987222
0.0
0.0
0.0
0.0
0.0
0.0
0.0
0.0
0.0
0.0
1.91301
0.0
0.0
1.18574
0.0
0.0
0.0
2.99896
0.0647791
0.212918
0.651026
0.0
0.0
0.0
0.549212
3.1935
0.266703
3.00332
0.0
0.0
0.0
0.0
0.0
0.498048
0.0
0.0
0.0
0.0
0.0
0.0
0.0
0.0
2.72929
0.0
1.77569
0.0
0.0
2.0348
0.0
0.0
0.0
0.0
0.58363
0.0
0.0
0.0893408
0.0
0.0
0.0
0.56981
0.0
0.0
0.0
3.52539
4.05117
0.0
0.0
0.0
0.0
0.0
0.0
0.0
0.0
1.57679
0.0
0.0
0.177979
0.0
0.0
0.0
0.0
0.0
0.0
0.0
0.0
0.0
0.294112
0.0968558
0.0
0.0
0.0
1.16821
0.0
0.0
1.55016
0.0
0.0
0.995915
0.0
0.0
0.0
0.0
1.28923
2.47003
0.0
0.0
1.21159
0.0
0.0
0.0
0.0
0.0
1.70143
0.0
0.0
0.0
0.0
0.0
0.680394
0.0
0.0
0.0
0.0
0.0
0.0
2.09163
0.0
0.0
0.494088
0.0
0.0
0.0
0.0
0.846017
0.0
0.0
2.36986
0.142576
0.0
0.0
0.0
0.0
0.0
0.0
0.0
0.0
0.500429
0.0
0.0
0.0
0.0
0.0
0.0
0.732971
0.0
0.0
0.0
0.0
0.0
0.0
0.0
0.0
0.0
0.0
0.0
2.87013
0.292989
1.89693
0.0
1.35733
0.0
0.0
0.0
2.6335
0.0
0.0
1.36062
0.0
0.0
0.0
0.0
0.0
0.0
0.0
0.0
0.0
0.0
0.0
0.245628
0.0
0.0
0.0
2.2468
0.0
0.0
0.0
0.0
1.82733
0.0
0.0
0.0
0.0
4.9502
0.0
0.0
0.0
0.0
0.0
0.0
0.942895
3.08825
0.0
0.0
5.21431
0.0
0.0
0.0
0.907404
0.0
3.25298
0.0
0.0
0.0
0.200732
0.0
0.0
0.0
0.792745
0.0
0.0
0.0
0.0
0.0
0.0
0.0
0.0
0.0
0.0
0.0
0.113836
0.0
0.46367
0.0
0.0
0.0
0.0
0.0
0.0
0.0381974
0.0
0.0
0.0
0.0
2.76071
0.0
0.0
0.0
0.0
0.0
0.0
0.0
0.0
0.0
0.0
0.0
0.0
0.0
2.46156
0.0
0.0
0.0
0.240942
0.0
3.64096
0.0
0.0
0.0
0.0
0.0
1.44054
0.0
3.82745
0.0
0.0
0.0
0.0
0.0
0.0
1.70221
0.0
0.0
0.0
1.34851
0.0
0.0
0.0
0.0
0.96728
0.673377
0.0
0.0
0.499435
4.54892
0.0
0.0
0.0
0.0
0.0
0.0
0.0
0.0
0.0
0.0
2.14015
0.0
0.0
0.0
0.0
0.0
0.904066
0.998837
0.278394
0.0289141
0.0
0.598983
0.441124
0.0
1.17012
0.0
0.0
0.0
0.0
0.0
0.0
0.0
2.28777
0.0
0.0
0.0
0.270819
0.0
0.0
0.0
0.0
0.0
0.0
0.0
0.0
0.0
0.0
0.0
1.10646
2.48438
0.0
0.0
0.209001
0.745577
0.0
0.0
0.0
0.0
0.0
0.0
0.0
1.53094
1.56367
0.0
0.0
0.0
0.0
0.0
1.94206
0.0
0.0
0.0
0.0
0.0610967
0.0
0.0
0.0
0.0
0.0
0.0
0.0
0.0
0.0
0.0
0.0
0.0
0.0
1.05981
0.0
0.83215
0.0
0.0
0.0
0.0
0.0
0.0
0.0
1.25674
0.0
0.0
0.0
0.0
0.0
0.0
0.328892
0.0
0.331812
0.0
0.0
2.22965
0.0
0.0
0.0
0.0
0.0
0.0
0.38584
0.0
2.22672
0.0
1.78839
0.0
0.0
0.0
0.0
1.05021
2.07953
0.0
0.374963
0.0
0.0
0.119663
0.0191189
0.0
0.353553
0.0
0.0
0.0
0.0
0.0
0.0
0.0
0.918209
0.591704
0.0
0.0
0.0
0.0
0.0
2.36583
0.0
0.0
1.31589
0.0
0.0
0.0
0.0
0.0
0.0
0.0
0.0
0.0
0.0
0.0
0.0
0.0
0.0
0.0
2.96785
0.0
0.0
0.0
0.0
0.898179
0.0
0.0
0.0
1.41878
0.0
0.0
2.74047
3.63273
0.0
0.0
0.0
0.0
0.0
2.57147
0.0
0.939071
0.0
0.0
0.0
0.0
0.0
0.0
0.0
0.0
2.8466
0.0
0.148019
0.0
0.0
0.0
0.0
0.0
0.0
0.0
0.0
1.72677
0.0
0.510239
0.0
0.0
0.78168
1.51219
0.0
0.0
1.33616
0.0
0.0
0.0
0.0
0.0
0.0
0.0
0.0
0.0
0.0
0.0
0.464233
0.0
0.0
0.0
0.0
0.0
0.0
0.0
0.0
0.0
0.0
2.53796
0.0
2.22284
0.0
0.0
0.0
1.80279
0.0
0.0
0.0
2.4405
0.0
0.0
0.0
0.0
0.0
0.0
0.0
0.0
0.0
0.0
1.94384
0.555621
1.97482
0.0
0.0
0.0
0.0
1.53879
0.0
0.928303
4.17844
0.0
0.0
0.0
0.0
0.0
0.0
0.0
0.0
0.0
0.0
0.0
0.0
0.0
0.0
0.0
0.0
0.0
0.0
4.02292
0.0
0.0
1.1921
0.0
0.0
0.0
1.98971
0.433037
0.0
0.0
0.0
0.0
0.0
0.0
0.0
0.0
0.0
0.0
0.0
4.349
0.0
0.0
2.16399
0.0
0.552614
0.0
0.0
1.42546
0.0
3.00049
0.0
1.7685
0.936217
0.0
0.0
0.0
0.0
0.0
0.0
0.0
0.167848
0.0
0.0
2.94129
0.0
0.0
0.0
0.0
0.0
0.0
0.0
0.0
0.0
0.0
0.0
2.82732
0.416077
0.819664
0.0
0.0
0.0
0.0
1.33787
0.0
0.176592
0.0
0.547724
0.0
0.0
0.0
0.203241
0.0
0.0
0.0
0.0
0.0
0.0
0.0
0.0
0.0
2.08157
2.88607
0.785418
0.0
0.0
1.67779
0.0
0.0
2.07514
0.0
0.171472
0.584278
0.885958
0.0
1.96715
0.0
2.08381
0.0
0.0
0.0
0.0
0.0
0.281552
0.0
0.0
0.0
0.0
0.63589
0.257588
0.0
0.0104755
0.0
0.0
0.0
0.600201
0.0
0.0
0.0
3.07958
1.8245
3.81976
1.3142
0.0
0.0
0.0
0.0
1.23619
0.0
0.0
0.0
0.0
0.0
0.0
0.0
0.855585
0.0
0.0
0.0
0.0
0.0
0.0
0.0
0.0
0.0
0.0
0.0
1.52587
0.0
0.0
0.0
0.0
0.0
0.0
0.0
0.0
0.0
0.0
0.0
0.0
0.0
0.0
4.11869
0.666506
0.0
0.0
0.0
0.0
0.0
0.0
0.0
0.0
0.0
1.77221
4.20133
4.82383
0.615001
3.36335
0.0
0.0
0.0
0.0
2.09801
2.53271
0.0
1.46145
0.0
0.750225
1.27073
0.0
0.0
0.0
0.0
0.0
0.0
0.0
1.27136
0.0
0.0
0.0
0.0
0.0
0.0
0.0
0.0
0.0
0.0
0.0
0.112039
0.0
0.0
0.0
0.0
0.0
0.0
0.553591
0.0
0.0
0.0
0.0
0.0
0.0
0.0
0.0
0.0
0.0
2.14501
0.0
0.0
0.0
0.0
0.452299
0.0
0.0
0.0
0.0
0.0
0.0
0.0
0.115863
0.0
1.56497
1.9799
0.0
0.0
0.0
0.0
0.0
0.0
0.0
0.0
0.0
0.0
0.0462143
0.0
2.08269
0.0
0.0
0.386845
0.0
0.0
0.0
0.0
0.0
0.809483
0.0
1.50437
0.0
0.0
0.0
0.0
0.0
0.0
0.0
3.27857
0.0
1.08176
0.0
0.0
0.0
0.0
1.71668
0.0
0.0
0.0
1.14817
0.0
0.0
0.0
0.0
0.0
0.0
0.0
0.0
0.0
0.0
0.0
2.68324
0.0
0.0
0.0
0.0
0.0
0.824645
0.0
0.0
0.0
0.0
0.0
0.0
0.0
1.25977
0.0
0.0
0.0
0.0
0.0
0.207773
0.294535
0.0
0.0
0.0
0.0
0.0
0.0
0.481141
0.0
0.0
0.0
3.60914
0.0
0.605159
0.0
2.37719
0.0
0.0
0.0
3.09862
0.0
0.0
0.0
0.0
0.0
0.0
0.0
0.927001
4.30252
0.0
1.97711
0.0
1.83785
0.0
0.0
0.0
0.0
0.0
0.397927
0.0
0.0
0.347671
0.0
1.3264
1.8624
0.0
0.0
0.897963
3.51674
0.43321
0.0
0.0
0.358316
0.0
0.954715
0.305055
0.0
0.0
0.758688
0.0
0.0
0.0
0.0
0.0
0.0
0.0
0.0
0.0
0.706412
0.0
1.85173
0.0
0.0
4.93026
0.0
0.0
0.416545
0.0
1.02002
0.0
0.0
0.0
0.0
1.06275
0.0
1.705
0.0
0.0
0.0
0.325291
0.0
0.309573
0.0
0.0
0.0
0.0
0.0
0.0
0.0
0.0
0.0
0.0
0.0
0.0
0.0
0.0
0.0
0.0
1.81253
0.0
0.0
3.14888
0.0
0.0
1.83925
0.0
1.43191
3.06047
0.0
0.0
0.0
2.33567
0.0
0.0
0.0
0.0
0.0
0.652618
0.0
0.0
0.0
0.0
0.0
0.171926
0.0
0.0
0.0
0.0
0.0
0.0
0.0
0.0
0.0
0.0914341
0.0
0.0
0.796775
0.0
0.0
0.0
0.0
0.0
0.0
0.0
1.05117
0.857553
0.0
1.22219
1.0608
0.0
2.75736
0.0797001
0.0
0.0
1.49252
0.0
0.0
0.0
0.965985
0.0
0.0
0.0
0.0
0.0
0.0
4.27828
0.0
0.0
0.0
0.0
1.73274
0.0
0.0
0.527018
3.35576
0.0
0.0
0.0
0.0
0.0
0.0
0.0
0.0
0.0
0.0
0.0
1.88948
0.0
0.524095
0.0
0.0
0.0
0.0
0.0
0.0
1.0739
0.0
0.0
0.0
4.05576
0.0
2.78959
0.454365
0.0
0.0
0.973326
0.0
3.57258
0.0
0.557231
0.539444
0.0
0.0
0.0
0.0
1.09133
1.57185
0.0
0.0
0.0
0.0
0.0
0.0
0.0
0.0
0.0
0.0
0.0
0.0
0.0
0.0
0.477754
0.0
0.0
0.0
0.0
0.0
0.0
0.0
0.0
0.0
0.0
0.0
0.185739
0.0
0.0
0.0
0.603377
0.0
1.29428
0.0
0.0
0.0
0.0
0.521923
0.0
0.0
0.0
2.84098
0.0
0.0
0.0
1.52643
0.0
1.76819
0.0
0.870626
0.0
0.660858
1.1231
0.0
0.0
0.0
0.298428
0.0
0.0
0.0
0.0
0.0
0.0
0.0
0.0
0.0
0.1942
0.0
4.0307
0.812715
0.0
0.0
0.0
0.0
0.0
0.0
0.0
0.0
0.0
0.0
0.0
0.0
0.0
0.0
0.0
0.0
0.0
0.0163417
0.0
0.0
1.31324
1.14904
0.0
0.951792
0.0
0.0
0.0
0.0
0.0
0.0
1.18247
0.0137314
0.0
0.0
0.0
0.0
0.0
0.696632
0.0
0.0
0.0
0.0
0.0
0.0
0.0
0.376561
2.08534
0.0
0.0
0.0
0.0
1.57015
0.0
0.558511
0.0
0.0
0.0
0.0
0.0
0.0
0.0
0.935732
0.0
0.0
0.435706
0.0
0.0171947
0.0
0.0
0.0
0.0
0.0
1.5845
2.433
0.0
0.0
0.0
0.0
3.56128
0.0
0.0
0.0
0.0
0.0
0.0
3.65402
1.35584
1.92662
0.0
0.0
0.0
0.0
0.0
0.0
0.0
0.0
0.115701
0.0
0.0
0.0
0.0
0.0
0.0
1.24526
2.05793
0.0
2.52461
2.01154
0.0
0.0
0.0
0.0
0.0
0.0
0.0
0.0
0.0
0.0
0.0
0.0
0.0
0.0
0.0
0.0
0.0
0.0
0.514511
0.0
0.0
0.0
0.406583
0.0
0.0
0.0
1.01425
0.0
0.0
2.60434
0.0
0.0
0.0
0.607388
0.0
2.97845
0.0
0.0
0.866855
0.0
4.52882
0.0
0.0
0.0
0.0
0.0
0.0
0.0876444
2.40988
0.484059
0.0
0.0
0.0
0.0
0.0
1.10455
0.0
0.0
0.0
0.0
0.0
0.0
0.919436
0.0
0.0
0.0
1.96819
1.2388
0.0
0.0
0.0
0.0
0.0
0.0
0.0
1.62373
1.99231
0.0
0.394161
0.0
0.0
0.24691
0.915213
0.0
0.0
0.0
0.0
0.0
0.0
0.0
0.399836
0.0
0.682124
0.0
0.0
0.0
0.0
0.0
0.0
0.0
0.829153
0.0
0.0
0.0
0.672051
0.0
0.0
0.0
0.0
0.442564
0.0
0.0
0.0
0.0
0.0
0.0
0.0
0.0
0.0
2.29266
0.0
0.0
0.0
0.0
0.0
0.0
0.0
0.0
0.0
0.0
0.0
0.967807
0.0
0.0
0.0
0.0
0.0
0.0
0.0
0.119766
2.4638
0.0
0.0
0.0
0.819101
1.61523
0.0
0.0
0.0
0.0
0.0
0.0
0.0
0.0
0.0
0.0
0.0
0.0
0.0
0.0
0.0
0.0
0.0
0.0
0.0
1.70345
1.85841
0.0
0.0
0.0
1.0673
0.799604
0.635698
0.0
0.0254616
0.0
0.280105
0.0
1.99268
1.29731
0.0
0.0
0.0
0.0
0.657749
0.0
0.0
0.0
0.0
0.0
1.1783
0.601094
0.0
0.0
0.0
0.0
0.0
0.0
1.08016
0.0
0.0
0.0
1.70303
0.0
0.384054
0.0
0.0
0.0
1.33242
2.20909
0.0
0.0
0.0
0.219384
1.89786
2.17786
0.0
0.0
0.0
0.0
0.0
0.0
0.0
0.0
0.0
0.0
0.0
0.324691
0.0
0.0
0.0
1.00591
0.119178
0.0
0.0
0.0
0.0
1.42543
0.0
0.0
0.0
1.91986
3.33481
0.0
0.0
0.0
1.99572
0.0
0.0
0.0
0.0
0.0
0.0
0.0
0.0
0.0
0.0
0.0
0.0
0.0
0.0
0.0
0.0
0.0
0.0
0.0
0.0
0.0
0.0
0.564597
2.49076
0.0
0.0
0.0
0.0
0.0
0.0
0.0
0.0
0.0
0.0
0.707089
2.72866
0.0
0.0
0.0
0.0
2.57003
0.0
0.0
0.0
0.0
0.0
0.0
0.0
0.0
0.0
1.46607
0.0
0.0
0.0
0.00902894
0.0
0.0
0.0676752
0.0
0.0
2.27879
0.0
0.0
0.0
0.0
0.663214
0.0
0.0
0.0
0.809586
0.907614
0.0
0.0
0.0
0.0
0.0
0.336112
0.988348
0.0
0.0
0.0
0.0
1.00843
0.0
0.770357
2.26322
0.0
0.853353
0.0
0.0
0.0
0.0
0.0
0.0
0.0
0.0
0.0
0.0
0.0
0.667842
0.101468
2.54395
0.0
0.0
1.14056
0.0
0.0
0.0
0.0
0.0
0.0
0.0
0.0
2.42041
0.0
0.0
0.0
0.0
0.0
0.0
0.0
0.0
0.0
0.0
0.0
0.0
0.629691
0.0
0.747134
0.0
0.0
0.0
0.0
2.77764
0.0
0.0
0.0
1.96664
0.0
0.554036
0.0
0.0
0.0
0.483867
0.0
0.0
0.0
0.0
0.0
0.0
0.0
0.0
3.37379
0.0
0.0
0.0
0.0
0.0
0.0
0.0
0.981955
0.0
0.0
0.0
0.0
1.36505
0.0
0.0
0.0
0.0
0.0
0.0
2.99712
0.0
0.308639
1.14656
0.0
1.08018
0.561195
0.0
0.541262
0.0
0.0
0.0
1.55023
0.0
0.0
0.0
0.0
0.60525
0.0
0.0
0.226421
1.5217
0.0
0.0
0.0
0.0
0.0
0.0
0.0
0.0
0.0
0.0
0.0
0.0
0.0
0.0
0.0
0.0
0.0
0.0
0.0
0.0
2.41999
2.15436
0.0
0.0
0.0
3.2025
0.0
0.0
0.0
0.0
0.0
0.0
0.0
0.382574
0.0
0.0
0.0
1.45733
0.0
0.0
0.121866
0.0161572
0.0
0.0
0.0
0.0
0.401905
0.603254
1.13402
0.0
0.884457
0.0
0.0
0.981899
0.0
0.0
0.0
0.0
0.0
0.0
0.355513
0.0
1.41309
0.0
0.0
0.277446
3.34571
1.95726
0.0
0.0
0.0
0.0
0.0
0.0
0.0
0.0
0.0
0.0
0.0
0.0
0.0
0.0
0.0
0.0
0.0
0.0
0.0
0.0
0.0
0.0
0.0
0.0
0.0
0.0
0.0
0.0
0.0
0.0
0.0
1.41448
0.0
0.207996
0.0
0.430088
0.609437
1.02916
0.788971
0.0
0.0
0.0
0.0
0.0
0.0
0.382574
3.12285
0.0
0.0
0.0
0.0
0.0
0.0
0.0
0.0
0.0
0.0
0.0
0.0
0.0
0.0
0.171263
0.0
0.0
0.0404266
0.0
0.0
0.0
0.0
0.0
0.0
0.0
0.0
0.119113
0.0
0.0
0.0
0.09866
0.0
0.0
0.0
0.0
0.0
0.0
0.0
0.0
0.763363
2.03553
0.0
0.0
0.0
1.27786
0.0
0.0
2.32434
0.0
0.0
0.0
0.0
0.0
0.0
0.0
0.0
0.0
0.0
0.0
0.0
0.0
0.0
0.0
0.0
0.0
0.0
0.0
3.69635
0.0
0.0
0.0
0.0
1.15893
0.0
0.0
0.0
0.979713
0.0
0.0
0.0
0.0
0.67398
0.0
0.0
0.304455
0.0
0.0
2.31438
0.597041
0.0
0.0
0.0
0.0
0.722012
0.0
0.0
0.0
0.0
0.0
0.0
0.0
0.0
0.96307
0.0
0.0
0.0
0.0
0.0
0.0
0.0
0.0
0.0
0.0
0.0
0.0
0.0
0.0
1.91467
0.0
0.0
0.0
0.0
0.0
0.0
0.0
0.0
0.0
1.05397
0.0
0.0
0.0
0.0
0.0
0.0
0.0
0.0
0.0
0.0
1.36249
0.0
0.0
0.916951
0.233884
0.0
0.0402904
0.0
0.0
0.0
0.0
0.0
0.0
0.0
0.0
0.0
0.0
0.0
1.75023
0.0
0.0
0.0
0.0
0.0
0.0
0.0
0.0
0.0
0.0
0.0
0.0
0.0
0.0
0.0
0.0
0.0
0.0
0.0
0.0
0.0
0.0
0.0
1.36915
0.0
0.0
0.0
0.0
1.22597
0.0
0.261042
0.0
0.0
0.0
0.0
0.0
0.0
0.0
0.0
3.54745
0.0
1.4075
0.0
0.0
0.0
0.0
0.0
0.0
0.0
0.0
0.0
2.12854
3.0166
0.0
0.0
0.624426
0.0
0.0
0.0
