0.0
0.0
4.23871
0.0
2.82586
0.0
0.0
0.0
0.0
0.0
0.0
0.328419
0.0
0.0
0.0
0.0
0.0
0.0
0.754832
0.0
0.0
0.0
0.0
0.0
0.0
0.0
0.0
0.0
0.0
0.0
0.0
0.0
0.0
4.10804
0.0
0.0
0.0
0.611782
0.0
0.0
0.0
0.0
2.67096
0.0
0.0
4.19282
0.0
0.436239
0.0
1.22131
0.697956
0.0
0.0
0.0
0.0
0.0
2.16524
0.0
0.0
0.0
0.0
0.0
0.0
1.41534
0.662726
0.0
0.0
0.0
3.96943
0.0
0.0
0.0
0.0
0.0
0.0
0.0
0.0393669
0.0
0.0
0.0
0.197743
0.0
0.0
0.0
0.0
0.0
0.0
0.0
1.29418
0.0
0.0
0.0
0.0
0.0
0.0
0.0
0.0
0.0
0.0693938
0.0
0.0
0.0797228
0.0
0.0
0.0
0.0
2.13635
0.0
0.0
0.447877
0.0
0.0
0.204818
0.0
0.0
0.0
0.0
1.49813
2.48529
0.0
0.0
0.0
0.0
0.0
0.0
0.0
0.0
3.17979
0.0
0.0
0.0
1.25197
0.0
0.0
0.391129
0.0
0.0
0.0
0.321495
0.0
0.0
0.975961
0.0
0.0
0.0
0.0
0.0
0.115105
0.0
0.0
0.323478
0.0
0.0
0.0
0.0
0.0
1.05558
0.0
0.0
0.0
0.0
0.0
0.0
0.0
0.0
0.0
0.0
0.0
1.40334
0.112793
0.0
0.0
2.86961
0.729042
0.0
0.0
0.0
0.0
2.70619
0.0
3.20832
0.0
0.0
0.0
0.0
1.4361
0.0
0.0
0.0
0.0
0.0
0.0
3.1508
2.91723
0.0
0.0
0.0
0.0
0.0
1.90696
0.0
0.0
0.0
0.0
0.0
0.0
0.0
0.0
0.0
0.0
0.0
0.0440878
0.0
0.0
1.23699
0.0
0.0
0.0
0.0
0.607736
0.0
0.0
0.0
0.0
1.07172
0.0
0.469022
0.0
0.0
0.0
0.0
0.0
0.0
1.85284
0.0
0.0
0.0254322
0.0
0.0
0.0
0.0
0.0
0.0
1.27905
0.0
0.0
0.0
5.20829
0.0
0.0
2.56542
0.0
0.0
0.0
0.0
0.0
0.0
0.0
0.0
0.0
0.0
0.0
0.952616
0.0
0.0
0.0
1.27492
0.0
0.0
1.63177
0.0
0.703437
0.0
0.0
0.0
0.0
3.95945
0.0
1.15845
0.0
0.0
0.0
3.02647
5.60959
0.0
0.0
0.0
0.0
0.0
0.0
0.0
0.0
0.0
0.0
0.0
0.0
0.0
0.0
0.0
0.0
0.0
3.70788
1.70425
0.0
0.0
0.0
0.0
0.0
0.0
0.0
0.0
0.0
0.0
0.0
0.0
0.0
0.0
0.0
0.0
0.0
0.0
0.0
0.0
0.0
0.0
0.0
0.0
0.0
0.0
0.0
0.0
0.0
0.0
0.0
0.548315
0.0
0.0
0.0
0.0
0.0
0.0
0.0
0.0
0.0
0.0
0.0
0.0
0.0
0.76942
0.0
0.0
0.0
0.0
0.0
0.0
0.0
0.0
0.0
0.0
0.0
0.0
0.0
0.0
0.0
0.0
0.0
0.0
0.0
0.0
0.0
0.0
0.0
0.0
0.0
0.0
0.0
1.85318
0.0
0.0
0.0
0.0
0.0
0.0
0.0
0.0
0.0
0.0
2.48641
0.0
0.0
0.0
0.0
0.0
0.500758
0.0
4.08613
5.01651
0.0
0.0
0.268657
0.0
0.0
0.0
0.0
1.92982
0.0
0.430305
0.0
0.587262
0.0
0.0
0.0
0.0
0.0
2.00287
0.0
0.0
0.0
0.0
0.905604
0.0
0.0
0.0
0.0
0.0
0.0
0.0
0.0
0.531434
0.22978
3.28875
0.0
0.0
1.50346
0.0
0.0
0.0
0.0
0.0
0.0
0.0
2.60622
0.0
0.0
0.0
0.0
0.0
0.0
0.847619
0.0
0.0
0.0
0.0
1.05494
0.0
0.0
0.0
0.0
0.0
0.0
0.0
0.301556
0.0
0.0
0.0
0.0
0.0
0.0
1.24463
3.64488
0.0
0.511355
0.0
0.0
0.0
0.795839
0.819019
0.0
1.55093
0.0
0.0
0.0
0.0
3.53633
0.0
0.0
0.0
0.0
0.0
0.0
0.0
0.0
0.0
0.0
0.0
0.0
4.06518
2.45151
0.0
0.0
0.0
0.0
0.0
0.0
0.842748
0.164501
0.0
0.0
0.0
0.0
0.0
1.78929
0.0
0.0
0.0
0.0
0.0
1.26221
0.0
0.132947
0.0
0.0
0.0
0.0
0.0
0.465465
0.0
0.0
0.0
0.0
0.0
0.0
1.11723
2.85593
0.0
0.0
2.34247
0.0
0.0
0.0
0.0
0.0
0.0
2.87075
0.0
0.0
0.0
0.0
0.0
0.0
0.0
0.0743709
0.0
0.0
0.0
0.0
0.0
0.0
0.0
0.0
0.0
0.0
0.0
0.0
0.0
0.0
0.0
0.0
0.0
0.0
0.0
0.0
0.0
0.00936925
0.0
0.0
0.0
0.0
0.0
0.0
0.0
0.0
0.365813
2.96839
0.0
0.0
3.17593
0.414071
0.0
0.0
0.0
0.0
3.20626
0.0
0.0
0.0
0.0
0.0
0.0
0.0
0.0
0.0
0.0
0.720702
0.0
0.0
0.231727
0.0
0.0
0.0
0.0
0.0
0.0
0.0
0.0
0.0
0.0
0.0
0.0
0.0
2.26506
0.0
0.0
0.0
0.140577
0.0
0.0
0.0
0.0
0.0
0.0
0.0
0.0
0.0
0.0
0.0
0.0
0.0
0.0
0.0
0.0
0.0
0.0
1.81869
0.0
0.195885
0.0
0.0
0.893296
0.0
0.0
0.387542
0.0
0.0
0.0
0.0
0.0
0.231371
0.0
0.0
0.359421
2.02527
0.0
0.0
0.0
0.0
1.39994
0.0
0.0
0.0
0.0
0.0
0.0
0.0
0.888584
0.0
0.0400313
0.0
0.0
0.0
0.0
0.0
0.0
1.55115
0.0
0.0
0.0
0.0
0.0
0.0
0.0
0.0
0.0
0.0
0.0
0.0
0.0
0.0
0.0
0.0
0.0
0.0
0.0
1.71495
0.0
0.0
0.0
0.0
0.0
0.0
0.0
0.0
1.22598
0.0
0.0
0.0
0.0
0.678496
0.0
0.0
0.0
0.0
0.0
0.0
0.0
0.0
0.0
0.0
5.14688
0.0
0.0
0.638942
0.0
0.0
0.403948
0.0
0.0
0.0
1.34646
0.0
0.0
0.0
0.0
0.0
0.0
2.6371
0.0
0.0
0.0
0.0
0.0
0.169999
0.0
0.0
0.0
0.0
0.0
0.0
0.0
0.0
0.0
1.38334
0.0
0.0
0.0
0.0
0.0
0.273669
0.0
0.247941
0.0
0.0
0.0
2.89865
0.0
0.0
0.298751
2.08749
0.0
3.77827
0.0
0.0
0.0
0.0
0.0
0.0
0.0
0.0
0.0
0.0
0.0
0.0
0.0
0.0
0.0542087
0.0
2.86117
0.0
0.0
6.51026
0.0
0.0
0.0
0.0
0.0
0.0
0.0
0.0
0.0
0.0
0.0
0.0
0.0
0.0
0.0
0.0
0.584122
0.0
0.0
0.0
0.0
0.0
0.856499
0.0
0.0
1.92985
0.0
0.0
0.0
0.758908
0.0
0.0
0.0
0.0
0.0
0.0
0.0
0.0
0.0
0.0
0.0
0.0
1.21441
0.0
1.32424
1.72627
0.0
0.947031
0.0
0.311306
0.0
0.0
1.12049
0.0
1.76976
0.0
0.0
0.0
0.0
0.0
3.54451
1.32472
0.0
0.0
0.0
0.0
0.489683
2.98577
0.0
0.0
0.0
0.0
0.0
0.0
0.0
0.0
0.0
0.0
0.965828
1.84158
0.0
0.0173424
0.0
0.0
0.0
0.0
0.0
0.0
0.0
0.0
1.54581
0.258183
0.0
0.0
3.42046
0.0
0.0
0.0
0.0
0.0
0.0
0.0
0.0
0.0
0.0
0.0
0.0
0.0
2.62536
0.0
0.0
0.0
0.0
0.0
0.0
0.0
0.0
0.0
1.29248
0.0
0.0
0.0
0.0
0.0
0.0
0.0
0.0
0.0
0.0
0.0
0.0
0.0
0.0
0.0
0.0
0.0
0.0
0.0
0.0
0.0
0.0
0.0
0.0
1.90965
0.0
0.0
0.0
0.0
0.0
0.79762
0.0
1.73515
0.0
0.0
0.0
0.0
0.0
1.73525
0.0
0.0
0.0
0.0
0.0
0.0
0.0
0.0
0.0
0.0
0.0
0.0
0.455288
0.0
1.42534
0.0
0.0
0.0
0.0
0.0
0.0
0.0
0.0
0.0
4.13699
0.0
0.0
2.60052
0.0
0.0
0.0
0.0
0.0
0.0
0.0
0.0
0.0
0.0
0.0
0.0
0.0
0.0
0.0
2.22259
0.0
0.0
0.0
0.849473
0.0
0.0816473
0.0
0.0
0.0
0.0
0.0
0.0
0.678372
1.05786
0.0
1.60084
0.0
0.0
0.0
0.0
0.0
0.0
0.0
0.0
0.0
0.0
1.45332
0.666958
2.70684
0.0
0.0
0.0
2.45471
0.0
0.0
0.0
0.0
0.0
0.0
0.0
0.0
0.0
0.0
0.0
0.268835
0.0
0.0
0.0
0.0
0.0
0.0
0.0
0.0
0.0
0.0
0.0
0.0
0.0
0.0
0.0
0.0
0.0
0.0
1.68191
0.0
0.738699
1.56347
0.0
0.0
0.0
0.0
0.0
0.0
0.0
0.0
0.0
0.0
0.588918
0.0
0.0
0.0
0.0
0.0
1.41161
0.0
0.0
0.0
0.0
0.0
0.0
0.0
0.685658
0.0
0.0
0.0
2.28106
0.0
1.74988
0.0
0.0
0.0
0.0
0.0
0.0
0.0
0.0
0.0
0.0
0.0
0.0
0.0
0.0
0.0
0.0
0.0
0.0
3.8051
0.0
1.32372
0.0
0.0
0.0
1.15692
0.0
0.0
2.26979
1.18389
0.0
0.0
0.0
0.0
0.0
0.0
1.22488
0.0
0.0
0.0
0.0
1.04012
0.0
0.0
0.0
0.0
0.0
0.0
0.31857
0.0
0.903229
0.20259
0.0
0.0
0.182163
2.50808
0.0
0.0
0.0
0.0
0.0
0.0
0.0
3.12132
0.0
0.0
0.0
0.0
3.23086
0.54649
0.0
0.0
3.06896
0.867915
0.0
0.0
0.0
0.0
0.0
0.0
1.42965
0.0
0.0
0.0
0.0
0.0
0.327737
0.0
0.0
0.0
0.0
0.0
0.0
0.0
0.0
0.0
0.0
0.0
0.0
0.0
0.0
0.0
0.0
0.0
0.0
0.0
0.0
2.58579
0.0
0.0
0.0
0.0
0.0
0.0
0.0
0.0
0.0
1.98013
0.0
0.0
2.75486
0.0
1.83247
0.0
0.0
0.0
0.626119
0.0
0.0
0.0
0.0
0.0
0.486872
1.3402
0.0
0.0
4.14529
0.0
0.0
0.0
0.0
0.0
0.0
0.0
0.0
0.644871
1.77531
0.488048
0.0
0.0
0.0
0.0
0.0
0.0
1.64497
0.0314049
0.118006
0.0
0.0
0.114819
0.0
0.742919
0.0
0.0
0.0
0.0
0.355901
0.0
0.0
0.0
0.0
0.0
0.0
0.0
0.0
0.0
0.0
0.0
0.0
0.0
0.0
0.0
0.0
0.104364
0.0
0.0
0.309148
0.0
0.0
0.0
0.0
0.0
5.99268
0.0
0.204709
4.34447
0.0
0.0
0.0
0.0
0.0
0.0
0.0
0.0
0.0
0.245369
0.0
2.60181
0.0
0.0
0.339461
0.0
1.17083
0.0
0.0
0.0
0.0
0.0
0.0
0.0
0.0
0.0
0.0
0.0
0.0
0.0
0.0
0.0
0.0
0.0
0.0
0.0
0.0
0.0
0.0
0.0
1.34992
0.0
1.78734
2.28823
0.0
0.0
0.0
0.0
0.109161
0.0
0.0
0.0
0.0
0.0
0.0
0.0
0.0
0.0
0.0
0.0
0.0
0.0
0.0
2.45998
0.0
0.0
0.0
0.0
0.0808414
1.34299
0.0
0.0
0.0
0.0
1.03184
0.713663
0.360645
0.0
0.0
0.0
2.62963
0.364601
1.0039
0.591829
3.20343
0.0
1.63789
0.0
0.0
0.0
0.0
1.52912
0.0
0.0
0.0
0.0
0.679847
0.0
0.0
0.0
0.0
2.42026
0.0
0.0
0.0
0.0
0.0
0.0
2.36366
0.0
0.0
0.0
1.84874
0.979124
0.0
0.0
0.0
0.0
0.0
0.0
0.0
0.0
0.0
0.0
0.0
0.0
0.0
0.0
0.0
0.0
0.0
0.0
0.0
3.13445
0.0
0.0
0.0
0.615833
0.0
0.0
0.0
0.0
0.0
0.0
0.0
0.0
0.0
0.0
0.0
0.0
0.0
0.0
0.0
0.0
1.87741
0.0
0.0
0.525261
0.0
0.0
0.0
0.0
0.0
0.0
0.0
0.0
0.0
0.0129676
0.0
0.0
0.0
1.02761
0.0
0.0
0.0
1.2165
0.0
0.0
0.0
0.0
0.0
0.0
0.0
0.0
0.0
0.0
0.0
0.0
0.0
0.0
0.0
0.0
0.0
0.0
0.0
0.0
0.0
0.0
0.0
3.05696
0.0
0.921686
0.0
0.0
0.0
0.0
0.0
0.0
0.0
0.0
1.74775
1.83708
0.704501
0.0
0.0
0.0
0.0
0.173988
0.0
0.0368284
0.0
2.13362
0.0
0.0
1.07483
0.0
0.0
0.0
0.0
0.0
0.0
0.0
0.299767
0.0
0.0
0.938751
0.0
0.0
0.0
0.0
0.0
0.0
0.0
0.0
0.0
0.0
2.7714
0.0
2.83385
0.0
0.0
0.0
0.0
0.0
0.0
0.0
0.0
0.0
1.73374
0.418927
0.0
0.0
0.0
0.0
0.0
0.0
1.08066
0.0
0.970384
0.0
0.0
0.0
0.0
0.0
0.0
1.72651
0.0734564
0.0
1.68018
0.0
0.0
0.0
0.0
0.0
0.0
0.0
0.0
0.0
0.0
0.0
0.0
0.0
0.0
0.0
0.0
0.0
0.0903283
0.0
0.0
3.23444
0.0
0.0
0.0
0.0
0.0
0.0
1.77617
0.163204
0.0
0.0
0.0
0.804834
0.0
0.0
0.0
0.0
0.0
0.0
0.0
0.0
0.0
0.0
0.0
0.0
0.0
1.00409
0.0
0.0
0.0
0.0
0.0
2.23128
0.0
0.0
0.0
0.0
0.0
0.0
0.0
0.0
3.46895
0.0
0.764345
0.498019
0.0
0.0
0.0
0.0
0.0
0.0
7.24468
0.0
0.0
0.0
0.906919
0.0
0.0
0.0
0.0
0.0
0.0
0.0
0.0291187
2.0653
0.0
0.0
0.0
0.0
0.0
0.0
0.0
0.0
0.335646
2.35855
0.0
2.0387
3.80779
0.0
2.23467
0.0
0.0
0.0
0.0
1.99504
0.0
0.0
0.0437384
0.0
0.0
1.21448
0.0
0.0
0.0
0.0
0.0
0.0
0.0415541
0.0
0.0
0.0
0.0
0.0
0.0
2.54011
0.0
0.0
0.0
0.0
0.0
0.0
0.0
0.896133
0.0
0.0
0.0
0.0
3.28786
0.0
0.0
0.0
0.0
0.0
3.22164
1.58941
0.0
0.0
0.0
0.0
0.0
0.0
0.0
1.88771
0.0
0.0
0.0
0.0
0.0
0.0
0.0
0.0
0.0
0.0
0.0
0.0
0.162816
0.0
0.0
0.0
0.0
0.0
0.0
0.0
0.0
0.0
0.0
0.0
0.0
0.0
0.0
0.0
0.0
1.15938
0.0
0.0
3.32137
1.89218
0.0
0.0
0.0
0.0
0.64821
0.9941
3.8903
1.30197
0.0
0.0
0.0
0.0
0.0
1.3259
0.0
0.414139
0.0
0.0
0.0
2.28614
0.0
0.0
0.0
0.0
0.0
0.0
0.0
0.0
0.0
0.0
0.0
0.0
0.0
0.0
0.0
0.0
0.0
0.0
0.0
0.0
0.0
0.0
0.0
0.0
0.0
0.0
0.0
0.0
0.0
0.0
0.0
0.0
0.0
0.856406
0.0
0.85154
0.0
0.0
0.334785
0.0
1.38791
0.0
0.0
0.0
0.0
0.106938
0.0
0.0
0.0
1.30622
0.0
0.0
0.0
0.625732
0.0
0.0
0.0
0.074059
0.0
0.0
0.0
0.0
0.0
0.0
3.14148
0.0
0.0
0.0
0.0
0.0
0.39928
0.0
0.0
0.0
0.0
0.0
0.0
2.96658
0.0
0.0
0.0
0.0
0.0
2.52968
0.0
0.0
0.0
0.413936
1.56594
0.0
0.0
0.0
0.0
0.0
0.0
2.17799
0.0
0.0
0.0
0.0
0.0
0.0
0.0
0.0
0.0
0.0
0.0
2.48142
0.0
0.0
0.0
0.0
0.858241
1.92482
4.44341
0.0
0.0
0.0
0.0
0.0
0.0
0.0
0.0
0.0
0.0
0.0
0.0
0.0
0.0
0.0
0.0
0.0
0.0
0.0
0.0
0.0
0.0
0.0
0.0
0.0
0.0
0.0
0.0
0.0
0.0
0.0
0.0
0.0
0.0
0.0
2.55358
0.0
0.0
0.0
0.0
2.43059
0.0
1.49003
0.0
0.0
0.0
0.0
0.0
0.0
0.0
0.0
0.206923
0.0
0.0
0.0
0.0
0.0
0.0
0.578121
0.0
0.0
0.0
0.0
0.0
0.0
0.0
0.0
0.0
0.0
0.0
0.0
0.0
0.0
0.0
0.0
0.0
0.198882
0.0
4.65947
1.47142
0.0
0.0
0.0
0.200223
0.0
0.0
0.0
0.0
0.652629
0.459748
0.0
0.0
0.0
0.196435
0.638548
0.0
0.0
0.0
0.0
1.8855
1.80109
0.336788
2.92619
0.0
5.72104
1.5353
0.0
0.0
0.0
0.0
0.0
1.53321
2.00167
0.0
0.0
0.880767
0.268285
0.0
0.0
0.0
0.205022
0.821081
0.0
0.0
0.388734
0.0
0.0
0.0
0.0
0.0
0.0
0.0
0.0
1.75339
0.0
1.05043
2.2017
0.0
2.23126
0.0
0.0
0.0
0.0
0.0
0.0
0.0
0.0
0.0
2.49129
0.0
0.0
0.0
0.0
2.01492
0.0
0.0
0.0
0.0
0.0
0.0
0.0
0.0
0.0
0.0
0.0
0.0
0.0
0.0
0.0
0.0
0.0
0.0
0.0
0.0
0.0
0.0
3.69325
5.23023
0.0
0.0
0.0
0.0
0.0
0.0
0.0
0.0
0.0
0.0
0.0
0.0
0.0
0.0
2.27637
0.0
0.0
0.0
0.0
0.0
3.92274
1.37915
0.0
0.0
0.410103
0.0
0.0
0.0
0.0
1.02656
0.0
0.0
0.0
0.698404
0.0
0.0
0.0
0.0
0.0
0.0
0.0
0.0
0.0
0.0
0.0
0.0
0.0
0.0
0.0
0.0
0.0
0.0
0.0
0.0
1.92539
1.95359
0.0
0.0
0.0
0.0
0.0
0.0
5.8933
0.0
0.12681
0.0
0.0
0.0
0.0
0.0
0.0
0.0
0.0
0.0
0.0
0.0
0.0
1.03114
0.0
0.0
0.0
0.0
0.0
2.44912
0.0
0.0
0.0
0.0
0.0
0.558713
0.907277
0.0
0.0
0.0
0.0849728
0.0
0.0
4.29831
0.0
0.317558
0.0
0.0
0.0
0.0
0.0
0.0
0.0
0.0
0.0
0.0
0.0
0.0
0.0
0.0
0.0
0.840712
4.54423
0.0
0.0
0.311836
0.0
0.0
0.30335
0.0
0.0
0.0
0.0
0.0
0.0
0.0
1.4564
0.0
0.0
0.0
0.0
0.0
0.117593
3.16479
0.0
0.0
0.0
0.0
3.40146
0.0
0.0
0.0
0.0
0.0
0.0
0.0
0.0
0.0
0.0
0.0
2.22777
0.200743
0.0
0.0
0.0
2.69546
0.0
0.0
0.0
0.897113
0.0
0.0
0.0
0.0
0.0
0.0
0.0
0.0
0.0
0.0
0.0
0.359788
0.0
0.0
0.0
0.0
0.0
0.0
0.0
0.311349
4.72072
0.0
0.0
0.0
0.0
2.92346
0.0
0.0
0.0
0.0
0.0
0.0
0.810641
0.0
3.3365
0.0
0.0
0.0
0.0
0.0
0.0
0.0
0.0
0.0
0.0
0.0
0.0
0.0
0.0
1.23426
0.0
0.0
0.0
0.0
0.0
4.19134
0.0
0.0
1.28358
0.0
1.51095
0.0
0.0
0.959899
0.0
0.0
0.0
0.895519
0.0
0.0
0.0
3.09216
0.0
0.0
0.0
0.0
0.0
0.504739
0.0
0.0
1.9948
0.0
0.0
0.0
0.0
0.0
0.0
0.359806
1.09511
0.0
0.928395
0.0
0.914627
0.0
0.0
0.0
0.0
4.36959
0.0
0.0
0.0
0.0
0.0
0.147128
0.0
0.0
0.0
0.0
0.639266
0.0
0.0
0.0
0.0
4.22694
0.0
0.0
0.0
0.0
0.0
0.0
0.0
0.0
0.0
0.0
0.0
0.0
1.47528
0.0
2.06305
0.0
0.0
0.0
0.0
0.0
0.0
0.0
0.0
0.0
0.459892
0.0
0.0
0.0
0.0
0.0
0.0
0.0
0.0
0.0
0.0
0.0
0.0
0.0
0.129942
0.0
0.0
0.0
5.74543
0.0
0.0
2.09437
0.560957
0.0
0.0
3.3074
0.0
0.0
0.0
0.854315
0.0
1.33656
0.0
0.0
0.0
3.87784
0.0
0.0
0.0
0.0
0.0
0.0
0.0
1.38807
0.0
0.0
0.0
0.0
1.03218
0.0
0.0
0.0
0.0
0.0
0.894851
0.0
0.0
0.0
0.0
0.0
0.0
2.67984
1.78061
0.0
0.0
0.0
1.21901
0.0
0.0
0.0
0.0
0.0
0.27175
0.0
0.0
0.0
0.165267
0.0
0.0
0.0
0.0
0.0
0.0
0.0
0.142811
0.0
0.0
0.0
0.0
0.0
0.0
0.0
0.0
2.25526
0.0
0.0
0.0
0.0
0.0
0.0
0.0
0.0
0.0
0.0
0.0
0.0
0.0
0.0
0.0
0.0
0.0
0.0
0.0
0.0
0.546362
0.0
0.0
0.0
2.38677
0.0
0.0
0.0
1.03065
0.0
0.0
0.0
0.0
0.0
0.0
0.0
0.0
0.0
0.0
0.304036
1.1185
0.0
0.0
0.0
0.0
0.0
0.0
0.0
0.0
0.0
0.0
0.0
0.0
0.0
0.0
2.18837
0.0
0.0
0.0
1.86546
0.0
1.85796
0.0
0.0
0.0
0.0
0.0
0.0
0.0
0.0
0.0
0.0
1.44679
0.764385
0.0
0.0
0.0
2.35614
0.0
0.0
0.0
0.0
0.0
0.0
0.0
1.50496
0.0
0.0
0.0
0.0
0.0
2.69585
0.0
0.0
0.0
0.0
1.16087
0.0
0.0
0.0
0.0
1.08801
0.0
0.0
1.15217
1.06773
1.99085
0.0
0.0
0.0
0.0
1.01989
0.0
0.0
0.0
0.666819
0.0
3.64012
0.0
0.0
0.0
0.0520689
0.0
0.0
0.0
0.0
0.0
0.0
0.0
0.0
0.0
0.0
0.0
0.0
0.202377
0.0
0.0
0.0
0.0
0.0
0.0
0.0
0.0
0.0
0.0
0.0
0.0
0.0
0.0
0.0
0.0
0.0
0.0
1.61461
0.0
0.0
0.0
0.0
0.0
0.0
0.236776
0.0
0.0
0.0
0.0
0.387816
0.0
0.0
0.0
0.0
0.0
0.0
0.0
0.0
0.0
1.5695
0.0
0.0
0.0
0.441111
0.0
0.0
0.0
0.0
0.0
0.0
0.0
1.09066
0.0
0.0
0.0
0.0
0.0
0.0
0.329521
0.0
2.57458
0.0
0.0
0.0
0.904059
0.0
0.953267
0.0
0.0
0.388748
0.0
0.0
0.0
0.0
0.0
0.0
0.0
0.0
1.00677
0.0
1.62919
0.0
0.0
0.0
0.0
0.310107
0.0120505
0.0334991
0.0
0.0
0.0
0.0
0.0
0.0
4.54412
5.11966
0.0
0.0
0.0
3.4653
0.0
0.0
0.0
2.91331
0.0
0.0
4.67273
0.0
0.0206247
0.0
0.0
0.0
0.0
0.0
0.0
0.0
0.0
0.0
0.0
4.72213
1.04737
0.0
0.0
0.0
0.0
0.0
0.0
0.0
0.0
0.0
0.0
0.0
0.38519
0.0
1.67076
0.0
0.0
0.248649
0.0
0.0
0.141979
0.0
0.0
0.0
0.252899
0.0
0.0
0.0
0.0
0.835662
0.0
0.0
0.0
5.12336
0.0
0.0
0.0
0.0
0.0
0.0
0.0
0.0
0.0
0.163891
0.0
0.0
0.0
0.0
0.0
0.0
0.0
3.09784
0.0
0.0
0.0
0.0
0.0
0.0
1.67944
0.0
0.0
0.0
0.504323
0.0
0.0
3.22804
0.0
0.0
0.0
0.0
0.0
0.0
0.220857
0.0
0.0
0.0
0.0
0.0
0.0
0.0
0.609445
0.0
0.0
1.44982
0.0
0.0
0.0
0.0
0.0
0.0
0.916729
0.0
0.0
0.0
3.56277
0.0
0.0
0.0
0.0
0.0
0.0
0.0
2.6469
0.0
0.0
0.0
0.0
0.0
0.0
0.0
0.0
0.0
0.0117841
0.0
0.883575
0.366827
0.0
0.0
0.0
0.0
0.0
0.975313
0.0
0.0
0.0
0.380413
0.0
0.0
0.0
0.0
0.244773
0.0
0.0
0.0
0.0
0.0
0.0700542
0.0
0.0
0.0
0.0
0.0
1.16128
6.86906
0.0
0.0
0.323449
0.0
0.356296
0.0
1.54995
0.0
0.0
0.0
0.0
0.0
0.0
0.0
0.0
0.0
0.0
0.0
0.0
1.00691
0.0
0.658565
0.0
0.0
0.0
0.0
0.0
0.0
0.0
0.0
0.0
0.0
0.0
0.0
0.0
0.0
0.0
0.0
0.0
0.0
0.0
0.0
0.0
0.0
0.0308345
0.0
2.114
0.0
0.0
0.0
2.97312
1.54539
0.0
0.0
0.0
0.0
0.0
0.0
2.32093
0.0
1.18741
0.0
0.234902
0.0
0.0
0.0
0.0
0.0
0.0
1.01635
0.0
0.0
0.0
0.0
0.0
3.86086
0.0
0.0
0.0
2.51002
0.0
0.0
0.0
0.0
0.0
0.0
0.0
0.0
0.0
0.0
0.424452
0.0
0.0
0.0
0.0
0.0
1.74264
0.0
0.0
0.0
0.0
0.0
0.0
0.0
0.0
0.0
0.0
0.0
2.28421
0.0
1.67128
0.0
3.43319
0.0
0.0
0.0
0.0
0.0
0.0
0.0
0.0
0.0
0.841047
0.0
0.0
0.0
0.0
4.34824
0.0
0.0
0.0
0.0
0.0
0.0
0.0
0.0
2.41504
0.0
0.0
0.0
0.0
0.0
0.0
0.0
0.0
0.0
0.0
0.0
0.0
0.0
0.0
2.31088
0.0
0.0
0.0
0.0
0.0
0.0
0.0
0.609996
0.0
0.0
0.0
0.0
1.12506
0.0
0.0
0.0
0.0
0.0
0.416477
0.0
0.409171
0.0
0.0
0.0
0.0
0.0
0.0
0.0
0.0
0.0
0.0
0.0
0.0
1.81873
0.0
0.0
0.0
3.71961
0.498836
0.0
0.0
0.0
0.0
0.705414
0.0
0.0
0.0
0.0
0.0
0.48266
3.14783
0.0
0.0
0.0
0.0
0.0
0.252036
1.5059
0.0
0.0
1.35595
0.0
0.0
0.0
0.0
0.0
0.0
0.0
0.0
0.0
0.0
0.0
0.0
0.0
0.0
0.876563
0.0
0.0
0.387945
0.0
0.0
0.942927
0.0
0.0
0.0
0.0
1.09771
0.0
0.0
0.0
0.0
0.0
0.0
0.0
0.0
0.0
0.0
0.0
0.132588
0.0
0.0
0.0
0.0
0.0
0.0
0.0
0.0
3.20744
0.0
0.0
0.0
0.0
0.0
1.55117
0.0
0.0
0.0
0.966165
0.0
0.0
0.0
0.0
0.0
0.0
0.0
2.29873
0.970073
0.0
0.0
0.0
0.904367
0.0
0.0
0.779828
0.0
0.0
0.0
0.0
0.0
0.0
0.0
0.0
0.0
0.0
1.52436
0.0
2.64897
0.0
0.0
0.0
0.0
0.0
0.0
0.0
0.0
0.0
0.0
0.0
2.59156
0.0
0.0
0.0
0.0
0.0
0.0
0.0
0.0
0.0
0.0
0.0
0.0
0.0
0.0
0.0
0.0
0.0
0.0
0.0
0.0
0.0
1.5796
0.0
0.0
0.101627
0.0
1.03345
0.0
0.0
0.0
0.0
0.0
0.0
3.53406
0.0
0.0
0.0
0.0
0.0
0.0
0.0
0.971338
0.0
0.0
0.0
0.274691
0.0
2.2583
0.0
0.0
0.0
0.0
0.0
0.0
0.0
0.174887
0.0
0.709614
0.247212
0.0
0.0
0.0
0.0
0.0
0.0
0.0
0.0
0.0
0.0
1.17498
0.0
0.0
0.0
2.20842
0.0
0.0
0.0
0.0
0.0
0.0
0.0
0.0
0.0
0.0
0.0
0.0
0.0
0.0
0.0
2.7162
0.0
0.0
1.49553
0.0
0.0
0.0
0.0
0.0
0.788046
0.0
0.0
1.69603
0.0
0.0
0.0
2.88278
0.0
0.0
0.0
2.07381
0.0
0.0
0.0
2.27622
1.39628
0.0
0.0
0.0
0.0
0.0
0.0
0.0
0.0
0.0
0.0
1.50515
0.0
0.0
0.0
0.0
0.0
0.0
2.81057
0.0
0.0
0.0
0.0
0.0
1.32279
4.07139
0.0
1.17043
0.0
0.0
0.0
0.0
0.0
0.524727
0.0
0.0
0.0
0.0
0.0
0.0
0.353962
0.0
0.0
1.6271
0.0
0.0
0.0
0.0
0.427248
0.0
0.0
2.39269
0.0
0.0
0.0
0.0
4.07179
0.0
0.782396
0.0
0.0
0.0
0.782149
0.0
0.104353
0.0
0.0
0.020099
0.0
0.0
0.0
0.0
0.0
0.0
0.0
0.0
0.0
0.0
0.0
0.0
0.0
0.859842
0.0
0.0
0.0
0.0
0.0
0.0
0.0
0.0
0.0
0.0
1.15217
0.0
0.765062
0.0
0.0
0.0
0.0
1.51604
0.0
4.52206
0.0
0.0
0.0
0.0
0.0
2.16449
0.0
0.0
0.0
0.0
3.15567
0.97638
0.595251
0.0
0.0
0.0
0.0
0.0
0.0
0.0
0.0
0.0
0.0
0.0
0.0
2.65457
0.0
0.0
0.0
0.0
0.0
0.0
0.266018
0.0
0.0
0.0
0.0
0.0
0.0
0.0
0.0
1.26893
1.55104
0.0
0.0
0.0
0.0
3.472
0.0
0.0
0.0
0.0
2.28668
0.0
0.0
0.0
0.706544
0.0
0.0
0.0
0.625485
0.0
0.0
0.0
0.0
0.0
0.0
0.0
0.0
2.11762
0.0
0.0
0.0
0.0
1.33496
0.0
0.0
2.39276
0.0
0.0
0.0
0.0
0.0
0.0
0.0
0.0
0.0226197
0.0
0.0
0.0
0.0
0.0
0.0
0.0
0.0
0.0
0.0
0.0
0.0
0.0
0.0
1.83721
0.0
0.0
0.0
0.0
0.0
2.00213
0.0
0.0
0.0
0.0
0.0
0.0
0.0
0.0
0.0
0.0
0.401813
0.8388
0.0
0.0
0.0
0.0
0.0
4.11566
0.0
0.0
0.90301
0.0
0.0
0.0
0.0
0.0
0.509712
0.0
0.0
0.0
0.0
0.0
0.0
0.0
0.0
0.0
0.0
0.0
0.0
0.0
4.81043
0.0
0.0
0.0
0.0
1.2832
0.0
0.0
0.0
0.0
0.0
0.0
0.0
0.0
0.0
0.0
0.0
3.13972
0.0
0.0
0.0
0.0
0.0
2.01708
0.0
0.0
0.0
0.0
0.0
0.0
0.0
0.0
0.0
0.0
0.0
1.81382
0.0
3.16628
0.0
0.283662
0.0
0.0
5.74716
2.75036
0.0
0.0
0.0
0.0
0.0
0.0
0.0
0.0
2.12852
0.0
0.0
0.0
0.0
1.99795
0.0
0.0
0.0
0.364348
0.0
0.0
4.01916
0.0
0.0
0.0
0.0
0.0
0.0
0.0
0.0
1.37952
0.0
0.0
0.0
0.0
0.0
0.0
0.827717
0.0
0.0
0.0
0.0
2.7143
0.0
0.0
0.0
0.0
0.0
0.0
0.0
0.0
0.0
0.0
0.0
0.0
0.0
0.0
0.0
0.0
0.0
0.0
0.0
0.0
0.0
0.0
0.0
0.0
0.822938
0.0
0.0
0.0
0.0
0.0
0.0
0.0
0.0
3.85889
0.0
1.01617
0.0
0.0
0.0
0.0
0.0
0.0
0.0
0.0
0.0
0.928214
0.0
0.0
0.0
0.0
0.0
0.0
0.0
3.58108
0.0
0.0
0.373568
0.0
0.0
0.0
0.0
1.11803
4.05659
8.4591
0.0
0.0
0.0
0.0
0.193976
0.0
0.0
0.0
0.0
0.0
0.923928
0.0
0.0
0.0
0.0
0.0
1.26799
0.0
2.40637
0.0
0.0
4.38546
0.0
0.0
0.0
0.0
0.551759
0.0
0.0
0.0
0.0
0.0
0.0
0.0
0.0
0.0
0.0
0.0
0.0
0.0
0.0
1.31533
2.59494
0.0
0.0
0.0
0.0
0.0
0.0
0.0
0.0
0.0
0.348516
0.0
0.0
0.0
0.0
0.618056
0.0
0.190107
0.0
0.0
0.0
0.0
0.0
0.0
0.0
1.80136
0.0
0.0
2.67552
0.0
0.0
0.0
0.0
1.39287
0.0
2.85776
0.0
0.0
0.0
0.0
0.0
0.0
2.93273
0.0
0.0
0.0
0.0
0.0
0.0
0.0
0.0
0.0
0.0
0.0
0.0
0.0
1.539
0.0
0.0
0.0
0.0
0.0
1.59304
0.0
0.0
0.0
0.0
0.0
0.0
2.06639
0.0
0.0
0.25163
0.0
0.357873
0.0
0.0
0.0
0.0
0.0
0.0
0.0
0.0
0.0
0.0
0.0
0.0
0.604494
0.0
0.0
0.0
0.0
0.0
0.0
0.0
0.0
0.0
0.0
0.0
0.0
0.0
0.0
0.0
0.0
0.0
0.138494
1.10148
0.0
0.0
0.0
0.0
0.0
0.0
0.0
0.0
0.0
0.0
0.0
0.0
0.0
0.0
0.0
0.311614
0.0
0.0
0.203683
0.0
2.18668
0.0
0.831623
0.0
3.5813
0.0
0.0
5.92302
0.0
0.0
0.0
0.0
0.0
0.0
3.85026
2.81518
2.77333
0.0
0.0
0.0
0.0
0.0
0.0
0.0
0.0
0.0
0.0
0.0
0.0
0.0
0.0
0.0
0.0
0.0
0.0
0.0
0.0
0.0
0.0
0.0
1.95488
0.0
0.0
0.0
0.0
0.0
0.0
0.0
0.0
0.0
0.0
0.0
1.79714
0.0
0.0
0.0
4.46793
0.0
0.0
0.0
0.0
2.25551
1.04219
0.0
0.0
0.0
0.0
0.0
0.0
0.0
0.0
0.0
5.25828
0.0
0.0
0.0
0.0
0.0
0.572051
0.0
0.0
0.0
0.0
0.0
0.0
4.18871
0.0
0.0
0.0
0.55491
4.04522
0.0
2.43376
0.0
0.0
0.0
0.0
0.0
0.797912
0.0
0.0
3.09749
0.0
0.0
0.0
1.32053
0.0
1.31162
0.0
0.468784
0.0
5.50674
2.04979
0.0
0.0
0.0
0.0
0.0
0.0
0.0
0.0
0.0
1.2088
0.0
0.654076
0.0
0.0
0.0
1.46705
0.0
0.0
0.0
0.0
0.0
0.0
0.0
0.0
0.0
2.90851
0.0
0.0
0.0
0.0
0.0
2.25451
0.0228348
0.0
0.0
1.89631
0.0
0.0
0.834721
0.0
0.0
0.0
0.0
0.0
1.14232
0.0
0.985043
0.0
0.0
0.0
0.0
0.0
0.0
0.0
0.187555
0.524015
1.75719
0.0
0.0
6.64588
0.0
0.0
0.0
0.0
0.0
1.09938
0.0
0.0
0.0
2.55317
0.0
0.0
2.90165
0.0
0.0
0.0
0.0
1.57276
0.0
0.0
0.0
0.0
0.0
0.0
0.0
0.0
0.0
0.0
0.0
0.0
0.604086
0.0
0.0
0.0
0.0
0.0
0.0
2.71261
0.0
0.0
0.0
0.0
0.0
0.0
0.0
0.0
0.0
1.16157
0.0
1.03655
0.0
0.0
0.0
0.0
0.469576
0.0
0.0
0.0
0.0
