0.0
0.0
3.08115
0.0
0.0
0.0
0.240285
0.0
0.0
0.0
0.0
0.0
0.0
1.97923
0.0
0.0
0.0
0.0
1.5727
0.0
0.0
0.0
0.0
0.0
0.0
0.0
0.0
0.0
0.0
0.0
0.0
2.51984
0.0
3.55616
0.0
0.0
0.0
0.0
0.0
0.0
0.0
0.0
0.0
0.0
0.0
1.7889
1.46833
0.0
0.0
0.815204
1.37605
0.0
0.0
0.0
0.0
0.400888
0.0
0.0
0.0
0.0
1.36485
0.0
0.0
2.47355
0.411484
0.0
0.0
0.0
0.965951
0.0
0.0
0.0
0.0
0.0
0.0
0.0
0.0
0.0
0.0
0.0
0.0
0.0
0.0
0.0
0.0
0.0
0.0
0.0
0.535939
0.0
0.0
0.0
0.0
0.0
0.0
0.0
0.0
0.0
0.0
0.0
0.0
0.0
0.0
0.0
0.0
0.0
0.0
0.0
0.0
0.424919
0.0
0.0
0.0
2.85908
0.0
0.0
0.0
0.374417
1.95583
0.0
1.65902
0.0
0.0
0.0
1.21191
0.0
0.0
3.77224
0.0
0.0
0.0
1.73322
0.0
0.0
1.55219
0.0
0.0
0.0
0.0
0.0
0.0
1.4145
0.0
0.0
0.0
0.0
0.0
0.0
4.20175
0.0
0.0
0.0
0.0
0.0
0.0
0.0
0.0
0.0
0.0
0.0
0.0
0.0
0.0
0.0
0.0
0.0
0.0
0.0
0.0
0.0
0.0
0.337159
1.25638
0.0
0.0
0.0
0.0
1.36737
0.0
0.0
3.1538
0.0
0.0
0.0
0.0
0.539884
0.448286
0.0
0.0
0.0
0.0
0.0
5.06914
3.8247
0.0
0.0
0.0
0.0
0.0
2.09268
0.0
1.88594
0.0
0.0
0.0
0.0
0.0
0.0
0.0
0.0
0.0
0.304628
0.0
0.0
1.12134
0.0
0.0
0.0
0.0
0.0
0.0
3.32427
0.0
0.0
0.524351
0.0
0.764492
0.470132
0.0
0.0
0.0
0.0
0.0
1.63713
0.0
0.0
0.0
0.0
0.0
0.0
0.0
0.0
0.0
4.17921
0.0
0.0
0.0
3.42515
0.0
0.0
0.5162
0.0
0.0
0.0
0.0
0.0
0.0
0.0
0.0
0.0
0.0
0.0
0.218112
0.0
0.0
0.0
1.16447
0.0
0.0
0.0
0.0
0.0
0.0
0.0
0.0
0.0
0.0
0.0
0.0
0.0
0.0
0.0
0.0
3.45414
0.0
0.0
0.0
1.57657
0.0
0.0
0.0
0.0
0.0
0.362893
0.0
0.0
0.0
0.0
0.0
0.229064
0.0
5.4441
0.0
0.0
0.0
0.0
0.0
0.0
0.0
2.55843
0.0
0.0
0.0
0.0674725
0.0
0.0
0.0
0.0
0.0
0.0
0.0
0.0
0.0
0.0
0.0
0.0
0.0
0.0
0.0
0.0
0.0
0.0
0.0
0.0
0.786768
0.0
0.0
0.0
0.0
0.0
0.0
0.0
0.0
0.0
1.76336
0.412471
0.0
0.0
0.0
0.0
0.0
0.0
0.0
0.0
0.0
0.0
0.0
0.0
0.0
0.0
0.0
0.0
0.0
0.0
0.0
0.0
0.0
0.0
0.0
0.0
0.0
0.0
0.0
0.0
0.0
0.0
0.0
0.0
0.0
0.0
0.0
0.0
0.0
0.0
1.71816
0.0
0.0
0.0849312
0.0
0.0
0.0
0.0
0.0
1.39961
0.0
2.30843
0.0
0.0
0.0
0.0
0.0
0.0
0.0
0.0
0.0893944
0.0
0.726496
0.0
0.0
0.0
0.0
0.0
0.0
0.0
1.64065
0.0
0.0
0.0
0.0
0.0
0.0
0.0
2.34288
0.0
0.0
0.0
0.0
0.0
0.0
0.0
1.0931
0.0
0.0
2.35756
0.0
0.0
0.0
0.0
3.13551
0.0
0.0
0.0
0.0
0.0
0.0
0.0
0.0
0.0
1.33389
0.0
0.0
0.0
0.187896
3.76601
0.0
1.81027
0.0
0.0
0.0
0.0
0.0
0.0
0.0
0.0
1.45399
0.134709
0.0
0.0
0.0
3.70958
0.0
0.0
0.0
0.0
0.0
0.0
0.0
0.0
1.11839
0.0
0.0
0.0
0.0
3.07187
0.0
0.0
0.0
0.0
0.0
0.0
0.0
0.0
0.0
0.0
0.0
0.0
0.464
0.582483
0.0
0.22797
0.0
0.0
0.0
0.0
2.76889
2.30338
0.0
0.0
0.0
0.843941
0.0
0.0
0.0
0.0
0.703677
0.0
0.0
1.38744
0.0
0.0
0.0
0.0
0.0
0.0
0.0
0.569964
0.0
0.0
0.0
0.0
0.0
0.0
1.9663
0.824791
0.0
0.0
0.0901037
0.676621
0.0
0.0
0.0
0.0
0.527274
0.28379
0.0
0.0
0.0
0.0
0.0
0.0
0.0
2.11399
0.0
0.0
2.07177
0.0
1.50529
0.0
0.0
0.0
0.0
0.0
0.0
0.0
0.0
0.0
4.09933
0.0
0.0
0.0
0.0
0.0
0.0
0.0
0.0
0.0
0.0
0.0
0.391884
0.0
0.0
0.0
0.0
1.06793
1.24889
0.0
0.0
0.0
0.0
0.0
0.0
0.0
0.901115
0.0
0.0
0.0
1.16752
0.0
0.0
0.0
0.0
0.0
0.0
0.0
0.0
0.0
0.0
0.0
0.0
0.0
0.368087
0.0
0.0
0.0
0.0
0.0
0.0
0.0
0.0
0.103299
3.53074
0.0
0.0
0.0
1.07816
0.0
0.0
0.0
0.0
0.0
0.0
0.0
0.0
0.0
0.0
0.0
1.13671
0.0
0.0
0.0
0.0
0.0
0.0
1.73098
0.0
0.0
0.853687
0.0
0.0
0.0
0.0
0.0
0.0
0.0
0.0
0.0
0.0
2.68254
0.0
0.0
1.63177
1.16731
0.0
0.0
0.0
0.0
0.0
0.0
0.0
0.0
0.0
0.0
0.0
0.0
3.30343
0.0
1.41922
0.0
0.0
0.0
0.0
0.0
0.0
0.0
0.0
0.0
0.0
0.0
0.0
0.0
0.0
0.0
0.0
0.0
0.0
0.0
0.0
0.0
0.0
0.0
0.0
0.0
0.0
0.349787
0.0
0.0
0.0
1.67069
0.0
0.0
0.0
0.0
4.07958
0.0
1.45536
0.0
0.0
0.101352
0.0
0.0
0.0
0.0
0.0
0.0
0.0
0.274192
0.0
0.0
3.48555
0.584228
0.0
0.684335
0.0
0.0
0.0
2.97983
0.0
0.0
1.10914
0.0
0.0
0.0
0.0
0.0
0.105703
0.0
0.0
0.0
0.0
0.0
0.451277
2.81731
0.0
0.0
0.0
0.0
0.0
0.0
0.0
0.0
3.9058
0.0
0.0
0.0
0.0
0.0
0.0
0.0
0.0
1.5972
0.0
0.0
0.0
3.81654
0.0
0.0
0.0
1.29988
0.0
3.15208
0.0
0.0
0.0
0.0
0.0
0.0
0.0
0.0
0.0
0.0
1.96935
0.0
0.0
0.0
0.977233
0.0
2.24053
0.0
0.0382586
3.58479
0.0
0.0
0.0
0.169937
0.0
0.0
0.0
0.0
0.0
0.0
0.0
0.0270078
0.0
0.0
0.0
0.0
6.54029
0.0
0.0
0.0
0.0
0.0
0.0
0.0
0.0
0.975868
0.0
1.76983
0.188547
1.47541
0.0
0.0
0.0
0.0
0.0
0.0
0.0
0.0
0.0
0.0
0.0
0.0
0.0
0.0
3.48572
0.150345
0.0
1.89199
3.4283
0.0
0.0
0.0
0.898965
0.0
1.79946
0.0
0.0
0.0
0.0
0.0
2.21012
0.0968103
0.0
0.0
0.0
0.0
0.0
2.94096
0.0
2.37869
1.39283
0.0
0.0
0.0
1.53592
0.0
0.0
0.0
1.95883
1.52092
0.0
0.418108
0.0
0.0
0.0
0.0
0.0
0.0
0.211132
0.0
0.0
0.492215
4.07931
0.0
5.16213
0.0
0.0
0.0
0.0
0.0
0.0
0.0
0.0
0.0
0.0
0.0
0.0
0.0
5.20795
1.17088
0.0
0.0
0.0
0.0
0.0
0.0
0.0
0.0
0.0
0.0
0.0
0.0
0.0
0.0
0.0
0.0
0.0
0.0
0.0
0.0
0.0
0.0
0.0
0.0
0.0
0.0
0.0
0.0
0.0
0.0
0.0
0.0
0.0
0.0
0.0
0.0
0.0
0.0
0.0
2.80042
0.0
1.48913
0.0
0.0
0.0
0.514766
0.0
2.08778
0.0
0.550543
0.0
0.0
0.0
0.109234
0.0
0.0
0.0
0.0
0.0
0.748512
0.0
0.0
0.0
0.0
0.0
0.0
0.0
0.0
0.0
0.0
0.0
0.0
3.92081
0.0
0.0
0.656259
0.0
0.0
0.0
0.0
1.901
0.0
0.0
0.0
0.0
0.0
0.747153
0.0
0.0
0.0
0.0
0.0
0.0
0.0
0.0
0.0
0.0
0.0
0.0
0.0
0.0135887
0.0
0.0
0.0
3.36648
0.590452
0.0
1.01285
0.0
0.0
0.0
0.0
0.0
0.0
0.0
0.0
1.34883
0.0
2.11692
0.0
0.0
0.0
0.0
0.0
1.10181
1.53304
0.0
0.0
0.0
0.0
0.0
0.0
0.0
1.36675
0.0
0.0
2.17705
0.0
1.33013
0.0
0.0
0.0
0.0
0.0
0.0
0.42612
0.0
1.95572
0.0
0.0
0.0
0.0
0.0
1.83716
0.0
2.54076
0.00564691
3.14534
1.29872
0.0
0.0
0.0
0.0
0.0
2.01394
0.0
0.0
0.0
0.0
0.0
0.0
0.717625
0.0
0.0
0.0
0.154719
0.0
0.88844
0.0
0.0
0.0
0.0
0.0
1.4815
0.0
0.0
0.0
2.25396
0.0
0.0
0.0
0.0
0.0
0.0
1.32464
0.0
0.0
0.0
0.0
0.0
0.0
0.0
0.0
0.0
0.0
0.0
0.0
0.0
1.69129
0.0
0.0
0.0
0.0
0.0
0.0
0.0
0.0
3.26466
0.0
0.0
0.0
0.0
0.0
0.0
0.0
0.0
0.0
0.0
0.0
0.0
0.0
1.20983
0.0
0.0
0.0
0.0
0.0
1.3846
0.0
0.419803
0.0
0.0
0.0
0.0
3.97435
0.0
0.0
0.0
0.0
0.0
0.0
0.0
0.0
0.0
0.971116
0.0
0.0
4.12126
0.0
0.0
0.0245026
5.49748
1.91777
0.0
0.0
0.0
0.0
0.0
0.0
3.52205
0.0
0.0
0.280262
0.0
0.0
0.0
0.0
0.0
0.0
0.0
0.0
0.0
0.0
0.0
1.86951
0.0
0.0
0.0
0.0
0.0
0.0
0.0
0.0
0.0
0.0
0.0
1.09991
0.0
0.0
0.0
0.693922
0.0
0.0
0.0
0.0
0.0
0.345021
0.0
0.0
4.36542
0.0
1.83044
0.0
0.0
0.0
3.2405
0.0
0.0
0.0
0.0
0.0
2.19931
0.0
0.0
0.0
2.4884
0.0
0.0
2.94279
0.0
0.0
0.0
0.0
0.0
0.0323119
3.26022
0.0
0.0
0.762834
0.0
0.0
0.0
0.0
0.0983853
0.0
0.0
0.227974
0.0
0.0
0.0
0.972278
0.0
0.0
0.0
0.0
0.0
0.0
0.0
0.0
0.0
0.0
0.0
0.0
1.44059
0.0
0.0
1.4076
2.09829
0.0
0.0
0.0
0.0
0.0
0.0
0.0
0.0
0.0
0.0
0.0
0.0
0.0
10.7498
0.0
0.0
4.27061
0.0
0.0
0.0
2.83773
0.0
1.25679
0.0
0.0
0.0
2.12697
0.110904
3.26908
0.0
0.0
2.87396
0.0
2.04116
0.0
0.0
0.0
0.0
0.0
0.0
0.0
0.0
0.0
0.0
0.0
0.0
0.91693
0.0
0.0
0.0
0.0
0.0
0.350925
0.0
0.0
0.0
0.878488
0.0
0.0
0.0
1.53523
0.0
0.0
0.0
0.0
0.0
0.0
3.12001
0.998221
0.0
0.0
0.0
0.0
0.0
0.0
0.0
0.0
0.0
0.170671
0.0
1.66811
0.0
0.0
1.16527
0.0
0.0
0.0
0.0
0.0
0.0
0.0
2.17389
0.16677
0.0
0.0
0.0
0.0
0.0
0.0
2.74019
0.0
3.8609
0.0
0.0
0.0
0.0
0.0
0.0
0.0
1.28622
0.0
0.0
0.0
1.01464
0.0
0.0
0.0
0.0
0.79
0.0
0.0
0.178217
0.178591
0.0
1.03896
1.87302
0.0
1.27263
0.0
1.22877
2.83419
0.0
0.0
0.0
0.0
0.0
0.0
0.0
0.0
4.20649
0.0
0.491359
0.0
0.0
0.0
0.0
0.0
0.0
0.0
0.0
1.47923
0.0
0.0
0.0
0.302076
0.0
0.671948
0.0
0.0
0.0
0.0
0.0
0.0
0.0
0.0
0.0
0.867622
0.0
0.0
0.0
0.0
3.9062
0.0
0.0
1.57365
0.0
0.0
0.0
0.0
0.0
0.0
0.0
0.0
0.0
0.0
0.0
0.448477
0.0
1.98019
0.0
4.12024
0.0
1.45773
0.0
0.0
0.0
0.0
0.0
0.0
0.0
0.0
0.0
0.0
0.0
0.0
0.0
1.50677
0.0
0.0
0.0
0.754781
0.0
0.0
0.0
0.0
0.0
3.5717
0.0
0.251708
0.0
0.0
0.0
0.0
0.0
0.0
0.706773
0.0
1.40351
0.0
0.0
0.0
0.0
0.0
0.0
0.0
0.0
0.739018
0.0
0.0
0.0
0.0
0.94701
0.0
0.312169
0.191776
0.0
0.0
0.0
0.0
0.0
0.0
0.0
2.71665
0.0
0.541918
0.0
1.38949
0.0
0.0
0.0
0.0
1.49834
0.0
0.0
0.0
4.83914
1.84906
0.0
0.0
0.0
0.0
0.0
0.0
0.0
0.0
2.41981
0.28309
0.667068
0.0
0.0
0.0
0.0
0.0
0.0
0.0
1.67615
0.0
0.0
0.0
0.0
0.0
1.18533
4.26047
2.26459
0.0
0.0
0.0
0.0
0.0
0.0
0.0
0.0
0.0
0.0
0.0
0.0
0.0
0.0
0.0
0.0
0.0
0.0
0.0
0.0
0.0
0.0
0.0
0.0
0.0
0.0
0.0
0.0
0.0
0.0
0.854988
0.0
0.0
0.0
0.679079
0.0
1.56099
0.0
0.0
0.0
0.0
0.0
0.0
0.0
1.81742
0.0
0.0
0.0
1.01276
0.0
0.0
0.0
0.843288
0.0
0.0
0.0
0.0
0.0
0.0
0.0
0.0
0.0
0.0
0.0
0.0
2.45249
1.42927
0.0
0.0
0.0
0.0
0.0
0.0462009
7.25744
0.0
0.0
0.0
0.0
0.684264
0.0
0.0
0.0
0.0
0.0
0.0
2.28912
0.0
0.0
0.0
0.0
0.0
0.0
0.0
0.0
0.355148
0.0561847
0.0
3.8085
1.50724
2.71627
0.0
4.10577
0.0
0.0
0.0
0.0
5.71281
0.0
0.0
0.33791
0.0
0.0
0.0344171
0.0
0.0
0.0
1.56505
0.0
0.0
0.0
0.0
0.0
0.0
0.0
0.379778
0.0
0.821421
0.0
0.784441
0.0
0.0
0.0
0.0
0.0
0.0
0.0
0.0
0.0
0.0
2.2504
0.0
0.0
2.11438
0.0
0.0
0.0
0.0
0.0
0.0
0.0
0.0
0.0
0.0
0.0
3.08382
0.0
0.0
2.46868
1.70843
0.0
0.0
1.33526
0.0
0.0
0.0
0.0
0.0
0.0
0.0
0.0
0.0
0.0
2.60565
0.0
0.0
0.0
1.70874
0.0
0.0
0.0
0.0
0.0
0.0
0.0
0.0534618
0.0
0.0
0.619573
2.16608
0.0
0.0
0.0
0.44394
2.72573
0.210615
3.53113
1.90191
0.0
0.0
0.0
0.0
0.0
1.97996
0.0
0.983748
0.0
2.51426
0.0
4.0079
0.0
0.900577
0.0
0.0
0.0
0.0
0.0
0.0
0.0
0.0
0.0
0.0
0.0
0.0
0.0
0.0
0.0
0.0
0.0
0.0
0.0
0.0
0.0
0.0
0.0
0.0
0.0
0.0
0.0
0.0
0.0
0.0
0.215754
1.75442
0.0
0.0
0.0
0.0
1.06868
0.0
0.287904
0.0
0.529104
0.0
0.0
4.84756
0.782231
0.0
0.0
0.0
0.0
0.0
0.0
1.81733
0.0
0.0
0.0
0.0
0.0
0.41902
0.0
0.0
0.0
0.0
0.0
0.0
0.0
0.0
0.0
0.0
0.566073
0.0
0.0
0.0
0.0
0.0
0.0
1.22418
0.0
0.0
0.0
0.0
0.0
0.0
0.0
0.0
0.0
0.0
0.305067
0.0
0.0
0.0444555
0.0
0.0
0.0
1.36662
0.0
1.31731
0.0
0.0
0.0
0.0
0.0
0.0
0.0
0.0
1.31953
3.10036
0.0
0.0
0.0
0.0
0.0
0.0
4.03843
0.0
0.0
0.0
0.0
0.0
0.0
0.0
0.0
0.0
0.0
0.0
0.0
0.0
2.12784
0.0
0.0
0.0
0.0
0.0
0.0
0.0
0.0
0.0
0.0
0.0
0.0
0.403194
0.0
0.0
0.0
0.0
0.0
2.10795
0.0
0.0
0.0
0.0
0.0
0.0
0.0
1.06843
0.0
3.69855
0.0240613
0.0
0.0
0.0
0.0
0.0
0.0
0.0
0.0
0.0
0.0
0.0
0.0
0.0
0.0
0.0
0.0
0.0
0.0
0.0
0.0
0.0
0.0
0.0
0.0
0.0
0.0
0.0
0.0
0.0
1.38099
0.0
0.0
1.13306
0.0
0.409137
2.40752
1.72596
0.0
0.0
0.0231542
0.0
0.0
0.0988072
0.0
0.861823
0.0
0.0
0.0
0.0
3.57716
0.0
0.0
3.61852
0.0
0.0
3.40711
2.68845
0.0
0.0
0.0
4.23573
2.58746
0.0
0.0
0.0
0.0
0.0
1.96431
0.0
0.0
1.42192
4.38624
1.20631
0.0
0.0
0.0
0.0
0.0
0.0
0.0
0.0
0.0
0.0
0.648674
0.468555
0.0
0.0
0.0
0.0
0.0
0.0
3.43821
3.93626
0.0
4.60986
0.0
0.0
0.0
0.0
0.0
0.0
0.0
0.0
0.0
0.0
0.0
0.0
0.0
0.0
0.0625165
0.0
0.0
0.0
0.0
0.0
0.0
1.56067
0.0
0.0
0.0
0.0
0.0
0.0
0.0
0.0
0.0
0.0
0.0
3.91138
0.0
0.0
0.0
0.0
2.0325
0.0
0.0
0.0
0.0
0.0
0.0
0.0
0.86767
0.0
0.0
0.0
0.0
0.0
0.0
0.378118
0.0
0.0
1.42296
0.0
0.0
3.44886
0.0
0.0
0.0
0.0
0.0
0.0
0.0
0.0
0.0
0.0
0.0
0.0
0.0
0.0
0.0
0.0
0.0
0.524326
0.0
0.0
0.0
0.0
0.0
0.0
0.0
0.0
1.99338
0.0
0.0
0.0
0.0
0.0
0.0
4.2231
0.0
0.0
0.144378
0.0
0.0
0.0
0.0
5.53329
0.0
0.0
0.0
0.0
0.0
0.0
0.0
0.0
0.0
0.0
0.0
0.0
0.0
0.0
0.0
0.0
0.0
0.0
0.0
0.0
0.0
0.0
0.398895
0.0
0.0
0.0
0.0
0.0
0.0
0.0
2.07314
1.48849
0.0
0.0
0.695485
0.0
0.0
0.0
0.0
0.805352
0.0
0.0
0.0
0.0
0.0
0.0
0.346803
0.0
0.0
0.0
0.175676
0.0
0.0
1.77396
0.0
0.0
0.0
1.96353
0.0
1.63007
0.0
0.0
0.0
0.0
0.0
0.0
0.0
0.0
0.0
0.0
0.0
0.0
0.330976
0.0
3.52681
0.0
0.0
0.0
1.19993
1.66112
0.0
0.0
0.0
0.0
0.742863
0.0
0.0
0.0
0.0
0.0
0.0
0.0
0.0
0.0
0.0
0.0
0.0
0.0
0.0
0.0
0.543469
0.0
0.0
1.23698
0.0
0.0
0.0
0.0
0.0
0.0
0.0
0.0
0.0
0.0
0.0
0.0
0.0
0.0
1.53439
0.0
2.29384
1.02649
0.0
0.0
0.0
0.0
2.60873
0.0
0.0
0.0
0.0
0.260734
0.0
0.0
0.0
2.81751
0.0
0.0
0.0
0.0
0.0
0.0
0.0
0.0
0.0
0.0
0.0
0.0
0.0
0.0
0.0
0.0
0.0
0.0
0.0
0.0
4.41746
0.0
0.0
1.98561
0.0
0.805703
0.0
0.0
0.0
0.0
0.0
0.0
1.79912
0.0
0.0
0.0
3.89028
0.0
0.0
0.0
0.0
0.0
0.0
0.0
2.60006
0.00306767
0.0
0.0
0.0
0.0
0.0
0.0
0.394757
4.28764
0.0
1.00322
0.0
0.0
0.460496
0.0
0.0
0.0
4.59853
0.0
1.03858
0.0
0.0
0.0
2.84036
0.0
0.0
0.0
0.0
0.0
0.0
0.0
0.0
0.0
1.74162
0.0
0.0
0.0
0.0
0.0
0.0
0.0
0.0
0.533477
0.0
0.340869
0.0
0.0
0.0
3.25087
0.0
0.0
0.0
0.0
0.0
0.0
0.0
0.0
0.162737
0.0
0.0
1.77473
0.0
0.0
0.0
0.0
0.0
0.547965
3.65044
0.0
0.0
0.0
0.0
1.28088
0.0
0.256365
0.0
4.40852
0.0
0.349726
2.6992
0.0
0.0
0.0
0.0
0.0
0.0
0.0
1.47205
0.0
0.0
1.09079
0.0
0.0
1.08571
0.0
0.0
0.0
0.0
0.0
0.0
0.0
0.0
1.15048
0.0
0.519687
1.10781
0.0
1.88874
0.0
0.0
0.0
0.0
1.54233
0.611823
0.0
0.0
0.0
0.0
0.0
2.25284
0.0
0.0
0.0
0.0
0.608878
0.0
0.0
0.0
0.0
0.0
0.0
0.0786957
0.0
0.0
0.0
0.0
0.0
2.12835
0.0
0.0
0.0
0.0
2.28052
1.45148
0.0
0.0
0.0
0.0
0.0
0.0
0.0
2.21855
0.0
0.0
0.0
0.0
0.0
0.0
0.0
0.0
0.803175
0.0
0.0
0.0
0.0
0.0
0.0
0.0
0.0
0.0
0.0
0.0
0.0
0.0
0.0
0.0
0.0
0.0
0.0
0.0
0.0
0.0
0.0
0.0
0.704813
0.0
0.0
0.0
0.0
0.0
0.0
0.0
0.725468
0.0
0.0
0.0
0.0
0.0
0.0
0.0
0.0
0.0
0.0
0.0
0.0
0.0
0.436243
0.0
0.0
0.0
0.0
1.93177
0.0
5.64789
0.0
0.0
0.0
0.824523
0.0
0.0
0.0
0.0
0.0
0.0
0.0
0.0
0.0
0.0
0.0
2.06112
0.0
0.0
0.0
0.0
0.0
0.0
0.0
0.501845
0.0
0.0
0.0
0.0
0.0
2.7283
0.0
0.0
0.0
0.0
0.0
0.0
0.0
0.0
0.0
0.0
0.0
0.0
0.0
0.0
1.85192
0.0
0.0
0.0
0.982829
2.50456
0.0
0.0
0.0
0.0
0.0
3.49109
0.0
0.0
0.0
0.542969
0.0
0.0
0.0
0.0
0.0
0.0
0.0
0.0
0.0
0.0
0.0
0.0
1.77364
0.0
1.70326
0.0
1.8971
0.0
0.0
0.186498
0.0
0.0
0.0
0.0
0.0
0.0
0.0
0.0
0.0
0.0
0.0
2.19182
1.98652
0.0
0.0
0.0
0.0
0.0
0.0
0.0
0.0
0.901527
0.0
1.37412
1.2849
0.0
0.0467779
0.0
0.0
0.0
0.0
0.0
0.0
0.472577
0.020892
0.0
0.0
2.18373
0.930936
0.0
0.0
0.0
0.0
0.0
0.0
3.02514
0.0
0.0
0.0
0.0
0.0
0.0
1.38559
0.0
2.84224
0.0
0.0531117
0.0
3.24914
0.0
2.40696
0.0
0.0
0.0
0.0
0.0
0.0
0.0
0.0
0.0759609
0.0
0.0
0.0
0.0
0.760515
0.0
0.0
0.0
0.0
0.0
0.861602
0.0
0.0
0.0
0.0
0.0
0.0
0.0
3.40529
3.69688
0.0
0.0
0.0
5.25173
0.0
0.0
0.0
4.19192
0.0
0.0
4.60148
0.0
0.823376
0.0
0.0
0.0
0.0
0.0
0.0
0.0
0.0
0.375214
0.0
0.964707
1.16287
0.0
0.0
0.0
0.0
0.0
0.0
0.0
0.0
0.0
0.0
0.0
0.0
0.0
1.33199
0.0
0.0
0.0
0.0
0.0
0.435665
0.0
3.00814
0.0
0.0
0.0
0.0
0.0
0.0
1.36176
0.0
0.0
0.0
1.41495
0.0572998
0.0
0.0
0.0
0.0
0.0
0.0
0.0
0.0
0.0
0.0
0.0
0.0
0.0
0.0
0.0
0.0
4.93827
5.73286
0.0
1.11897
0.0
0.0
0.0
3.69961
0.0
0.0
1.00947
0.0
0.0
0.0
0.0548886
0.0
1.50491
0.0
0.0
0.0
1.20897
0.274934
0.0
0.00486246
0.0
0.0
0.0
0.399614
0.0
0.0
0.0
0.0
0.370898
0.0
0.0
0.0
0.0
0.0
0.0
0.0
0.437672
0.0
0.0
1.94449
0.0
0.0
0.0
0.0
0.0
0.0
0.300895
3.12865
0.0
0.0
0.0
0.0
0.0
0.0
0.0
0.0
0.0
0.73008
0.0
2.59766
3.07699
0.0
0.0
1.20936
0.0
0.0
2.95057
0.0
0.0
0.0
0.0
0.0
0.0
0.0
0.0
1.17448
0.0
0.0
0.0
0.0
0.0
2.1767
0.0
0.0
0.0
0.0
0.0
2.16495
5.69529
0.0
0.0
0.346288
0.0
0.0965067
0.0
2.69353
0.0
0.0
0.0
0.0
0.340746
0.0
0.0
0.0
0.0
0.0
0.532705
0.0
0.0
0.0
0.732745
0.0
0.0
0.0
0.0
0.0
0.0
0.0
0.0
0.0
0.0
0.0
0.0
0.0
0.0
0.0
0.0
0.0
0.0
0.0
0.0
0.0
0.0
0.0
0.0
1.58483
0.0
0.0
0.0
6.03137
0.172378
0.0
0.761599
0.601492
0.0
0.0
0.0
0.0
0.0
3.20561
0.0
0.0
0.0
0.0
0.0
0.0249662
0.0
0.0
0.0185526
0.0
0.0
0.0
0.0
0.0
1.89297
0.0
0.725281
0.0
0.0
0.0
0.0
0.0
0.0
0.0
0.0
1.1283
0.0
0.0
0.0
0.0
0.0
0.0
0.0
0.0
0.0
1.0616
0.0
0.0
0.0
0.0
0.0
0.0
3.49425
0.0
0.0
0.0
0.0
3.30997
0.0
3.99566
0.0
1.89084
0.0
0.0
0.0
0.0
0.178253
0.0
0.0
0.0
0.0
0.0
0.0
0.0
0.0
0.0
2.17714
0.0
0.0
0.0
0.0
0.0
0.0
0.0
0.0
0.0
0.0
0.0
0.417452
0.0
0.0
0.0
0.0
0.0
0.0
0.0
0.0
0.0
0.0
0.0
0.0
0.0
0.0
0.0
0.0
0.0
0.0
0.642664
0.0
0.0
0.0
0.0
0.0
0.0
0.0
0.0
0.0
0.0
0.0
0.160108
1.63147
0.0
0.0
2.27905
0.0
0.0
0.0
0.0
0.0
0.0
0.0
0.0
0.45076
0.0
1.23925
0.0
0.471868
0.0
0.803021
0.781659
0.0
0.0
0.0
0.0
0.0
0.0
0.0
0.0
0.0
0.0
2.15497
2.25697
0.0
0.0
1.36296
0.0
0.0
0.0
0.0
0.0
1.95167
1.46746
0.0
0.0
0.0
0.0
0.0
0.0
0.0
1.99824
0.0
0.0
0.0
0.0
0.0
0.0
0.0
0.0
0.0
1.33434
0.0
0.0
3.37666
0.0
0.0
0.0
0.0
2.94544
0.0
0.0
0.0
0.0
0.0
0.0
0.0
0.0
0.0
0.0
0.0
1.34158
0.0
0.0
0.0
0.0
0.0
0.0
0.0
0.269527
0.388695
0.0
0.0
0.0
0.0
0.0
0.60208
0.0
0.0
0.571361
1.86814
0.0
0.0
0.0
0.0
0.0
0.0
2.10484
0.0
1.11962
0.0
0.0
0.0
0.0
0.0
0.0
3.30047
0.0
0.0
0.0
0.0
0.0
0.0
0.0
0.0
0.0
0.0
0.387879
0.0
2.64032
0.0
0.0
0.0
0.0
0.0
0.0
0.0
0.0
0.0
0.0
0.0
1.61915
0.725025
0.0
0.0
0.0
0.0
0.0
0.0
0.0
0.193008
0.0
0.0
0.0
0.0
0.0
0.0
0.0
0.0
0.0
0.0
0.0
0.0
2.94789
0.0
0.0
0.937229
0.0
0.0
0.0
0.0
0.0
0.0
0.0
0.0
0.39316
0.0
0.0
0.0
0.0
0.0
0.0
0.0
0.784552
0.0
0.0
0.0
0.0
0.0
0.723477
0.0
0.0
0.0
0.0
0.0
0.0
0.0
0.312985
0.0
0.0
0.156204
0.0
0.0
0.0
0.0
0.0
0.0
0.0
0.0
0.0
0.0
1.01823
0.0
0.0
0.0
0.0
0.0
0.0
0.0
0.0
0.0
0.0
0.0
0.0
2.10812
0.0
0.0
0.0
0.0
0.0
0.0
2.15586
0.0
0.0
0.0
0.0
0.0
0.0
0.0
0.0
0.0
0.0
0.0
0.0
0.0
0.0
0.0
1.94813
0.0
0.0
0.0
1.21709
0.0
0.0
0.0
0.0
0.0
0.0
0.0
0.0
0.0
0.0
0.0
0.0
0.0
0.491815
0.0
1.89334
0.0
0.0
0.0
0.0
0.0
0.0
0.315765
0.0
0.0
0.0
0.0
0.0
0.990946
3.36876
0.0
2.34808
0.0
0.0
0.0
1.7718
0.0
0.0
0.0
0.0
0.0
0.0
0.0
0.0
4.09712
0.0
0.0
2.1859
0.0
0.0
0.0
0.0
0.0
0.0
0.0
1.57225
0.0
0.0
0.0
0.0
2.6934
0.0
1.82433
0.0
0.0
0.0
0.397433
0.0
1.69218
0.0
0.0
0.0
0.535438
0.0
0.0
0.0
0.0
0.0
0.0
0.0
0.0
0.0
1.31816
0.0
0.0
0.0
0.0
0.0
0.0
0.0
0.0
0.0
0.0
0.0
0.0
0.0
1.15
0.0
1.20749
0.0
0.0
0.0
0.0
0.0
0.0
5.82105
0.0
0.0
1.07187
0.0
0.0
0.706704
0.0
0.0
0.0
0.0
0.0
0.0
0.0
0.0
2.08365
0.0
0.0
0.0
0.0
0.0
0.0
0.0
0.0
0.0
2.68913
0.0
0.0
0.0
0.0
0.0
0.0
0.0
0.0
0.0
0.0
1.0309
0.0
0.784659
0.0
0.0
0.0
0.0
0.522674
0.0
0.0
0.0
0.0
1.30409
0.0
1.42942
0.0
0.0
2.05791
0.0
0.0
0.0
2.62933
0.0
0.0
0.0
0.0
0.0
0.0
0.0
0.0
0.00533822
0.0
0.0
0.0
0.0
0.0
0.0
0.0
0.0
0.914813
0.0
0.0
1.77699
0.0
0.0
0.0
0.0
0.0
0.0
0.0
0.0
1.70922
0.163925
0.0
0.0
0.0
0.0
0.0
0.0
0.0
0.0
0.0
0.0
2.1718
0.0
0.0512447
3.41268
0.0
0.0
0.0
0.0
0.0
4.34648
0.0
0.0
0.0
0.0
0.0
0.0712887
0.0
0.0
0.0
0.0
0.0
0.600422
0.0901672
0.0
0.0
0.0
0.0
0.0
0.0
0.0
0.419824
0.0
0.0
0.0
0.0
0.0
0.0
0.0
0.0
0.0
0.0
0.0
0.0
0.0
0.0
0.0
0.0
1.50571
0.0
0.0
3.17728
0.0
0.0
0.0
0.0
0.0
0.0
0.0
0.0
0.0
0.0
0.0
0.0
0.0
0.092627
0.0
0.0
5.85411
0.0
0.0
0.0
0.0
0.0
2.25797
0.0
0.0
0.0
0.0
0.18322
0.0
0.0
0.335092
0.0
0.0
0.0
0.0
0.0
4.64837
0.0
0.196763
0.0
0.0
4.14065
1.68653
0.0
0.0
0.0
0.0
0.0
0.0
0.0
0.0
1.03881
0.0
0.0
0.0
0.0
0.926552
0.0
0.0
0.0
3.88193
0.0
0.0
4.25874
0.0
0.0
0.0
0.0
0.0
0.0
0.0
0.0
0.318402
0.0
0.0
0.0
5.985
0.0
0.0
1.25381
0.0
0.0
0.0
0.0
1.27786
0.0
0.0
0.0
0.0
0.0
0.253439
0.0
0.0
0.0
0.0
0.49453
0.0
0.0
1.42365
0.0
0.0
0.0
0.370559
0.0
0.0
0.0
0.0
0.0
0.0
3.59653
0.0
0.0
0.0
0.0
0.0
0.0
0.0
0.0705704
2.67939
1.04934
2.87365
0.0
0.0
0.0
0.0
0.0
0.0
0.0
0.0
0.0
1.05515
0.0
0.0
0.0
0.0522453
0.0
0.0
0.0
3.90039
0.0
0.0
0.0
0.0
0.382115
0.0
0.0
2.22769
2.04228
4.1226
0.0
0.0
0.0
0.0
2.83799
0.0
0.0
0.0
0.0
0.0
0.0
0.0
0.0
0.0
0.0
0.0
0.226165
0.0
1.51122
0.0
0.0
5.06784
0.0
0.0
0.0
0.0
2.6349
0.0
0.0
0.0
0.0
0.0
0.0
0.0
0.0
0.0
0.0
0.0
0.0
0.0
0.0
0.0238092
6.39571
0.0
0.0
0.0
0.0
0.0469477
0.0
0.0
0.0
0.0
5.51421
4.32164
0.0
0.0
0.0
0.834505
0.0
0.0
0.0
0.0
2.06522
0.0
0.0
2.85653
0.0
0.0
0.0
0.0
4.65409
0.247053
0.0
0.0
0.0
0.0
0.857447
0.0
0.0
0.148119
0.0
0.0
0.0
0.0
1.98557
0.0
0.0
0.0
0.0
0.0
0.0
0.0
0.0344406
0.0
0.0
0.0
0.0
0.0
3.96596
0.0
0.0
0.0
0.0
0.0
1.4117
0.0
0.0
0.0
0.0
0.0
0.0
0.855867
0.0
0.0
1.71014
0.0
3.77369
0.0
0.645213
0.0
0.0
0.0
0.0
0.0
0.0
0.0
0.0
0.0
0.0
0.0
1.93774
0.0
0.0
0.0
0.0
0.0
0.690465
0.0
0.0
0.0
0.0
0.0
0.0
0.0
0.0
0.0
0.0
0.0
1.43718
0.0
0.0
0.0
0.0
0.764029
0.0
0.158082
0.0
0.0
0.0
0.0
0.0
0.0
0.0
0.0
0.0
0.0
0.0
0.0285644
0.0
0.0
0.0
2.68064
0.0
5.18523
0.0
0.879761
3.59993
0.0
0.0
0.0
0.0
0.0
0.0
2.40285
2.46864
0.732114
0.0
0.0
1.30219
0.0
0.0
0.405596
0.0
0.0
0.0
0.0
0.0
0.470389
0.0
0.0
0.0
0.0
0.0
0.0
0.0
0.545639
0.0
0.0
2.24676
1.72282
0.0
0.0
0.0
0.0
0.0
0.0
1.55881
0.0
0.499877
0.0
0.0
3.95763
0.0
0.0
0.0
0.952897
0.0
0.0
0.0
0.0
0.263241
0.0
0.727894
0.0
0.0
0.0
0.0
0.0
0.0
0.0
0.0
6.88157
0.0
0.0
0.0
0.0
0.0
0.0
0.0
0.0
0.0
0.0
0.0
0.0
2.28695
0.0
0.0
0.0
0.0
1.00774
0.0
5.83286
0.0
0.0
0.0
0.0
0.0
0.0
0.0
0.0
1.37324
0.0
0.0
0.0
0.463564
0.0
3.90502
0.0
0.397509
0.0
5.11852
0.0
0.0
0.0
0.0
0.0
0.0
0.0
0.0
0.0
0.0
0.885711
0.0
0.0
0.0
0.0
0.0
1.76928
0.0
0.0
0.0
0.0
0.0
0.0
0.0
0.0
0.0
0.0
0.0
0.0
0.0
0.0
0.0
0.0
0.0
0.0
0.0
3.08176
0.0
0.0
1.08477
0.0
0.0
0.0
0.0
0.0
0.934451
0.0
0.0
0.0
0.0
0.0
0.0
0.0
0.0
0.0
0.0
0.0
1.55373
0.0
0.0
2.8367
0.0
0.0
0.0
0.0
0.0
0.0
0.0
0.0
0.0
0.0
0.0
0.0
0.740035
0.0
0.0
0.0
0.0
0.0
0.0
0.0
0.0
0.0
0.0
0.0
0.0
0.546705
0.0
0.0
0.0
0.200606
0.134331
0.0
0.930372
0.0
0.875055
0.0
0.0
3.19825
0.0
0.0
0.0
0.0
0.0
0.0
0.0
0.0
0.0
0.323449
0.0
0.0
0.0
0.0
0.0
0.0
0.0
0.0
0.0
0.0
0.0
