0.0
0.0
1.50886
0.0
1.42107
0.0
0.0
0.0
0.0
0.0
0.0
0.0
0.0
0.00812796
0.0
0.0
0.0
0.0
0.0
0.0
0.0
1.94766
0.0
0.0
0.0
0.0
1.0611
0.0
0.0
0.0
0.0
2.5493
0.0
4.20284
0.0
0.0
0.0
0.0
0.0
0.0
0.0
0.0
1.38361
0.0
0.995452
0.0
0.0
0.0
0.0
0.0
0.0
0.0
0.0
0.0
0.0
0.981349
0.0
0.995198
0.0
0.0
0.0
0.0
0.0
0.190405
0.557436
0.140713
0.0
0.154096
0.0
0.0
0.0
0.0
0.0
0.0
0.0
0.0
0.0
0.0
0.527492
0.0
0.82948
0.0
0.0
0.0
0.0
0.0
0.0
0.0
0.0
0.0
0.0
0.0
0.0
0.0
0.0
0.0
0.0
0.0
0.0
0.0
0.0
0.0
0.0
0.0
0.0
0.0
0.670638
0.0
0.0
0.0
0.0
0.0
0.0
1.5213
0.0
0.0
0.0
0.0
0.0
0.0
4.53098
0.0
0.0
0.0
2.58059
1.83301
0.0
0.519951
0.0
0.0
0.0
0.0
0.0
0.0
1.51255
0.0
0.0
0.0
0.0
0.0
0.0
0.0
0.0
0.0
0.0
0.0
2.25366
0.0665179
2.73045
0.0
0.0
0.215969
0.857918
4.18026
0.0
0.0
0.0
0.0
0.0
0.0
0.0
0.0
1.24547
0.0
0.0
1.1778
0.0
0.0
2.50999
0.200804
0.0
0.0
0.0
0.423544
0.0
0.0
0.0
0.0
0.0
2.85252
0.0
0.0
0.0
0.0
0.0
0.0
1.05183
0.0
0.0
0.0
0.244266
0.0
1.95551
2.88078
0.0
0.0
0.0
0.0
0.0
2.38543
0.0
0.0
0.0
0.0
0.0
0.0
0.0
0.0
0.0992165
0.0
0.0
0.0
0.0
0.0
0.0
0.0
0.0
0.0
0.0
0.0
0.0
0.226317
0.0
0.0
0.0
0.0
0.0
2.02599
0.0
0.0
0.0
0.0
0.0
4.59296
0.0
0.0
0.0
0.0
2.82665
0.0
0.0
2.12409
0.736901
0.0
0.0
0.0
0.0
0.930608
0.0
0.0
0.0
0.0
2.24067
0.0
0.0
0.0
0.0
0.0
0.0
0.0
0.0
0.0
0.0
0.0
0.0
0.0
0.0
0.0
0.0
1.32891
0.0
0.0
0.0
0.0
0.0
0.0
1.32374
0.0
0.0
0.0
0.0
0.0
0.0
1.5403
0.752053
0.0
0.0
0.0600205
0.0
0.0
0.0
0.0
0.0
0.0
1.88151
0.0
0.0
0.0
0.0
0.0
0.0
2.43226
0.0
0.0
0.0
0.0
0.0
0.0
0.0
0.0
0.0
0.0
0.0
0.0
0.0
0.0
0.0
0.0
0.0
1.26539
0.0
0.0
0.0
0.920551
4.15385
0.0
1.73278
0.289753
0.0
1.21257
0.0
0.0
0.0
0.277197
0.0
0.0
0.0
0.268072
0.0
0.0
0.0
0.0
0.0
0.0
0.715745
0.0
1.05718
0.0
0.0
0.0
0.0
0.0
0.0
0.0
0.0
0.0
0.0
0.0
0.0
0.0
1.47582
0.0
0.0
0.0
0.0
0.0
0.0
0.0
0.0
0.0
0.0
0.0
0.0
0.148509
0.0
0.0
0.0
0.0
0.0
0.0
0.0
0.0
0.0
0.0
0.0
0.0
0.0
3.3275
0.0
3.12908
0.0
0.0
0.0
0.0
0.0
0.0240943
0.893497
0.0
0.932385
0.0
0.0
0.0
0.0
0.0
0.0
0.0
0.0
0.0
0.0
0.0
0.0
0.0
0.0
0.0
0.0
0.0
0.0
0.0
0.0
0.751772
0.0
0.0
0.223217
0.310567
0.0
0.0
0.0
0.843145
0.0
0.0
0.0
0.0
1.82777
0.0
0.0
0.0
0.0
0.0
0.0436912
0.0
0.0
0.0
0.0
0.0
0.0
0.0
0.487561
0.0
0.0
0.0
0.0
0.0
0.0
0.0
0.0
0.745016
0.0
3.58312
0.0
1.52179
0.0
0.0
0.0
0.787522
0.0
3.13588
0.0
0.0
0.0
1.58798
0.0
2.43691
0.0
0.0930898
0.0
0.0
0.0
0.0
0.0
0.0
0.0
0.0
0.0
1.05991
0.0
0.0
0.193945
0.0
1.24321
0.0
0.0
0.0
0.0
0.0
0.0
0.0
0.0
0.0
2.39273
1.68987
0.0
0.0
0.0
0.0
0.0
0.160185
0.0
0.0
0.28606
0.0
0.0
0.0658462
0.0
0.0
0.505948
0.0
0.0
0.0
0.0
0.0
0.0
1.75651
0.0
0.0
0.0
0.0
0.0
0.0
0.0
0.0
0.0
0.0
1.80285
0.0
0.0
0.0
2.47477
0.0
0.0
0.179611
0.0
0.0
0.337392
1.01728
1.99278
0.0
0.0
0.0
0.0
0.0
0.0
0.0
0.0
0.0
0.0
0.0
0.0
0.0
0.0
0.0
0.0
0.0
0.0
0.0
0.0
0.0
2.85124
0.0
0.0
0.0
0.358326
0.0
0.126332
3.68707
0.0
0.895374
1.13271
0.0
0.0
0.0
1.03626
0.0
1.69024
1.50627
0.0
0.0
0.0
0.0
0.0
0.0
0.0
0.0
0.0
0.0
0.0
0.0
0.409425
0.264303
0.0
0.0
0.0
0.0
0.0
1.83267
0.0
0.0
0.0
0.0
2.53594
0.0
0.0
0.0
0.0
0.0
1.35736
0.0
1.53243
0.0
0.0
0.774668
0.39921
0.0
0.0
0.0
0.0
0.0
0.0
0.0
0.0
0.165562
0.0
0.0
0.0
0.0
0.0
0.0
0.318402
0.0
0.0
0.0
0.0
0.027948
0.0
1.78056
0.0
0.0
2.33616
0.0
1.12674
0.0
0.0
0.0
0.0
0.0
0.0
0.0
0.0
0.0
0.0
0.0
0.0
0.0
0.0
0.0
0.0
1.59837
0.0
0.907764
0.0
0.0
0.0
0.0
0.0
0.0
0.0
0.774372
0.982606
2.39508
0.0
0.0
0.0
0.0
0.0
1.93314
0.0
0.0
0.041239
0.0
0.0
1.85086
0.0
0.0
0.0
0.0
0.0
0.0
0.0
0.0
0.0
0.0
0.0
0.0
0.0
0.715584
0.0602306
0.0
0.0
0.0
0.42367
0.0
0.0
4.4978
4.89678
0.0
0.0
0.0
0.0
0.0
0.0
0.0
0.0
1.40341
0.0
0.0
0.0
0.0
0.0
0.0
0.0
0.0
0.0
3.43637
0.0
0.0
0.0
3.28272
0.0
0.0
3.53435
0.577024
0.0
0.0
0.0
0.0
0.0
0.0
0.0
0.0
0.0
0.0
0.0
0.239244
0.0
0.0
0.0
1.65376
0.0
1.99559
3.65608
0.0
2.17836
2.12579
0.0
0.0
0.0
0.0
0.0
2.93008
0.0
0.0
0.0
0.0
0.0
2.02783
0.0
0.0
0.0
1.57462
0.0
0.84059
0.0
0.0
0.0
2.57929
0.0
0.0
0.0
0.0
0.0
0.0
0.0
0.0
0.0
0.0
0.954424
0.0
0.0
0.0
3.51097
0.0
0.0
0.0
0.0
0.728776
0.0
0.0
1.62355
1.59457
0.0434765
0.0
0.0
0.0
0.0
0.0
0.0
0.0
2.25599
0.0
0.0
0.0
0.0
0.0
1.77456
0.0
0.0
0.153242
0.0
0.0
0.406934
0.0
0.0
0.0
0.0
0.0
0.0
0.0
0.0
0.0
1.53947
0.0
0.0
2.58173
0.0
0.0
0.37177
0.498044
0.0
1.69948
0.0432138
0.649499
0.0
0.973454
3.19506
0.0
0.564841
0.0
0.908575
0.588557
1.09793
0.0
1.08631
3.06123
0.0
0.0
0.0
0.0
1.01427
0.0
0.0
0.193042
0.0
0.0
0.0199385
1.45263
0.0
0.332541
0.0
0.0
0.0
0.147216
0.0
0.255463
0.0
0.0
0.0
0.0
0.0
0.0
0.0
0.0
0.0
0.0
0.0
0.0
0.490858
0.0
4.32207
0.0
0.0
0.0
0.0
0.0
0.0
0.0
0.0
0.0
0.0
0.0
0.0
2.73404
0.0
0.0
0.508002
0.0
0.0
0.0
0.0
0.0
0.0
0.0
0.0
0.0
0.0
0.0
0.0
0.0
0.0
0.29394
0.0
1.23689
0.0
0.0
0.0
0.0
0.0
0.0
0.0
0.0
0.0
0.0
0.0
0.177895
0.0
0.0
0.0
0.0
0.0
0.0
0.0
0.0
0.0
1.63527
0.0
1.33424
0.0
0.362892
0.0
0.0
0.0
0.583114
0.0
0.0
0.0
0.0
0.278576
0.0
0.0
0.0
0.0
0.0
0.0
0.0
0.0
0.0
0.0
0.338543
0.0
0.0
0.0
0.0
0.0
0.0
3.28997
0.0
3.2957
0.48511
0.0
0.0
0.0
0.0
0.0
0.0
0.0
1.32305
0.0
0.0
1.34339
0.0
0.0
0.0
0.0
0.69067
0.0
0.0
0.0
0.0
0.0
0.0
0.0
0.0
0.0
0.0
0.0
0.0
0.0
0.0
0.0
0.0
0.0
0.0
2.39013
0.809165
0.0
1.08823
0.0
0.0
0.0
0.0
0.0
0.0
1.10292
0.0
0.0
0.0
0.0
0.0
0.0
0.0
0.11016
0.0
3.44917
0.0
0.0
0.0
0.0
0.0
1.44713
0.0
1.00457
0.0
0.0
0.784149
0.0
1.06052
0.0
0.0
0.0
2.39571
0.358128
0.0
0.0
0.0
0.0
3.43887
0.0
0.0
0.0
0.770772
0.0
0.0
0.0
0.0
0.0
0.0
0.0
0.0
0.0
0.0
0.0
0.0
0.0
0.0
0.0
0.337888
0.0
0.128992
0.0
0.0374338
0.0
2.69317
0.0
0.0
0.0
0.0
0.23971
0.0
0.0
1.21004
0.0
0.0
0.883152
0.0
0.0
0.0
0.0
0.0
0.0
0.0
0.0
0.0
0.0
0.0
2.18864
0.0
0.0
0.556649
0.0
0.0
0.0
0.0
0.0
0.0
0.0
0.0
0.898214
0.339227
0.572711
0.0
0.0
0.0
0.0
0.0
0.0
0.0
0.0
0.0
0.0
0.0
0.0
0.0
0.0
0.106328
0.268958
0.0
0.0
0.0
1.73948
0.0
0.0
0.0
0.0
0.0
0.0
1.61673
3.11784
0.0
0.0
0.0
0.0
0.0
0.673933
0.0
4.48947
0.0
0.0
0.0
0.0
0.100244
0.0
0.0
0.0
1.70252
2.564
0.0
1.07118
0.217398
0.0
0.0
0.0
0.0
4.17175
0.743903
0.0
0.0
0.0
0.0
0.0
0.0
1.68202
0.0
0.0
0.0
0.0
0.0
0.0
0.0
0.0
0.0
0.0
0.0
0.0
0.0
0.226523
0.0
0.0
0.0
2.61571
0.0
0.0
1.36616
0.0
0.0
0.0
0.0
0.197678
0.0
0.58226
0.0
0.0797459
3.65787
0.0
0.0
0.0
0.0
1.272
0.818706
0.0
0.0
0.0
0.0
0.0
2.17677
0.0
0.0
0.0
0.0
0.0
0.0
0.360746
0.0
0.0
0.0
0.0
0.0
0.0
0.0
0.0
0.0
0.738777
0.0
0.0
0.0
0.0
2.51712
0.0
2.35706
1.03725
0.0
0.0
0.0
0.0
0.0
0.0
0.0
0.0
0.614616
0.0
0.0
0.0
0.0
0.0
0.0
0.0
0.0
0.0
0.0
0.0
3.01013
1.07414
0.368302
0.0
0.0
0.0
0.0
0.0
2.56086
0.0
0.0
0.0
0.0
0.0
4.46964
0.0
0.0
2.06984
0.0
0.0
0.0
0.0
0.0
0.716586
0.0
0.0
0.0
0.0
0.0
0.0
0.0
0.0
2.55012
0.0
0.0
0.0
0.0
0.0
0.0
0.0
1.38316
0.0
0.141347
0.0
0.0
0.0
0.0
0.0
0.0
0.0
0.0
0.0971229
0.0
0.0
0.0
0.0
0.0
0.0
0.0
0.0
0.0
0.0
0.0
0.0
1.56735
0.0
0.0
1.86006
0.0
1.5803
0.0
0.0
0.0
0.0
0.0
0.0
0.0
0.0
0.0
0.894712
0.0
2.57524
0.0
0.0
0.0710104
0.0
0.0
0.0
0.0
0.0
0.0
0.0
0.0
0.818869
0.0
0.0
0.0
0.0
0.0
0.0
0.0
1.18536
3.28896
0.0
0.705981
0.0
0.0
0.0
3.34611
0.0
0.0
0.0
0.0
0.0
0.846457
0.0
0.0
0.0
0.0
2.20354
0.0
0.0
0.0
0.0
0.0
3.14508
0.0
0.0
2.08563
0.0
0.540752
1.59997
0.467758
0.0
0.0
0.0
0.0
0.0
0.0
0.0
0.0
0.0
0.0
0.0
0.0
0.0
0.0
0.0
0.0
0.0
0.0
0.0
0.0
0.0
0.0
0.0
0.856052
0.0
0.385198
0.0
0.784636
0.0
1.06919
0.0
0.0
0.0
0.0
0.0
0.0
0.0
0.0
0.0
0.185939
0.0
0.0
0.0
0.0
0.0
0.0
0.0
2.18354
0.0
1.27744
0.0
0.0
1.08147
0.592052
0.0
0.0
4.7119
0.0
2.72314
0.0
0.0
0.0
0.0
0.0
0.0
1.989
0.0
0.0
0.0
0.0
0.0
0.0
0.0
0.0
0.0
0.0
0.0
0.0
0.0
0.382846
0.0
0.0
0.0
0.0
0.641922
0.0
0.0
0.0
0.384238
0.175216
0.0
0.0
0.0
0.0
0.0
0.966568
2.39395
3.75428
0.0
0.0
0.449236
0.165341
1.02082
0.0
1.27886
0.0
0.124749
0.0
0.0
0.0
0.0
1.43453
0.168396
0.0
0.0
0.0
1.42881
0.0
0.0713419
0.0
0.0
0.0
1.0388
0.0
0.508374
0.0
0.0
0.0
0.0
0.0
0.0
0.0
0.0
0.0
0.0
0.0
0.0
0.0
0.0
0.0
0.0
0.0
0.0
1.83646
0.188535
0.0
0.0
0.0
0.0
0.0
0.0
0.0
0.407988
0.436998
0.0
0.0
0.0
0.0
0.0
0.0
0.0
0.0293206
0.0
0.531633
0.0
0.0
0.0
0.0
0.0
0.0
0.0
0.0
0.0
0.0
0.0
0.0
0.359844
0.0
0.0
0.0
0.0
0.0
0.0
0.0
0.0
0.0
0.505295
0.0
0.0
0.0
0.0
1.32392
2.35115
0.0
0.0
0.0
0.260703
0.0
0.0
0.0
0.0
0.0
0.354164
0.0
0.0
0.0
0.716022
0.0
0.0
0.0
0.0
0.71791
0.0
0.0
0.0
0.0
0.583862
0.0
0.0
0.0
0.0
3.0347
0.0
0.0
0.0
0.437738
0.0
1.20336
2.85903
0.0
0.0
0.0
0.0
0.0
0.0
0.803396
0.0
0.0
0.0
0.0
1.65671
0.0
0.0
0.0
0.0
0.0
0.0
0.0
0.0
0.0
0.0
0.0
0.0
0.0
1.17237
0.0
0.265585
0.0
0.20669
0.598931
0.0
2.86577
0.0
0.0
4.29593
0.0
0.0
0.250364
0.636867
0.0
0.0
0.0
0.0
0.672615
2.08157
0.0
0.0
0.0
0.0330005
0.0
1.74266
0.452264
0.0
0.0
0.0
2.23806
2.70005
0.0
0.802342
2.47355
0.0
0.0
0.0
0.0
0.0
0.0
0.0
0.173394
0.0
0.0
0.0
1.99503
0.242112
0.0
0.0
0.600412
0.0
0.0
0.993169
0.0
0.0
0.0
0.0
0.0
0.0
0.0
0.0
0.0
0.343199
1.05134
0.0
0.0
0.0
0.0
0.0
0.0
0.0
0.0
0.0
0.426703
0.0
1.73117
0.0
0.0
0.0304014
0.0
0.0
0.0
0.0
0.0
0.0
0.0
2.68532
0.0
0.0
0.0
0.0
0.0
0.0
0.0
1.46482
0.0
0.0
0.0
1.18308
3.91214
0.0
0.0
1.40557
0.0
0.0
0.0
0.0
0.0
0.293913
0.0
0.971804
0.0
3.8869
0.0
3.68051
0.0
0.0
0.0
0.0
0.0
0.0
0.0
0.0
0.0
0.0
2.51411
0.0
0.0
0.0
0.0
0.0
0.0
0.0
0.0
0.0
1.92548
0.0
0.0
0.0
0.0
0.0
0.0
0.0
0.437209
0.0
0.0
0.0
0.0
0.0
0.0
0.0
0.0
0.0
0.0
0.0
0.0
0.0
0.0
0.0
0.0
3.22237
0.0
0.0
0.0
0.0
0.0
0.0
0.0
0.0
0.0
0.0
0.0
0.640963
0.0
0.0
0.0
0.0
1.11763
0.819143
0.0
0.0
0.0
0.473027
0.0
0.0
1.66225
0.0
0.0
0.0
0.0
0.0
0.0
0.0
0.0
0.0
0.0
0.0
0.0
0.0
0.0
0.0
0.0
0.0
0.0
2.21683
0.0
0.0
0.0
1.82309
0.0
3.12859
0.0
0.622478
0.0
0.903078
1.61803
0.0
0.0
0.0
0.0
0.0
0.0
0.0
0.0
0.276458
1.74496
0.0
1.54825
1.61154
2.18693
0.0
0.0
0.0
0.0
0.0
0.0
0.0
0.885865
0.0
0.0
0.0
0.0
0.0
0.0
0.0
0.177372
0.0
0.0
0.0
0.0
0.0
1.03715
0.0
0.0
0.0
0.0
0.0118819
0.0
0.0
0.0
1.55849
1.23813
0.0183099
0.0
0.0
2.30637
0.0
0.0
0.0
0.0
3.25413
0.0
0.670255
0.0
2.73578
0.0
0.0
0.0
0.0
0.0
0.0
0.0
0.0
2.38896
0.0
0.0
0.0
0.0
0.0
0.0
0.0
0.465893
0.0
0.0
0.0
0.0
0.0
0.0
0.0
1.05717
0.0
0.0
0.0
0.0
0.0
0.0
0.881
0.0
4.02658
0.808255
0.0
3.67287
1.64168
0.930083
0.0
0.0
0.0
0.0
1.66889
0.0
0.79614
0.0
0.0
0.0
0.0
0.0
3.41676
0.0
0.0
1.13618
0.0
1.18389
1.49457
0.0
0.718672
2.21324
0.0
0.0
0.0
0.0
0.0
2.15817
0.0
0.0
0.0
3.60695
0.0
0.0
0.0
0.602918
1.64047
1.01976
0.0
0.0
1.05367
0.383134
0.0
0.0
0.0
0.0
0.0
0.0
0.0
0.0
0.0
2.60369
0.0
1.13003
3.46809
0.0
0.0
0.0
0.0
0.0
0.0
0.0
0.0
0.788191
2.41909
0.0
1.9564
0.0
0.0
2.69802
0.0
0.181724
0.0
0.0
0.0
0.0
2.43464
0.0
0.0
0.0
0.0
0.0
0.0
0.0
0.411007
0.0
0.0
0.0
3.79763
0.0
1.04934
1.45447
0.0
0.0
0.0
0.0
0.0
0.0
0.0
0.0
0.0
1.45642
0.0
0.0
0.0
0.0
2.0746
1.40668
1.54001
0.0
0.0
2.01441
0.0
0.0
3.25213
0.0
0.0
0.0
0.0
0.0
0.0
0.0
0.0
0.0
0.0
0.0
0.0
0.0
0.0
0.0
0.456669
0.0
0.785357
0.0
0.0
0.0
0.157166
0.0
1.36521
0.0
0.0
3.43592
0.0
0.0
0.0
0.0
0.333727
0.0294812
2.81969
0.0
0.0
1.40757
0.0
0.0
0.0
0.0
2.67541
0.46187
0.0
0.0
0.0
0.0
0.0
0.0
0.0
0.0
1.13045
0.0
0.0
0.0
0.0
0.823644
0.0
0.0
0.0
0.0
0.0
0.0
0.0
0.0
0.0
0.0
0.559404
0.875098
0.0
0.0
0.0
1.34141
2.48875
0.0
0.0
0.0
0.332925
0.0
0.0
0.0
1.79629
0.0
0.0
0.0
0.0
0.0
0.0
0.0
0.0
0.0
1.0354
0.0
0.0
0.243669
0.0
0.0
0.0
0.11641
2.18993
0.0
0.0
0.0
0.126504
2.60718
0.0
0.0
0.0
0.0
0.0
0.0
0.0
0.0
0.0
2.44446
0.0
8.69554
0.381733
0.0
0.0
0.0
3.93273
0.0
0.0
0.0
0.0
0.0
0.0
0.0
0.0
0.0
0.0
0.0
0.0
0.931714
0.0
0.688942
0.0
0.0
0.0
0.0
0.0
0.0
0.0
0.0
0.718424
0.979016
0.0
0.0
0.0
0.137613
0.0
0.0
0.0
0.0
0.0
0.0
0.0
0.0
0.0
0.0
0.0
1.53092
0.0
0.443087
0.0
0.0
0.0
5.52678
0.0
0.293285
0.0
0.0
0.0
0.0
1.90946
0.0
3.25411
0.0
0.0
0.0
0.0
1.14988
0.0
0.0
0.0
0.0
0.0
0.0
0.0
0.0
0.0
0.0
0.0
0.0
0.0
0.0
0.0
2.61231
0.0
2.43678
1.25187
0.0
1.79357
0.0
0.0
0.0
0.0
0.0
0.0
0.174394
0.0
0.0
0.0
2.78112
0.0
0.0
1.61336
0.0
0.0
0.0
0.0
0.0
2.25697
0.0
0.839676
0.0
0.0
0.0
0.0
0.0
0.0
0.0
0.76306
0.0
0.290534
1.1154
0.0
0.0
0.0
4.40298
0.0
0.0
0.0
0.0
0.0
1.00777
0.0
0.0
0.0
0.0
3.21827
0.0
0.0
0.0
0.0
0.0
0.404324
0.0
0.0
0.0
0.0
0.0
0.0
0.273709
0.397795
0.0
1.39854
0.0
0.0
0.406673
4.40759
0.0
0.0
0.0
0.0
0.0
0.0
0.0
0.0
0.0
1.07449
0.0
0.0
0.0413673
1.55535
0.0
0.0
0.550336
0.0
1.03155
0.0
0.0
0.0
0.47024
2.266
0.0
0.0
0.0
2.41683
0.286849
0.0
0.0
0.0
0.0
0.0
0.0
0.0
0.0
0.0
0.0
0.0
0.0
0.0
0.0
0.0
0.0762943
0.0
0.0
2.72884
0.21894
0.922243
0.0
0.0
3.06737
0.822829
0.0
0.0
0.0927962
0.0
0.0
0.0
0.0
2.22469
1.01969
0.0
0.0
0.247923
0.0
0.0
0.0
0.0
0.0
0.0
0.0
0.0
0.0
0.0
0.0
0.0
0.0
0.0
0.0
0.0
2.97259
0.0
0.690157
0.0
0.0
3.20247
0.0
0.0
0.0
0.0
0.0
0.220003
0.0
0.0
0.0
0.0
0.0
0.0
0.0
0.0
0.648522
0.0
0.0
0.587357
0.0
0.0
0.0
0.0
0.0
0.0
0.0
0.0
0.351997
0.407364
0.0
0.0
0.611721
0.0
0.0
0.0
0.0
0.0
0.0
0.0
0.0
0.88541
0.0
0.0
0.0
0.400374
0.0
0.0
0.0
1.32769
0.0
0.0
0.0
0.0
0.516494
0.0
0.0
2.30559
0.786072
0.0
0.309652
0.0
0.0
0.0
1.53255
0.0
0.81242
0.0
0.0
0.0
0.0
0.0
0.0
0.0
0.0203203
0.0
0.133449
0.0
4.47114
0.0
0.0
0.0
0.0
0.0
0.0
0.0
0.0
0.0
0.0
0.0
0.0
0.0
0.0
0.0
1.67924
0.0
0.0
0.0981432
0.0
0.0
0.0
0.0
0.0
0.0
0.0
0.956217
0.0
0.0
0.0
0.0
0.0
0.0
0.0
0.0
0.0
0.0
0.0
0.0
0.0
0.0
0.67242
0.0
0.0
0.0
0.0
1.15434
0.0
0.0
0.0
0.0
0.0
0.0
0.717932
0.0
0.51296
0.0
0.768752
1.30164
0.973283
0.0
0.0
0.0
0.0
0.0
0.0
0.0
0.0
0.0
0.0
0.0
0.0
0.0
3.16733
0.0
0.0
0.0
0.0
0.0
0.222492
0.0
0.0
0.0
0.0
0.0
0.0
0.0
0.0
0.0
0.0
0.0
0.0
0.0
0.0
2.6104
0.101608
0.0
0.0
0.128109
0.0
0.0
0.655494
0.0
0.980484
0.590131
0.0
0.0
2.22901
0.0
0.0
2.78581
0.0
0.0
0.0
0.0
0.0
0.0
0.0
0.0
0.328102
0.0
0.0
2.15165
0.0
0.0
3.76812
0.462754
0.0
0.0
0.0
0.0
0.0644433
0.0
0.0
2.59287
0.0
0.0
0.0
2.27568
0.0
0.891336
0.0
0.0
0.0
0.0
0.0
0.0
0.0
0.0
0.0
2.74548
0.0
0.0
0.0
1.43203
0.0
0.0
0.0
0.0
0.0
2.81933
0.0
0.0
0.0
0.0
1.44863
0.0
0.0
2.43258
0.261324
0.0
0.0
0.0
2.71432
0.0
0.0
0.0
0.0
0.0
0.0
5.88302
0.87796
0.0
0.0
0.0
0.0
0.0
0.0
0.0
0.0
0.0
0.0
0.0
0.922444
1.45904
0.0
0.7231
0.0
0.153741
0.0
0.0
0.0
0.0
0.0
0.0
0.0
0.0
0.0
0.243764
0.0
0.0
0.133262
0.0
0.0
3.80288
0.0
2.5522
0.0
0.0
0.0
0.0
0.0
0.0
0.0
0.0
0.0
0.0
0.0
4.39549
0.0
0.0
1.62221
0.0
0.0
0.0
0.0
0.0
0.0
0.0
0.0
0.0
0.948535
0.0
1.0506
0.0
4.54173
2.14474
0.0
0.0
0.0
1.42415
0.0
0.237769
0.0
0.0
0.0
0.0
0.0
0.0
0.0
0.0
0.0
0.0
0.0
0.0
0.0
2.12237
0.0
0.0
0.0
0.0
0.0
0.0
0.0
0.0
0.0
0.396418
0.0
0.0
0.0
0.0
0.0
0.0
0.0
0.0
0.234321
0.0
0.837026
0.0
0.0
2.47762
0.0
0.0
0.0
0.0
0.0
0.0
0.0
0.0
0.140769
0.0
0.0
0.755285
0.0
0.0
0.57023
0.0
0.0
0.287852
1.27097
1.76072
0.0
0.125162
0.510972
0.0
0.140707
0.0913557
0.0
0.0
0.0
0.0
2.57273
0.0
0.490644
2.34519
0.0
0.0
0.0
0.0
0.0
1.98954
0.0
0.0
0.0
0.0
0.0
1.16168
3.24089
0.0
0.0
0.0
0.0
0.0
0.0
0.0
0.611995
0.0
0.0
0.0
0.0
0.0
0.0
0.0
0.0
0.0
0.0
0.0
0.0
0.0
0.0
0.0
0.0
0.0
0.0
0.0
0.0
2.51378
0.0
0.0
2.9111
0.0
0.0
0.0
0.0
0.0
0.0
0.0
0.0
0.0
0.196275
0.0
0.0
0.0
0.0
0.0
0.0
0.0
0.0
1.05866
2.33125
0.0
0.0
0.0
0.0
0.0
0.0
1.02709
0.0
0.0
0.0
0.0
0.0
1.24273
0.0
0.0
0.0
0.0
4.89964
0.0
0.0
0.0
1.01421
0.0
2.68087
0.0
0.0
0.0
1.66755
0.0
0.0
0.0
0.0
0.0
0.0
2.9386
0.0
0.0
0.724158
0.0
0.0
0.0
0.0
0.721249
0.0
0.0
0.0
0.0
0.0
0.0
0.0
0.0
0.0
0.0
0.0
0.0
0.0
0.0
0.0
0.495902
0.0
1.53426
0.0
0.0
0.0
0.379207
0.0
0.0
0.0
0.0
0.0
0.72451
0.0
0.0
0.0
0.0
1.50316
0.0
0.0
0.0
0.0
0.0
2.06082
0.0
0.0
0.835642
1.49684
0.0
0.0
0.0
0.0
0.0
1.28409
0.0
0.0
0.0
0.0
0.0
0.0
0.0
0.0
0.0
0.0
0.0
0.0
0.0
0.0
0.0
0.918071
0.0
0.0
0.0
0.0
0.0
0.0
0.0
0.0
0.0
0.0
0.0
0.0
0.0
0.0
0.0
0.0
0.37578
0.0
0.0
0.0
0.0
0.0
1.14787
1.27514
0.0
0.0
0.0
0.04017
0.0
0.0
3.53947
0.964647
0.0
0.596259
0.0
0.0
0.0
0.0
0.179135
0.0
0.0
0.325302
7.75041
0.0
0.0
0.0
0.0
0.0
0.0
0.66052
0.0
0.0
0.0
0.0
0.0
0.10251
0.0
0.0
0.0
0.0
0.0
0.0
0.0
0.0
0.0
0.0
0.0
0.0
0.0
0.0
0.0
0.0
0.0
1.11675
0.0
0.0
0.0
0.0
0.0
0.540273
0.0
0.0
0.0
0.0
0.0
0.0
0.0
0.0
1.77138
0.604239
0.0
0.0
0.0
0.0
0.0
0.0
1.15565
0.0
1.56933
0.881119
0.12336
0.0789584
0.0
0.0
0.0
0.0
0.0
1.48656
0.0
2.49544
0.0
0.0
0.0
0.0
0.0
0.0
1.09409
0.0
1.43269
0.0
0.0
0.0
0.0
0.0
0.0
0.0
0.0
0.0
0.0
0.0
0.0
0.0
4.0934
0.0
0.0
0.0
2.27981
0.432337
0.0
0.0
0.0
0.0
0.0
0.0
0.0
0.0
0.0
0.792358
0.0
0.0
0.861201
0.0
1.49989
0.0
0.0
0.0
0.0
0.0
0.535451
0.0
0.0
0.0
0.0
0.0
0.0
0.0
0.0
0.0
0.0
0.0
0.0
0.304082
0.375074
0.0
0.0
0.0
0.0
0.0
0.0
0.0
1.88918
0.509913
0.0
0.291992
0.119732
0.0
0.0
0.0
0.0
0.0
0.0
0.0
3.37629
0.0
0.0
0.0
0.0
0.0
0.0
0.0
0.0
0.0
0.0
1.02471
0.0
0.0
0.0
0.0
0.0
0.536842
0.0
0.257772
0.0
2.52531
0.0
0.0
0.109584
1.32331
0.0
0.0
2.41115
0.0
0.0
0.0
0.862345
0.0
0.0
0.0
0.0
0.0
0.0
0.0
0.0
0.0
0.399208
0.0
0.0
0.0
0.0
0.0
0.0
0.0
0.0416113
0.0
0.0
0.0
0.0
0.115519
0.0
0.0
0.0
0.0
0.700324
0.450145
0.0
0.0
0.0
0.281003
0.0
0.0
0.0
0.0
0.0696346
0.0
0.496951
0.0
0.0
0.0
0.0
0.0
0.0
0.0
0.0
0.0
0.0
0.0
0.0
0.0
0.0
0.0
0.0
0.0
0.0
0.0
0.0
0.0
0.0
0.0
0.0
2.37338
1.4154
0.0
0.702339
0.0
2.26762
0.0
1.01499
0.0
0.0
0.0
0.0
0.0
0.0
0.0
0.0
0.0
0.0
0.0
0.0
0.0
0.0
0.0
0.307576
0.0
0.0
0.0
0.0
0.148749
0.0
0.0
0.0
1.28868
0.0
3.99997
0.0
0.0
0.0
0.0
0.0
3.94445
0.0
0.0
1.46781
0.0
0.0
1.32903
0.0
0.0
0.0
0.0
0.0
0.0
0.0
1.96136
0.0
0.0
0.0
0.0
0.0
0.0
0.0
0.0
0.0
0.0
0.0
0.0
0.0
0.0
0.0
0.324408
1.23594
0.0
0.0
0.0
0.0
0.0
2.57391
0.823292
0.0
3.28199
0.0
0.0
0.0
0.0
0.0
0.0
0.0
0.516673
1.02525
0.0
0.138576
1.66387
0.0
0.0
0.181901
0.0
0.0
0.0
0.0
0.0
0.0
0.0
0.0
1.24642
0.0
0.0
0.0
0.0
0.0
0.454816
0.0
0.0
0.0
0.0
0.244331
0.0
0.0
0.0
0.0
1.57976
0.0
0.0
0.0
0.0
0.0
1.01112
0.0
0.0
0.0
0.0
0.0
0.0
0.0
0.0
0.0
0.0
0.0
0.0
0.0
0.0
0.0
0.0
0.0
0.0
0.0
0.397845
0.25843
0.0
0.0
0.0
0.0
1.11572
0.415577
0.0
0.0
0.0
0.0
0.0
0.0
0.0
0.0
0.0
0.891176
3.20591
0.0
0.0
0.0
0.0
0.0
0.0
0.0
0.0
0.0
0.0
0.0
2.62626
0.0
2.65405
0.661124
0.0
0.0
0.0
0.0106116
0.0
0.0
0.0
0.0
0.0
0.0
0.0
0.0
0.0
0.0
0.0
0.263562
0.0
0.0
0.824312
0.0
0.0
0.0
1.65005
1.21873
0.0
0.0
3.27974
0.0
0.0
0.0
0.0
0.0
0.0
1.34921
0.0564857
0.0
0.0
0.0
0.0
2.52412
0.0
0.0
0.855835
0.0
0.0
0.0
0.0
0.0
0.0
0.0
0.0
0.0
0.0
0.0
0.0
0.0
0.0
1.28289
0.0
0.0
0.0
0.0
0.0
0.0
0.0
0.0
1.61763
0.0812671
0.0
4.66262
0.0
0.0
0.0
0.0
0.0
0.0103288
0.0
1.37758
0.0
0.0
0.0
0.0
0.0
0.212473
0.0
0.0
0.0
0.0
4.02339
0.0
0.0
0.0
0.0
0.0
0.0
0.0
0.0
0.0
0.956933
0.0
0.0
1.44986
0.0
0.0
0.0
0.0
0.0
2.27726
0.0
0.0
4.77226
0.0
0.0
0.0
0.0
0.722573
0.0
0.0
0.0
0.0
0.0
0.0
0.0
0.764444
0.0
0.0
0.0
0.0
0.0
0.0
0.0
1.80792
0.0
0.0
0.0
0.0
0.0
1.58071
1.30514
0.0
0.0
0.0
0.436144
1.16047
0.0
0.0
0.0
0.0
0.0
0.0
0.0
0.0
0.0
0.0
0.0
0.0
0.270524
0.0
0.0
0.0
0.0
4.22978
0.0
0.0
3.28061
1.71272
0.0
0.760787
0.0
0.361819
0.0
1.0589
3.11734
0.365967
0.0
0.0
0.0
0.0439644
0.0
0.0
0.0
0.0
0.0
0.0
0.164396
1.91985
0.0
0.0
1.19158
0.0
0.0
0.0
0.0
0.0
1.01983
1.56448
0.0
0.0695312
0.0
0.0
0.0
1.6395
0.0
0.0
2.07345
0.0
0.718407
0.0
0.0
0.0
0.0
0.573902
0.151916
0.0
1.43979
0.0
0.0
2.55887
0.0
0.0
0.0
0.0
0.0
0.0
0.0
0.0
0.0
0.300753
0.0
0.0
3.99467
0.0
0.71077
0.0
0.0
0.0
0.0
0.0
0.657723
0.0
0.0
0.0
0.0
0.0
0.0
0.0
0.0
0.0
0.0
1.66293
0.0
0.0
0.82998
0.0
0.0
0.665222
0.0
0.0
0.0
0.0
0.0
0.320874
0.0
0.0
0.0
0.0
0.0
0.0
0.0
2.55011
0.0
0.0
0.402351
1.73022
0.0
0.353783
0.0
0.367236
0.0
0.0
6.39601
0.0
0.0
0.0
0.0
0.0
0.0
0.0
0.0
0.0
0.0
0.0
0.0
3.69831
1.16341
0.0
0.0
0.0
0.0
0.0
2.21365
0.0
0.0
0.0
0.0
0.0
0.0
0.0
0.438483
0.0
0.0
0.0
1.17407
0.561427
0.0
0.0
0.0
3.43578
0.0
0.0
0.0
0.0
1.47066
0.0
0.0
0.0
0.843005
0.0
0.0
0.707075
0.0
0.0
0.0
0.0
0.448254
0.0
0.0
0.0
0.0
0.0
0.138223
0.0
0.0
0.0
0.0
0.0
0.299494
0.0
0.0
0.0
0.0
0.0
2.09183
0.0
0.0
0.0
0.0
0.0
0.0
0.0
0.0
0.0
0.0
0.0
0.0
4.45604
0.0
0.0
0.0
2.81931
0.0
0.0182079
1.95787
0.0
0.0
0.0
0.0
0.0
0.0
0.0
0.0
0.635292
0.0
0.0
0.0
0.0
0.0
2.83684
0.0
0.0
0.0
0.0
0.0
0.0
0.0
0.0
0.0
0.0
0.0
0.0
0.0
0.0
0.0
0.411926
0.364091
2.8746
0.0
0.0
0.924155
0.0
0.0
0.0
3.37542
0.0
0.0
0.0
0.0
2.84434
0.237502
0.0
0.0
0.0
0.0
0.0
1.50879
0.0
0.0
0.0
0.000190079
0.0
0.0
1.43451
0.0
0.0
0.0
0.0
0.0
0.0
0.0
0.0
0.995795
0.0
0.0
0.0
0.0
0.0
0.0
0.0
0.0
0.0
0.181428
0.0
0.0
0.0
0.0
0.0
0.0
2.87886
0.800381
0.0
0.0
0.0
0.0
0.0
0.0
0.0
1.71351
0.0
0.0
0.0
3.37504
1.48317
4.24832
0.0
0.0
1.53554
0.541033
0.0
0.0
0.0
0.0
0.0
0.0
0.0
0.0
0.0
0.0
0.0
0.0
1.04242
0.0
0.0
0.0
2.79923
0.0
0.0
0.0
0.0
1.02199
0.0
0.0
3.59652
0.0
0.041396
0.519821
0.0
0.0
0.0
0.0
0.104672
0.0
1.01161
0.0
0.79407
0.0
0.0
1.35693
0.0
0.0
0.0
0.0
1.01852
0.0
0.0
1.55283
0.0
0.0
0.880396
0.0
0.0
0.0
0.111247
0.0
0.0
0.800479
0.0
0.0
0.977139
0.0
0.0
0.932459
0.0
0.0
1.8317
0.0
0.0
0.0
0.0713214
0.0
0.0
0.0
0.0
0.0
0.0
0.0
0.0
0.0
0.0
0.0
0.0
0.0
0.0
0.0
0.0
0.0
0.0
0.0
0.0
0.857211
0.902735
0.0
0.0
0.0
0.0
0.0
4.10427
0.0
0.0
0.0
0.0
0.0
0.0
0.0
0.0
0.0
1.80436
0.0
1.45911
0.0
0.266288
0.0
0.0
0.0
0.0
0.0
0.0
0.0
