0.0
0.0
2.2381
1.01231
0.0174927
0.0
0.0
0.0
0.0
0.0
0.0
0.0
0.0
0.0
2.08163
0.0
0.0
0.0
1.46731
0.0
0.0
0.164947
0.0
0.0
0.0
0.0
0.0
0.0
0.0
0.0
0.0
0.0
0.0
1.58651
0.0
0.0
0.0
0.0
0.0
0.0
0.0
0.0
1.85517
0.0
0.0
0.0703226
0.0
0.152901
0.0
1.65942
0.0
0.0
0.0
0.0
0.0
0.0
0.0
0.405845
0.0
0.0
0.0
0.0
0.0
2.80024
2.79978
0.0
0.0
0.0368918
0.0
0.0
0.0
0.0
1.22675
0.0
0.0
0.0
0.0
0.295558
0.881846
0.0
0.0
0.0
0.0
0.0
0.429202
0.0
0.0
0.0
0.0
0.0
0.0
0.0
0.0
0.0
0.0
0.0
0.0
0.0
0.660696
0.0
0.0
1.31372
0.0
0.0
0.0
0.0
0.0
0.838775
0.0
3.44832
0.0
0.0
0.0
0.0
0.899962
0.0
0.0
0.0
2.40215
0.918438
0.0
0.0
0.0
0.0
1.64348
0.0
0.0
4.49779
0.0
0.951279
0.0
0.973665
0.0
0.0
2.62722
0.0
0.0
0.0
0.0
0.0
0.0
4.1217
0.0
0.0
0.0
0.0
0.676823
0.892501
0.0
0.0
1.35456
0.0
0.0
0.514067
0.0
0.0
1.80482
1.96143
0.0
0.0
1.05593
0.0
0.0178633
0.0
0.0
0.0204261
0.0
0.0
1.75177
0.0
0.0
0.0
1.08665
0.230303
0.0
0.0
1.57619
0.0
0.0
0.0
1.82845
0.0
0.516472
0.0
0.0
0.0
0.0
0.0
0.0
0.622839
0.0
0.0
3.15568
0.0
0.0
0.0
0.0
0.0
0.0
4.00878
0.0
0.0
0.437779
3.05686
0.0
0.0
0.0
0.0
0.0
0.0
0.0
0.0
0.0
0.0
0.132062
0.843163
0.0
0.0
0.0
0.523047
0.0
2.08878
0.18978
0.0
0.0
0.0
2.2679
0.589218
0.0
0.0
0.0
0.0
0.0
0.0
0.0
0.0
0.0
2.66772
0.0
0.0
0.0
0.0
0.0
1.92905
0.0
0.0
0.0
1.55467
0.0
0.0
2.27868
0.0
0.0
0.403393
0.0
0.0
0.0
0.0
0.0
0.0
0.0
0.0
2.61481
0.0
0.0
0.0
0.646471
0.1434
3.86381
1.82228
0.0
1.40891
0.0
0.0
0.0
0.0
1.68077
1.89547
0.0
0.0
0.0
0.0
0.0
4.52786
0.0
0.0
0.0
0.0
3.59272
0.0
0.0
0.0
0.452428
0.013198
3.34005
2.1666
0.0
0.0
0.0
1.09694
0.746473
3.25678
0.0
0.0
0.0
1.32094
0.0
0.484383
0.0
0.1535
0.0
0.0
0.0
0.652927
0.0
0.0
0.0
0.300285
1.80136
0.1982
0.0
0.0
0.0
0.0
0.785764
0.0
0.0
0.0
0.401978
0.0
2.83411
0.0
0.0
0.0
1.03703
0.0
0.0
0.0
0.0
0.0
0.48169
0.615987
0.0
0.0
0.271568
2.13131
0.0669034
0.0
2.31883
0.728703
0.780902
0.0
0.0
0.0
0.0
0.0
0.0
0.0
0.0
1.54755
0.0
0.0
0.537627
0.0
0.0
4.30865
0.0
0.0
0.0
0.0
0.0
0.0
0.0
0.0
0.356381
1.03939
0.0
0.0
0.0
0.797791
0.0
0.0
0.0
0.0
0.0
0.0
0.0
3.22387
0.0
1.00977
0.0
0.0
0.0
1.67297
0.0
2.96927
4.05123
0.0
0.0
0.30392
0.0
0.0
0.0
0.0
0.0
0.0
1.90358
0.0
2.29201
0.0
0.0
0.0
0.0
0.0
0.20393
0.0
0.0
0.669088
0.0
1.20324
0.0
0.0
1.05549
0.0
0.0
0.697689
0.0
0.0
2.02415
0.552798
1.7344
0.876099
0.0
0.0
0.0
0.0
0.0
0.0
0.0
0.035252
0.0
0.0
0.0
0.0
0.0
0.393758
0.0
0.0
0.0
0.0
1.04153
0.0
1.40071e-06
2.35492
0.0
0.0
0.0
0.831182
0.0
1.99199
0.0
0.0
0.509693
0.0
0.0
0.0
0.0
0.0
0.0
3.59658
0.0
3.66707
0.0
0.0
0.0
0.0
1.30331
0.0
1.34134
0.0
0.0
0.0
0.0
0.18722
0.0
0.0
0.0
0.0
0.0
0.184672
0.0
1.93984
0.0
0.0
0.0
0.0
0.117318
0.0
0.0
0.0
0.0
0.0
0.0
0.0
0.776608
0.0
0.0
0.0
0.0
1.75909
0.0
0.0
0.0
1.00836
0.0
0.0
0.0
0.784102
0.0
0.0
0.0
0.0
0.601507
0.0
2.91264
0.512119
0.0
0.0
0.0
0.0
0.0
0.0
2.18322
0.266661
0.127253
0.0
2.70036
0.0
0.0
0.0
0.0
0.0
3.66179
0.0
0.0
0.0
0.0
0.0
0.0
0.0
0.0
1.43439
0.0
0.0
0.139932
0.0
3.0649
0.0
1.67452
0.0
0.0
0.0
0.0
0.0
0.0203937
0.0
1.5344
0.847296
0.0
0.0
0.0
0.644876
0.0
1.17864
1.89127
0.0
0.256052
0.0
0.0
0.0
1.26208
0.0
1.18811
0.0
2.39388
0.0
2.49546
0.0
0.0
0.0
0.0
0.0
2.30624
0.0
0.546717
0.0
1.43205
0.0
0.0
0.0
0.0
0.0
0.0
0.0
0.0
0.154498
0.0
0.0
0.0
0.0
0.0
0.0
0.0
0.0
1.27602
0.0
0.829504
0.157649
0.0
0.888527
6.01177
0.0
1.27957
0.0
4.47589
0.0
0.0
0.0
0.0
0.0
0.0
0.0
0.0
0.0
0.0
0.162929
0.0
0.0
0.0
0.710453
0.0
0.0183374
0.0
1.97843
0.0
0.144737
0.0
0.0
0.0
0.0
0.0
0.0
0.0
0.0
0.0
0.0
0.0
0.0
0.0
0.281133
0.0
1.18463
0.0
0.0
0.0
3.17411
0.92202
0.0
0.0
0.0
0.0
0.0
0.0
0.0
1.50081
0.0
0.154746
0.339094
0.0
0.0
0.0
0.0
0.0
0.375325
0.0
0.0
0.0
0.0
0.0
0.0
0.0
0.0
0.0
0.0
0.0
0.0
0.0
0.0
0.0
0.0
0.0
0.483054
0.0
0.0
0.793046
0.0
0.0
0.0
0.0
0.0
0.0
0.544778
4.05679
0.0
0.0
0.0
0.0
0.0
0.0
0.0
0.0
0.0
0.0
0.0
0.0
2.67823
0.0
0.0
1.57566
1.25215
0.0
0.0
0.0
0.0
0.0
2.33958
0.0
0.0
1.09443
0.0
0.0
0.0
0.0
0.0
0.0
0.0
0.0
0.0
0.0
0.0
1.80146
3.25211
0.0
0.0
0.0
1.22696
0.0
0.0
2.5913
0.88651
0.508184
1.07901
1.36003
0.0
0.0
0.0
0.0
0.0
0.0
0.0
0.0
0.0
0.0
1.18155
0.0
0.0
0.0
0.0
0.0
2.40639
0.0
1.2565
0.0
2.5517
0.0
0.0
1.48937
0.0
0.0
0.0
0.0
0.0
0.0
0.0
0.0
0.0
0.843704
0.0
1.29595
0.0
0.0
0.0627322
1.95174
2.41446
0.0
4.17823
0.0
0.0
0.0
0.0
0.0
3.00816
0.0
0.0
0.0
0.0
2.63153
0.0
2.81368
2.22529
0.0
0.0
0.0
0.0
0.0
0.0
0.0
0.0
1.08877
1.89658
0.0
0.0
0.0
0.0
0.0
0.0
0.0
0.0
0.0
0.0
0.0
0.0
1.79959
0.0
1.79677
4.63339
0.0
4.69676
4.21238
1.05303
0.0
0.0
0.000232875
0.0
3.5527
0.0
0.0
0.0
0.0
0.0
3.34136
0.927454
0.0
0.0
0.731263
0.0
0.0
1.50981
0.0
0.0
0.0
0.0
0.0
0.585357
0.0
0.0
1.29022
0.0
0.0
1.22751
0.0
0.0
0.0
0.0
0.0
0.0
0.0
0.0
0.0
0.7008
0.416003
3.69009
0.838789
0.0
0.899156
0.0
0.0
0.0
0.0
0.0
0.0
0.0
0.0
0.0
0.0
0.0
0.0
0.0
1.52358
0.0100297
0.0
1.65374
0.0
0.0
0.0
0.0
0.0
0.908874
0.728589
0.0
0.0
1.51372
0.0
1.28241
0.0
0.0
0.0
1.69177
0.0
0.0
0.0
0.0
0.0
0.458908
0.0
0.0
0.0
0.0
0.0
1.03117
0.0
1.4367
0.0
0.0
1.38072
0.843921
0.0
0.0
0.0
1.24353
0.0
0.0
0.0
0.593041
0.0
0.489108
0.0
0.65515
0.0
0.0
0.0
0.0
0.0
0.0
0.0
0.0
0.0
2.8478
0.572782
0.0
1.15068
0.0
1.62223
0.0
0.0
0.0
0.0
0.0
0.0
0.0
0.0
0.0
0.0
0.0
0.735912
3.78695
0.0
0.0
0.0
0.0
0.0
0.0
1.37002
0.215157
0.0
0.0
0.0
0.0
0.26809
0.0
0.0
0.0
1.72336
0.0
0.0
0.0
0.0
0.0
0.0
1.12916
0.0
0.0
0.0
0.0
1.20564
0.0
0.0
0.714161
0.0
0.0
0.0
0.0
0.0
0.0
0.0
0.0
0.0
0.0
0.0
0.0
0.0
0.0
0.0
0.0
1.3809
0.0
0.0
0.501853
0.478768
0.0
0.0
0.0
0.0
0.386719
0.0
0.0
1.29452
0.0
0.247657
0.449697
0.0
3.62357
0.0
0.855512
0.0
0.0
0.0
0.0315655
1.45879
0.0
0.0
0.0
0.0
0.0
0.0
0.0
0.291716
3.57288
3.63228
0.0
0.558497
0.0
0.0
0.674683
0.253402
0.0
2.32973
0.0
0.0
1.16083
1.01888
0.0
0.0
0.0
0.0
0.0
0.0
1.86313
0.0
0.0
1.0262
0.0
0.0
0.0
0.0
0.0
0.0
2.0407
0.0
1.14934
0.0
0.0
0.0
0.0
0.0
0.0
0.0
0.0
0.0
0.0
0.0
0.0
0.690495
0.0
0.0
2.17263
0.0
0.0
0.0
0.0
2.1794
0.0
0.0
0.0
0.0
0.0
0.0
0.0
0.0
1.21797
0.0
0.0
0.0
0.0
0.0
1.36489
0.0
0.0
0.407812
0.0
0.0
1.10017
0.0
1.96973
0.0
0.0
0.822308
0.0
0.0
2.44203
0.0
0.713871
0.0
0.0
1.433
0.0
0.0
0.0
0.0
0.0
0.611851
0.0
0.0
0.0
1.45744
0.0
0.0
2.01025
3.10507
0.0
0.635785
4.89166
0.0
0.0
0.0
0.0
0.0
0.0
0.0294369
0.410292
0.423038
0.0
0.0
0.0
0.0
0.0
1.61532
0.0
3.16623
0.0
0.0
0.0
0.0
0.0
1.92366
0.0
0.0
0.0
0.0
0.0
0.0
0.0
2.57808
0.0
0.0
0.0
0.0
0.0
0.559675
0.0
0.0
0.0
0.0
0.0
1.51688
0.0
0.867339
0.0
0.339091
5.40763
0.0
2.42439
0.0
0.0
1.37397
2.05848
0.0
0.0
0.0
0.0
0.0
0.0243348
1.64825
0.0
0.0
1.6081
0.0
0.0
2.175
0.0
0.0
0.0
0.0
0.0693043
1.05211
0.0
0.0
0.0
0.430721
0.0
0.0
0.0
0.0
3.2477
0.0
0.0
0.0
0.0
1.72982
0.510966
1.34776
0.0
0.0
0.0
0.0
0.0
0.0
0.0
0.0
1.36053
0.0
0.45318
0.0
0.0615259
0.0
0.0
0.0
3.72657
0.0
3.42818
0.0
0.0
0.134181
0.0
0.0
0.0
0.0
0.0
0.0
1.40407
0.0
7.13342
0.0
0.0
0.0118317
0.0
0.0
0.0
0.278248
0.0
0.154136
0.0
1.57238
0.345845
0.531392
1.93627
0.0
0.0
0.0
1.1733
0.0
0.0
0.0
0.0
1.96457
0.0
0.0
2.54719
0.0
0.0
0.0
0.0
0.0
2.94295
0.689749
0.0
0.0
0.0
0.0
0.0
0.0
0.0
0.0
0.0
0.855417
0.0
0.0
0.0
2.40225
0.0
0.0
0.0
0.0
0.0
0.203349
0.0
2.05063
0.0
0.0
0.0
0.0
0.0
0.0
0.0
0.0
0.0
0.0
0.0
0.0
0.0
0.0
3.63479
0.0
0.0
0.0
0.532192
0.0
0.0
0.0
0.343986
1.13795
4.82161
0.0
0.0
0.0
0.0
0.0
1.64731
2.37107
2.237
0.0
0.0
0.0
0.0
0.0
4.23485
0.0
4.46709
0.0
0.0
0.0
1.9584
1.20706
0.0
0.283367
0.479226
1.20805
0.0
0.0
0.0
0.0
0.0
0.712436
0.0
0.0
0.87189
0.0
0.0
1.87953
0.0
0.0
0.0
0.0
0.0
0.0
0.760143
0.0
3.42383
0.0
2.00828
0.0
0.0
1.76453
0.0
0.0
0.0
0.0
1.06767
0.0
0.0
0.0
0.0
2.10333
0.0
0.0
0.0
0.0
0.0
0.00579357
0.0
0.197364
0.0
0.514387
0.838581
4.13235
1.05713
0.0
2.04604
0.0
4.62165
0.0
0.0
0.0
0.0
0.0
0.0
0.0
0.0
0.0
0.0
0.0
0.0
0.307792
0.452542
0.0
0.0
0.79329
0.0
0.332807
0.0
3.03792
0.0
0.0
0.0
0.0
0.713559
1.03275
0.0
0.0
0.0
0.0
0.0
0.0
0.0
0.0
0.0
0.0
0.0
0.0
0.0
0.0
0.0
0.0
1.59912
0.0
0.0
0.0
0.0
0.0
0.0
0.0
0.0
0.0
0.0
1.70514
0.0
1.75889
0.0
0.0
0.0
0.0
0.0
1.89877
1.80178
1.27256
0.336989
0.0
0.0
0.0
0.0
0.0
0.444935
1.62768
0.0
0.0
0.0
0.0
0.0
0.0
0.0
0.0
0.0
2.50731
1.07185
0.0
0.0
0.0
2.03675
0.0
2.64702
0.493343
0.0
0.0
3.18691
0.0
0.0
0.0
0.0
0.0
0.0
0.0
0.0
0.0
0.346307
0.0
1.68807
0.0
0.0
0.0
0.0
0.0
0.92308
0.0
0.0
0.0
0.0
0.0
0.0
0.0
0.412011
0.0
0.0
0.0
1.3147
0.0
0.0
0.0
0.0
1.33591
0.0
0.0
0.0
0.0
0.424821
0.0
0.0
0.0
0.0
0.0
0.0
0.0
0.0
0.0
0.0
1.69431
0.0
0.0
0.0
0.0
3.07307
0.0
0.0
0.694512
0.0
0.0
0.0
0.0
1.59797
5.81059
0.0
1.05006
0.0
0.0
0.0
0.0
0.0
0.0
0.0
0.0
0.0
0.752889
0.279831
0.0
0.0
1.079
0.0
0.0
0.0
0.0
0.0
0.0
0.0
0.0
0.0
0.0
2.06428
0.0
0.0
0.0
0.0
0.0
0.0
0.0
0.0
0.0
4.55951
0.0
0.0
0.0
1.27955
0.958809
0.0
0.0
0.0
0.0
0.0
0.125318
2.16155
0.249143
0.0
0.0
0.0
0.0
0.0
0.344889
0.0
0.0
0.489133
0.994143
2.14183
1.63106
1.914
0.0
0.0
3.07553
0.0
0.0
0.935086
0.549151
0.0
0.0
0.0
0.0
0.0
0.0
0.0
0.0
0.0
1.76878
0.0
0.0
0.940206
0.0
1.58101
0.0
0.0
0.0
0.0
0.0
0.0
0.0
0.0
0.0
0.0
0.0
3.37907
0.0
3.13436
0.0
0.0
0.967751
0.690723
0.0
0.0
0.229733
0.0
0.0
0.0
0.261801
0.0
0.0
0.0
0.0
0.0
1.10631
0.0
2.38365
0.0
0.976666
1.9176
0.0
0.0
0.0
0.0
0.0
2.3226
0.0
0.0
0.0
0.0
0.0
1.94724
0.0
0.0
0.0
0.0
0.0
0.0
1.47845
0.0
0.0
0.0
0.0
1.04063
0.0
0.0
1.64288
0.0
1.63865
1.93288
3.68078
0.0
0.0
0.0
0.0
0.00599551
0.0
2.34387
0.139108
0.0
0.307236
0.0
0.0
0.0
1.87687
0.0
0.0
0.0
0.87589
0.0
0.462865
0.0
0.349596
0.0
0.0
0.0
0.0
0.0
0.0
0.0
0.0
0.0
0.0
0.0
0.0
0.0
0.0
0.0
0.0
0.0
0.0
0.0
0.0
0.0
0.0
0.0
0.0
0.0
0.595682
0.422154
0.0
0.0
0.0
0.0387649
6.69228
0.0
0.0
0.0
0.0
0.433658
0.0
0.0
0.0
2.16391
0.0
0.0
0.0
1.0825
0.0
0.0
0.223316
0.0
0.0
0.0
3.67576
0.0
0.0
0.0
0.0
0.0
2.12847
1.66892
0.0
0.0
0.0
0.0158833
0.0364946
0.0
0.0
0.0
0.0
2.08623
0.0
0.0
0.0
0.0
0.0
0.0
6.66057
0.219542
0.0
0.0
0.0974558
0.0
0.584005
0.258996
1.53806
0.0
0.0
0.684741
0.0
0.0
0.511172
2.34604
0.0
0.0
0.723335
0.0
0.0
0.0
0.0
0.0
1.43441
0.0
0.0
0.0
0.0
3.48461
3.90761
0.0
0.0080163
0.0
0.0
1.10779
1.6
2.15772
0.0
0.0
0.0
0.0
0.0
0.0
0.0
1.17223
0.0
0.0
0.0
0.0
0.24617
4.79231
0.0
0.0
0.0
0.0
0.0
0.0
0.0
4.16265
0.0
0.0
0.0
0.0
0.0
0.0
0.0
0.0
2.23799
0.0
0.0
0.0
0.0
0.0
0.0
0.0
0.0
0.0
0.0
0.0
0.539989
0.0
0.0
0.0
0.0
0.0
0.0
0.0
0.0
0.0
0.0
0.340844
0.0
0.772152
0.0
0.0
2.73929
0.335437
0.0
0.0
0.991649
0.0
0.0
0.0
0.0
0.808918
0.0
0.0
0.0
0.0
0.0
0.0
0.0
0.0
2.99839
0.0
1.75639
0.0
3.33211
2.816
0.0
1.68826
0.0
0.0
0.0
0.0
0.0
0.0
0.0
0.0
1.20601
0.0
0.0
0.0
0.0
0.0
0.0
2.46774
1.4998
2.37933
0.0
0.0
1.71725
1.37383
0.0
0.0
0.0
1.26762
1.58983
2.41145
0.0
0.0
0.0
0.205554
3.40852
0.0
0.0
0.0
2.48197
0.554117
0.0
0.0
0.17123
1.60084
0.0
0.672689
0.0
0.0
0.0556287
0.0
0.0
0.0
0.0
6.23494
0.54433
0.0
3.31123
0.0
0.0
0.0
0.0
0.288616
0.0
1.5766
0.0
0.0
2.12609
0.0
1.46538
0.0
0.616461
1.89952
0.0
0.0
0.0
0.0
0.0
0.0
0.927787
0.890558
0.0
0.0
1.11006
0.0
0.112009
0.0
1.0127
0.0
0.0
0.0
3.64991
0.0
0.0
1.49706
0.0
2.49231
0.0
0.0
0.0
0.0
0.0
2.47894
0.0
2.83566
0.0
0.0
0.0
0.0
0.0
0.0
2.061
0.0
0.0
0.536334
0.0
0.0
3.19195
0.0
0.0
0.0
0.0
0.0
0.203917
0.0
0.0
1.09124
0.0
0.0
0.0
0.0
0.0
0.398603
0.0
0.575188
0.0
0.0
0.0
0.0
0.0
0.0
0.0
1.75145
0.0
0.859233
0.0
0.596249
1.26353
0.0
0.0
1.33874
2.98881
0.0
0.290794
0.0
3.70822
0.0
0.0
0.0
4.00316
0.0
3.3028
0.0
0.0
0.0
0.0
0.0
0.413538
0.0
3.58452
0.0
0.0
0.0
1.64901
1.64604
0.0
0.0
0.0
0.0
2.9677
0.0
0.0
0.0
2.82197
0.0
0.0
0.985305
0.0
0.0
0.0
2.22613
1.94907
0.99447
0.0
2.25977
0.0
0.0
0.0
0.0
0.0
0.0
0.0
0.0
0.0
0.0
0.203953
2.77665
0.0
0.0
0.0
0.0
0.0
0.0
0.440382
0.0
0.0
0.0
1.72794
0.0
2.03076
0.0
0.0
2.08554
1.25773
0.0
0.0
0.0
0.0
0.0
0.0
0.0
0.0
0.0
0.0
1.21281
0.0
0.0
0.0
1.88074
2.08309
0.0
0.0
0.0
0.0
0.710442
0.0
0.0
0.0
0.0
0.0
0.0
0.0
0.0
0.0
0.0
0.0
0.0526124
0.0
0.0
0.0
4.69311
0.0
0.0
1.53777
0.809754
0.0
0.0
0.0
0.0
0.0
0.0
0.0
0.0
0.0
0.0
0.471202
0.0
0.0
0.0
0.0
0.0
0.456479
0.0
0.0
0.0
0.0
0.0
0.0
0.0
0.1285
0.0
4.23641
0.0
3.46984
0.0
0.0
0.0
0.0
0.0
0.0
0.0
0.0
0.0
0.0
0.0
0.0
0.0
0.0
0.0
0.0
0.0
0.0
0.0
0.0
0.0
0.0
0.90727
0.0
0.0
2.03029
0.0
0.0
0.518348
0.0
0.0
0.0
0.0
0.0
1.91181
0.0
0.0
0.0
0.0
0.0
0.0
0.0
0.0755888
2.22295
0.0
0.0
2.91873
1.81186
0.0
2.1725
1.63736
0.0
0.0
1.22281
2.61528
1.27507
0.0
1.33768
0.0
0.0
3.46723
0.0
0.0
0.0
0.0
0.135851
2.18189
0.0
0.0
0.0
0.561289
0.0
0.0
0.0
1.13937
0.0
0.0
0.0
0.0
0.0
0.0
0.0
0.0
0.0
0.0
0.0
0.0
0.0
1.58506
0.0
0.0
0.0
0.0
0.0
0.0
2.54555
0.448455
0.0
0.0
0.0
0.0
0.0
0.0
0.0
0.0
0.0
0.0
0.0
1.90445
0.0
0.0
0.0
0.519196
1.35669
0.424448
1.04284
0.0
0.0
0.0
1.99413
0.0
0.0
0.0
3.04409
0.765714
0.103938
0.397917
1.09954
0.0
0.0
0.919518
1.62872
0.0
0.0
1.2721
0.0
0.0
0.0
0.0
0.0
1.89881
0.0
0.0
0.889166
0.0
0.451199
0.0
0.0
0.234651
1.96475
0.0
0.426854
0.0
0.0
0.0
0.0
0.0
0.0
0.0
0.932922
0.0
1.45509
0.0
0.0
0.0
0.0
2.16494
0.0
1.30094
0.0
0.0
3.31922
0.0
2.46833
0.0
0.0
0.0
0.0
2.18721
1.82976
0.0
0.153289
0.0
0.0
0.0
0.0
0.0
0.0
0.0
1.13954
3.79164
0.0
0.0
1.15861
0.0
0.0
0.0
0.0
0.100149
0.0
0.0
0.0
0.0
0.0
0.0
0.0
0.0
0.0
2.52493
0.0
0.0
0.772603
0.0
0.0
0.0
0.0
0.0
0.114104
0.0
0.0
0.0
0.0
0.0
0.00146946
0.0
0.0
0.0
0.0
1.44269
0.644248
0.0
0.0
0.0
0.0
0.0
0.0
0.465066
2.23793
0.0
2.55976
0.0
0.0
0.0
0.0
0.0
0.0
0.0
0.0
0.0
0.0
0.0
0.0
0.0
1.83451
0.0
0.308988
0.0
0.0
4.08149
0.73114
2.58149
0.0
0.0
0.0
1.34767
0.0
0.0
1.07897
0.0
0.0595295
0.0
0.751963
1.88433
0.0
2.61716
0.0
0.0
0.0
0.499229
0.0
0.0
0.0
0.0
0.0
0.0
0.0
1.69924
0.0
0.0
0.0
2.52982
0.0898655
0.0
0.0
0.0
0.224175
0.0
0.0
0.0
0.0
0.0
0.0
0.0
0.0843873
0.0
0.971911
0.0
0.0
0.0
0.0
1.48475
0.0
0.0
0.0
0.368882
0.0
1.07895
0.0
0.0
0.448696
0.0
0.0
0.0
0.0
0.0
0.0
0.0
0.0
0.0447403
0.0
0.0
0.0
0.0
0.592144
0.0
0.0
0.0
0.0
0.0
0.0
0.0
0.0
0.0
0.0
0.0
0.0
0.0
0.0
0.0
0.0
0.0
0.0
2.4954
0.870855
0.0
0.0
0.0
0.463712
0.599547
0.0
0.0
1.55525
1.14812
0.0
0.0
2.70001
0.969043
0.965916
0.0
0.50653
0.0
0.0
0.0
0.0
0.0
0.520227
0.0
0.0
3.41804
0.835806
0.919207
0.39884
0.0
0.425256
0.745257
0.0
2.89667
2.01446
0.0
0.0
0.0
0.0
0.0
0.0
1.49971
3.03719
0.0
0.456151
0.0
1.92086
0.0
0.0
0.0
1.82051
0.0
0.0
0.0
0.0
0.0
0.0
0.0
0.0
0.20108
0.0
0.0
0.0
0.0
0.0
0.0
0.0
0.0
0.332028
0.0
0.0
0.0
0.0
1.30117
0.0
0.0
1.47568
0.0
0.0
0.0
0.0
3.08168
0.0
0.0
0.0
0.0
0.0
0.0
0.841597
0.0
0.0
0.609042
0.0
0.0
0.0
0.0
0.0
0.0
0.0
0.315211
0.0
0.0
5.47504
0.0
3.51523
0.0
0.0
3.17924
0.0
0.0
0.0
0.578519
0.0
0.0
0.0
0.0
1.17905
0.0
0.0
0.0
0.0
0.0
0.0627637
0.0
1.78759
0.386324
0.0
1.65801
0.0
0.0
0.0
1.55051
0.0
0.0
0.0
0.332876
2.72335
0.0
0.0
0.0
0.0
2.86413
0.0
0.0
0.0
0.0
0.0
0.335177
0.875678
0.0
0.0
0.0
0.0
0.163821
0.0
0.0
0.0
0.0
1.38838
0.0
1.81175
0.0
0.0
0.0
0.647985
0.0
0.0
1.0911
0.863768
0.0
0.0
0.0
0.0
1.60532
0.0
0.0
0.0
0.0
0.0
0.0
0.0
0.770552
0.0
0.0
0.0
0.0
0.112076
0.0
0.0
0.0
0.0
0.0
0.278295
3.15713
0.0
0.0
0.284188
0.0
1.28077
0.0
0.0
0.660618
0.919984
1.6224
2.95819
0.0
0.0
0.0
4.14487
0.0
0.0
0.0
0.0
0.0
1.3106
0.0
0.600952
1.44107
0.385786
0.0
0.0
0.0
0.0
0.452922
0.0
0.0
0.655147
0.148599
0.0
0.0
0.0
0.0
0.152375
0.0
0.0
0.0
0.0
0.0
0.443723
0.0
0.0
0.0
0.0
0.0
1.96037
2.48185
0.0
0.0
0.0
0.0
1.12763
0.0
0.8218
0.0
0.0
0.0
0.0
0.0
0.0
0.0
0.0
0.0
0.0
1.36631
0.0
0.0
0.0
0.0
0.0
0.0
0.0
0.0
0.0
0.0
2.12315
0.0
0.0
0.0
0.0
0.0
0.0
0.0
0.0
0.856836
0.0
0.0
0.0
0.0
0.0
0.0
1.50311
0.0
0.379232
0.0
0.0
1.17693
0.913813
0.0
2.48331
0.699241
0.381357
0.0
0.0
0.0
3.71815
0.0
1.03624
0.0
0.252185
0.0
0.0
0.0
0.0578212
0.0
0.0
1.24633
0.0
0.0
0.0
2.29378
0.0
2.17784
0.0
0.0
1.37674
0.91824
0.0
0.0
0.0
0.0
0.296732
0.0
1.28777
0.0
0.0
0.0
0.0
0.0
0.0
0.0
0.0
2.34435
1.37208
0.0
0.0
0.0
0.0
0.0
0.0
1.40825
0.0543808
0.0
0.0
0.0
0.317138
0.275457
2.7542
0.0
1.30897
0.0
0.0
0.0
0.0
3.44297
0.00907543
0.0
0.0
0.115583
0.0
0.0
0.0
0.0
0.0
2.38009
0.0
0.0
0.0
0.0
0.0
0.859419
0.0
3.13692
0.0
0.611432
0.0
0.0
0.0
0.0
0.0
0.0
0.0
0.0
0.0
0.0
0.37755
0.0
0.0
0.0
0.0
0.0
0.0
0.0
0.0
0.0
0.0
0.0380785
0.0
0.888655
0.0
0.0
0.0
0.0
0.0
0.0
0.0
0.0
1.29745
0.467566
0.0
0.0
3.69262
1.08223
0.0
0.0
0.0
0.0
0.0
0.0
0.0
2.72001
0.653355
0.0
0.0
1.72832
0.0
0.0
0.0
2.38583
0.0
1.88152
0.0
0.0
0.0
0.0
0.0
0.52825
0.0
1.35068
1.33328
0.0
0.0
1.11974
0.0
0.0
0.0
0.0
0.0
0.0
3.65268
0.0
0.0
0.0
0.0
0.315465
0.0
0.0
0.0
0.0
1.22196
0.0
0.0
1.85859
0.0
0.0
0.0
0.0
0.968154
0.0
1.34741
4.13615
0.0
0.0
0.0
0.0
0.0
0.0
0.0
2.16156
0.358328
0.0
0.0
0.0
0.0
0.0
0.0
0.485414
1.1379
0.0
0.0
0.0
0.0
0.348327
3.46899
0.0
0.0
0.0
1.51098
0.0
0.0
2.98163
0.0
0.0
0.0
0.0
0.592783
1.30172
0.0
0.0
0.0
0.0
0.0
0.0
3.3453
0.0
0.313059
0.0
0.0
0.0
0.276495
0.0
0.0
1.50494
0.0
0.0
0.0
0.0
0.0
0.369551
2.87831
0.0
1.24098
0.00665495
0.0
0.0
0.567479
0.0
0.0
0.0
0.0
0.0
0.0
0.0
0.0
0.0
0.0
0.0
0.0
0.0
0.0
0.0
0.0
0.0
0.0
0.0
0.0
0.0
0.0
0.0
0.0
0.0
0.0
0.0
0.0
0.0
0.0
0.0
0.0
0.0
0.165651
0.0
0.0
1.72676
0.0
1.18379
0.0
1.21164
0.0
0.0
0.0
0.0
2.11743
0.0
0.0
0.0
0.0
0.0
0.0
0.0
0.244329
0.0
0.0
0.0
0.348387
0.0
2.31642
0.0
0.0
0.227514
0.0
0.875159
0.0
0.0
0.357225
1.40638
0.0
0.0
0.0
0.0
0.0
0.0
0.0
0.0
0.0
1.70622
0.0
0.0
3.25618
0.0
0.0
0.0
0.340274
0.0
0.0
0.0
0.0
0.0
0.0
1.83987
2.65782
2.21061
0.0
0.0
0.97732
0.0
0.0
0.0
0.908861
0.545877
0.625155
2.50017
0.0
0.0
0.0
0.348398
0.0
0.0
0.0
0.0
2.11914
0.0
0.0
0.0
0.0
0.0
0.0
0.0
0.0
0.0
0.0
0.0
0.0
0.0
0.0
0.0
0.0
0.0
0.0
1.8727
1.87506
0.0
0.0
0.0
0.0
0.0
0.0
0.0
0.316803
0.0
0.0
2.27542
0.0
0.0
0.0
0.0
0.0
0.454297
0.848725
0.0
0.0
0.0
0.0
0.0
0.328482
0.0
0.0
0.0
0.0
0.0
0.0
0.0
0.0
0.0
0.0
0.0
0.0
0.0
0.0
0.0
4.34495
1.12742
0.0
0.0
0.53501
0.0
0.0
0.0
0.0
3.99194
0.0
0.0
0.0
0.0
0.0
0.789682
0.0
0.087303
0.0
0.0
0.0
0.279297
0.21257
0.0
0.0
0.0
0.0
0.0
0.0
0.0
1.88824
0.0
0.170902
0.0
0.0
0.0
1.45562
0.0
2.0207
0.0
0.0
0.0
0.0
0.0
0.0
0.0
0.0
0.169435
0.0
0.139582
0.0
0.0
3.0691
0.0
5.00857
1.65736
0.0
0.0
0.0
0.0
0.0
0.897974
0.0
0.0
0.0
0.0
0.0
2.11524
0.0
0.0
0.0
0.0
0.640748
0.0
0.0
0.0
0.0
0.0
0.465101
0.0
0.0
0.0
0.0
0.0
1.06829
0.0
0.0
1.22998
0.0
0.0
0.270331
0.0
0.0
0.0
0.0
0.0
0.0
0.0006347
0.0
0.0521351
0.270799
0.0
0.870151
4.22536
0.0
0.31544
0.0
0.506956
0.843587
0.0
0.0
4.65702
0.351762
0.0
0.0
0.0
0.0
0.0
0.0
0.0
0.710118
0.039304
0.0
0.0
0.0
0.0
0.0
0.0
0.0
0.450766
0.0
0.869884
0.0
0.0
0.0
0.0
0.0
0.0
0.0
0.0
0.0
0.0
0.0
0.0
0.0
0.0
0.0
0.0
0.0
0.0
0.0
0.0
0.0
0.0
0.0
0.0
1.11043
0.0
0.0
0.0
0.0
0.0
2.10969
0.373779
0.0
0.0
0.0
0.50883
0.230371
0.0
0.0
0.0
0.431647
0.0
0.0
0.0
0.0
0.0
0.0
0.0
0.0
0.0
0.0
0.723002
0.0
0.0
0.0
0.0
0.0
0.201829
0.0
0.0
0.0
0.0
1.27446
0.0
0.0
0.0
0.0
0.835815
2.4202
0.0
0.0
3.94038
0.0
0.0
0.0
0.0
0.0
0.0
0.0
0.282774
0.0
0.0
0.0
0.0
0.0
0.0
0.0
0.0
0.07549
0.0
0.0
3.57934
1.19781
0.0
0.0413962
0.0
0.0
0.0
0.0
0.0
0.0
0.0
0.0
0.0
0.0
0.0
0.0
0.0
2.23488
0.0
0.0
0.0
0.0
1.37506
0.0
0.0
0.0
0.0
0.0
0.0
0.0
0.0
0.0
0.0
0.0
0.0
0.0
2.30009
0.0
0.0
0.869503
0.0
0.734615
0.0
0.355132
2.60478
0.0
0.0
0.0
0.482379
0.165286
0.0
0.0
1.85792
0.570854
0.0
0.0
0.0
1.3217
0.0
0.0
0.0
0.0
0.0
0.0
1.06244
0.0
0.0
0.159571
0.0
0.0
0.0
0.0
0.0
0.0
0.0
0.0
2.4659
0.0
0.0
3.23255
0.0
0.0
0.0
0.0
0.0
0.0
0.0
0.0
0.0
0.0
0.0
0.0
0.0
0.0
0.0
0.0
0.0
0.0
1.23151
2.41725
0.0
2.16102
0.0
0.310256
0.454224
2.47095
0.0
0.0
0.0
0.0
0.0
2.09331
0.0
0.0
0.0
0.0
0.0
1.85259
0.159657
1.46207
1.25502
0.0
0.0
0.0
0.0
0.0
0.0
1.26407
2.44624
2.76581
1.35071
0.0
1.05895
0.0
0.0369614
0.0
0.0
0.0
1.00427
0.452186
0.0
0.0
1.12759
0.0
0.0
0.0
0.169093
0.0
1.08587
0.0
0.0
1.54228
0.0
0.0
0.0
0.0
1.33371
0.0
0.0
0.0
0.0
0.0
0.0
0.0
0.0
0.0
1.81858
0.0
0.0
0.0
0.33217
0.322539
2.08674
0.0
0.0
0.0
0.298528
0.0
0.0
1.76088
0.0
0.0
4.436
2.36147
0.0
0.0
0.0
1.04321
0.0
0.0
0.0819668
0.0
5.79411
0.0
0.0
1.80506
0.770226
0.0
0.261004
0.0
0.0
0.0
0.0
0.0
0.0
1.29275
2.52247
3.09534
0.0
0.0
0.0
0.0
0.0
0.0
4.50048
0.0
0.0
0.0
0.0
0.0
0.0
0.0
0.0
0.0
0.0
0.0
0.0
2.60204
0.0525796
0.0
0.0
0.0
0.0
0.0
0.0
0.0
2.76762
0.0
0.0
0.0
0.0
2.97557
0.0
0.0
3.34805
0.0
1.06796
1.21351
1.55133
0.293673
0.0
3.15231
0.174035
0.0
0.0
0.0
0.0
0.0
0.0
0.0
0.0
0.0
0.0
0.190746
0.0
0.0
0.0
0.0
0.0
0.0
0.0
0.383924
0.0
1.35329
2.14283
0.0
0.0
0.0
2.4862
2.81934
0.0
0.0
0.296524
1.78049
0.0
0.0
0.0
0.0
0.0
0.0
0.0
0.0
0.0
0.240164
0.0
0.0
0.0
0.0
0.0
2.99548
0.0
0.59799
0.0
1.56495
0.211717
0.0
0.83195
0.0
2.85643
0.0
0.0
3.38455
0.0
1.94779
2.67301
0.0
0.0
0.0
0.74134
0.0
0.354456
0.0
0.0
0.0
0.0
0.0
0.0
0.0
0.0
2.81562
0.0
0.0
0.0
0.0
0.674706
0.0
0.0
1.30295
0.0
4.00099
0.0
0.0
0.0
0.0
0.0
0.0
0.0
0.0
3.04714
0.0
0.0
3.04183
0.0
0.0
0.0
2.22671
0.330862
0.0
0.0
0.0
0.6058
0.0
0.280711
0.0
1.38492
0.0
0.0
0.0
2.36673
0.0
0.0
0.0844697
0.0
0.0
2.57013
0.0
0.0
0.0
0.0
0.918942
0.0
0.0
0.401437
0.0
0.89345
0.0
0.0
0.0
1.21196
0.0
0.898552
3.53086
3.83398
0.784272
0.0
0.0
0.0
0.543986
0.0
0.0
0.0
0.0
0.0
0.0
1.58156
2.86238
0.0
0.0
0.462998
0.0
2.48112
0.591769
0.0
0.0
0.0
0.0
0.0
0.0
0.0
0.0
0.0
1.0545
0.0
1.19361
0.0
0.0
0.0
2.65151
1.21506
0.0
0.0
0.0
0.0
0.0
0.839089
0.0
0.0
0.0
0.0
0.0
0.0
0.0
0.0
0.0
0.465664
0.0
0.0
2.52124
0.0
0.0
0.81063
0.0
0.0
0.0
0.0
0.911631
0.0
0.0
3.05822
0.0
0.0
0.0
0.0
0.0
0.0
1.75547
0.0
0.0
2.62267
0.0
0.0
0.552365
1.19012
2.04869
0.0
0.0
0.0
5.78424
0.0
0.0
0.0940887
0.0
0.505845
0.0
0.0
1.51695
0.0
1.79938
0.0
0.0
0.0
0.0
0.0
0.983863
0.0
0.0
0.0
2.11736
0.0
0.0
0.0
0.0
1.48381
1.26441
0.0
0.0
0.835818
0.0
0.0
6.1982
0.0
0.0
0.0
0.0
0.0
0.481044
0.472751
0.0
0.0
1.67771
0.0
0.0
0.0
0.0
0.82606
0.0
0.0
0.0
1.30946
0.0
0.0
