0.674131
0.0
3.42224
0.0
2.5224
0.0
0.156131
0.0
0.0
0.0
0.0
0.0
0.0
1.05773
0.0
1.90457
0.0
0.0
0.0
0.0
0.0
0.0
0.0
0.0
0.0
0.0
0.0
0.0
0.0
0.297733
0.0
0.0
0.0
3.94528
0.0
0.0
0.0
0.484343
0.0
0.0
0.0
0.0
3.53214
0.0
0.0
2.7214
0.0
0.757366
0.0
0.211166
0.875475
1.30851
0.0
0.0
0.0
0.0
0.0
0.0
0.0
0.0
0.0
0.0
0.0
2.992
0.0
0.0
0.0
0.0
0.0
0.0
0.0
0.0
0.0
0.0
0.0
0.0
0.0
0.0
0.114883
0.0
2.5248
0.0
0.0
0.0
0.0
0.0
0.0
0.37421
1.81348
0.0
0.0
0.0
0.0
0.0
0.0
0.0
0.0
0.0
2.32049
0.0
0.0
0.0
0.0
0.0
0.0
0.0
0.0
0.0
0.0
0.0
0.0
0.0
0.0
2.12322
0.0
0.0
0.0
3.49614
0.0
0.0
0.0
0.0
0.0
0.0
0.0
0.0
0.0
2.36337
0.0
0.0
0.0
0.0
0.0
0.0
0.0
0.0
0.0696546
0.0
2.27746
0.0
0.0
0.0
0.0
0.0
0.646556
0.0
0.0
0.0
0.0
0.0
0.0
0.0
0.0
0.0
0.0
0.0
0.0
0.0
0.0
0.0
0.20021
0.0
0.0
0.0
0.0
0.0
0.0
0.0
0.951525
1.61279
0.0
0.0
0.0
0.0
0.0
0.0
3.92961
0.0
0.434048
0.0
3.9584
0.0
0.0
0.0
0.0
0.0
1.07457
0.0
0.0
1.25402
0.0
0.0
1.55789
2.23896
0.0
0.0
0.0
0.0
0.0
0.294266
0.0
0.0
0.0
0.0
0.0
0.0
2.65111
0.0
0.0
0.0
0.0
0.875172
0.0
0.0
1.7783
2.90297
0.0
0.0
0.0
0.753879
0.0
2.468
0.0
0.0
1.26723
0.0
0.346124
0.0
0.0
1.44278
0.0
0.0
0.0
0.0
0.0
0.0
0.0
0.794755
0.0
0.0
0.0
0.0
0.0
0.114285
0.0
0.649005
0.0
2.38148
0.0
0.0
1.88063
0.0
0.0
0.0
0.0
0.0
0.0
0.525272
0.0
0.0
0.0
0.0
0.0
0.0
0.0
0.0
2.53965
0.0
0.0
0.393761
0.617626
0.0
0.0
0.0
0.0
0.0
0.159408
0.0
0.0
0.0
0.0
0.836393
0.770053
1.28458
0.0
0.0
0.0
0.0
0.0
0.0
0.0
0.0
0.0
0.0
1.12744
0.0
0.0
0.0
0.0
0.0
0.0
6.47995
4.85793
0.0
0.0
1.81809
0.784918
0.785718
0.0939093
0.0
0.0
0.0
0.0
0.0
0.0
0.0
0.0
0.0
0.0
0.0
0.0
0.0
0.0
0.0
0.0
0.0
0.434778
0.0
0.0
0.0
0.0
0.0
0.0
0.0
0.0
0.0
0.0
0.0
0.0
0.0
0.0
0.0
0.0
0.0
0.41189
0.0
0.0
0.0
0.0
0.0
0.0
0.159341
0.0
0.0
0.430634
0.0
0.0
0.283015
0.0
0.0
0.0
0.0
0.0
0.0
0.0
0.0
0.0
0.0
0.0
0.0
0.0
0.0
0.0
0.0
0.524649
0.0
0.0
0.0
0.0
0.693107
0.0
0.0
0.0452476
0.0
0.0
0.0
0.0
4.79517
3.02593
0.0
0.0
0.0222896
0.0
0.0
0.0
1.04747
3.13054
0.0
0.0
0.0
0.0
0.0
0.58283
0.0
0.0
0.0
0.0
0.0
0.0
0.0
0.0
0.0
0.0
0.0
0.0
0.0
0.0
0.0
0.0
0.400751
0.0
0.0
1.22874
0.0
0.0
0.0
0.0
0.0
0.0
0.321128
2.63799
0.0
0.0
0.0
0.0
0.0
0.0
0.0
1.20986
0.0
0.0
0.0
0.0
0.0
0.0
0.0
0.0
0.0
0.719138
0.0
0.0
0.0
0.0
3.67692
0.0
0.0
0.0
0.0
0.0
0.344521
0.0
0.0
0.0
0.0
0.0
0.0
0.0
0.0357863
0.0
3.09441
0.0
0.0
0.0
0.394399
0.0
0.0
0.0
0.0
2.45829
0.0
0.488152
0.0
0.0
1.79476
0.0
0.0
0.0
0.0
0.0
0.0
1.03649
0.0
0.0
0.0
0.0
1.24243
0.0
0.30477
0.0
1.73686
0.0
0.0
0.0
0.0
2.00804
0.0
0.0
0.0
0.0
0.0
0.0
1.82583
0.0
0.0112263
0.0
0.0
0.0
0.0
0.0
0.0
0.0
0.0946928
0.0
1.87601
0.0
0.0
0.0
0.0
0.0
0.0
0.0
0.0
1.2039
1.99784
0.0
0.0
2.16922
0.0
0.694934
0.0
0.0
0.0
2.57425
0.0
0.0
0.0
0.0
0.0
0.0
0.0
0.0
0.0
0.0
0.0
0.0
0.0
0.0
0.0
0.0
0.0
0.0
0.0
0.0
0.0
0.0
0.0
1.7811
0.0
0.0
0.0
0.0
0.0
0.0
0.0
0.0
0.0
0.0
0.0
0.0
0.0
0.0
0.0
1.0504
1.49218
0.0
0.0
2.24126
0.0
0.0
0.0
0.0
0.0
0.0
0.0
0.0
0.0
0.0
0.0
0.0
0.0
0.0
0.0
0.0
0.0
0.159715
0.0
0.0
0.0
1.23172
0.0
0.0
0.0
0.0
0.0
1.90678
0.671986
0.0
0.0
0.0
0.83658
5.28969
0.0
0.725346
0.0
0.1197
0.0
0.0
0.0
0.0
0.0
0.0
0.0
0.0
0.0
0.0
0.0
2.54768
0.0
0.0
0.0
0.0
0.0
0.0
0.0
0.0
0.0
0.0
0.0
0.0
0.0
0.0
2.56785
0.0
0.0
0.0
0.0
0.0
2.27608
0.0
0.0
2.64476
2.20331
0.0
0.0
0.0
0.0
0.0
0.0
0.0
0.0
0.145122
0.0
0.0
0.0
0.0
0.0
1.48706
0.0
0.0
0.0
0.0
0.0
0.0
2.42116
0.0
0.0
0.0
0.0
0.0
0.0
0.0
0.0
0.0
0.0
0.135271
0.0
0.0
0.0
0.0
0.0
0.0
0.0
0.0
0.0
0.0
0.0
0.0
0.0
0.0
0.0
0.0
0.0
3.22489
0.410858
0.0
0.0
0.0
0.0
0.0
0.0
0.0
0.698886
0.0
0.0
0.0
0.332095
0.0
0.116977
2.60199
0.0
0.0
0.724725
0.0
0.0
3.44978
1.35632
0.0
0.0
0.0
0.0
0.0
0.0
0.0
0.0
0.0
0.0
0.0
0.0
0.0
0.0
0.0
2.17393
0.0
0.443007
0.0
0.0
0.0
2.76219
0.316153
0.0
1.90603
0.0
0.798548
0.0
0.0
0.0
0.0
0.0
0.0
0.0
0.0
0.0
0.0
0.0
0.0
2.66439
1.82793
0.0
0.0
0.493785
0.0
0.0
0.0
0.75095
0.0
0.0
0.844105
0.0
0.0
0.0
0.0
0.643479
0.0
0.812112
0.0
0.0
6.69289
0.0
0.0
0.923816
0.0
0.0
0.0
0.0
0.0
0.0
0.0
0.0
0.0
0.0
0.0
0.0
0.0
0.0
0.0
0.925142
0.0
0.0
0.0
0.0
0.0
0.0
0.0
0.0
0.0
4.11047
0.0
0.0
0.0
0.0
0.0
0.591823
0.0
0.0
0.663824
0.0
0.0
0.0
0.0
0.0
0.0
2.85439
0.0
0.0
1.40214
0.0
0.0
0.0
0.0
0.0
0.379943
0.0
0.0724306
0.0
0.0
0.0
0.0
0.0
0.0
0.0
2.86516
2.01851
0.0
0.0
0.0
0.0
0.0
0.0
0.0
0.0
0.0
0.0
0.0
1.54503
0.0
0.0
0.0
0.0
3.56927
0.0
0.0
0.0
0.108792
0.0
0.0
0.0
0.0
0.0
0.0
0.0
0.0
0.0
0.0
0.0
2.08791
0.0
0.0
0.0
0.0
0.0
0.0
0.0
0.0
0.0
0.0
0.0
0.0
0.0
5.6319
0.0
0.0175408
0.0
0.0
0.0
0.0
0.0
0.0
0.636525
0.0
0.0
0.0
0.0
0.0
0.0
0.0
0.0
0.0
0.0
0.0
0.0
0.0
0.0
0.0
0.0
0.0
0.0
0.0
0.0
0.0
0.0
0.0
0.0
0.0
2.18935
0.0849864
0.0
1.36531
0.0
0.0
0.0
0.0
0.0
0.0
0.0
0.0
0.0
0.0
0.0
0.0
0.180835
0.0
0.0
0.0
0.0
0.0
0.0
0.0
2.19833
2.25944
0.0
0.0
0.0
0.0
0.0
0.0
0.0
0.0
0.0
0.645757
0.0
0.0
0.0
0.622325
0.387671
3.92284
0.239522
0.0
0.0
0.0
0.0
0.0
0.0
0.0
0.0
0.0
0.0
0.0
0.0
0.0
0.0
0.0
0.0
0.0
0.0
0.0
1.9677
0.0
1.7466
0.0
0.0
0.0
0.0
0.0
0.0
0.165023
0.0
0.0
0.0
0.0
2.94579
0.0
0.0
0.0
0.318221
0.0
0.0
2.20464
0.0
0.253907
0.0
1.27611
0.0
0.0
0.0
0.0
5.44393
0.0
0.0
0.0
0.0
0.0
0.0
0.0
1.49107
0.0
0.705427
0.0
0.0
0.0
0.0
1.89326
0.0
0.0
0.0
0.345239
0.0
0.0
1.18224
0.0
0.0
0.0
0.0
0.0
0.0
0.0
0.0796102
3.94849
1.78806
0.757164
0.0
0.0
0.0
0.0
0.0
4.49201
0.0
0.0
0.0
0.0
0.0
2.26342
0.0
0.0
0.0
0.0
0.0
0.0
2.04029
0.0
0.0
0.0
0.0
0.0
0.0
0.0
0.0
0.0
0.956912
0.0
0.0
0.0
0.0
0.137326
0.0
0.608057
1.63665
0.0
0.0
0.0
0.0
0.0
0.0
0.110356
0.0
0.0
0.0
1.38478
0.0
0.0
0.0
0.0
0.0
0.0
0.0
0.0
0.0
0.0
0.0
0.0
0.0
0.0
0.0
0.0
0.0
0.0
0.0
0.0
0.0
0.0
0.0
0.0
2.56803
0.0
2.87629
0.0
0.0
0.0
0.0
0.0
2.58998
0.0
0.0
0.0
0.0
1.23787
0.0
0.0
0.120365
0.0
0.0
0.0
0.0
0.0
0.0
1.07582
0.0
0.0
1.96943
0.0
0.0
0.0
0.0
1.61728
0.0
0.0
0.0
0.0
0.0
0.0
0.0
0.0
4.79252
3.00676
1.62935
0.0
0.0
0.0
0.0
0.0
0.0
0.0
0.0
0.0
0.0
0.0
0.0
0.0
0.0
0.0
0.0
0.0
0.0
0.294177
0.0
0.0
0.0
0.0
0.0
0.0
0.0
1.34903
0.0
0.0
0.0
0.0
0.0
0.623116
0.0
0.0
3.09881
0.0
0.0
0.0
0.0
0.0
0.954374
0.0
0.730894
0.0
0.0
0.0
0.0
1.75708
0.0
0.0
3.86951
0.0
0.0
3.01586
0.0
0.0
0.0
0.0
0.0
3.15477
0.0
0.0
0.0
0.0900146
0.0
0.0
0.0
0.0
0.0555302
0.0
0.0
0.0
0.0
0.0
0.0
1.5964
0.0
0.0
0.0
0.0
0.0552109
0.0
0.0
0.0
0.0
0.0
0.0
0.0
0.0
0.0
0.0
0.0
0.529921
0.0
0.261148
0.0
0.0
0.0
0.233058
2.07629
0.0
0.0
0.0
0.0
0.0
0.0
1.85086
0.0
0.0
1.87723
0.0
0.0
0.0
0.0
0.0
0.0
0.0
0.0
0.0
0.0
0.0
2.18083
0.0
0.0
0.0
0.0
0.0
0.910944
0.0
0.0
1.01199
0.0
0.0
0.0
0.0
0.0
1.15897
0.0
0.0
0.0
0.0
0.0
0.0
0.0
0.0
0.0
0.0
0.0
0.0
0.0
0.0
0.0
0.0
2.13622
1.26302
0.0
0.0
0.0
0.0
0.0
0.0
2.65575
0.0
0.0
0.0
0.0
0.0
1.89944
0.0
0.0
0.0
0.0
0.0
1.52186
0.0
0.0
0.274011
0.0
0.0
0.0
0.0
0.0
0.0
0.0
0.831896
1.71427
0.0
0.0
0.0
0.0
0.0
0.0
2.66716
0.0
0.397252
0.0
0.0
1.31277
0.0
1.05245
0.0
0.0
0.0
0.0
0.0
0.0
0.241154
0.0
0.0
0.0
0.0
1.87229
2.80179
0.0
0.0
0.0
0.0
0.0
0.0
0.0
0.0
0.0
0.0
0.0
0.0
0.0
0.0673331
0.0
0.0
0.0
1.6356
0.0
0.0
0.0
0.842247
0.0
0.0
0.0
0.0
0.0
0.0
0.0
0.0
0.0
0.0
0.0
0.0
1.83733
0.0
0.0
0.0
0.218356
0.0
0.0
0.0
0.0
0.0
0.0
0.434789
0.446609
0.0
0.0
0.0
0.0
3.07846
0.873508
0.0
0.0
0.0
0.0
0.0
0.0
0.0
0.0
0.0
0.0
0.0
0.0656288
0.0
0.0
0.0
1.98054
0.0
0.0574007
0.0
0.0
0.0
0.0
0.0
0.0
0.0
0.0
0.0
0.0
0.0
0.0
0.0
0.0
0.0
0.0
0.0
0.0
0.119393
0.0
0.0
0.0
0.0
1.22266
0.0
1.06545
0.0
2.09126
0.0
0.0
0.0
0.0
0.0
0.0
0.0
0.0
5.40153
0.0
0.0
1.45126
0.0
0.8112
0.0
0.0
0.0
0.170713
0.0
0.0808811
0.0
0.0
0.0
0.0
0.0
0.0
0.0
0.0
0.0
0.0
0.0
0.0
0.0
2.84217
0.0
0.0
1.37994
0.0
0.0
0.0
0.0
0.0
0.0
0.0
0.37587
0.0
4.21168
0.0
0.0
0.0
0.117793
0.0
0.0
0.0
0.0
0.0
0.0
0.0
0.0
0.0
0.0
0.0
0.0
3.00364
0.0
2.4585
0.0927466
0.0
0.0
0.0
0.0
0.0
3.37729
0.52249
0.0
0.0
0.0
0.0
0.0
0.0
0.0
0.0
0.0
0.0
0.0
0.0
0.0
0.0
0.0
0.0
0.0
0.0
0.0
0.0
0.0
0.0
0.0
0.0
0.0
0.0
0.0
0.0
0.0
0.0
0.0
0.0
0.0
0.0
0.0
0.0
0.0
0.0
0.0
0.0
0.0
0.0
0.0
0.0
0.0
0.0
0.0
0.0
0.0
3.34666
0.0
0.0
0.0
0.0
0.0
0.0
0.0
0.0
0.0
0.0
0.0
0.0
0.0
0.0
0.0
0.0840926
0.0
2.56306
0.0
0.0
0.0
1.96254
0.660428
0.0
5.05297
0.0
0.0
0.0
0.0
0.0
0.0
0.0
0.0
0.0
0.0
0.0
0.0
0.0
0.0
0.0
0.842915
0.0
0.0
4.94867
0.0
0.0
0.0
1.12879
2.36666
0.0
2.5804
0.0
0.457735
0.0
0.0
0.0
0.0
2.10072
0.0
0.0
0.0
0.314897
0.0
0.251903
0.0
0.0
0.0
0.0
0.0
0.0
0.668849
0.0
0.0
0.0
0.0
0.0
0.0
0.0
0.0
0.0
0.0
0.0
0.0
0.0
0.789782
1.48587
0.0
0.0
0.0
0.0
0.0
0.0
0.0
0.0
0.0
0.0
0.0
0.0
0.0
0.0
0.0
0.0
0.0
0.616874
0.0
0.394152
0.0
0.0
0.0
0.0
0.0
0.0
0.0
0.513686
0.0
0.0
0.0
0.0
0.0
0.0
0.0
0.0
0.0
0.0
0.0
0.0
0.0
0.0
0.0
0.0
0.0
0.0
0.0
0.0
0.0
0.615964
0.0
0.0
0.0
2.32229
0.0
0.0
1.93461
0.0
0.868267
1.16459
0.0
0.0
0.0
0.188325
0.0
0.0
0.0
1.10885
0.0
0.0
0.0
2.2702
0.0
0.0
0.0
1.10549
0.0
0.0
0.0
0.0
0.0
0.0
0.0
0.0
0.0
0.0
0.730469
0.0
0.0
0.0
0.0
0.0
0.0
0.0
0.0
0.0
0.222147
0.0
3.31357
0.0
0.0
0.0
0.0
0.0
0.0
0.0
2.09657
0.0
0.0
0.0
0.0
0.0
0.0
0.0
0.0
0.0
0.0
0.0
0.0
1.5737
0.307967
0.0
0.0
0.0
0.0
0.0
0.0
0.0
0.0
0.0
0.0
0.0
0.0
0.0
0.0
0.933342
0.0
0.0
0.0
0.0
0.0
0.0
2.24404
0.0
0.0
0.0
0.0
0.0
0.0
0.0
0.0
1.33527
0.0
0.0
0.0
0.0
0.0
2.60901
0.0
0.0
0.0
0.0
0.0
0.0
0.0
0.0
0.0
0.0
0.0
3.25435
0.0
0.0
0.0
0.0
0.0
0.0
0.0
0.0
0.0
0.0
0.0
0.0
0.0
0.0
0.865582
0.0
1.11437
0.0
0.0
0.0
0.0
0.0
0.0
0.0
0.0
0.0
0.307264
0.0
0.0
0.0
0.0
0.0
0.0
0.0
0.0
0.0
0.0
0.141135
0.0
0.440905
0.163362
0.0
0.0
0.0
0.0
0.0
0.0
0.0
0.0
0.0
3.37301
0.0
0.0
0.0
0.0
0.0
0.0
0.0
0.0
1.78564
0.0
0.0
0.0
0.475422
1.91413
0.0
0.0
0.0
0.870078
0.0
0.0
0.582992
0.0
0.0
0.0
0.0
0.0
0.0
0.0
0.0
0.0
0.0
0.0
0.0
0.0
0.145342
2.23895
0.0
0.0
0.0
0.0
0.0
0.0
0.0
0.0
3.56579
0.0
2.02666
2.97833
0.0
0.0
0.0
0.0
0.0
0.0
1.99449
0.0
3.83236
0.0
0.0
0.0
0.644945
0.0
0.0
0.0
0.0
0.0
1.3866
0.850949
0.0
0.504683
0.0
0.0
0.386312
1.28767
0.0
0.0
0.0
0.0
0.0
4.19175
0.0
0.0
0.0
3.06423
0.26091
0.0
0.0
0.612192
0.0
0.0
0.0
0.0
0.0
0.0
0.0
0.0
0.0
0.0
0.0
0.0
0.0
0.0
0.0
0.0
0.0
0.0
0.0
0.0
0.0
0.0
0.0
0.0
0.0
0.0
0.0
0.0
0.932675
0.0
0.0
0.0
0.0
2.48355
0.0
0.0
0.0
0.0
0.0
0.0
0.356669
0.0
0.0
0.0
0.0
0.0
0.0
0.0
0.0
0.0
0.0
0.0
2.44296
0.0
0.0
0.0
0.0
0.0
0.0
0.0
1.7935
0.0
0.0
0.0
0.0
2.15824
0.0
0.0
0.0
0.0
0.0
0.0
0.522005
0.0
0.0
0.0
0.0
0.0
4.71237
0.0
0.0
0.0
0.0
0.0
0.0
0.0
0.0
0.923082
0.0
0.0
0.0
0.0
0.0
0.0
2.49807
0.0
2.16056
0.0
0.0
0.0
0.0
2.94623
0.0
0.0
0.0
0.0
0.0
0.0
0.0
0.0
0.41036
0.0
5.37472
0.0
0.0
0.0
0.0
0.0
0.0
0.0
5.47355
0.0
0.0
0.0
0.0
0.0
0.0
0.0
0.0
0.0
0.0
0.0
0.0
0.0
0.0
0.809237
0.0
0.0
0.0
0.0
0.0
0.0
0.0
0.0
0.123392
0.0
0.37036
0.0
0.0
0.0
0.0
0.461733
0.0
0.0
0.0
1.79395
0.983801
0.0
0.0
0.0
1.69068
0.0
0.0
0.0
0.0
0.0
0.0
0.0
0.0
1.74589
0.0
0.0
0.0
0.0
0.975227
0.0
0.0
0.0
0.0
0.0
1.53112
0.0
0.0
0.0
1.74947
0.0
0.0
0.0
0.0
0.0
0.0
0.0
0.0
0.0
0.0
3.17692
0.829441
0.0
0.0
0.0
0.0
0.0
0.0
0.0
0.0
0.0
0.0
0.0
0.0
0.0
0.0
0.0
0.0
0.0
0.0
0.0
0.0
2.21231
0.0
0.0
1.37509
0.404163
0.0
0.0
4.58403
0.0
0.0
0.0
0.0
0.0
0.0
0.0
0.0
0.0
0.0
0.0
0.183744
0.0
0.0
0.0
0.0
0.0
0.740951
0.0
1.11169
0.0
0.0
2.7219
0.0
0.526051
0.0
0.0
0.0
0.0
0.477248
0.0
3.86009
0.0
0.0
0.0
0.0
0.0
0.0
0.0
0.0
0.0
0.0
0.0
0.0
0.0
0.0
0.0
0.845241
0.0
0.0
0.0
0.0
1.48088
0.0
0.0
0.00920653
0.0
0.830979
0.0
0.0
0.0
0.0
0.0
0.0
0.0
0.0
0.173
0.0
0.0
0.0
0.0
0.0
0.0
0.0
0.0
0.0
1.48288
0.0
0.0
0.0
0.144202
0.0
0.0
0.0
0.543375
0.0
0.0
0.0
0.0
0.0
1.0126
0.0
4.08987
0.0
2.20638
0.0
0.0
0.0
0.0
0.172192
0.0
0.0
0.0
0.0
0.0
0.0
0.0
0.0
0.0
0.0
3.1544
0.0
0.0
0.0
0.0
0.0
0.0
0.0
0.0
6.17429
0.0
0.0
0.0
0.0
0.218815
0.207001
0.0
0.0
0.0
0.0
0.0
0.0
0.0
2.5058
0.0
0.248644
0.0
1.21131
0.0
0.0
0.0
0.0
0.0
0.0
0.0
0.0
0.0
0.0
0.482819
0.161682
0.0
0.0
0.0
1.68768
0.0
0.0
1.92254
0.0
0.0
0.0
3.14667
0.0
0.0
0.0
2.80919
0.0
0.0
0.0
0.0
0.0
0.0
0.0
0.0
0.0
2.33541
0.0
0.0
0.0
1.10961
2.65815
1.43265
2.15477
0.0
2.35491
0.0
0.0
0.0
0.0
0.0
0.0
0.0
0.0
0.0
0.0
0.0
0.0
0.78818
0.0
0.0
0.0
0.0
0.0
0.0
0.0
0.0
0.0
0.0
0.0
0.800086
0.0
0.934365
0.0
0.0
0.0
0.0
0.0
0.0
0.0
0.0
2.26908
2.23997
0.0
0.0
0.0
0.0
0.0
0.0
0.0
0.107684
0.0
0.0
0.0
0.0
0.0
0.0
0.0
0.0
0.0
0.0
0.0
0.0
0.0
0.0
0.0
0.0
0.0
0.0
0.0
0.0
0.0
0.374023
0.0
0.0
2.26326
0.0
0.0
0.0
0.0
0.0
0.0
0.0
0.0
0.0
0.0
0.0
0.0
0.0
2.18922
0.0
0.570852
0.0
0.0
0.0
0.0
0.0
0.0
0.0
0.0
0.0
0.0
0.0
0.0
0.0
0.0
0.0
0.0
0.0
0.0
2.22982
0.0
0.0
0.0
0.0
0.0
1.35633
0.0
0.0
0.0
0.360264
0.0
0.0
0.0
0.723364
0.0
0.0
0.0
0.660883
0.0
0.0236003
4.01245
0.0
0.0
0.0
0.0
0.0690732
0.0
0.0
0.0
0.0
0.0
0.0
0.0
0.0
0.0
0.0
0.0
0.0
0.0
0.0
0.56434
1.01826
0.0
0.0
0.0
2.68271
0.0
0.0
0.0
0.0
0.0
0.0
0.0
0.0
0.0
0.0
0.0
0.0
0.0
0.0
0.0
0.0
0.0
0.0
0.0
0.0
0.0
0.0
0.0
0.0
0.0
0.0
0.0
0.0
0.0
0.0
0.0
0.0
0.0
0.0
0.0
0.88142
0.0
0.0
0.0
0.0
0.0
0.0
0.0
0.0
0.0
0.0
0.0
0.0
0.0
0.0
0.0
0.0
0.0
0.0
0.0
0.0
0.39159
3.63404
0.0
0.74848
0.0
0.0
0.938711
0.0
0.0
0.0
0.0
0.0
0.0
0.658756
0.998179
0.0
0.0
0.0
0.0
0.0
0.0
0.0
0.0
0.0
0.0
0.0
0.0
0.0
0.0
0.0
0.0
0.0
0.0
0.0
0.0
0.0904517
0.0
0.156457
3.1725
0.0
0.0
0.0
0.0
0.0
0.0
0.0
0.0
3.415
0.0
0.0
1.2722
0.0
1.53498
0.0
1.46014
0.0
0.0
0.156846
0.0
0.0
0.0
0.180093
0.0
0.0
1.22348
0.0
0.0
0.0
1.69488
3.03751
0.0
0.0
0.0
6.59123
0.0
0.0
0.0
0.0
0.0
0.0
2.32988
0.0
0.0
0.0
0.0
0.0
0.0
0.0
0.0
0.0
0.0
0.0
0.0
4.0303
0.0
0.0
0.087154
0.0
0.0
1.11903
0.0
0.0
0.0
0.0
0.0
0.0
0.0
0.0
0.634272
0.0
0.0
0.0
0.0
0.0
0.0
0.0
0.0
0.0
2.60268
1.45857
0.0
0.0
0.0
0.0
0.0
0.0
0.0
2.72989
0.0
0.0
0.0
0.0
0.0
0.0
0.0
0.687707
0.0
0.217265
0.0
0.0
0.0
0.0
0.0
0.0
0.0
1.27355
3.59911
0.0
4.77835
0.0648777
0.0
0.0
0.0
0.0
0.0
0.0
0.0
0.0
0.0
0.0
0.0
0.224008
0.0
0.0
0.0
0.0
0.0
0.0
0.0
0.0
0.0
0.0
0.0
0.0
0.0
0.0
0.0
1.05511
0.0
0.0
0.0
0.0
0.0
0.0
0.0
0.0
0.0
0.0
0.0
0.0
0.0
0.0
0.0
0.0
0.0
0.0
0.0
0.0
0.0
0.0
0.0
0.0
0.0
0.0
0.0
0.0
0.0
0.0
4.38184
3.65112
0.192348
0.0
0.0
0.951441
0.0
1.5422
0.0
0.0
0.245589
0.0
0.0
0.0
0.0
1.02104
1.39323
0.0
0.0
0.0
0.323782
0.0
3.62132
0.0
1.62139
0.0
0.0
0.0
0.672517
1.23273
0.0
0.0
0.0
0.307292
0.0
0.0
0.0
0.0
0.0
0.0
0.0
0.0
0.0
0.0
0.0
0.0
0.0
0.0
0.0
1.11506
0.0
0.0
0.0
0.0
0.0
1.63176
0.0
0.0
0.969973
0.0
0.0
0.0
0.0
0.0
0.0
0.0
1.95045
2.93424
0.0
0.0
0.0
0.0
0.0
0.0
0.0
0.0
0.0
0.0
0.0
0.701876
1.04764
1.04033
2.04955
0.0
0.350223
0.0
0.0
0.0
0.0
0.541508
0.0
0.0
0.0
0.0
0.147473
0.0
0.0
0.293038
0.0
0.0211183
0.0
0.0
0.0
0.0
0.0
0.0
0.0
0.0
0.0
0.502845
0.0
0.0
0.0
0.0
0.0
0.0
1.47276
0.0
1.31235
0.0
0.0
0.0
0.0
0.0
0.0
0.0
0.440013
0.0
0.0
0.0
0.467462
0.0
0.0
0.0
0.0
0.0
0.0
0.0
0.0
0.0
4.33973
0.0
1.72654
0.0
0.0
0.0
0.0
0.0
0.0
0.0
0.0
0.0
0.0
0.0
0.0
0.0
0.0
2.8878
0.0
0.0
0.0
0.0
0.0
0.0
0.0
0.0
0.0
0.0
0.0
0.0
0.0
0.0
0.0
0.0
0.0734628
0.0
0.0
0.0
0.0
0.292698
0.0
0.0
0.0
0.0
0.0
0.0
0.0
0.0
0.0
0.0
0.0
0.0
0.0
0.0
0.0
0.0196429
0.0
0.0
0.0
0.0
0.0
0.0
0.0
1.11945
1.57111
0.0
0.0
0.0
0.0
0.0
0.0
0.0
0.0
2.87972
0.507905
2.04867
0.0
0.0
0.0
0.0
3.70616
0.0
0.0
0.0
0.0
0.0
0.0
0.0
0.0
0.0
0.0
0.0
0.0
0.0
0.0
0.0
0.0
0.0
0.0
0.0
0.0
4.54981
0.0
0.0
0.0
0.0
0.0
0.0
0.0
0.0
3.50275
0.0
0.0
0.0
0.0
0.0
0.0
0.1431
0.0
0.0
0.0
0.0
0.0
0.0
0.0
0.692491
0.0
0.0
0.0
0.0
0.0
0.0
0.0
0.0
0.0
0.0
0.0
0.0
0.0
0.0
0.953101
0.0
0.0
0.0
0.0
0.0
0.0
0.0
2.04451
0.0
0.225608
0.0
0.0
0.0
0.0
0.50963
0.0
0.0
0.0
0.0
0.0
0.0
0.0
0.0
0.0
0.0
0.100126
0.0
0.0
0.0
0.0
0.0
0.0
0.0
0.0
0.203424
0.0
0.0
0.0
0.0
0.0
0.0
0.694365
0.0
0.0
0.0
2.93015
0.0
1.53704
0.0
0.0
0.0
0.0
0.0
0.0
0.0
0.0
0.0
0.0
0.0
3.52387
0.0
0.0
0.0
0.0
0.0
0.0
0.0
0.0
0.0
0.0
0.0
0.0
0.0
0.0
0.0
0.0
0.0
0.0
0.0
0.0
0.0
0.00251588
0.0
0.0
0.0
0.0
0.0
0.0
1.05932
1.28564
0.0
0.0
0.0
0.557005
0.0
0.0
0.0500252
0.0
0.0
0.0
0.0
4.42802
0.0
0.621791
0.0
0.0
0.0
0.891619
0.0
0.0
0.0
1.87659
0.0
0.871225
0.0
0.0
0.0
0.0
0.0
0.0
1.50967
0.0
0.0
0.0
0.0
0.0
0.0
0.0
0.0
1.48549
0.0
0.0
0.0
0.0
2.40325
0.0
0.0
0.0
0.0
0.0
0.0
0.0
4.47913
0.0
0.0
0.0
0.0
0.0
0.0
1.90706
0.0
0.0
3.10455
0.0
0.0
0.0
0.0
0.0
0.0
0.0
0.0
1.91953
0.0
0.0
0.0
4.39571
0.0
0.0
0.0
1.32838
0.0
1.65096
0.0
0.0
0.0
0.0
0.0
0.0
0.0
0.0
0.0
0.0244914
0.0
0.0
0.0
0.0
0.0
0.0
1.97334
0.0
0.0
0.0
0.0
0.0
0.0
0.0
0.0
0.0
0.0
0.0
0.0
0.0
0.0
0.0
0.0
0.451661
0.0
0.0
0.0
0.0
0.75336
0.0
0.0
0.0
1.58209
0.0
0.0
0.960809
0.0
0.0
0.0
0.168497
0.0
0.0
0.0
0.0
0.0
0.0
0.0
0.0
0.0
0.0
0.0
0.0
0.0
0.801649
0.0
0.0
1.24932
0.0
0.0
0.0
0.409603
0.0
0.0
0.0
0.0
0.0
0.0
0.0
0.0
0.0
0.0
0.0
0.0
0.0
0.0
0.0
0.0
1.90896
0.0
0.0
0.0
0.0
0.0
0.0
0.905303
0.0
0.0
0.721402
0.0
0.0
0.0
2.33429
0.0
6.69949
0.0
0.0
0.0
0.0
0.0
0.0
0.465338
0.0
0.0
0.0
0.78378
1.55911
0.0
0.0
0.0
0.0
0.0
0.0
0.0
0.0
0.0
0.0
0.0
0.0
1.42493
0.0
0.0
0.0
0.0
0.0
0.0
0.0
0.0
0.0
0.0
2.14085
0.0
0.0
0.0
0.0
0.0
0.0
1.36145
0.0
1.99167
0.0
0.0
0.947466
0.463056
0.0
0.0
0.0
0.0
0.66981
0.0
0.0
0.0
0.0
0.0
0.0
0.0
0.0
0.0
0.0
0.0
0.0
0.0
0.0
0.0
0.0
0.0
0.0
0.0
0.0
5.42135
0.0
4.34508
0.0
0.0
0.0
0.0
0.0
0.0
0.0
0.0
0.0
0.156778
0.0
0.0
0.0
0.0
0.0
0.0
0.0
0.0
0.0
0.0
0.0
0.0
0.0
0.0
0.0
0.0
0.0
0.0
0.0
0.0
0.0
0.0
0.0
0.0
0.0
0.0
0.0726761
0.0
0.0
0.0
0.0
0.0
0.0
0.654703
0.0
0.0
0.0
0.0
0.0
0.0
0.0
1.00558
0.0
0.0
0.0
0.0
0.0
0.0
1.48002
0.0
0.0
0.0
0.406758
0.0
0.0
0.0
0.0
0.0
0.0
0.0
0.0
3.46089
0.0
0.0
0.0
0.0
0.0
0.0
0.0
0.0
0.0
0.545262
0.0
0.0
0.768367
0.0
0.0
0.0
0.0
0.0
0.0
0.0
0.0
0.0
1.02636
0.0
0.0
0.0
0.0
0.0
0.0
2.89547
0.0
0.0
0.0
0.0
0.0
0.0
1.41709
0.0
0.0
0.0
0.0
3.89739
0.0
0.0
0.0
0.0
0.0
0.0
0.0
0.0
0.0
0.893889
0.0
0.0
0.0
0.0
0.0
0.0
0.0
0.325106
0.0
0.0
0.603321
2.83745
0.0
0.0
0.0
0.0
0.0
0.0
0.0
0.0
2.11709
0.0
0.0
0.0
0.0
0.0
0.0
0.429832
0.0
0.0
0.0
0.0
1.20751
0.0
1.00732
0.0
0.0
0.0
0.0
0.0
0.0
0.0
0.0
0.0
1.20734
0.0
0.0
0.0
0.0
0.0
0.0
0.0
0.0
0.0
0.0
0.0
0.0
0.761925
0.0
0.0
0.0
0.0
0.0
0.236732
0.0
0.0
3.50267
0.0
0.821478
0.0
0.0930196
0.55627
0.0
0.0
0.0
0.0
0.28048
0.0
1.22903
0.0
0.0
0.0
1.15466
0.0
0.920606
0.0
2.4292
0.0
0.0
0.0
0.0
0.0
0.0
0.0
3.73389
0.785236
0.0
0.0
0.0
0.0
0.0
1.35627
0.0
0.0
0.0
0.0
0.0
1.71737
0.0
0.0
0.0
0.0
0.0
2.38075
0.0
0.0
0.660688
0.0
0.0585714
0.0
0.0
0.0
0.0
0.0
0.0
0.0
0.0
0.0
0.0
0.0
0.0
0.0
0.0
0.0
0.0
0.0
0.0
0.371211
0.0
1.83236
0.0
0.0
0.0
0.0
0.0
0.0
0.0
0.0
0.0
5.55745
0.0
0.0
0.0
0.0
1.36786
0.0
0.0
0.0
0.0
1.13222
0.0
0.0
4.75457
0.0
0.0
0.0
0.0
1.37974
0.0
0.0
0.0
0.0
0.0
0.0
0.460626
0.0
0.0
0.0
0.0
0.0
0.451775
0.202764
0.0
0.0
0.0
0.0
0.0
0.0
0.0
0.0
0.0
0.0
0.0
0.0
1.74264
0.0
0.0
0.0
0.0
0.0
0.0
2.11998
0.0
0.0
0.0
0.0
0.0
0.0
0.0
0.763858
0.0
5.40934
0.0
0.0
0.0
0.944471
0.0
0.0
0.0
0.0
1.72921
0.0
0.651542
0.0
0.0
0.0
1.68119
0.0
0.0
0.0
0.0
0.0
0.0
0.0
0.0
0.0
1.24644
0.339439
0.0
0.0
0.0
2.34249
0.0
0.0
0.0
0.775098
0.0
0.0
0.0
0.0
0.0
0.682167
0.0
0.0
0.0
0.0
0.0
0.0
0.0
0.0
0.0
2.42724
0.0
0.0
0.0
0.0
0.808421
0.0
0.118652
0.0
1.75703
0.0
0.0
1.67143
0.0
0.44928
0.0
0.0
0.0
0.0
0.0
2.09297
0.424821
0.0
0.0
3.01416
0.0
0.0
0.0
0.0
0.0
0.0
0.0
0.0
0.0
2.84129
2.87072
0.0
0.0
0.0
0.0
0.0
0.0
0.0
2.17188
0.0
0.0
0.0
0.0
0.0
0.0
0.0
0.0
0.0
0.0
2.19382
0.0
0.0
1.17565
0.511603
0.0
0.418329
0.0
0.0
0.0
0.0
0.0
0.784608
0.0
1.55955
0.0
0.0
3.98406
0.0
0.0
0.0
0.0
0.0
2.05869
0.0
0.0
0.0
0.0
0.0
0.0
1.03641
0.0
0.0
0.0
0.0
0.0
0.242925
0.0
0.0
0.0
1.14064
1.81996
0.0
1.66874
0.553321
0.0
0.0
0.0
0.0
1.56098
0.0
0.0
0.0
0.0
0.0
0.0
0.0
0.0
0.0
0.0
0.0
0.0
1.71324
0.0
0.0
0.762389
0.0
0.0
0.0
0.0
0.0
0.0
0.0
1.71361
0.0
0.00528072
0.0
0.0
0.0
0.0
0.0
0.0
0.0
0.762613
0.0
0.0
0.0
0.0
0.0
0.0
0.0
0.0
0.0
0.158305
0.0
1.46451
0.0
0.0
0.0
0.134617
0.0
0.0
0.0
0.0
0.0
0.0
0.326482
0.0
0.0
0.0
0.0
0.0
0.0
0.0
0.0
0.0
0.0
1.02982
0.0
0.0
1.42354
0.0
0.0
4.59026
0.0
0.0
0.0
0.0
0.0
0.0
0.0
0.0
0.0
0.0
0.578791
0.0
0.0
0.0
0.0
0.0
0.0
0.0
0.0
0.0
0.0
0.0
0.0
0.0
0.0
0.0
0.0
0.0
0.0
1.79798
2.88625
0.0
0.0
0.0
0.0
0.0
0.0
2.66811
0.0
0.0
0.0
0.0
0.0
0.0
0.0
0.0
0.0
0.0
0.0
0.0
0.0
0.0
0.0801991
0.0
0.0
0.0
1.72745
0.0
0.0
