0.0
0.0
3.38088
0.0
0.0
0.400073
0.0
0.0
0.660967
0.276706
1.71853
0.0
0.0
0.00128499
0.149529
0.0
0.0
0.0
0.238248
0.0
0.0
0.24397
0.0
0.0
0.918104
0.0
0.0
0.0
0.0
0.0
0.0
0.0
0.0
2.82807
0.0
0.0
0.0
0.0
0.0
0.0
0.0
0.0
0.764933
0.0909903
0.10681
0.0
0.0
0.391715
0.0
1.01397
0.0
0.0
0.0
0.36747
1.11597
0.0
0.0
0.476129
0.0
0.0
0.0
0.0
0.503256
1.4894
0.000488669
1.20226
0.0
0.0
0.0
0.0
0.0
0.0
0.0
0.0
0.0
0.0
0.0
0.0
0.729992
0.0
0.0
0.0
0.0
0.0
0.0
0.0
0.0
0.0
0.441604
0.0
0.0
0.0
0.0
2.41238
0.0
0.0
0.0
0.0
0.0
0.0
0.0
0.0
0.0
0.0
0.0
0.0
0.0
0.0
0.0
2.18056
0.0
0.0
0.0
2.48622
0.645713
0.0
0.0
2.54867
0.0
0.0
0.615063
0.0
0.0
0.0
0.613792
0.402124
0.0
0.921305
0.0
0.0
0.0
0.601178
0.0
0.273321
5.14533
0.0
0.0
0.0
0.546763
0.0
0.0
0.792724
0.0
0.0
0.0
0.0
0.0
0.345118
0.100445
0.0
0.0
0.0
0.940856
0.0
0.0
0.0
0.0
0.0
0.999728
0.0
0.0
0.0
1.63242
0.0
0.0
0.796922
0.0
0.0
0.695799
0.0
0.0
0.0
0.0
0.0
0.0
0.0
1.20782
0.390175
0.0
3.13349
2.73591
0.0
0.130206
0.0
0.0
1.65434
2.77726
0.722703
0.0
0.0
0.0
0.0
1.25361
0.0
0.0
0.0
0.0
0.0
0.0
0.999334
0.0
3.10593
0.0
0.39371
0.0
0.0
1.12373
0.0
0.0
0.0
0.0
0.685266
0.0
0.0
1.50896
0.954934
0.0
0.0
0.616542
0.0
0.0
2.51324
0.0
0.0
0.0
0.0
0.0
0.797211
0.0
0.0
0.0
0.0
0.0
1.05133
0.0
0.0
0.0
0.0
0.0620382
1.38959
0.0
0.0
0.0
1.86882
0.0
0.0
0.0
1.47035
0.0
0.0
1.38222
0.0
0.923025
0.0
0.0
0.0
0.0
0.0
0.0
0.810351
0.0
0.0
0.0
0.0
0.0
0.0
0.0
0.0
1.3192
0.0
0.0938706
0.0
0.0
1.21827
0.0
0.0
0.0
0.879191
0.0
0.0
0.0
0.0
0.0
1.11934
0.0394134
0.0
0.0
1.47151
0.916417
0.0
0.0
0.0
0.30186
0.92504
1.46233
0.0
0.0
0.0
0.0
0.0369579
0.989587
1.52404
1.39877
1.00193
2.55834
1.85171
0.0
1.18574
0.523347
0.0
0.0
0.0
0.0
1.09275
0.0
0.0
0.0662552
0.136467
0.0
0.154458
0.919435
0.0
0.0
0.0
0.0810286
0.0
0.0
0.0
0.0
1.98628
0.161167
0.0
0.0
0.472875
0.0
0.0
0.0
0.0
0.931504
0.0
0.225197
0.908239
0.0
0.0
3.28029
0.000181526
0.0
0.0
0.0
0.0
0.0
0.0
0.0
0.0
0.0
0.0
0.0
0.0
0.0
0.0
0.0
0.0
0.0
0.0
0.0
4.2098
0.0
0.0
0.0204252
0.0
0.0
0.0
0.0
0.0
1.74811
0.0
0.0
0.0
0.0
0.0
0.0
0.679117
0.584434
0.875327
0.941316
0.0
0.0
2.54043
0.0
3.52094
0.0
0.0
0.0
1.88957
0.0667201
0.361808
0.558431
0.0
0.0
0.0
0.0
0.0
0.793366
0.0
0.0
0.0
0.0
0.0
0.939493
0.0
0.0
0.0
0.0
0.0
0.644841
0.0
0.0
0.0
2.11257
0.735395
0.0
0.0
1.94533
0.0
0.0
0.0
0.0
2.79846
0.909235
0.0
2.85659
0.0
0.0
1.06535
0.0
0.0
0.0
0.0
0.391789
0.0
0.0
0.0
0.0
0.0
0.0
0.0
0.680176
0.0
0.0
0.375433
0.0
0.0
0.0
0.0
0.0
0.0
0.0
0.0
0.0
0.0
0.0
0.0
0.0
0.0
0.0
0.0
0.0
0.0
0.0
1.49606
1.11738
0.0
0.0
0.0
0.0
1.15441
0.143132
0.0
0.0
0.0
0.438305
0.0
0.0
1.51023
0.0
0.0
0.0
0.0
0.0
0.0
0.0
0.0387619
0.0
0.0
0.773454
1.63878
1.53073
0.547936
1.16254
0.0
0.0
2.1334
0.0
0.0
0.0
0.922435
0.0
0.0
0.0
0.643309
0.0
0.967621
0.0
1.04447
0.0
0.0
0.432479
1.97192
0.0
0.0
0.0
0.0409478
0.0
0.0
0.0
0.866788
0.0
0.0
0.0
0.0
0.0
0.0
1.4563
0.841259
0.0
0.0
3.06252
0.0
0.0
0.350965
0.0
0.0
0.500308
0.273773
0.00128448
0.500883
0.0
0.968692
0.0
0.0
0.0
0.0
0.0
0.0
0.0
0.0
0.0
0.0
0.0
0.0
0.0
0.0
0.0
0.0
1.41765
0.0
4.08693
0.0
0.0
0.0
0.0
0.48499
0.0
1.69035
1.11423
0.0
0.0
0.0
0.114579
0.0
0.0
3.96875
1.38331
0.0
0.528785
0.405754
0.0
0.0
0.0
0.0
0.0
0.0
0.0
0.0
0.0
0.0
0.633167
0.325779
0.0
0.0
0.0
1.48525
0.0
0.0
0.0
0.0
0.0
0.0
0.0
0.0
0.857883
0.0
0.0
0.0
0.0226057
0.0
1.89413
0.598344
0.0
1.04895
0.0943786
0.0
1.96204
0.0
0.993094
0.0
0.0
0.0
0.0
0.0
0.0
0.453184
0.0
0.0
0.0
0.0
1.36869
0.0
0.0
0.0
0.0
0.0
0.0
0.0687301
0.0
0.0
2.20168
0.0
0.0625742
0.0
0.0
1.27203
0.0
0.0
0.0
0.0
0.0
2.76423
0.0
0.0
2.49575
1.16489
0.0
0.0
0.0
0.0
0.342448
0.0
0.0
0.0
0.0
0.0
0.0
0.041325
0.495743
0.497042
0.0
0.0
0.0
0.0
0.0
0.0
0.0
2.1321
0.0
0.0
0.0
0.0
0.0
0.0
0.0
0.0
0.0
0.0
0.0
0.0
0.0
0.0
0.0
0.0
0.0
0.0
0.143673
0.599295
0.251396
0.752332
0.0
0.0
0.0
0.0
0.0
2.51599
4.1307
0.264196
1.08733
1.72593
0.0
2.07392
0.652411
0.0
0.0
1.18106
0.0
0.0
0.0
2.538
0.819291
0.0
0.384425
1.72741
0.0
0.922449
0.0
0.0
1.0255
0.624841
0.0
0.0
1.10002
0.0
0.252407
0.0
0.0
0.0
0.0
0.0
0.0
0.0
0.0
0.0
0.0
3.19277
0.0
0.0
0.0
0.0
0.0217451
0.543141
2.66337
0.0
1.59198
2.7325
0.258275
0.0
0.0
0.0
0.0
1.20875
0.0
0.0
0.0
0.0
0.0
1.30156
2.38916
0.0
0.0300107
0.0
0.0
0.0
0.0
0.0
0.0
2.54823
0.0
0.0
0.0
0.0
0.0
0.0
0.0
0.0
0.0
0.0
0.0
0.0
1.0581
0.0
2.02242
0.0
0.0
0.0
1.13221
3.03387
0.0
0.0
1.65329
0.0
0.0
0.0
0.0
0.695147
0.0
0.0
0.992138
0.0
1.88741
0.0
0.0
0.234022
0.0
0.0
0.0
0.0
0.0
0.0
0.0
0.0
0.0
0.287215
0.132088
0.0
0.0
0.0
0.224289
0.0
0.0
0.0
0.0
0.0
0.0
0.0
0.640495
0.0
0.909464
0.0
0.0
3.37047
2.26415
0.752048
0.0
0.503921
1.78516
0.0
0.866315
0.0
0.692084
0.103079
1.52559
0.0
2.86384
0.63847
0.0
0.0
0.0298953
0.0535632
0.0
0.0
0.0
2.48236
0.0
0.0
1.44903
0.0
0.0
0.0
0.0
0.0
0.732832
0.0
0.667515
5.4986
0.0
0.0
0.0
0.0
0.0
0.0
0.0
0.0
0.230707
3.58451
1.31372
0.0
3.39527
0.0
0.358174
0.0
0.0
0.0
0.079067
0.482225
0.0
0.0
0.102986
0.0
0.0
0.0
0.265524
0.400273
0.0
0.0
0.372958
0.0
0.0
0.0
0.0
0.0
1.14297
0.0
0.0
0.617401
0.0
0.0
0.0
0.0
0.0
0.0
0.0
0.0
0.601432
0.0
0.0
0.170807
0.0
0.0
0.0
0.0
0.0
0.0
0.0
0.0
0.834552
0.835988
0.0
0.0
0.0
0.0
0.0
0.0
0.0
0.142515
0.0
0.0
0.0
2.34182
0.0
2.80887
0.0
0.181959
0.0
0.0
0.0
0.0
0.650865
0.0
0.0
0.0
0.0
0.0
1.1988
0.0
0.0
0.0
0.217362
1.22874
0.0
0.0
0.0
0.0
0.0
1.99211
0.0
0.0
0.26831
0.0
0.0
0.335305
0.0
0.0
0.0
0.0
0.0
0.0
0.0
1.70827
0.0
0.996002
0.0
0.0
0.0
0.00943567
0.147313
0.0
0.0
0.0
0.0
0.0
0.0
0.0
0.0
0.0
0.0
0.0
0.0
1.39298
0.0
0.846242
0.0
1.1434
0.0
0.0
0.0
0.0
0.0
0.0
0.0
0.0
0.0
0.403651
0.0
0.0
0.0
1.89088
0.197828
0.69516
0.0
0.0
2.04982
0.0
0.0
0.0
0.0
0.982761
0.0
0.0
2.32951
0.0
0.763113
0.0
0.124336
0.0
0.0
1.6299
0.0
0.198539
0.0
0.405605
1.1794
0.0
0.0
0.0
0.0
0.0
0.0
1.43598
3.12961
3.57017
0.485819
0.0
0.0
0.0
0.0
0.756903
0.650665
0.0
0.29386
0.0
0.0
0.0
0.0
0.0
0.0
0.365849
0.0
0.0
0.0
1.50296
0.156968
2.58215
0.0
0.0
3.08557
0.825617
0.0
0.0
0.0
2.13464
0.0
0.0
0.0
0.0
1.93439
0.726535
0.786149
0.07773
0.000728935
0.0
0.0
0.0
0.0
0.0
2.89517
0.0
0.0
5.1736
0.0
0.0
0.0
0.0
0.0
0.0
0.0
0.0
0.0
1.09553
0.0
0.0
0.0
0.0
0.0
0.0
0.0
0.0
0.0
2.03683
1.85369
0.0
0.0
0.0
0.0
0.0
0.0
0.0
0.757852
0.0
3.71492
0.0
0.0
0.0
0.0
1.76408
0.0
0.0
0.533407
0.0
0.0
0.0
0.0
0.0
0.0149894
0.670484
0.75116
0.0
1.70509
0.0
0.241518
0.0
0.588076
0.0
0.0
2.34622
0.0550886
0.0
0.439995
0.0
0.0
0.0
0.206205
0.0
0.327631
0.0
0.786998
0.0
0.0
0.0
1.04655
0.0
1.70858
1.60217
0.0
0.0
0.0
0.387718
0.0
0.0
0.14341
0.0
0.0
0.0
0.0
0.0
2.03908
0.0
0.0
0.0
0.0
0.0
0.353516
0.951373
0.0
0.0
0.0
1.62828
0.0
0.0
1.09354
0.0
0.574251
4.62876
0.26444
1.1578
0.0
0.985072
0.0
2.5185
0.0
0.0
0.0
0.0
0.0
1.24889
0.344821
0.0
0.0
0.0
0.0
0.0
1.99328
0.0
0.0
0.0
0.0
0.931333
0.0
0.0
0.0
0.0
2.65595
0.0
0.0
0.0
0.0
0.0
0.0
0.0
0.242157
0.0
0.0
0.0
0.0
0.0
0.0
0.0
0.680365
0.0
0.0
0.0
0.0
0.0
0.0
0.0
0.0
0.0
0.0
0.0
2.80761
2.37269
0.0
0.0
0.0
0.0
0.0
0.0
0.0
0.0
0.0
0.0
0.0
0.469191
0.0
3.90906
0.0
0.0
0.531902
0.0
0.0
0.0
0.0
0.0
0.0
0.0
0.0
0.0
1.0613
1.63091
0.0
0.0
0.0
2.87509
0.0
1.44603
0.307727
0.0
3.16314
3.59916
0.0
1.93653
0.0
0.0
0.0
2.17888
0.0
0.652714
0.277932
0.0
0.0
0.0
0.0
0.0
0.501465
0.0
0.0
0.0
0.0569373
0.762064
0.0
0.0
0.0
0.0
0.0
1.45481
0.0
0.0
0.0
0.0
0.527467
0.0
0.676766
1.30034
0.0
0.361551
0.0
0.0
2.03618
0.0
0.522508
0.0
0.0
0.0
0.0
0.871237
0.0
0.0
0.0
0.0476846
0.0
0.126347
0.928778
0.0
0.0
2.7035
0.0
0.0
0.0
0.0387487
0.0
0.718321
1.63525
1.51014
0.0
0.0
0.156551
1.29105
0.0
1.17137
0.0
0.256832
0.0
0.0
0.0
3.01605
0.0
0.0
0.0
0.0
1.51316
0.549681
0.0
0.0
2.49006
0.0
0.0
0.0
0.0
1.22013
0.0
0.0
0.78308
0.0
0.0
0.0
0.0
0.0
0.0
0.0
1.50351
1.07714
0.153475
0.305513
0.0
2.40106
0.0
0.0
0.192266
0.0
0.0462762
1.63432
0.0
2.58843
0.0
0.0
0.0
0.0132433
0.0
0.0
0.0
0.0
0.0
0.0
0.0
0.0
2.21743
0.638037
0.762504
0.639819
0.0
0.0
0.0
3.19434
0.262601
0.0
0.0
0.0
0.0
0.0
0.0
1.21432
0.0
0.174812
0.0
0.0
0.8074
0.0
0.0
0.0
5.31017
0.0
1.9733
0.0
0.0
0.0
0.658327
0.0
0.0
0.568742
0.0
0.0
0.0
0.0
0.0
0.0
0.0
0.0
0.0
0.0
0.0
0.0
0.407412
0.0
0.0
0.0
0.0
0.0
2.69462
0.0
1.06221
2.22104
1.37096
2.09702
0.0
0.0
0.0
1.07298
0.448347
2.50807
0.0
1.76569
1.49973
0.0
0.290994
0.0
1.75168
0.269138
0.926517
0.0
0.0
0.0
0.0
0.0
0.0
0.478296
2.30893
0.0
0.0
0.0
0.0
0.0
0.0
0.0
0.202271
0.0
0.0
1.23662
1.88876
0.0
0.0
0.708922
0.491945
1.93333
0.0
0.0
0.0
3.72417
0.0
0.0
0.0
0.0
0.0
0.0913274
0.0
0.580174
0.0
0.0
0.808769
0.414066
0.0
0.0
0.0
0.0
0.0
1.57325
1.13364
0.0
0.68999
0.0
0.0
0.138197
0.0
0.0
0.273315
0.0
0.0
1.19189
0.0
0.0
0.0
0.0
0.0
0.0
0.0
0.0
0.0
0.0
0.0
0.0
0.0
0.0
0.0
0.0
0.0
0.0
0.0
0.0
0.0
0.0
0.0
0.0
0.227401
0.71239
0.0
0.0
0.0
0.0
1.66544
2.57707
0.500537
0.0
0.0
0.159739
0.0
0.0
0.560201
0.0
0.0
0.0
2.30267
0.0
0.0
0.0
1.13801
0.0
0.0
0.0
0.0
0.0
0.0
0.0
0.0
0.0
0.0
0.0
0.0
0.0
0.0
0.206058
0.0
1.7242
0.0
0.46937
0.0
0.0592389
0.996779
0.0
0.0
0.96408
0.0644624
0.0
0.0
0.0
0.0
0.0
0.0
1.69969
0.0
0.0
0.0
2.18723
0.0
0.0
0.284888
0.0
0.0
0.516372
1.87897
0.0
0.5584
0.907115
0.0
1.42255
0.0
2.3027
0.0
0.795393
1.87918
0.0
0.602059
0.0
1.35185
0.0
0.0
0.0
0.0
0.0
0.0
0.0
0.0
0.0
1.39843
0.0
0.0
0.0
0.0
0.0
0.683114
0.0
0.427398
0.0
0.621459
0.0
0.0376055
0.0
0.0
0.0
0.0
0.0
0.0
0.0
0.0
0.0
0.0
0.58667
0.0
0.0
2.59028
0.0
0.0
0.0
0.0
0.0
0.0
0.0
0.0
1.56244
0.0
0.0
0.0
0.0
0.0
2.96162
0.0219345
0.0
0.0
0.0
0.0
0.0
0.0
0.0
0.0
0.0
0.0
1.94045
0.0
0.0
0.0
0.0
0.0
0.0
0.0
0.0
0.0
0.0
0.0
0.116887
0.0
0.0
0.0
0.0
0.0
0.0
0.712342
0.0
0.0
0.0
0.0458792
1.34556
0.698232
0.925247
0.638711
0.0
0.0483564
0.0
0.0
0.0
2.89935
1.03856
0.464425
0.0
1.60478
0.0
0.495423
0.0
0.854915
0.0
0.0
0.0
0.0
0.0
0.0
0.0
0.0
0.0757381
0.0
0.0
0.0
0.0
0.0
0.0
0.0
0.0
0.0
0.897147
1.04324
0.136315
0.0
0.0432223
0.0
0.0
0.0
0.0
0.0
0.0
0.0
0.0
0.503568
0.0
0.0
0.0
1.14795
1.24136
0.0
1.5198
0.0
0.0
0.0
0.0
2.31704
1.1885
0.0
0.0
0.0
0.0
0.0
0.0
2.60212
0.0
0.0
0.0
1.37642
0.0
0.659914
0.559771
0.0
1.96983
0.754572
0.0
0.0
0.0
0.0
0.0
0.0
0.0
0.0
0.0
0.0
0.0
0.0
0.0
3.76801
0.0
1.4818
0.0
0.129327
0.0
0.0
1.31338
0.0
0.0
0.0
0.0
0.652293
0.0561535
0.0
1.75626
0.0
0.0
2.296
0.0
0.0
0.0
0.0
0.0
2.73131
0.0
0.0
0.0
0.0
2.413
0.10911
0.0
0.140861
0.0
0.0
3.15082
0.0
0.0
0.0
0.0
0.0
0.936883
0.0
0.631845
0.0
0.0
0.0
0.0
0.0
0.0
0.0
0.0
0.0
0.0
0.0
0.0
0.0
0.0270292
0.0
2.19374
0.0
0.20884
0.0825561
0.0
0.0
0.0
0.0
0.0
0.792235
1.87523
0.650032
0.622202
0.0
0.663027
0.0
1.55714
0.0499603
0.0
1.39859
1.09342
1.92694
0.0565678
0.099395
1.85955
0.0
0.792997
0.267207
0.0
0.0
0.0
0.0
1.21406
0.0
0.0
0.05991
0.0
0.0
0.0
0.0
0.0
0.0
0.0
0.0
0.0
0.0
1.81259
0.0
0.0
0.0
0.0
0.334735
0.0
0.0
0.0
0.41743
0.0
0.585163
1.1825
0.542179
0.0
2.46428
1.93393
0.0
0.0
0.132155
0.0
1.02851
1.83703
0.0
0.0
0.0
1.73851
0.0
0.0
2.50752
0.0
0.0
2.10513
0.0
4.44934
0.0
0.0
2.0141
3.8561
0.0
0.0
0.0
2.00272
0.0
3.62208
1.94278
0.0
0.551041
2.48073
0.0
0.0
1.88874
1.06935
2.66521
0.0
0.0
0.0
0.0
2.13415
0.0
0.0460291
0.999867
0.0
0.0
0.0
0.0
0.0
0.0
1.90799
0.0
0.0
0.373828
0.0
0.0
0.0
0.0
0.0
0.117871
0.0
0.0
1.78644
0.0
0.0
0.936699
0.890824
0.250946
0.0
0.83239
0.0
0.0
0.0
0.0
0.0
0.0
0.0
0.806799
0.0
0.0
0.0
0.726751
1.05679
1.91343
0.0
0.0
0.938033
0.870197
0.0
0.0
2.19374
0.0
2.78462
0.0
0.379006
0.286853
0.0
1.31955
0.0
0.0
3.13439
0.0
0.0
0.0
0.0
0.0
0.0
2.20845
0.225875
0.0
0.362126
1.24679
0.0
3.31011
0.0
0.0
0.0
0.0
0.0
0.0272488
0.0
0.0
1.62625
0.0
0.952408
1.02396
0.0
0.0
0.0
0.109976
2.97216
0.0
0.0
0.0
0.0
3.08133
0.111102
0.0
0.545042
0.0
3.70082
0.0
0.0
0.0
0.0
0.0
1.40531
5.44727
0.0
0.0
0.0
1.41864
0.618514
0.0
0.0
1.91962
0.0
0.0523729
0.857463
0.0
0.0
0.0
0.0
0.0
0.0
0.0
0.0
0.0
0.0
0.0
0.0
0.0
0.0
0.0
0.0
0.995988
0.0
0.400643
0.0
0.0
0.0
0.0
5.94744
0.0590607
0.0
0.0
3.21761
0.325085
1.22988
0.0
0.0
0.0
0.0
0.0
0.0
0.819973
0.392027
0.0
0.0
0.0
0.0
0.0
2.41985
0.0
0.0
0.0
0.437336
0.0
0.356823
0.0
0.0
0.0
0.571625
2.50365
0.102823
0.40438
0.0
0.0
0.0
0.972817
0.0
0.0
0.0
0.0
0.0
1.56041
0.0
0.0
1.53461
0.59929
3.18876
0.0
0.0
0.238695
0.0
1.9211
0.0
0.0
0.0
0.587623
0.0
0.0
1.29707
0.0
0.179721
0.0
0.0
0.0
0.621335
0.0
0.190201
2.30535
0.0
0.0
0.0
0.0
0.781243
0.895388
0.0
2.8843
3.92618
0.0
0.455005
0.0
0.0
0.0
0.0
0.781674
0.0
0.0
0.0
1.76771
0.0
0.231443
0.0
0.0
0.260631
0.0
0.485786
0.437408
0.0
0.0
0.224731
0.0
0.0
0.198417
0.0
0.434771
0.0
1.16612
0.0
1.79609
0.0
0.0
0.0
0.0
0.0
0.0
0.0
0.0
0.0
0.0
0.0
0.0
0.0
0.0
0.0
0.348102
0.0
0.0
0.0
0.985492
0.0
0.0
0.0
3.93459
0.0
0.926018
0.823534
0.639567
0.0
0.0
0.0
0.0
4.38538
0.0
0.0
0.0
0.134619
0.0
0.181478
3.39076
0.0
0.0
0.0
0.0
0.0526487
0.0
0.112549
0.479303
1.62663
0.0501782
0.0
1.2133
2.07067
0.0
0.0
0.0
0.0
0.0
1.48429
0.0
0.0
0.0
2.33744
0.42982
5.864
0.684413
0.0
0.0
0.0973824
0.0
0.0
0.0
0.0
1.89599
0.0
0.0
0.0
0.0
0.0
0.0
0.0
1.10486
0.0
0.0
0.0
0.0
0.0
0.445512
2.82534
2.39392
0.0
0.0
2.04331
1.36072
0.0
0.0440853
0.0
0.0
0.0
0.0
0.0
0.0
0.053713
0.0
0.0
0.238782
0.0
0.0
0.0
0.0
0.0
0.0
0.472091
0.0
2.31284
0.0
0.887511
0.913775
0.0
0.0
0.0
1.9879
0.0
0.549741
0.0
0.0
0.795393
0.0
1.0846
0.67521
0.0
0.0
2.16711
0.25939
0.6447
2.05454
0.334995
0.0
0.234308
0.0
0.0
0.379226
2.16616
0.0
0.082312
0.0
0.0
1.99556
0.0
0.0
2.62233
0.206543
0.0
0.0
0.0
0.0
0.0
0.0
0.497139
0.0
0.0
0.0
0.0
0.0
0.639514
0.0
0.0
0.0
0.0
2.61012
0.0
0.783338
0.479952
0.0
0.167149
0.0
2.31252
2.37037
0.0
0.0
0.0
0.0
0.0
0.0
0.0
0.0
0.0
3.90936
2.85357
0.0
0.0
0.840407
0.0
0.0
0.0
0.0
1.55251
0.0
0.0
1.26072
0.0
0.0
0.0
0.0
0.25335
0.0
1.06504
0.0
0.0
0.323967
0.0
0.0
0.0
0.0
0.0
0.0
0.0
0.0
0.149719
0.0
0.0
0.097856
0.0
0.0
0.0
0.0
1.68549
0.096172
0.0
3.54137
0.0
0.0
0.0
0.0
0.0
0.0
0.0
0.98903
0.0
0.0
0.0
0.0
0.0
0.0
0.0
0.0
0.0
0.0
0.0
0.0
0.0
1.37917
0.0
0.0
0.0
0.0
0.866364
0.962141
2.22359
0.0
0.0
0.0
0.289411
0.0
0.0
0.0
0.0
0.653927
0.0
0.0
0.216523
0.0
4.89736
0.0
0.0
0.0
1.77083
0.0
0.0
0.0335537
0.0
0.0
0.0
1.19657
0.0
0.0
0.67418
0.0
0.0
1.28586
0.0
0.0
0.0
0.0
0.0
0.0
0.0
0.0
0.0
0.0
1.25796
0.0
0.0
1.40193
0.0
0.0
0.0
0.0
0.0
0.0
0.824327
0.135076
0.0
0.0
0.753121
0.0
0.0
2.37821
1.06246
1.10447
0.0
0.0
0.0
0.0
0.0
0.703845
0.0
0.0
0.0
0.0
0.0
0.254785
0.87585
1.43893
0.0
0.967455
0.0
0.0
0.0
0.0
0.0
0.0
0.0
0.0
0.0
0.0
0.0
0.0
0.0
0.0
0.0
0.0
0.0
1.9868
0.0
0.253682
0.0
0.0
0.0
0.0
0.190463
0.0
0.0
1.65982
0.0
0.0
1.6772
0.0
0.0
1.39499
0.0
0.0
0.364263
0.0
0.0
0.0
2.35463
0.52108
0.422801
0.0
0.0
0.0
1.12669
0.0
3.51101
0.0
0.0
0.0
0.0
0.0
0.0
0.0
0.0
2.15801
0.0
0.0
0.0
1.12106
0.0
2.29646
0.0
1.25552
0.584853
0.0
0.0
0.616779
0.65288
1.3064
0.0
0.657875
0.362027
0.0
0.0
0.0839451
0.0
0.0
0.0
0.0
0.0
1.42501
1.28821
0.0
0.0
0.0
0.112831
0.0
0.0
2.2251
0.789433
0.0
1.42402
1.84215
2.47061
0.470951
0.0114515
0.691109
0.0
0.0
0.0
2.13166
0.0
1.05351
0.891694
0.0
0.178144
0.0
0.0
0.0
0.0
0.0
1.73699
0.0
0.0
2.63318
0.783922
1.67158
2.09327
0.00908813
0.538181
0.0
0.0
0.0
0.0
0.0
0.0
0.0
0.0
0.0
0.0
0.0
0.0
0.0
0.0
0.140392
0.0
5.27526
0.127681
0.374035
0.0
1.03067
0.0
0.0
0.0
0.0
0.0
0.0
0.0
3.31762
0.0
0.0
0.0
1.22086
0.282781
0.00926976
0.0
0.0
0.0
0.0
0.828012
0.0
0.0
0.0
0.0
0.0
1.46074
0.382309
0.21684
2.88554
0.42552
0.730715
0.0
1.35981
0.0
0.0
0.651533
0.0
0.046609
0.0
0.0
2.47682
0.0
0.0
0.0
0.0
0.0
0.457463
0.0
0.87107
1.57458
0.970645
0.0
1.1525
0.0
0.0
0.0
0.0234242
1.48279
0.0
0.0
0.0
0.0
0.0
0.0
0.0
2.28357
0.0
0.0
1.10551
0.0
1.72918
0.0
0.0
0.319806
2.03629
0.0
0.0
0.0
0.0
0.0
0.730268
1.66298
0.0518279
0.0
0.267811
0.0
0.0
0.808355
1.14849
4.2605
0.520211
0.0
0.263485
0.0
0.0
1.08623
0.0
0.0
0.0
0.0
0.0
0.0
0.0
0.0
0.0
0.0
0.0
0.0
0.0
0.0
0.335937
0.0
0.0
0.0
0.0
2.32078
1.14884
1.30246
0.0
0.0
0.320268
0.0
0.0
0.0
0.0
0.0
0.0
0.0
0.0
0.0
0.0
0.0
0.0
0.541502
0.0
2.73885
0.0
0.0
0.893272
0.0
0.0
0.0
0.0
0.289152
0.0
0.0
1.5427
0.0
0.0
0.782316
0.0
0.0
0.0
0.0
0.0
1.20554
0.0
0.0
0.00265461
0.0
0.0
0.0
0.145859
0.0
1.8075
0.180618
0.0
0.0
1.38957
0.0545469
2.09192
0.0
0.0
0.0
0.0
0.135973
0.0
0.149944
0.0
0.0
0.0
0.0
0.761416
0.0
0.278258
0.0
0.0
0.802268
0.0
0.0
0.0
2.29587
0.387821
0.562352
0.0
0.0
0.0
0.0
0.0
0.0
0.0
0.0
0.0
0.0
3.57129
0.0
0.0
0.644806
0.0926724
0.0
0.0
0.0
0.0
0.620949
0.0
0.0
0.769119
2.14922
0.0
0.0
0.0
1.26944
0.0
0.0
0.0
0.0
0.308652
0.0
1.09306
1.07078
2.3395
0.0
0.0
0.0
0.0
0.988542
0.400738
1.82211
0.0
0.0
1.26398
0.0
0.0
0.0
0.0
0.380618
0.0
0.0
0.0
0.0707804
0.0
2.73829
0.531826
0.420342
1.12455
0.496498
0.0
0.180276
0.0
0.0
0.0
0.0
1.98561
0.0
0.0
0.0
0.0
0.0
0.0
0.0
0.0
0.0
0.0
0.0
0.0
0.0
1.19767
0.0
0.0
0.397119
0.0
0.0
0.0
0.0
0.0
0.0
0.15624
0.268848
0.943049
1.34997
0.0
0.0
2.55411
0.0
0.0
0.0
0.0
0.0
0.0
0.0
0.0
1.89144
0.0
0.0
0.0
0.0
0.0
0.0
0.736114
0.88327
0.0
0.0
0.0
0.0
0.0
0.0
0.0
0.0
0.0
2.20349
1.31741
0.0
0.0
1.01432
0.0
0.0
0.0
0.0
0.0
0.0
1.28953
1.10039
0.6069
0.0
0.0
0.112686
0.0
1.10807
4.4257
0.0
0.0
0.0
0.0
0.0
0.0
0.0
0.0
0.0
3.6783
0.0
0.0
1.42758
0.0
0.0
0.0
0.0
1.36526
0.0
0.0
0.0
0.866928
0.739068
0.273231
0.0
0.0
0.0
0.0
0.0
0.234829
0.0
0.370146
0.0
0.0
0.0
0.117943
0.0
0.379294
0.661679
0.1512
0.382025
0.0
0.0543467
0.0
0.0
0.0
0.0
0.0
0.0
0.0
0.0
0.0
1.48016
0.0
0.0
0.0476111
1.48026
0.798118
0.0
0.0
0.0
1.0351
0.0
0.0
0.0
0.0
0.0
0.0
0.0
0.0
0.0
2.90196
0.0
4.23199
0.944762
0.606262
0.197952
0.953562
0.0
0.0
0.0
0.564282
0.0
0.0
0.543625
0.0
0.0
0.0
0.0
1.30878
1.00792
1.95034
0.0
0.0
0.978289
0.0
0.0
0.0
1.65918
0.209993
0.0
0.0
0.0
0.0
0.404266
0.0
0.0
0.0
0.0
0.0
0.0
1.05867
0.0
0.161924
0.713342
0.0
0.388214
0.0
0.0
1.62452
0.0
0.0
1.17366
1.31833
0.292088
0.0
0.0
0.0
0.0
0.0
0.0
1.07176
0.330159
0.0
0.0
0.0
0.0
1.41886
0.0
0.0
0.0
0.0
1.57902
0.0
0.0
0.0
1.82355
0.0
1.44069
1.58225
0.0
0.0
0.234603
0.0
0.0
0.0
0.93844
0.0
0.0
1.7886
0.0
0.0
0.0
0.0
0.403721
0.0
0.0
0.311488
0.0
0.533495
0.0
0.0
0.735058
0.0
0.570132
0.0
0.885532
0.87074
0.0
0.0
0.0
0.748526
1.78229
0.0
0.0
0.0
0.297992
0.0
0.308216
0.0290517
0.0
2.57684
0.726947
0.0
0.0
0.58829
0.527781
0.0
0.0
0.0
0.0
1.17741
0.0
0.0
0.0
0.0147746
0.0
0.0
0.0
0.0432545
0.366833
0.623764
0.0
0.0
0.0
0.0
0.0
0.0
0.0
0.0
0.0
0.437647
0.0
0.0
0.0
0.0
0.0
0.0
1.46573
0.0
0.0
1.41005
0.722388
0.0
0.0
1.29527
0.0
0.0
0.0
0.0
0.0
0.0
0.0
0.0
0.102086
1.22241
0.0
0.0
0.0
0.0
0.0
0.809499
0.0
0.0
0.0
1.85773
0.0561711
0.0
0.0
0.0
0.0
0.0554172
1.20947
0.37106
0.804874
0.0
0.0
0.0
1.48331
0.0
0.0
0.0
3.16906
0.0
0.0
0.0
0.0
0.0
0.0681066
2.15394
0.0
0.0
0.616934
0.0
0.0
0.0
0.0
0.683738
0.0
1.70598
0.0
0.0
0.0
0.0
0.0
0.0
1.72717
1.27371
2.53523
0.0
0.0
0.0
0.0
2.17004
0.0
4.42393
0.0
0.0
0.39254
0.0
0.0
0.0
0.0
0.0
0.737367
0.0
0.0
0.661403
0.0
0.0
2.57874
0.0
0.0
0.0
0.0
0.0
3.08212
0.0
0.0
0.0
0.0
0.473883
0.143207
0.0
0.319537
0.65895
0.0
0.0
0.0
0.0
2.51686
1.23073
0.0
0.660717
0.0
0.0
0.0
0.0
0.948296
0.0
0.0
0.0
0.0
0.0
3.72964
0.0
0.0
0.0
0.589007
1.16926
0.0
0.298552
0.856397
0.0
0.0
0.0
0.0
0.0
0.0
0.133375
0.912102
0.777203
0.0
0.0
0.0710626
0.0
0.0
0.0
0.0
0.0
0.295186
0.0
0.0
0.126094
0.217713
0.0
0.0
0.0
0.0
0.0
0.0
0.163561
1.81937
0.0
0.0
0.771254
0.0
0.0
0.0
0.0
0.0
0.0
0.0
0.0
1.19042
0.0
1.22311
1.3535
0.0
0.0
0.55627
0.0
0.0
1.56028
0.0
0.0
0.721547
0.0
0.0
0.262385
0.0
0.0
0.0
0.893147
0.0
0.0
1.08215
0.0
0.0
0.0
0.0
0.0
0.168074
0.0
5.18384
0.0
0.0
0.0
0.0
0.0
1.44241
0.213552
0.0
0.0
0.0
0.0
0.0
0.0
0.0
0.0
0.0
0.0
0.0
0.535982
0.468409
2.36545
0.752507
1.19147
0.0
0.0
0.0
0.0
0.835381
0.213685
0.0
0.0
0.0
0.0
0.205942
0.0
0.0
0.510458
0.0
0.0
0.633653
2.4322
0.0
2.11511
0.0
0.443003
0.0
0.0
1.19016
0.0
0.0
2.5743
0.0
0.981789
0.0
0.0
0.0
2.80115
0.0
0.0
0.0
0.0
1.56041
2.51671
0.0
0.0
0.0
0.0
0.0
0.442153
0.0
0.0
0.475343
0.0
0.0
1.15144
0.394813
0.875887
0.0
0.629404
0.0
0.0
0.0
0.0
2.13074
0.0
0.860651
0.0
0.0
0.0
0.0
0.0
0.292862
0.160985
0.0
0.0
0.0
1.17663
0.0472549
0.0
0.0
0.0
0.0
0.982103
0.0
1.78728
0.0
0.69424
0.0
0.0
0.0
2.30017
0.0
0.0
0.0
0.0
0.46755
0.687402
0.0
1.75426
0.0
0.0
0.0
0.0
0.0
0.0
0.0
0.0
0.0
0.0
0.792136
0.0
0.0
0.0
0.0
1.52894
0.0
0.0
1.51887
0.0
1.68503
0.53181
1.17459
0.388743
1.25442
0.0
0.0513116
0.0
0.0
0.0
0.0
0.124597
0.0
0.0
0.0
1.60857
0.0
0.0
0.0
0.742305
0.0
0.0
0.900337
0.0
0.0
0.558501
0.0
0.0
0.489201
1.97994
0.412461
0.0
0.508961
0.0
2.46082
0.0281937
0.0
0.0
2.2156
0.0
0.0
0.446282
1.43401
0.0
0.459405
0.0
0.115949
0.0
1.45886
0.358086
0.0
0.590888
1.141
0.0
0.0
0.0
1.91065
0.0
0.0
0.0
0.0
0.352609
0.0
0.0
1.03226
0.652411
1.64874
0.0
0.0
0.0
0.164532
0.0
1.04376
0.0
0.0
0.0
0.687312
0.0
0.0
0.0
0.0
0.117148
3.95656
0.0
0.0
0.0
0.0
0.692943
0.0
0.0
2.20762
0.0
3.25303
0.0
0.0
3.70363
0.0
0.0
0.0
0.0
1.42014
1.17728
0.0
0.370103
0.0
0.451522
0.287393
2.67049
0.0
1.89461
0.0
0.225088
1.33936
0.466768
1.55285
1.12774
0.0
0.0
0.26417
0.0
0.0
0.0
0.0
0.0
0.0
0.0
0.0
4.49301
0.0
0.0
1.00828
0.0
0.0
1.04975
0.487044
0.0
3.63594
0.0
0.00521958
0.0
0.713467
1.49367
1.66215
0.0
1.50407
0.0
2.49249
2.58385
1.15513
1.48467
0.0
0.058615
0.601297
3.92628
0.0
1.69017
0.0
0.0
0.0
1.63022
0.885051
0.0
0.752161
4.22451
0.0
0.217526
1.86357
0.0
0.0
0.0
0.0
0.0
0.0
0.119506
1.46773
0.0
0.0
0.0
0.0
0.310743
0.0
0.0
0.0
0.0
0.0
0.0
0.0
0.0
0.0
0.0
1.84576
0.925896
0.0
0.0
0.235302
0.0
0.0
0.0
0.233353
0.937395
0.0
0.0
0.0
0.0
0.0
0.277535
0.0939892
0.0
1.61982
0.0
0.0
0.0
0.0
2.47465
1.23569
2.08502
0.0
0.0
1.09615
0.0
2.6234
0.0
0.0
0.547579
0.0
0.300436
0.739112
2.45749
0.791716
0.972717
0.275815
0.0
0.0
0.0
0.0
0.0
0.0
0.0
0.0
1.50962
0.0
0.276366
0.0
0.0
0.0
0.0
0.0415468
0.0
4.05739
0.38547
0.499619
2.95871
0.0
0.0
0.88657
1.45894
0.0
0.0
0.0
0.0
0.0
0.0116615
1.67785
0.0
0.909439
1.91502
0.0
0.0
1.43098
0.0
1.76554
1.40342
0.0
0.0
2.53888
0.0
0.0
0.0
0.461154
0.0
0.0
0.0
0.0
0.0
0.0
0.0
0.0
0.0
2.10608
0.0
0.262077
3.16067
0.940898
0.438566
0.0
0.0
0.0
0.0
0.0
0.588614
1.06762
0.0
0.0
0.0
0.890731
1.08968
0.0
0.0
1.05429
0.0866206
2.1971
0.436576
0.0
0.0
0.0
0.0
0.0
0.0
0.0
0.0
0.0
0.0
0.0
0.0
0.0
0.0
0.443405
2.08353
0.0
0.0
0.512633
0.0
0.0
0.0
1.10417
0.0
0.0
0.0
0.0
0.0
0.0
2.34719
0.0
0.0
0.0
0.0
0.0
2.91588
0.0
0.0
1.887
0.0
0.0
0.0
0.0
2.985
0.0
0.0
0.0
0.0
0.0
0.999209
0.0
0.0
0.0
2.49678
0.0
0.0
0.724786
0.0
0.607318
0.0
0.0
0.0
0.0
0.0
0.0
4.13529
0.826574
0.313702
0.841445
0.417962
0.0
0.0
0.0
0.0
0.0
2.43391
0.0
0.0
0.0
0.0
0.0
0.0
0.0
0.0
0.0
3.1788
0.0
0.0
0.0
0.583768
1.63986
0.482103
0.0527859
0.0
0.0
0.0
0.0
4.03438
0.0
0.360465
0.0
0.0
0.0
0.0
0.0
0.0
0.0
0.146587
0.0
1.28045
0.0
0.41693
0.0
1.60116
0.0
0.0
0.0
0.34585
0.0
