0.0
0.906544
1.85265
0.0
3.08208
0.0
0.0
0.0
0.0
0.0
0.0
0.0
0.0
0.377452
0.0
0.0
0.0
0.0
0.0
0.0
0.0
1.84756
0.0
0.0
0.0
0.0
0.0
0.0
0.0
0.0
0.0
2.08313
0.0
7.01308
0.0
0.0
0.0
0.0
0.0
0.0
0.0
0.0
3.9396
0.0
0.0
0.0
0.0
0.16071
0.0
3.13451
0.0
0.0
0.0
0.0
0.0
0.0
0.0
0.0
0.0
0.0
0.0
0.0
0.0
4.61478
0.0
0.0
0.0
0.0
0.0
0.0
0.0
0.0
0.0
0.0
0.0
0.0
0.0
0.169112
0.0
0.0
3.96923
0.0
0.0
0.0
0.0
0.0
0.0
0.0
0.0
0.0
0.0
0.0
0.0
0.0
0.0
0.0
0.0
0.0
4.40329
0.0
0.0
0.0
0.0
0.0
0.0
0.0
0.0
0.0
0.0
0.0
0.0
0.0
0.0
1.75407
0.551627
0.0
0.0
0.0
1.47646
0.0
0.0
0.0
0.0
0.0
0.0
0.0
0.0
4.95964
0.0
0.0
0.0
0.0
0.0
0.0
0.0
0.0
2.16783
0.0
0.0
0.0
0.0
2.9984
0.0
0.0
0.0
0.0
0.0
0.0
0.0
0.0
0.0
0.0
0.0
0.629453
0.0
0.0
0.0
0.0
0.0
0.0
1.68376
0.0
0.0
0.0
0.0
0.0
0.0
0.0
0.31005
1.14965
0.0
0.0
1.22561
0.0
0.0
0.0
0.347975
0.0
0.257336
0.0
1.37877
0.0
0.0
0.0
0.0
0.0
0.0
0.0
0.0
0.0
0.0
0.0
0.231859
0.0
0.0
0.0
0.0
0.0
0.0
1.5765
0.0
0.0
0.0
0.0
0.0
0.0
0.0
0.0
0.0
0.0
0.0
0.0
0.0
0.0
0.0
0.0
0.0
0.0
0.0
0.0
0.0
0.402772
0.0
0.0
1.64528
0.0
0.0
0.0
0.0
0.0
0.0
0.0
0.0
0.0
0.0
0.0
0.0
0.0
0.0
0.0
0.0
0.0
0.0
1.04779
0.0
0.536045
0.0
1.81346
0.0
0.0
0.0
0.0
0.0
0.0
0.0
0.0
0.0
3.54833
0.0
1.16337
0.0
0.0
4.36824
0.0
0.0
0.0
0.047287
0.0
0.0
2.34304
0.0222552
2.57124
0.0
0.0
0.0
0.0
0.713919
0.0
0.0
0.0
0.0
2.95397
0.0
0.513264
0.0
0.0
0.0
0.0
0.0
0.0
0.0
0.0
0.0
0.0
2.47729
0.0
0.0
0.0
0.0
0.0
0.0
4.27733
3.14214
0.0
0.0
1.84108
1.93158
0.922966
2.83473
0.0
0.0
0.0
0.0
0.0
0.0
0.0
0.0
0.0
0.0
0.0
0.0
0.0
0.0
0.0
0.0
0.0
0.888098
0.0
0.0
0.0
0.0
0.0
0.0
0.0
0.0
0.0
0.0
0.0
0.0
0.0
0.0
0.0
0.0
0.0
0.0
1.14549
0.0
0.0
1.175
0.0
0.0
0.0
0.0
0.0
0.0
0.0
0.0
0.0
0.0
3.3411
0.0
0.0
0.0
0.0
0.0
0.685302
0.0
0.0
0.0
0.0
0.0
0.0
0.0
0.0
0.0
0.0
0.0
0.0
0.0
0.0
0.0
0.0
0.527875
0.839676
0.0
0.0
0.0
6.18858
0.169693
1.96147
0.0
0.0
0.0
0.0
0.0
1.79581
2.26486
0.0
0.0
0.0
0.0
0.0
0.0
0.0
0.0
0.0
0.0
0.0
0.0
0.0
0.0
0.0
0.0
0.0
0.0
0.0
0.0
0.0
0.0
0.45968
0.0
0.0
0.0
0.0
0.0
0.0
0.0
0.0
0.0
0.0
2.45101
0.0
0.0
0.0
0.0
0.0
0.0
0.0
0.0
0.0
0.0
0.0
0.0
0.0
1.91648
0.0
0.0
0.0
0.0
0.0
0.0
1.92921
0.0
4.13318
0.0
0.0
0.0
0.0
0.0
0.0
0.0
0.0
0.0
0.0
0.0
2.16303
0.0
0.0
0.0
1.9401
0.0
0.0
0.0
0.0
0.0
0.0
0.0
0.0
3.41252
0.0
0.0
0.0
0.0
0.158137
0.0
0.0
0.0
0.0
0.0
0.0
0.0
0.0
0.0
0.0
0.0
0.246043
0.0
0.0
0.0
0.0
0.0
0.0
0.0
0.0
0.0
0.0
0.0
0.0
0.0
0.0
0.0
0.462306
0.0
0.0
0.0
0.0
0.0
2.86595
0.0
0.0
0.0
0.264953
0.0
3.82491
0.0
0.0
0.0
0.0
0.0
0.0
0.0
0.0
1.67034
3.533
0.0
0.0
4.88478
0.0
0.0
0.0
0.0
0.0
2.09074
0.0
0.0
0.0
0.0
0.0
0.0
0.0
0.0
0.0
0.0
0.0
0.0
0.0
1.45592
0.0
0.0
0.0
0.0
0.0
0.0
0.32005
0.0
0.0
0.0
0.0
0.0
0.0
0.0
0.0
0.0
2.45076
0.28472
2.42937
0.0
0.0
0.0
0.0
0.0
0.0
0.0
0.0
0.0
0.0
5.02759
0.0
0.0
0.0
0.0
0.0
0.836782
0.0
0.0
0.0
0.0
0.0
0.0
0.0
0.0
0.0
0.0
0.0
1.6929
0.0
0.0
0.0
2.26298
0.0
0.0
0.0
0.0
0.0
0.0
0.0
0.0
0.0
0.0
0.0
6.60728
0.0
0.0
0.0
3.42858
0.0
0.0
0.0
0.0
0.0
0.0
0.0
0.0
0.0
0.0
0.0
2.96762
0.0
0.0
0.0
0.0
0.0
0.0
2.1902
0.0
0.0
0.0
0.0
0.0
0.0
0.0
1.85098
0.0
0.0
0.0
0.0
0.0
0.0
0.0
0.0
1.60775
4.94069
0.0
0.0
0.0
0.0
0.0
0.0
0.0
0.0
0.0
0.0
0.0
0.0
0.308651
0.0
1.94627
0.0
0.0
0.0
0.0
0.0
0.0
2.97713
0.0
0.0
0.0
0.0
0.0
0.0
0.0
0.0
0.0
0.0
0.0
0.0
0.0
0.0
0.0
0.0
0.0
0.0
0.0
0.0
0.0
0.0
0.0
0.0
0.0
0.0
0.0
0.0
3.4186
0.0
0.0
0.0
0.0
0.0
0.0
0.0
0.0
0.0
0.0
0.0
0.647454
0.0
0.0
0.0
1.05212
1.31678
0.0
0.0
0.0
0.0
2.5507
0.0
0.0
0.0
2.35999
0.0
0.098247
0.0
0.0
0.0
0.0
0.0
0.0
0.0
0.0
0.0
0.0
0.0
0.0
0.0
0.0
0.0
0.0
2.2097
0.0
0.0
4.25388
0.0
0.0
0.0
0.0
0.0
0.0
0.0
0.0
0.0
0.0
0.0
0.0
1.21665
0.0
0.0
2.4276
0.0
0.0
1.82874
0.0
0.0
0.0
0.0
0.0
0.0
0.0
0.0
0.0
0.0
0.0
0.0
0.0
0.0
0.0
0.0
5.3613
0.0
0.0
0.0
0.0
0.0
0.0
0.687389
0.0
0.821692
0.0
0.0
0.0
0.0
0.0
0.0
0.0
0.0
0.0
0.0
0.0
0.0
0.0
0.015785
0.0
0.0
0.0
0.0
0.0
2.3509
0.0
0.0
0.0
0.0
0.0
1.03486
0.0
0.0
0.0
0.0
0.0
0.0
0.0
0.0
0.0
0.0
1.05716
0.0
0.0
0.0
0.0
0.0
1.16195
0.60375
0.0
0.0
0.0
0.0
1.32982
0.0
0.896844
0.0
0.0
0.0
2.25062
2.68627
0.0
0.0
0.0
0.0
0.0
1.11824
0.0
0.0
0.0
0.0
0.0
0.0
0.0
0.0
0.0
0.0
0.0
0.0
0.0
1.05836
0.0
0.0
0.0
0.0
0.0
0.0
0.0
0.0
0.0
0.477352
0.0
0.0
0.676428
0.0
0.0
0.0
0.0
0.0
0.0
0.0
0.0
0.0
0.0
0.0
0.0
0.0
5.40209
0.0
0.0
0.0
0.0
0.0
0.0
0.0
0.0
0.0
0.0
0.0
0.0
0.0
0.0
1.21852
0.0
0.0
0.0
0.0
0.0
0.0
0.0
0.0
0.0
0.0
0.0
0.0
0.0
0.0
0.0
0.0
0.0
0.0
0.0
1.10065
0.0
0.0
2.4392
0.0
0.0
0.0
0.0
0.536566
0.0
0.0
0.0
0.0
0.0
0.0
0.0
0.552135
0.0
0.0
0.0
0.0
3.17577
0.0
0.0
6.76967
0.0
0.0
0.0
0.0
0.0
0.0
0.0
0.0
0.0
0.0
0.0
0.0
0.0
0.0
3.80104
0.0
5.15182
1.07228
0.0
0.0
0.0
0.0
0.0
0.0
0.546851
0.0
0.0
0.106184
0.0
0.0
0.0
0.0
0.0
0.0
0.0
0.0
0.0
0.0
0.0
0.0
0.0
0.0
0.0
0.0
0.0
0.0
0.0
0.0
0.0
0.0
0.0
0.0
0.0
0.0
0.0
2.46379
0.0
0.0
0.353994
0.0
0.0
0.0
5.21679
0.0
0.0
0.0
5.04363
2.22427
0.0
0.0
0.0
0.0
0.0
0.0
0.0
2.55491
0.0
0.0
0.0
0.0
0.0
0.0
0.0
0.0
0.0
0.23669
0.0
0.0
0.0
0.0
0.0
0.0
0.0
0.0
0.0
0.0
0.0
0.0
0.0
2.60389
0.0
0.0
0.0
0.31303
0.0
0.0
2.14168
0.0
3.7393
0.0
0.0
0.0
0.0
0.0
0.0
0.0
0.0
0.0
0.0
0.468697
0.0
0.0
0.0
0.0
0.0
0.0
0.0
0.0
0.0
1.34459
0.0
0.0
0.0
0.0
2.15197
0.0
0.0
0.0
0.0
0.0
0.0
0.0
0.0
0.0
1.21371
0.0
0.0
3.95236
0.0
0.0
0.0
0.0
0.0
0.0
0.0
0.0
0.0
1.18967
1.90514
0.0
0.0
1.03373
0.0
0.0
0.0
0.0
0.0
0.417118
0.0
0.0
0.0
0.0
0.0
0.0
0.0
3.79806
0.0
0.0
0.0
0.0
0.0
0.914528
0.0
0.0
0.0
0.0
3.12724
0.0
0.0
0.0
0.0
0.0
0.0
0.0
0.0
0.0
0.0
0.0
0.0
1.50522
0.0
0.0
0.0
1.12215
1.84153
0.0
0.0
0.0
0.0
0.0
0.0
0.0
0.0
1.26134
0.228804
0.0
0.0
0.0
0.0
0.0
2.57892
0.0
0.0
0.0
0.0
0.0
0.0
0.0
0.0
0.0
0.0
0.0
0.0
0.0
3.99218
0.0
0.0
0.0
1.06469
0.0
0.0
0.0
0.206815
0.0
0.0
0.0
0.0
0.0
0.0
0.0
0.0
7.54619
0.0
0.0
0.0
0.0
0.0
2.44314
0.0
0.42375
0.456901
0.0
0.0
0.0
0.0
0.0
0.0
0.883237
0.0
0.0
3.29957
0.0
0.0
0.0
0.0
0.0
3.42797
0.0
0.0
0.0
0.0
0.0
0.0
0.0
0.0
0.99407
0.0
0.0
0.0
0.0
0.0
0.267478
0.0
0.0
0.0
0.0
0.0
0.0
0.0
0.0
0.0
0.0
0.0
0.0
0.0
0.0
0.0
0.0
0.0
6.05084
0.0
1.85665
0.0
0.0
0.0
0.0
0.0
0.0
0.0
0.0
0.0
0.0
0.0
3.17128
0.0
0.0
2.43004
0.0
0.0
0.0
0.0
0.0
0.0
0.0
0.0
0.0
1.17205
2.23755
1.80455
0.0
0.0
1.87223
0.0
0.0
0.0
0.0
0.0
0.0
0.0
0.0
0.0
0.674627
0.0
0.0
0.0
0.0
0.0
0.0
0.0
0.0
0.0
0.0
0.0
0.0
0.0
0.0
0.0
0.0
0.0
0.0
4.48092
0.0
0.0
0.0
0.0
0.0
0.0
0.0
0.597711
0.0
0.0
0.0
0.0
0.0
0.0
0.0
0.0
0.0
0.0
0.0
1.62792
0.0
0.0
0.0
0.0
0.0
0.0
0.0
0.0
0.0
0.0
0.112652
0.0
1.5587
0.0
0.0
0.0
0.0
0.0
0.737192
0.0
0.0
0.0
0.0
0.0
0.0
0.0
0.0
0.0
0.855604
0.0
0.0
0.0
0.0
0.0
0.0
0.0
0.0
0.0
0.390624
0.0
0.0
0.0
0.155798
0.0
0.0
0.0
0.0
0.0
0.0
0.0
0.0
0.0
0.0
0.0
0.0
0.0
0.0
0.0
0.0
0.0
2.31562
0.0
0.0
0.0
0.0
0.0
0.0
0.0
0.0
0.0
2.93634
0.0
0.0
2.61863
0.0
0.0
0.0
0.0
0.0
0.0
0.0
0.0
0.0
0.437408
0.802683
0.647555
0.0
0.0
0.0
0.0
3.10837
0.0
0.0
0.0
0.0
0.0
0.0
0.0
0.0
0.0
0.0
0.0
0.0
2.5417
0.0
0.0
0.0
3.19703
0.0
0.0
0.0
1.34909
0.0
0.0
0.0
0.0
0.0
0.0
0.0
0.0
0.0
0.0
0.0
0.0
0.0
0.0
0.0
0.0
0.0
0.0
0.0
0.0
0.0
2.59892
0.0
1.92864
0.0
0.0
0.0
0.0
0.0
0.0
0.0
0.0
0.0
0.0
3.83953
0.710197
0.0
2.227
0.0
0.0
0.0
0.0114616
0.0
2.25769
0.0
0.0
0.0
0.0
0.0
0.0
0.0
1.47667
0.0
0.0
0.0
0.0
0.0
0.0
0.0
3.18585
0.0
0.0
2.8109
0.0
0.0
0.0
0.0
0.0
0.0
0.0
0.0
0.0
1.66615
0.0
0.0
0.0
0.0
0.0
0.0
0.0
2.71167
0.0
0.0
0.0
0.0
0.0
2.25525
0.0
0.0
0.58555
2.44678
0.843809
0.307483
0.0
0.0
0.0
0.0
0.0
0.0
1.14453
0.0
0.0
0.0
0.0
0.0
0.0
0.0
0.0
0.0
0.0
0.0
0.0
0.0
0.0
0.0
0.0
0.0
0.0
0.0
0.0
0.0
0.0
0.0
0.0
0.0
0.0
0.0
0.0
2.29207
0.0
3.65628
0.0
0.0
0.0
0.0
0.0
0.0
2.69878
0.0
0.0
0.0
0.0
0.0
0.0
0.0
0.0
0.0
0.0
0.0
0.842256
0.0
0.0
0.0
0.0
0.0
0.0
0.0
0.0
0.0
0.0
0.0
0.0
0.0
0.0
0.0
0.0
0.0
2.4984
0.0
0.0
0.0
0.0
0.767056
0.362852
3.96987
0.0
0.0
0.0
0.37732
0.0
0.0
0.0
0.0
0.0
0.0
0.0
0.0
0.0
0.0
0.0
0.0
0.0
1.68145
0.527154
0.0
0.0
0.0
0.0
2.65757
0.0768678
0.0
0.0
1.22344
0.0
0.0
0.0
0.2469
0.405121
0.0
0.0
0.0
0.0
0.0
2.20711
0.0
0.0
0.0
0.0
0.0
0.0
0.0
0.0
0.0
0.0
0.0
0.0
0.0
0.0
0.0
0.0
0.0
0.0
0.0
0.0
3.15505
0.0
0.0
0.0
0.0
0.0
3.47143
0.0
0.0
0.0
0.0
0.0
1.39232
1.03197
0.0
0.0
0.0
0.0
0.0
0.0
0.0
0.0
0.0
0.0
0.0
0.0
0.0
0.0
0.0
0.0
0.0
0.0
0.0
0.0
0.0
0.0
0.0
0.0
0.0
0.0
0.0
0.0
0.0
0.0
0.0
0.0
0.0
0.0
0.0
0.0
0.0
0.0
0.0
0.0
0.0
3.98712
0.0
0.0
0.0
0.0
0.0
0.0
0.0
0.0
0.0
0.0
0.0
0.0
0.0
0.0
0.0
0.0
0.0
0.0
0.0
0.0
0.0
0.0
0.0
0.0
0.0
0.0
0.0
0.0
0.0
0.0
0.70995
0.0
0.307203
0.0
0.0
0.0
0.0
0.0
0.0
0.0
0.0
0.0
0.0
0.0
0.172122
0.0
0.0
0.0
0.0
0.0
0.0
0.0
3.16062
0.808269
0.0
0.0
0.0
0.0
0.0
0.0
0.0
0.0
0.0
0.0
0.0
0.0
0.265985
0.0
0.0
0.0
0.0
0.0
0.0
2.01299
0.0
0.0
0.0
0.0
0.0
0.0
0.0
0.0
0.0
0.0
0.0
0.0
0.0
0.0
1.48774
0.0
0.0
0.0
0.0
0.0
0.0
0.0
0.0
2.45741
0.0
0.0
0.0
0.0
0.0
3.02901
0.0
0.0
0.0
0.0
2.24744
0.0
0.0
0.0
0.0
0.0
0.0
0.951031
0.0
0.0
0.0
0.0
0.0
0.0
0.0
0.0
0.0
0.0
1.37714
0.0
0.0
0.0
0.0
0.0
0.0
0.426117
0.0
0.0
0.0
0.0
0.0
0.0
0.0
0.0
0.505039
0.0
0.0
0.0
0.0
0.0
0.557544
0.0
0.0
0.0
0.0
0.0
0.0
0.0
2.9375
0.0
0.0
0.0
0.0
1.66787
0.0
0.0
0.0
0.0
0.996574
0.0
0.831413
0.0
0.0
0.0
0.83559
0.0
0.0
0.188806
0.0
0.0
0.0
0.413912
0.0
0.0
0.0
0.0
0.0
0.0
0.0
0.0
0.0
0.0
0.0
0.0
0.0
0.0
0.0
0.0
0.0
2.245
0.0
0.0
0.0
0.0
1.05271
0.0
0.0
0.0
0.0
0.0
0.0
0.0
0.0
5.66442
0.0
2.84692
2.01624
0.0
0.0
0.0
1.11773
0.0
0.0
0.0
0.0
0.0
0.0
0.0
0.0
0.0
0.0
0.0
0.0
0.11969
0.0
3.17508
0.0
0.0
0.857415
0.0
0.0
0.322421
0.0
0.0
0.0
0.0
0.0
0.0
3.30055
0.0
0.0
0.0
0.948125
3.00033
0.0
0.0
2.38158
2.11878
2.85028
0.0
0.0
0.0
0.0
0.0
0.0
0.0
0.0
0.0
0.0
0.0
0.0
0.0
1.9003
0.0
0.0
0.0
0.0
0.0
0.0
0.0
0.0
0.0
0.0
0.0
3.1526
5.03087
0.0
0.0
0.0
0.0
0.705126
0.0
0.0
0.0
0.0
0.0
0.0
3.75725
0.0
0.0
0.0
0.0
0.0
0.0
0.0
0.0
0.0
0.0
0.0
3.14317
0.0
0.0
0.0
0.0
4.79683
0.0
0.0
0.0
0.0
0.0
0.0
0.0
1.67791
0.0
0.0
0.0
0.0
0.144114
0.0
4.54918
0.0
0.0
0.0
0.0
0.0
2.66754
0.0
0.0
0.0
0.0
0.0
0.0
0.0
1.35965
0.843493
0.0
0.0
0.0
0.0
0.0
0.0
0.0
1.36423
0.279395
0.0
0.0
0.0
0.0
1.52997
0.0
0.0
0.0
0.0
0.0
0.0
1.16903
0.0
1.08267
0.0
6.41587
0.0
0.0
0.0
0.0
0.0
0.0
0.0
10.4514
0.0
2.6791
0.0
0.0
0.0
0.0
0.0
0.0
0.0
0.898794
0.0
0.0
0.0
0.326374
5.12975
0.0
0.0
0.0
0.0
0.294572
0.0
0.0
0.0
0.0
0.0
3.52586
0.372262
0.0
0.0
0.0
2.10351
1.05494
0.0
0.0
0.0
0.0
0.0
0.0
0.0
0.0
0.0
0.0
0.0
0.0
0.0
0.0
0.0
0.0
0.677869
0.0
0.0
0.0
0.0
0.0
0.0
0.0
0.0
0.0
0.0
0.30185
0.0
0.0
0.0
0.0
0.0
0.0
0.0
0.0
0.0
0.0
0.0
0.0
0.0
0.0
4.81776
0.0
0.0
0.0
0.0
0.0
0.0
0.0
0.0
0.0
0.0
0.0
0.0
0.0
0.0
0.0
0.0
0.0
0.0
0.0
0.0755346
0.0
0.720293
0.0
0.0
2.49886
3.32568
0.0
0.0
2.43116
0.0
0.0
0.0
0.0
0.0
0.0
0.0
0.0
0.0
0.0
0.0
0.0
0.0
0.0
0.0
0.0
0.0
0.0
0.0
0.0
0.0
0.0
4.22649
0.0
0.0
0.0
0.0
0.0
0.0
5.69671
0.0
7.76986
0.0
0.0
0.0
0.0
0.0
0.0
0.0
0.0
0.0
0.0
0.0
0.0
0.0
0.0
0.0
0.0
0.0
0.0
0.0
0.0
5.39598
0.0
0.0
3.05045
0.0
0.0
0.0
0.0
0.0
0.0
0.0
0.0
0.0
0.0
0.0
0.0
0.0
0.0
0.0
0.0
0.0
0.0
0.0
0.0
2.22646
0.0
0.0
0.0
0.410068
0.0
0.0
0.0
0.671032
4.65921
0.0
0.632016
0.0
0.0
0.0
0.0
0.0
0.0
1.90945
0.0
1.13642
0.0
0.0
0.0
0.0
0.0
0.0
0.0
0.0
0.0
0.0
0.0
0.0
0.0
2.40576
0.0
0.0
0.0
0.0
0.0
0.0
0.0
0.0
2.96226
0.0
0.0
0.0
0.0
0.0
5.77255
0.0
0.0
0.0
0.0
0.0
0.0
0.0
0.0
0.0
0.0
0.0
0.0
0.0
0.0
0.0
1.17743
0.0
0.0
0.0
0.0
0.0
0.0
0.0
1.6904
0.0
0.0
0.0
0.0
0.0
0.0
1.15289
0.0
0.0
0.0
3.92219
0.0
0.0
0.0
3.3764
0.0
0.0
0.0
0.0
0.0
0.60557
0.0
0.0
1.07401
2.53517
0.0
0.0
0.172522
0.311188
5.19138
5.15921
2.2429
0.0
0.0
0.0
0.0
0.0
1.34865
0.0
0.0
0.0
0.0
0.0
0.0
0.0
0.0
0.0
0.204873
0.0
0.0
0.0
0.0
0.0
0.0
0.0
0.0
0.0
0.0
2.21445
0.0
2.64229
0.0
0.0
0.0
0.0
0.0
0.0
0.0
0.0
1.45961
3.65939
0.0
0.0
0.0
0.0
0.0
0.0
0.0
0.0
0.0
0.0
0.0
0.0
0.0
0.0
0.0
0.0
0.0
0.0
1.28871
0.0
0.0
0.0
0.0
0.0
0.0
0.0
0.0
0.0
0.0
0.0
0.0
0.0
2.6756
0.0
0.0
0.0
0.0
0.0
1.25854
0.0
0.0
0.0
0.0
0.0
0.0
0.0
0.0
0.0
0.0
0.0
0.0
0.0
0.0
0.0
0.0
0.0
0.0
0.0
0.0
0.0
0.0
0.0
0.0
0.0
0.0
0.0
0.0
3.93991
0.0
0.0
0.0
0.0
0.0
0.0
0.0
0.0
0.0
0.756114
0.0
0.0
0.0
0.0
0.0
1.43219
0.0
0.645232
0.0
0.025141
0.0
0.0
0.0
0.0
0.0
0.0
0.0
0.0
0.0
0.0
0.0
0.0
0.0
0.0
0.0
0.0
0.0
0.0
0.0
0.0
0.0
0.0
0.0
0.0
0.0
1.87445
0.0
0.0
0.0
0.0
0.0
0.0
0.0
0.0
0.0
0.0
0.0
0.0
0.0
0.0
0.0
0.0
0.0
0.0
0.0
0.0
0.0
0.0
0.0
0.0
0.0
0.0
0.0
0.0
0.0
1.67144
0.0
0.0
0.0
0.0
0.0
0.0
0.0
0.0
0.0
0.0
0.0
0.0
0.0
0.0
0.0
0.0
0.0
0.0
0.0
0.0
0.0
0.0
0.0
0.0
0.880844
0.0
2.16898
1.32044
0.0
3.29233
1.02716
0.0
1.61793
0.0
0.0211629
0.0
0.0
0.0
0.0
0.0
0.0
0.0
0.0
0.0
0.0
0.0939384
0.0
0.0
0.0
0.0
0.0
0.0
0.0
0.0
0.0
0.0
0.0
0.0
0.0
0.0
3.76431
0.0
0.0
0.0
0.662986
0.0
0.0
0.0
1.75734
0.0
0.0
0.0
0.0
0.547092
0.0
0.0
0.0
0.0
1.42283
0.0
0.0
0.0
0.0
0.0
0.0
0.0
0.0
0.0
0.0
0.0
0.0
0.0
0.0
0.0
3.26065
2.79813
0.0
0.0
0.0
10.7485
0.0
0.0
0.0
0.341758
0.0
0.0
3.02072
0.0
0.0
0.0
0.0
0.0
0.0
0.0
0.0
0.0
0.0
0.0
0.0
0.586679
2.93268
0.0
0.0
0.0
0.0
0.0
0.0
0.0
0.0
1.40037
0.0
0.0
0.0
0.408214
1.8138
0.0
0.0
0.0
0.0
0.0
0.0
0.0
0.0
0.0
0.522714
1.11483
0.0
0.0
0.0
1.27299
0.0
0.0
0.0
1.35417
0.0
0.0
0.0
0.0
0.0
0.0
0.0
0.0
0.0
1.51647
0.0
0.0
0.0
0.0
0.0
0.0
0.0
3.22919
4.02621
0.0
2.67666
3.30634
0.0
0.0
4.19841
0.0
0.0
0.0
0.0
0.0
0.0
0.0
0.0
0.0
0.0
0.0
0.0
0.905087
0.0
0.0
1.59863
0.0
0.0
0.0
0.0
0.0
0.0
0.0
0.0
0.0
0.0
0.0
0.0
0.0
0.0
0.0
0.0
0.0
0.0
0.0
0.0
0.290294
0.0
0.0
0.0
0.0
0.0
0.0252523
0.0
0.0
0.0
0.0
0.0
0.0
0.0
0.0
0.0
0.0
0.0
0.0
3.07416
4.18349
0.0
0.0
0.161303
0.0
0.0
2.657
0.0
0.0
0.771991
0.0
4.12619
0.0
0.0
1.38809
1.41233
0.0
0.0
0.0
0.0
0.0
3.92309
0.0
0.0
0.0
0.0
0.0
0.643297
4.26767
0.0
0.0
0.0
0.0
0.0
0.0
1.43196
0.0
0.0
0.0
0.0
0.0
0.0
0.0
0.0
0.0
0.0
0.0
0.0
0.0
0.0
0.0
0.0
0.0
0.0
0.437785
0.0
0.0
0.0
0.0
0.0
2.34833
0.0
0.0
0.0
0.0
0.0
5.58474
0.0
0.0
0.0
0.0
0.0
0.0
0.0
0.0
2.14437
0.0
0.0
0.0
5.33905
0.0
0.0
0.0
1.07757
0.0
0.0
0.0
0.0
0.0
0.0
0.0
0.0
0.0
0.0
0.0
0.0
0.0
0.0
2.10538
0.0
0.0
0.0
0.0
0.0
0.0
0.0665927
0.0
0.0
0.218888
0.0
0.0
0.0
0.0
0.0
0.0
3.84662
0.0
0.0
0.0
0.0
0.0
0.0
0.0
0.0
0.0
0.328787
0.0
0.0
0.0
0.0
0.0
0.0
0.0
0.0
0.0
0.0
0.0
0.0
0.0
7.03209
0.0935618
3.19713
0.0
0.0
0.0
0.0
2.48453
0.0
0.0
0.0
0.0
0.0
0.0
0.0
0.0
0.0
4.09121
0.0
0.0
0.0
0.0
0.0
0.0
0.0
0.327745
0.0
0.0
0.0
0.0
0.0
0.0
0.0
0.0
4.46444
0.0
0.0
0.0
0.0
0.0
0.0
0.0
0.0
0.0
0.0
0.0
0.0
0.0
0.0
0.0
0.0
0.0
0.0
0.0
0.0
0.0
0.0
0.0
0.0
0.0
0.0
0.442839
0.0
0.0
3.16122
0.0
0.0
0.0
0.0
0.0
0.0
0.0
0.0
0.0
2.30053
1.19701
0.0
2.19486
0.0
0.0
0.0
0.0
0.0
0.0
0.0
0.0
0.0
0.0
0.0
0.0
0.0
0.0
4.68128
0.0
0.0
0.0
0.0
0.0
0.0
0.0
0.0
1.77609
0.0
0.0
0.0
0.0
0.0
0.0
0.0
0.0
1.6573
0.0
0.0
0.0
0.0
0.0
0.0
2.15854
0.0
0.0
0.0866418
0.0
0.0
0.0
0.0
0.0
0.0
0.0
3.55409
0.0
0.0
0.0
0.0
0.0
0.0
0.0
0.0
0.0
0.0
0.0
0.766477
0.0
0.0
0.0
0.0
1.18619
0.0
0.0
1.47757
0.0
0.0396302
0.0
0.0
1.23367
0.0
0.400479
0.0
0.0
0.0
0.0
0.0
0.0
0.0
0.0
0.0
0.0
0.0
0.0
0.0
0.0
0.0
0.0
0.0
0.0
0.0
0.0
0.0
0.0
0.0
0.0
0.0
0.0
3.09486
0.0
0.0
0.0
3.69996
0.0
0.0
0.0
0.0
0.527865
0.0
0.0
0.0
0.0
0.0
0.0
0.0
0.0
0.896728
1.41777
0.0
0.0
0.0
0.0
0.0
0.0
0.0
0.0
0.0
0.0
0.0
0.0
2.35657
0.0
0.0
0.0
0.0
0.0
0.0
0.0
2.23957
0.0
0.0
0.0
0.0
0.0
0.0
0.0
1.84693
0.0
0.0
0.0
0.162733
0.0
0.0
0.441604
0.0
0.0
0.0
0.0
5.05435
0.0
0.0
0.0
3.15098
0.0
6.57797
0.0
0.0
0.0
0.0
0.0
0.0
0.0
0.0
0.0
0.83904
0.0
0.0
0.0
0.0
0.0
0.0
0.0
0.0
0.0
0.0
0.0
1.38535
0.0
0.0
0.0
0.0
0.0
0.0
0.0
0.0
0.0
0.0
0.0
0.0
4.44921
0.0
0.0
0.0
0.0
0.0
0.0
0.0
0.0
0.0
1.4926
0.0
0.0
0.0
0.0
0.0
0.0
0.0
0.0
1.26673
0.0
0.0
0.0
3.40165
0.0
0.0
0.0
0.0
0.0
0.0
0.0
0.0
0.0
0.0
0.0
0.0
0.0
0.0
0.0
0.0
0.0
0.938944
0.0
0.0
0.0
0.0
0.0
0.0
0.0
0.0
2.45048
0.0
0.0
0.0
0.0
0.0
0.0
0.0
0.0
0.0
0.0
0.0
0.0
1.62028
0.0
0.0
0.0
0.0
0.611125
0.0
0.0
0.0
0.88935
0.0
0.0
0.0
0.0
0.0
0.0
0.678297
0.0
0.0
0.0
0.0
0.0
0.0
0.0
0.0
0.0
0.0
0.0
0.0
0.0
0.0
0.0
0.0
0.0
0.0
0.0
0.0
0.0
0.0
2.50137
0.0
0.0
0.0
0.0
0.0
0.0
0.0
0.0
1.35127
0.0
0.963667
0.0
0.0
0.0
1.4132
0.0
0.0
0.0
0.0
0.0
0.0
2.47124
0.0
0.0
0.0
0.0
0.0
0.0
1.68402
0.0
8.12545
0.0
0.0
0.0
0.0
0.0
0.0
0.0
0.0
0.0
0.0
2.31926
0.00301659
0.841647
0.0
0.0
0.0
0.0
0.0
0.0
0.0
0.0
0.0
0.0
0.0
0.18299
0.0
0.0
0.0
0.0
0.0
0.0
0.0
0.0
0.0
0.0
1.11432
0.0
0.0
0.0
0.0
0.0
0.0
2.80471
0.0
0.116095
0.728495
0.0
1.89102
1.11855
0.0
0.0
0.0
0.0
0.759742
0.0
0.0
0.642223
0.0
0.0
0.0
0.0
0.0
0.0
0.0
0.0
0.0
0.0
0.0
0.0
0.0
0.0
0.0
0.0
0.0
10.4569
0.0
2.48767
1.85484
0.0
0.0
0.0
0.0
0.0
0.0
0.0
0.0
0.0
0.0
0.0
0.0
0.0
0.0
0.0
0.0
0.0
0.0
0.0
0.0
0.0
0.0
0.0
0.0
0.0
0.0
0.0
0.0
0.0
0.0
0.0
0.0
0.0
0.0
0.0
0.0
0.0
0.0
0.314334
0.0
0.0
0.0
0.0
0.0
0.0
0.0
0.0
0.0
0.0
0.0
1.7153
0.0
0.0
0.0
0.0
0.0
0.0
0.0
0.0
0.0
0.0
0.0
0.0
0.0
0.0
0.0
0.0
0.0
0.0
0.0
2.32623
0.0
0.0
0.0
0.0
0.0
0.0
0.0
0.0
0.0
0.0
0.0
0.0
0.0
0.0
0.0
0.0
0.0
0.0
0.0
0.0
1.23211
0.0
0.0
0.0
0.0
0.0
0.0
0.0
0.0
2.40514
0.0
0.0
0.0
0.0
0.0597382
0.0
1.19382
0.0
0.0
0.0
0.0
7.2909
2.06117
0.0
0.0
0.0
0.0
0.0
0.0
0.0
0.0
0.0
0.0
0.0
0.0
0.0
0.0
0.0
1.31061
0.0
0.240564
0.0
0.0
4.14485
0.0
0.0
0.0
1.46127
0.672171
0.0
0.0
0.0
0.110838
0.0
0.0
0.0
0.0
0.0
0.0
0.0
0.0
0.0
0.0
0.0
0.0
0.0
0.0
0.0
0.0
0.0
0.0
0.0
0.0
0.0
0.0
0.0
0.934646
0.0
0.0
0.0
0.0
0.0
0.0
0.0
0.0
0.0
0.0
0.0
0.0
0.0
0.0
0.0
0.0
0.0
0.0
0.0
0.0
0.0
6.41396
0.0
0.0
0.0
3.37909
0.0
0.198669
0.0
0.0
0.0
3.44786
0.0
0.0
0.0
0.0
0.0
0.0
0.0
3.9055
0.0
0.0
0.0
0.0
0.0
0.0
0.0
0.0
0.0
0.228898
0.0
2.34972
0.0
0.0
0.0
0.0
0.0
0.0
0.0
0.0
0.0
0.0
0.0
0.0
0.0
0.0
0.0
0.0
4.3724
0.0
0.0
0.0
0.0
1.50537
0.0
0.0
0.0
0.0
1.76826
0.0
0.0
0.0
0.0
0.00160325
0.0
0.0
0.0
0.0
1.81979
0.0
0.0
0.0
0.0
0.0
3.77786
0.0
0.0
0.0
0.0
0.472551
0.0
0.0
0.0
0.0
4.44639
0.0
0.0
0.0
0.0
1.50233
0.0
0.0
0.0
0.0
2.5578
0.0
0.0
4.02985
0.0
0.0
0.0
0.0
0.416528
0.0
0.0
0.0
0.0
0.0
0.7186
0.0
0.0
0.0
0.0
0.0
0.0
0.0
3.86967
0.0
0.0
0.0
0.0
0.0
0.0
0.0
3.75265
0.0
0.0
0.0
0.0
1.73282
0.0
0.0
2.83802
0.0
0.0
0.0
3.56774
0.0
0.0
0.0
0.0
0.0
0.0
0.0
0.0
0.0
6.51922
0.0
1.86699
0.0
0.0
0.0
0.0
4.47234
0.0
1.33627
0.0
0.554019
0.0
0.0
0.0
0.0
0.0
0.0
0.0
0.148629
0.0
0.0
0.0
0.0
0.0
0.0
0.0
0.0
0.0
0.0
0.0
0.0
0.0
0.0
3.36464
0.303008
0.0
0.0
0.0
0.0
0.0
0.0
0.974017
0.0
0.0
0.0
0.0
0.0
0.0
0.690773
0.0
0.0
0.0
0.0
0.0
2.30673
0.0
0.0
0.0
4.87074
0.0
0.0
3.04464
0.0
2.92245
0.0
0.0
0.63865
0.0
0.123104
1.61733
0.0
0.0
0.0
5.20243
0.0
0.0
0.0
0.0
0.0
0.0
0.0
0.0
0.0
0.824051
3.74726
0.0
0.0
0.0
0.0
0.0
0.0
0.0
0.0657037
0.0
1.25738
0.0
0.0
0.0
0.0
0.0
0.0
0.0
0.0
4.34468
0.0
0.0
1.1787
0.885593
0.0
0.0
0.0
0.0
0.0
0.0
0.0
3.79023
0.0
0.0
0.0
5.07226
3.8076
0.0
0.0
0.0
0.0
0.0
1.09642
0.0
0.0
3.53651
0.0
0.0
0.0
1.42457
0.0
0.0
0.0
0.0
0.0
0.0
0.0
0.0
0.0
0.0
0.0
0.0
5.70942
0.36651
0.0
0.0
0.0
0.0
0.305971
0.0
0.0
0.0
0.0
0.0
0.0
0.0
0.0
0.0
0.0
0.0
0.0
0.513199
1.51374
0.0
0.0
2.27298
0.0
0.0
0.0
0.0
0.0
0.0
0.129857
0.0
3.6275
0.0
0.0
0.0
0.0
0.0
0.0
0.0
0.0
0.0
0.0
0.0
0.0
0.0
1.13467
2.22678
0.0
0.0
0.0
0.0
0.0
0.0
0.0
0.0
5.26093
0.0
0.0
0.0
0.0
0.0
0.0
0.0
0.906443
0.0
0.0
0.759414
0.0
0.0
0.0
0.0
0.0
0.0
1.61476
0.0
0.0
6.59027
0.0
0.0
2.23807
0.0
0.0
0.0
0.0
0.969658
3.59175
0.0
0.0
0.0
0.0
1.09862
0.0
0.0
0.0
0.0
0.0
0.0
0.0
0.0
0.0
0.0
0.0
0.0
0.0
0.0
0.0
0.0
0.0
0.0
0.923336
2.58078
0.0
0.0
0.0
1.55033
2.08096
0.0
4.9509
0.0
0.0
0.0
0.0
0.0
0.0
0.0579892
0.0
0.0
0.0
0.0
0.0
0.0
0.0
0.0
0.0
0.0
0.0
0.0
0.0
0.0
