0.0
0.0
0.0
0.0
0.0
0.0
0.0
0.0
0.0
0.0
0.0
0.0
0.0
0.261724
0.0
0.0
0.0
0.0
0.0
0.0
0.0
2.47874
0.0
0.0
0.0
0.0
0.0
0.0
0.0
0.0
0.0
2.3094
0.0
3.16738
0.0
0.0
0.0
0.629365
0.0
0.0
0.0
0.0
1.28018
0.0
0.0
2.80916
0.0
0.0
0.0
1.70269
0.0
0.400844
0.0
0.0
0.560466
0.0
0.0
0.0
0.0
0.0
0.0
0.0
0.0
0.0
0.0
0.0
0.0
0.0
4.27254
0.0
0.0
0.0
0.0
0.0
0.0
0.0
0.0
0.0
0.0
0.0
0.0
0.0
0.0
0.0
0.0
0.0
0.0
0.0
0.0
0.0
0.0
0.0
0.0
0.0
0.0
0.0
0.0
0.0
1.26482
0.0
0.0
0.0
0.0
0.0
0.0
0.0
0.0
0.0
0.0
0.76958
0.0
0.0
0.0
5.45666
0.0
0.0
0.0
3.32371
0.0
0.0
1.52271
0.0
0.0
0.0
0.0
0.0
0.0
6.733
0.0
0.0
0.0
0.0
0.0
0.0
0.0
0.0
0.0
0.0
2.95685
0.0
0.0
0.0
0.0
0.0
0.0
0.0
0.0
0.0
0.851145
0.0
0.0
0.0
0.0
0.0
0.0
0.0
0.0
0.0
0.0
0.0
0.636304
0.0
0.0
0.0
0.0
0.0
0.0
0.687015
0.0
4.69518
0.0337436
4.95494
2.6242
2.20836
0.0
0.0
0.0
0.0
0.0
0.0
4.67933
0.0
0.0
0.0
0.0
0.0
0.0
0.0
0.0
0.0
0.0
0.0
2.18921
0.577875
0.0
0.0
0.0
0.0
0.0
1.17413
0.0
0.0
0.0
0.0
0.0
0.0
0.0
0.0
0.0
0.0
0.0
0.0
0.0
0.0
0.0
0.183224
0.0
0.0
1.08121
2.30095
0.0
3.33378
0.0
0.0
0.0
0.0
0.132046
3.88262
0.0
3.51885
0.0
0.0
0.0
0.0
0.0
0.0
0.0
0.0
0.0
0.0
0.0
0.0
0.0
1.9646
3.44537
0.0
0.0
4.19906
0.0
0.0
4.19767
0.0
0.0
0.0
0.0
0.0
0.0
0.0
0.0
0.0
0.0
0.0
1.48648
0.0
0.0
0.0
2.14363
0.0
0.0318942
0.0
0.0
0.0
0.0
0.187469
0.0
0.0
5.07727
0.0
0.0
0.0
0.0
2.7305
2.01221
0.0
0.0
0.0
0.0
0.0
0.0
0.0
0.0
0.0
0.0
0.0
0.0
0.0
0.0
0.0
0.0
0.0
0.0
6.22808
0.11383
0.0
0.0
0.0
0.0
0.0
0.0
0.0
0.0
0.0
0.0
0.955165
0.0
0.0
0.0
0.0
0.0
0.0
0.0
0.0
0.0
0.0
0.512999
0.0
1.6434
0.0
0.0
0.447766
0.0
0.0
0.0
0.0
0.0
0.0
0.0
0.0
0.0
0.0
0.0
0.0
0.0
0.0
0.0
0.0
0.0
0.0
0.0
0.0
0.0
0.0
0.0
0.0
0.0
0.0
0.0
0.0
0.0
0.0
0.0
0.0
0.0
0.0
0.0
0.0
0.0
0.0
0.0
0.0
0.0
0.0
0.0
0.0
0.0
0.0
0.0
0.0
0.0
3.5435
0.0
0.0
0.0
0.0
0.0
0.0
0.0
5.4336
0.0
0.0
0.0
0.0
0.0668853
0.0
0.0
1.15589
4.8658
0.0
0.0
0.0
0.0
0.0
0.0
0.0
0.554161
0.0
0.0
0.0
0.0
0.0
0.0
0.0
0.0
0.0
0.840354
0.0
0.0
0.0
0.0
4.00995
0.0
0.0
1.44907
0.0
0.0
0.0
0.0
0.0
0.0
0.522195
2.97417
0.0
0.0
0.0
0.0
0.0
0.0
0.0
3.08167
0.0
0.0
0.0
0.0
0.0
0.0
0.0
0.0
0.0
0.0
0.0
0.0
0.0
0.0
0.0
0.0
0.0
0.0
0.0
0.0
0.0
0.0
3.90059
0.0
0.0
0.0
1.24271
0.550435
0.0
3.18438
1.69506
0.0
0.0
0.0
0.0
0.0
0.0
0.0
0.0
0.987871
0.0
0.0
0.0
0.0
0.197832
0.0
0.0
0.0
0.0
1.85498
0.0
0.0
0.0
0.0
0.0
0.0
0.0
2.73989
0.0
0.0
0.310918
0.0
0.0
0.0
0.0
2.40798
0.0
0.0
0.238327
0.0
0.0
0.0
0.124098
0.0
0.0
0.0
0.0
0.0
1.16162
0.0
0.0
0.0
0.0
0.0
0.0
0.0
0.0
0.0
0.0
0.0
0.0
0.0
0.0
0.0
0.0
0.0
0.0
0.34625
0.0
1.53646
0.0
0.0
0.0
3.43213
3.60308
0.0
0.0
0.0
0.0
0.0
0.0
0.0
0.0
0.0
0.0
4.17306
0.0
0.0
0.0
0.0
0.0
0.0
0.0
0.0
0.0
0.0
0.0
0.0
0.0
0.0
0.0
0.0
0.0
0.545101
0.0
0.319579
0.0
0.0
0.0
0.0
0.0
0.0
0.0
0.0
0.153723
0.0
0.0
0.118229
0.973526
0.0
0.0
0.0
0.0
0.552071
0.0
0.0
0.0
0.0265438
0.0
0.736767
0.0
0.0
0.0
0.0
0.0
0.0
0.0
0.0
0.0
0.626521
0.0
0.0
0.0
0.0
0.0
0.0
0.0
0.0
0.0
0.0
0.0
4.0452
0.0
0.0
0.0
0.668316
0.0
0.0
0.0
0.0
0.0
0.0
0.0
0.0
0.0
0.0
0.0
0.0
0.0
0.0
0.0
0.0
0.0
0.0
0.258965
0.0
0.981882
0.0
0.0
0.0
0.0
0.0
0.0
0.0
0.0
0.0
0.0
0.0
0.0
0.0
0.0
0.0
3.48043
0.0
0.0
0.0
0.0
0.0
0.0
0.0
0.0
0.0
0.0
0.0
0.0
0.0
0.0
0.0
0.0
1.97668
0.0
0.0
0.0
0.0
0.0
0.0
0.0
0.0
0.0
0.0
0.0
0.0
0.0
0.0
0.0
0.0
0.0
0.0
0.0
0.188184
0.0
0.0
0.0
0.0
0.870277
0.0
0.0
0.0
1.47144
0.0
0.0
0.0
0.0
0.0
0.0
0.413775
0.0
0.0
2.15282
0.0
0.0
0.0
0.0
0.0
0.0
0.100109
0.0
0.0
1.7286
1.64076
0.0
0.0
0.0
0.0
0.0
0.0
0.0
0.0
0.0
0.0
0.0
0.0
0.0
0.0
0.0
0.0
0.449755
0.0
0.0
0.0
0.0
0.0
0.0
0.27892
0.16518
0.0
0.0
0.0
1.04531
0.0
0.0
3.64374
0.0
0.0
0.0
0.0
0.0
0.0
0.0
0.0
1.56617
0.0
0.788693
0.0
6.61818
0.0
2.64902
0.0
1.56908
0.0
3.89688
0.0
0.0
0.0
0.0
0.0
0.0
0.0
0.0
0.0
0.519323
0.0
0.0
0.0
0.0
0.0
0.0
3.41294
0.0
0.0
0.492435
0.0
0.0
0.0
0.546448
0.0
0.0
0.0
0.0
0.0
0.0
0.0
1.48972
0.0
0.0
0.0
0.0
6.85867
0.0
0.0
0.0
0.0
0.0
0.0
0.0
0.0
0.274234
0.0
0.0
0.0
0.0
0.0
0.0
0.0
0.0
0.0
0.0
0.0
0.0
0.0
0.0
0.0
0.0
0.0
0.0
0.0
0.0
0.0
0.0
4.50095
1.10371
0.0
0.0
0.0
0.0
0.0
0.0
0.0
0.0
0.0
0.0
0.0
0.168044
0.0
0.0
0.0
0.0
0.277607
0.0
0.0
0.0
0.0
0.0
0.0
0.0
0.0
0.0
0.0
0.0
0.0
4.47899
0.0
0.0
0.0
0.0
0.0
0.526703
0.0
0.0
0.0
0.0
0.0
0.0
1.10969
0.0
0.0
0.0
2.18233
0.0
0.0
0.0
0.0
0.0
0.0
0.0
0.0
0.0
0.0
0.0
8.46783
0.0
0.0
0.0
0.0
0.0
0.0
0.0
0.0
0.0
0.0
0.0
0.0
0.0
0.0
0.0
0.0
0.0
0.0
0.822199
0.0
0.0
0.0
0.0
0.0
0.0
0.0
0.0
0.0
0.0
0.0
0.0
0.0
0.0
0.0
0.0
0.0
0.0
0.741456
0.0
0.0
2.21024
0.0
1.40553
0.0
0.0
0.0
0.487129
0.0
4.39591
0.0
0.784511
0.0
0.0
0.0
0.0
0.0
0.0
0.0
0.0
3.11341
0.0
0.0
0.0
0.0
0.0
0.0
0.0
0.0
0.0
0.0
0.0
0.0
3.42839
0.880975
0.0
0.0
2.22159
0.0
0.0
0.0
0.0
0.0
0.0
0.0
0.0
0.0
0.0
2.25338
0.0
0.0
0.0
0.0
0.0
0.0
0.0
0.0
0.0
0.0
0.0
0.0
0.0
0.0
0.0
0.0
0.0
2.44437
4.22671
0.904995
2.60198
0.0
0.0
0.0
0.0
0.0
0.0
0.0
0.0
0.51484
0.0
0.756865
0.0
0.0
0.0
0.0
0.0
1.52298
0.737054
0.0
0.0
0.0
0.0
0.0
0.0
0.0
4.28372
0.87848
0.0
0.0
0.0
0.0
0.0
1.62337
0.0
0.0
0.0
0.0
2.817
0.0
0.0
2.10895
0.0
0.0
0.0
0.0
0.35634
0.0
2.82464
0.812347
0.788697
0.600436
0.0
0.0
0.0
0.0
2.07834
0.0
0.0
0.0
0.0
0.0
0.0
0.0
0.0
0.0
0.0
0.0
0.0
0.0
0.0
0.0
0.0
0.0
0.0
0.0
3.47836
0.0
0.0
0.0
8.01608
0.0
1.63237
0.0
0.0
0.0
0.0
0.0
0.0
0.0
0.0
0.0
0.0
0.0
0.0
1.23813
0.0
0.0
0.0
0.0
0.0
4.07602
0.0
0.0
0.0
0.0
0.0
0.0
0.0
0.0
0.915631
0.0
1.08986
0.0
0.0
0.0
0.0
0.0
0.0
0.0
0.0
0.0
0.0
0.0
0.0
0.843455
3.51825
0.0
0.0
0.0
0.0
0.0
0.412817
0.0
0.0
0.0
0.0
5.19561
0.0
0.0
0.0
0.0
0.0
0.0
0.0
2.35444
0.0
2.53312
0.0
0.1812
5.2805
0.210043
0.0
0.0
0.84574
3.07639
0.0
0.0
0.0
0.0
0.0
0.155654
3.03956
0.0
0.0
0.0
0.0
0.0
0.0
0.0
0.0
0.0
0.0
0.0
0.0
0.0
0.0
0.0
0.0
0.0
2.48469
0.0
0.0
0.0
0.0
3.11365
0.0
0.0
0.0
0.0
0.0
0.0
0.248384
0.0
0.0
0.0
0.0
0.0
0.0
4.06768
0.0
0.0
0.823304
0.0
0.975492
0.0
0.751078
2.80256
1.05641
0.0
0.0
0.0
0.0
0.0
3.95433
0.190488
1.60719
0.0
0.72104
0.0
0.0
0.0
0.0328141
0.103026
0.0
0.0
0.0
0.0
2.1808
0.0
0.0
0.0
0.0
0.0
0.0
0.0
0.0
0.0
0.0
0.0
0.0
0.678581
0.0
1.33245
0.0
0.0
0.0
0.0
2.99098
0.0
0.0
0.0
0.0
0.0
0.0
0.0
0.0
0.0
0.0
0.0
2.41741
0.551876
2.4442
0.0
0.0
0.0
0.0
0.0
0.0
0.0
0.0
0.0
0.0
0.0
7.90089
0.0
0.0
4.73819
0.0
0.0
0.0
1.20687
0.0
1.67972
0.0
0.0
0.0
0.14748
0.0
1.25265
0.0
0.0
0.620796
0.0
1.54759
0.0
0.0
0.0
0.0
0.0
0.0
0.0
0.0
0.0
0.0
0.0
0.0
0.0
0.0
0.0
0.0
0.0
0.0
0.0
0.0
0.0
0.0
0.0
0.0
0.0
0.0
1.78618
0.0
0.0
0.0
0.0
0.0
0.0
0.592541
4.29054
0.0
0.0
0.0
0.0
0.0
0.0
0.0
0.0
0.0
0.0
0.0
4.46713
0.0
0.0
0.0
0.0
0.0
0.967925
0.0
0.0
0.0
0.0
0.0
0.0
0.635848
0.0
0.0
0.0
0.0
1.40836
0.0
0.0
0.0
0.0
0.0
0.0
0.0
0.0
0.906821
0.0
0.0
0.0
0.0
0.0
0.47671
0.0
0.0
0.0
0.0
0.984483
0.0
0.0
0.0
0.0
0.0
4.11657
1.24056
0.0
3.81106
0.0
1.53077
2.01278
0.0
0.0
0.0
0.0
0.0
0.0
0.0
0.0
0.303486
0.0
0.0
0.0
0.0
0.0
0.0
0.0
0.0
3.3864
0.0
0.0
0.661329
0.0
0.0
0.0
0.0
0.0
0.962811
0.0
0.0
0.0
0.0
0.0
0.0
0.0
0.0
0.0
0.0
0.0
0.0
0.0
4.34194
0.0
0.0
0.0
0.322247
0.0
0.0
0.0
0.0
0.0
0.0
0.0
0.0
2.97799
0.0
0.0
0.0
5.60533
0.0
2.92658
0.313478
0.0
0.0
0.0
0.0
0.0
0.0
0.0
0.0
0.0
0.0
0.0
0.0
0.0
0.0
0.0
0.0
0.0
0.0
0.0
0.0
0.0
0.0
0.0
0.0
0.0
0.0
1.19562
0.0
0.0
0.0
0.0
0.0
0.0
0.0
2.53594
0.242959
0.0
0.0
0.0
0.0
0.0
0.0
0.0
0.0
0.0
0.0
0.0
0.0
0.0
1.37534
0.0
3.72092
1.82148
0.0
0.0
0.0
0.0
1.19826
0.0
0.0
6.03499
0.0
2.82007
0.0
0.0
0.0
0.0
0.0
0.0
0.0
0.0
0.814287
0.0
1.01683
0.604879
1.09858
0.0
0.0
0.0
0.0
0.0
0.0
0.0
0.0
0.0
0.0
0.0
0.0
0.0
0.0
1.74356
0.0
0.0
0.0
0.0
0.0
0.0
0.0
0.0
0.0
2.11444
0.0
0.0
2.1428
0.0
0.0
0.0
0.0
0.0
0.0
0.0
0.0
0.0
0.0
0.0
0.0
0.0
0.0
0.0
0.0
0.0
0.0
0.0
0.0
2.50442
0.0
0.0
0.0
0.0
1.47791
0.0
1.61161
0.0
0.0
0.0
0.0
0.0
0.0
0.0
1.53672
0.0
0.0
0.0
1.13188
0.0
0.0
0.0
0.0
0.0
0.0
0.0
0.0
0.0
0.0
0.730701
0.0
1.15511
0.0
0.0
0.0
0.0
0.0
0.0
0.0
0.0
0.713904
0.0
0.0
6.76543
0.0
0.0
0.0
0.0
0.0
0.0
2.87214
0.0
0.0
0.0
2.59689
0.0
0.0
0.0
0.0
0.0
0.0
0.0
1.48285
0.0
0.0
0.0
0.0
0.0
0.0
0.0893822
0.0
0.0
0.0
0.0
4.61757
1.43789
0.378036
0.0
2.52382
0.0
0.0
0.0
0.0
3.99038
0.0
0.0
0.17995
0.0
0.0
0.344247
0.0
0.0
0.0
0.613637
0.0
0.0
0.394179
0.0
0.0
0.0
0.0
0.0
0.0
0.0
0.0
0.0
0.0
0.0
0.0
0.0
0.0
0.0
0.0
0.0
0.0
0.0
3.82951
0.0
0.0
0.0
0.0
0.0
4.03783
0.695998
0.0
0.0
0.0
0.0
0.0
0.0
0.0
0.42849
0.0
0.0
0.0
0.0134779
0.0
0.0
0.0
0.0
0.7843
0.0
0.0
0.0
0.0
0.0
1.59353
0.0
0.0
5.10075
0.0
0.0
0.0
0.0
0.0
0.0
0.0
0.0
0.0
0.0
0.0
0.0
0.0
0.0
0.0
0.856349
0.0
0.0
0.0
0.441311
6.35816
0.849533
4.57831
1.32551
0.851071
0.0
0.0
0.0
0.0
0.0
0.0
1.89983
0.0
0.0
0.0
2.44824
0.0
1.92978
0.0
0.0
0.0
0.0
0.0
0.0
0.0
0.0
0.0
0.0
0.0
0.0
0.0
0.0
0.0
0.0
0.0
0.0
0.0
0.0
0.0
0.0
0.37427
0.0
0.0
0.0
0.0
0.0
0.0
0.0
0.745934
0.0
0.0
0.0
0.0
0.0
0.0
0.0
0.743473
0.0
0.0
0.0
0.0
1.32097
0.0
0.0
0.0
0.0
0.0
0.0
0.0
0.0
0.0
0.0
0.0
0.0
0.0
0.0
0.0
0.0
0.0
0.0
0.0
0.0
0.0
0.0
0.0
0.0
0.935664
0.0
0.0
0.0
0.0
0.0
0.0
0.0
0.0
0.0
0.0
0.0
0.0
3.59186
0.0
0.0
0.0
0.0
0.0
0.0
0.0
1.78198
1.92781
0.0
0.0
1.42922
0.0
1.99357
0.0
0.0
0.0
0.0
0.0
0.0
0.0
0.0
2.36615
1.08058
0.0
0.0
0.0
0.0
0.0
0.219914
2.43176
0.0
0.0
0.0
0.0
0.0
0.0
0.0
0.0
0.0
0.0
0.0
0.0
0.0
0.0
0.0
0.0
0.0
0.0
0.0
0.0
0.0
0.0
0.0
0.0
0.0
0.0
0.0660352
0.0
0.0
0.0
0.0
0.0
0.0
0.0
0.0
0.0
0.0
0.0
0.0
0.0
1.92201
0.0
0.0
0.0
0.0
0.0
0.0
0.0
0.0
0.0
0.0
0.0
0.0
0.0
0.0
0.0
0.0
0.0
0.0
0.0
0.0
0.79827
0.0
0.0
0.0
0.0
0.0
0.0
0.0
0.0
0.0
0.0
0.0
0.0
0.0
0.0
0.0
0.0
1.32847
1.82485
0.0
0.0
0.0
0.683331
0.0
0.0
3.39457
0.0
0.0
0.0
0.0
0.0
0.0
0.00396237
0.0
0.0
4.4538
0.0
0.757654
0.246936
0.0
0.0
2.37804
0.0
4.10931
1.38792
0.0
0.0
0.0
0.0
0.0
0.481457
0.0
0.0
0.0
4.93211
0.0
0.0
0.0
0.824039
0.852814
0.0
0.0
0.0
1.28079
0.817376
0.0
0.0
0.0
0.0
0.0
0.0
0.0
1.53941
0.0
0.0
3.86792
0.0
0.0
0.0
0.0
0.0
0.0
0.0
0.0
0.0
0.0
0.0
0.773579
0.0
0.0
0.0
0.0
1.3802
0.0
0.0
0.0
0.0
0.0
0.0
1.06366
2.59829
0.0
1.17704
0.0
0.0
0.0
0.0
0.0
0.0
0.0
0.0
1.82152
0.0
0.0
0.0
0.0
5.77941
0.0
0.0
0.0
0.0
0.0
0.0
0.0
0.0
0.0
0.0
0.0
0.0
0.0
0.0
0.0
0.0
0.0
0.0
0.0
0.0
4.35186
0.0
0.0
0.0
0.113942
0.0
0.0
0.0
0.0
0.0
0.0
0.0
0.0
1.49096
0.0
0.0
0.0
0.0
0.538802
0.0
0.0
0.0
0.0
0.0
0.0
0.0
0.569541
0.0
0.0
0.0
0.28503
0.0
0.0
0.0
0.0
1.26432
0.0
0.0
0.0
0.0
0.0
0.0
5.19014
0.0
0.0
0.0
0.0
0.0
0.0
0.0
0.876596
0.0
0.0
0.0
0.0
0.0
0.0
0.00718364
0.0
0.0
0.0
0.0
0.352053
0.0
0.0
0.0
0.0
0.0
0.0
0.0
0.0
0.0
0.0
1.61381
0.0
0.0
0.0
0.0
0.0
0.0
0.0
0.0
0.0
0.0
0.0
0.0
0.0
0.0
0.427682
0.0
0.956509
0.0
0.0
0.0
0.0
0.0
0.0
0.0
0.0
0.0
0.496672
0.0
0.0
0.0
0.0
0.0
0.0
0.0
0.0
0.0
0.0
0.0
0.0
0.0
0.0
0.0
2.32991
1.54433
0.0
0.0
0.0
0.0
0.0
0.0
1.11922
0.0
0.0
0.0557683
0.0
0.0
0.0
0.0
0.0
0.0
0.0
0.13913
0.0
0.0
0.0
2.35641
0.0
0.0
0.0
0.0
0.0
0.0
0.0
0.0
0.0
0.0
0.0
0.247881
0.0
0.0
0.0
0.0
0.0
0.0
0.0
0.0
0.0
0.0
0.0
0.0
1.42832
0.0
0.0
0.0
0.0
2.6607
0.0
0.0
0.0
0.0
0.0
0.0
0.0
0.0
3.27792
0.0
0.0
0.0
0.0
0.0
0.0
0.0
0.0
0.0
0.0
0.0
0.0
0.0
0.0
0.0
0.0
0.0
0.0
0.0
0.0
4.58491
0.0
0.0
0.0
0.0
0.0
0.0
0.0
0.0
0.0
0.0
0.0
2.64417
0.0
0.0
0.0
2.26504
0.0
0.0
0.0
0.0
0.0
0.0
0.0
0.0
0.482924
0.0
1.54108
0.0
0.0
0.0
0.432966
3.65116
2.77011
0.0
0.231496
0.0
0.0
0.0
0.0
0.0
0.0
5.59141
0.0
0.0
0.0
0.0
0.0
0.0
0.0
0.0
0.0
0.0
0.749556
0.0
0.0
0.0
0.0
0.0
0.0
0.0
0.0
0.0
0.0
0.0
0.0
0.0
0.0
0.107786
0.0
0.140201
0.0
1.10759
7.08013
0.0
0.0
0.0
0.0
0.0
0.0
0.0
0.0
0.0
1.86452
0.0
0.0
0.356395
0.0
0.0
0.0
0.0
0.715745
4.29924
0.0
1.44159
0.0
0.0
0.0
0.0
0.0
0.0
0.0
0.0
2.47824
5.9904
0.0
0.0
0.0
0.0
0.0
0.0
0.0
0.0
0.0
2.21783
0.0
0.0
0.0
2.44637
0.0
0.0
0.0
0.0
0.0
0.0
0.0
0.0
0.0
0.0
4.37221
0.0
0.0
0.0
0.0
0.0
0.0
0.0
3.61776
0.0
0.0
0.0
0.0
0.0
0.0
0.0
1.04377
0.0
0.0
0.0
0.0
0.0
0.0
0.0
0.0
0.0
0.0
0.0
0.0
0.627942
0.0
0.0
0.0
0.0
0.0
0.0
0.0
2.0628
0.736291
0.997815
0.0
0.0
0.0
0.0
0.0
0.0
0.0
0.0
0.0
0.0
0.0
0.000880361
0.0
0.0
0.0
0.0
0.0
0.0
1.17964
0.0
0.0
0.0
0.0
0.0
0.0
0.0
0.0
0.0
0.0
4.22583
0.0
0.0
0.596946
0.0
0.0
1.51017
1.83742
1.41238
0.0
0.0
0.0
0.0
0.0
0.0
0.0
0.0
0.0
0.0
0.749548
0.0
0.0
0.0
0.0
0.0
0.0
0.66985
0.0
0.0
0.0
0.0
0.0
0.0
0.0
0.0
0.0
0.0
0.0
0.0
0.0
4.79652
0.0
0.0
0.0
1.73461
0.0
0.0
0.0
0.0
0.0
0.0
0.0
0.0
0.0
0.0
0.0
0.959877
0.0
0.0
0.0
0.0
0.0
1.9673
0.0
0.412631
0.661566
0.0
0.0
0.0
0.0
0.0
0.0
0.0
0.0
0.0
0.0
0.0
0.0
0.0
0.0
0.0
0.0
0.0
0.0
2.08521
0.0
0.0
0.0
0.0
0.0
3.40284
0.0
0.0
0.0
0.0
0.0
0.705016
0.0
0.0
0.0
0.514973
0.0
0.0
0.0
0.0
0.0
0.0
0.0
0.0
0.0
0.0
0.0
0.0
0.0
0.0
0.0
0.0
0.0
0.0
0.0
0.0
0.0
0.0
0.0
0.0
0.0
0.0
0.0
0.0
0.0
1.89294
0.0
3.74333
0.0
0.0
0.0
0.0
0.0
0.0
0.361203
0.0
0.0
0.0
0.0
0.0
0.0
0.0
0.0
2.25113
0.0
0.0
0.0
0.0
0.0
0.0
1.21641
0.0
0.0
0.715526
0.0
0.0
0.0
0.0
0.0
0.0
0.0
2.95143
0.227967
0.0
0.0
0.0
0.0
0.0
0.0
0.0
3.41038
0.0
1.73605
0.0
1.3719
0.0
0.507884
0.0
0.911326
0.185091
1.0936
0.0
0.0
0.0
0.0
1.28836
0.815223
0.0
0.0
0.0
1.01478
0.0
0.0
0.0
0.0
0.0
0.0
0.0
0.0
0.0
1.48369
0.103219
0.0
0.0
0.212254
0.0
0.0
0.0
0.0
1.20318
0.0
0.0
0.0
0.0
0.0
0.0
3.69848
0.0
0.0
0.0
0.0
0.0
0.0
0.0
0.0
0.0
0.0
0.0
0.0
1.23572
0.0
0.0
0.0
0.0
0.0
0.0
0.0
0.0
0.0
0.0
0.0
0.0
1.26345
0.0
3.2421
0.0
0.0
0.0
0.0
0.0
0.816232
0.0
0.0
0.0
1.9082
0.0
0.0
0.0
0.478712
3.21696
0.0
0.0
0.0
4.40088
0.0
0.0
0.0
0.0
0.0
0.0
0.0
0.0
0.0
0.0
0.0
0.0
0.0
0.0
0.0
0.0
0.0
3.6619
3.78827
0.0
0.0
0.762559
0.0
0.0
3.47716
0.0
0.0
0.0
0.0
0.0
0.0
0.0
0.0
0.0
0.0
0.0
0.0
0.0
0.0
0.0
0.0
0.0
0.0
0.0
0.0
0.0
0.0
0.0
0.0
1.55787
0.0
0.0
0.0
0.0
0.0
0.0
0.0
0.15151
0.0
0.0
0.261692
0.0
0.0
0.0
0.0
0.0
0.0
0.0
0.0
0.0
0.0
0.0
0.0
0.0
0.0
0.0
0.0
0.0
0.0
0.0
1.94671
0.0
0.0
0.0
0.660374
0.0
0.0
0.0
0.0
0.0
0.0
0.0
0.0
0.59859
0.0
0.0
0.0
0.0
0.0
0.109558
0.0
0.0
1.52359
0.792529
0.0
0.0
0.0
0.0
0.0
2.50199
0.0
0.0
0.0
0.0
0.0
0.0
1.49262
0.0
0.0
0.0
0.0
0.0
0.0
0.0
0.0
0.0
0.0
0.0
0.0
0.0
0.0
0.0
0.0
0.0
0.0
0.0
0.0
0.0
0.141304
0.0
0.0
6.72133
0.0
0.0
0.0
0.0
0.0
0.0
0.0
0.0
0.0
0.0
0.0
0.0
0.0
0.0
0.0
0.0
0.0
0.0
3.80392
0.0
0.0
1.56607
2.45164
0.0
0.0
0.0
0.0
0.0
0.0
0.0
0.0
0.0
0.0
0.0
0.375982
1.04911
0.0
0.0
0.0
0.0
0.0
0.0
0.0
0.0
0.0
0.0
0.0
0.0660874
0.0
0.0
0.257522
0.0
0.0
0.0
0.0
0.0
0.0
0.0
0.0
0.0
0.0
0.0
0.284571
0.0
0.0
0.0
0.0
0.0
0.0
0.0
0.0
0.0
0.0
0.0
0.0
0.0
0.0
0.0
0.58415
0.0
0.0
0.0
0.0
0.0
0.0
1.56032
0.0835462
1.73313
0.0
0.0
2.06103
0.0
0.0
0.0
0.0
1.44744
0.0
0.0
0.0
0.0
0.0
0.0
0.0
0.0
2.89195
0.0
0.0
0.0
0.0
0.0
0.0
0.0
0.387056
0.0
0.0
0.0
0.0
0.0
0.0
0.0
0.0
0.0
0.0
0.0
0.0
0.0
0.0
0.213895
0.0
0.0
0.0
0.0
0.0
0.0
0.0
0.0
0.0
0.0
0.0
0.0
0.0
0.0
0.0
1.87548
0.0
0.0
0.0
0.0
0.0
0.0
0.0
0.0557018
1.49173
0.351421
0.0
0.781529
0.0
0.0
0.951991
1.46389
0.0
0.0
0.0
0.0
0.0
0.0
0.0
0.0
0.0
0.256995
0.996842
0.0
0.0
0.0
0.0
0.0
0.0
4.18187
0.0
6.00416
2.45191
0.0
0.0
0.0
0.0
0.0
0.0
0.0
0.0
0.0
0.0
0.0
0.0
0.0
0.0
0.0
0.0
0.0
0.0
0.0
0.0
0.0
0.0
0.0
0.0
0.0
3.64188
0.0
0.0
0.0
0.0
0.0
0.0
0.0
0.0
0.0
0.0
0.0
1.78776
0.0
0.0
0.0
0.0
2.21617
0.0
0.0
3.02484
0.0
0.0
0.0
0.0
0.0
0.0
0.03729
0.0
0.0
0.0
0.0
0.0
0.0
0.0
0.0
0.0
0.0
0.0
0.0
0.0
0.0
0.0
0.0
0.0
0.0
0.0
0.0
0.0
0.0
0.0
0.0
0.0
0.0
1.57209
0.0
0.0
0.0
0.0
0.0
0.887572
0.0
0.0
0.0
0.0
0.0
0.0
0.0
0.0
0.0
0.0
0.0
3.04447
0.0
0.0
0.0
0.0
0.0
0.0
0.0
0.0
0.0
0.0
0.0
0.0
0.0
0.0
0.185198
0.41248
0.0
0.0
0.0
0.0
0.0
3.44223
0.0
0.0
2.06779
0.0
0.0
0.0
2.66458
0.0
0.0
0.0
0.0
0.0
0.0
0.0
0.0
0.0
0.0
0.0
0.0
0.0
0.0
0.0
0.0
3.17836
0.81438
1.18097
0.0
0.0
3.54294
0.0409117
0.0
0.0
0.0
1.84463
0.0
0.0
0.0
0.0
0.0
0.0
0.0
0.0
0.0
0.0
0.0
0.0
0.0
0.0
0.0
0.0
0.0
4.02634
0.0
0.0
0.0
0.0
0.0
0.0
0.0
0.0
0.957979
0.0
0.0
0.0
0.0
0.0
0.0
4.94697
0.0
0.0
0.0
0.0
0.0
0.0
0.0
0.0
2.011
0.0
0.0
2.349
0.0
0.0
0.0
0.0
0.0
0.0
0.0
0.331919
0.0
0.0
0.0
0.675305
2.07368
0.0
0.0
0.0
0.0
0.0
0.0
0.0
0.0
0.0
0.0
0.0
0.0
0.0
0.0
0.0
0.0
2.57216
0.666972
0.0
0.0
0.0
0.0
0.0
0.279623
1.32631
0.0
0.160586
0.0
0.0
0.0
0.0
0.0
1.26284
0.0
0.0
0.0
0.0
0.0
0.0
0.780731
0.0
0.0
2.44094
0.0
0.0
0.0
0.0
0.912725
0.0
0.0
0.0
0.0
0.0
0.0
0.0
0.64535
0.0
0.0
0.0
0.0
0.0
1.81028
0.0
0.0
0.0
0.0
0.0
0.0
0.0
0.0
0.0
0.0
0.0
0.0
0.0
0.0
0.0
1.71527
0.790417
0.0
0.0
0.0
0.0
0.0
1.282
0.0
0.67036
0.0
0.0
0.0
0.0
0.0
0.0
0.0
0.102688
0.0
0.0
0.0
0.0
0.0
5.94529
0.0
0.0
0.0
0.0
0.0
0.0
0.624127
0.0
0.401972
0.0
0.0
0.0
0.0
0.0
0.0
0.0
0.0
0.0
0.0
0.12857
0.0
0.0
0.0
0.0
0.885038
1.06709
0.0
0.0
0.0
0.0
0.0
0.0
1.02213
0.0
0.0
0.0
0.0
0.0
0.0
0.0
0.0
0.0
0.0
0.0
0.0
0.0
0.0
3.46447
0.0
0.0
0.0
0.0
1.90745
0.0
0.0
0.0
0.0
0.0
0.0
0.0
0.0
0.0
0.0
0.0
0.0
0.0
0.0
0.0
0.0
0.0
0.0
0.0
0.0
0.0
0.0
0.0
0.0
0.0
0.0
0.0
0.0
0.0
0.0
0.0
0.0
0.130012
0.0
1.14916
0.0
0.0
0.0
0.0
0.0
0.0
0.0
0.0
0.0
0.0
2.09198
0.0
0.0
0.274519
0.0
1.5241
0.0
0.0
0.0
3.89185
0.0
0.0
0.0
0.0
0.0
0.0
0.0
0.0
0.0
0.0
0.390092
0.0
0.268617
0.0
0.0
0.0
0.0
0.0
0.0
0.0
0.0
2.30753
0.0
0.0
0.0
0.0
0.0
1.66184
0.0
0.0
0.0
0.0
0.0
0.0
0.0
0.0
0.0
0.0
0.0
0.0
1.59364
0.0
0.0
0.0
0.0
2.8747
0.0
0.0
0.0
0.0
0.0
0.0
0.0
0.0
0.989239
0.0
0.0
2.09081
1.38176
0.0
0.0
0.0
0.0
0.0
0.0
0.0
0.0
0.0
0.0
0.0
0.0
3.26722
0.0
0.0
0.0
2.6117
0.0
1.06493
0.0
0.0
0.0
0.0
0.823212
2.93985
0.0
0.0
0.0
0.0
0.0
0.0
0.0
0.0
0.359199
0.0
0.0
0.0
0.0
0.0
0.0
0.0
0.0
1.2892
0.0
0.0
4.69136
0.0
0.0
0.0
0.0
0.0
0.0
0.0
0.0
3.33178
0.0
0.0
0.0
2.24176
0.0
0.0
0.595291
0.0
0.0
0.0
0.0
5.73028
3.57885
0.288649
0.0
0.0
0.0
2.22304
0.0
0.0
0.0
0.0
0.0
2.88709
0.0
0.0
0.0
0.0
0.0
4.32529
0.0
0.0
0.0
0.0
0.0
0.0
3.13742
0.0
0.0
0.0
0.0
0.0
0.0
0.0
0.0
0.627441
0.0
2.54903
0.0
0.0
0.0
0.0
0.0
0.0
0.0
0.0
1.05993
1.5437
0.0
0.0
0.0
0.62502
0.0
0.0
0.0
0.0
0.0
0.0
0.432591
0.0
0.0
0.0
0.0
0.0
0.946125
7.09813
0.0
0.0
0.0
0.0
1.02602
0.0
0.0
0.0
1.00102
0.215956
4.96467
0.0
0.0
0.0
0.0
0.0
0.472096
0.0
0.0
0.0
0.0
0.209044
0.241547
0.0
0.0
0.0
0.57922
0.0
0.0
0.0
0.0
0.0
0.0
0.0
0.0
0.0
2.09297
0.0
0.0
0.0
3.27209
0.216802
5.06721
0.0
0.0
0.0
0.0
0.0
0.0
0.0
0.0
0.0
5.16595
5.113
0.0
0.0
0.188537
0.0
0.0
0.0
0.0
0.0
0.0
0.0
0.0
3.24677
0.0
0.0
0.0
0.0
3.97036
0.0
0.0
0.0
0.0
0.0
0.0
1.47733
0.0
0.0
0.0
0.0
0.0
0.0
0.0
0.0
0.0
0.0
0.0
0.958683
0.0
0.0
0.0
0.0
0.0
0.0
0.0
0.0
1.89772
0.0
0.0
0.0
0.0
0.0
0.0
0.0
0.0
0.0
0.0
0.0
0.0
0.43165
0.0
0.0
0.0
0.0
4.30321
0.0
2.08097
0.0
0.0
0.0
0.0
2.3899
0.0
0.0
0.0
0.0
0.0
0.0
0.0
0.0
0.0
0.0
1.80021
0.0
2.64509
0.0
0.569105
0.0
0.0
0.0
0.0
0.0
0.0
0.0
0.0
0.244094
0.235241
0.0
0.0
0.0
0.0
0.0
0.0
0.0948132
0.0
0.0
0.0
0.0
0.0
0.0
0.0
0.0
0.0
0.0
0.0
0.0
0.0
1.00402
0.0
0.0
0.0
4.41944
0.0
0.0
4.09835
0.0
0.0
0.0
0.0
0.0
0.0
0.0
2.80146
0.0
0.0
0.0
0.0
0.0
0.0
0.0
0.0
0.0
0.0
0.0
0.0
0.0
0.0
0.0
0.0
0.0
0.0
0.0
0.0
0.0
0.0
0.236431
0.0
0.0
0.0
0.0
0.771883
0.0
0.0
0.0
4.54421
0.0
0.0
0.272282
0.0
3.5373
0.0
0.0
0.0
3.64274
0.0
1.72223
0.0
0.0
3.06993
1.12882
7.26598
0.0
0.0
0.0
0.0
0.0
2.29884
0.0
0.0
3.72296
0.0
0.0
1.76628
0.53727
0.0
0.0
0.0
0.0
0.0
0.0
0.0
0.0
0.0
0.0
0.0
0.0
0.0
0.0
0.0
6.03262
0.0
0.0
0.0
0.0
0.0
0.0
0.0
0.0
0.0
0.0
0.0
0.0
0.0
0.0
2.49636
0.0
0.0
0.0
2.99505
3.36627
0.0
0.0
0.0
0.0
0.0
0.0
0.0
0.0
0.0
0.0
0.0
0.444232
0.432945
0.0
0.0
0.0
0.0
0.0
0.0
0.0
0.0
0.0
0.0
0.0
0.0
0.0
0.0
0.0
0.0
0.0
0.0
2.74241
0.0
0.0
0.0
2.46802
0.0
0.0
0.0
0.0
0.0
0.0
0.0
0.159474
3.34266
0.0
0.0
0.0
0.41208
1.56065
0.0
1.84474
0.0
1.37822
0.0
0.0154409
1.57624
0.0
0.0
0.497449
0.0
0.0
0.0
0.0
0.0
0.0
0.0
0.0
0.0
1.25003
0.0
0.0
0.0
0.0
0.0
0.0
0.0
0.0
0.0
0.0
0.0
0.0
0.0
0.0
0.0
0.0
0.0
0.0
0.0
0.0
0.865529
0.0
0.0
0.0
0.278043
0.997037
0.0
1.98448
0.0
0.0
0.0
0.0
0.0
0.0
0.0
0.0
0.0
0.0
0.251812
0.0
0.0
0.0
0.0
0.0
4.72333
0.0
0.0
0.0
0.0
