0.0
0.0
3.68207
0.0
0.0
0.0
0.0
0.0
0.0
0.0
0.0
0.0
0.0
0.0
0.0
0.0
0.0
0.0
1.32914
0.0
0.0
3.74391
0.0
0.0
0.0
0.0
0.0
0.0
0.0
0.0
0.0
0.0135472
0.0
5.1218
0.0
0.0
0.0
0.0
0.0
0.0
0.0
0.0
0.400789
0.0
0.0
0.0
1.42805
0.0
0.0
1.36523
1.41078
0.0
0.0
0.0
0.0
0.0
0.0
0.0
0.0
0.0
0.44389
0.0
0.0
2.73631
0.0
0.0
0.0
0.398295
2.41563
0.0
0.0
0.0
0.0
0.0
0.0
0.0
0.0
0.0
0.0
0.0
0.0
0.0
0.0
0.0
0.0
0.0
0.0
0.0
1.63511
0.0
0.0
0.0
0.0
0.0
0.0
0.0
0.0
0.0
0.0
0.0
0.0
0.0
0.0
0.0
0.0
0.608916
1.77144
0.0
0.0
0.0
0.0
0.0
0.0
5.55978
2.17107
0.0
0.0
6.02265
0.988342
0.0
0.0
0.0
0.0
0.0
0.0
0.0
0.0
2.42499
0.0
0.0
0.0
0.316818
0.0
0.0
4.49784
0.0
0.0
0.0
0.0
0.0
0.0
1.23669
0.0
0.0
0.0
0.0
0.0
0.0
4.28803
0.0
0.0
0.0
0.0
0.0
0.0
0.0
0.0
0.0
0.0
0.0
1.60299
1.55315
0.0
0.0
0.0
0.0
0.0
0.0
0.0
3.17929
0.0
0.0
1.89652
0.0
0.0
0.0
0.0
0.0
0.0
0.0
4.64888
0.0
0.0
0.0
0.0
0.0
1.61723
0.0
0.0
0.0
1.08557
0.0
4.62309
1.14348
0.0
0.0
0.0
0.0
0.0
1.74827
0.0
1.88772
0.0
0.0
0.0
0.0
0.0
0.0
0.0
0.0
0.0
0.0
0.0
0.0
0.0
1.86816
0.0
0.0
0.0
0.95941
0.0
4.91034
0.0
0.0
0.0
0.0
0.0
0.0
0.904575
0.0
0.0
0.0
0.0
0.0
0.0
0.0
0.0
1.82811
0.0
0.0
0.0
0.0
0.0
4.90185
0.0
0.0
0.0
5.23006
0.0
0.0
1.5917
0.0
0.0
0.0
0.0
0.0
0.0
0.0
0.0
0.0
0.0
0.0
4.11518
0.185805
0.0
0.0
0.913361
0.0
0.0
0.0
0.0
0.216611
0.0
0.0
0.0
0.0
4.05397
0.0
0.0
0.0
0.0
0.0
0.0
2.98539
0.0
0.0
0.0
0.0
0.0
0.0
0.0
0.0
0.0
0.0
1.52202
0.0
0.0
0.0
0.0
4.28277
0.0
4.75577
4.20843
0.0
0.0
0.0
0.0
0.0
1.14804
0.0930153
0.0
0.0
0.0
0.0
0.0
0.0
0.0
0.0
0.0
0.0
0.0
0.0
0.0
0.0
2.06418
0.0
0.0
0.0
0.0
0.0
0.0
0.0
0.0
0.0
0.0
0.0
0.0
0.0
0.0
0.0
0.0
0.73424
0.0
0.0
0.0
0.0
0.0
0.0
0.992527
0.0
0.0
0.0
0.0
0.0
0.0
0.0
0.0
0.0
0.0
0.70281
0.0
0.0
0.0
0.0
0.0
0.724001
0.0
0.0
0.0
0.0
0.0
0.0
0.0
0.0
0.0
0.0
0.0
0.0
0.0
1.6793
0.630096
0.0
0.0
0.0
1.13173
0.0
0.0
7.30918
0.0
0.0
0.0
0.0
0.0
0.627469
0.0
3.08218
6.90261
0.0
0.0
0.0
0.0
0.0
0.0
0.0
0.0
0.0
0.0
0.0
0.0
0.0
0.0
0.0
0.0
0.0
0.0
0.0
0.0
0.0
0.0
3.14722
0.0
0.0
0.482826
0.0
0.0
0.0
0.0
0.0
0.0
0.514189
5.31635
0.0
0.0
0.0
0.0
0.0
0.0
0.0
0.909166
0.0
0.0
0.0
0.0
0.0
0.0
0.0
0.0
0.0
1.6651
0.0
0.0
0.0
0.0
3.15373
0.0
0.0
0.0
0.0
0.0
2.10548
0.0
1.68705
0.0
0.0
0.0
0.0
1.20692
0.0
1.75405
3.35223
0.0
0.0
0.0
0.0
0.0
0.0
0.0
0.0
1.56624
0.0
0.0
0.0
0.0
0.0
0.0
0.0
0.0
0.0
0.0
0.0
0.0
0.0
0.0
0.0
0.0
0.466417
0.483633
1.32353
0.0
0.0
0.0
0.47078
0.0
0.0
0.0
0.0
0.0
0.0
0.0
0.0
0.0
0.0
0.0
0.0
0.0
0.0
0.0
0.941201
0.0
0.0
0.0
0.0
0.0
3.13404
0.0
0.0
0.0
0.0
0.0
0.0
0.0
0.0
4.9965
1.55136
0.0
0.0
0.510843
0.0
0.285953
0.0
0.0
0.0
0.0
2.7259
0.0
0.0
0.289224
0.52243
0.0
0.0
0.0
0.0201805
0.0
0.0
4.50974
0.0
1.0575
0.0
0.0
0.0
0.0
0.0
0.0
0.0
0.0
0.0
0.0
0.0
0.0
0.0
0.0
0.0
0.0
0.67866
1.19101
0.0
0.0
0.0
0.0
0.0
0.0
0.0
0.0
1.81608
2.64219
0.0
0.0
2.40801
0.0
0.0
0.0
0.0
0.130155
0.0
0.0
0.0
0.676667
0.0
0.0
0.0
0.0
0.0
0.0
0.0
0.0
0.0
0.0
0.0
0.0
0.0
0.0
0.0
0.0
0.0
1.21662
0.0
0.0
0.0
0.0
0.0
2.02004
0.0
0.0
0.0
0.0
0.0
0.0
0.0
0.0
0.0
0.0
0.0
0.0
0.0
0.0
0.0
0.0
0.0
0.0
0.0
0.0
0.0
0.0
0.917907
0.0
0.0
0.0
0.0
0.0
0.0
0.0
1.60123
0.0
0.0
0.0
0.0
0.0
0.0
0.0
0.0
0.221673
0.0
0.0
0.0
0.0
0.589414
0.182561
0.0
0.0
0.0
0.0
0.0
0.0
0.0
0.851566
0.0
0.0573309
0.0
0.0
0.0
0.0
0.0
0.0
1.49969
0.0
0.0
0.0
0.0
0.0
0.0
0.0
0.0
0.0
0.0
0.0
0.0
0.0
0.0
0.0
0.0
0.0
0.266112
0.0
2.40415
0.0
0.0
0.0
0.0
0.0
0.504284
0.0
0.0
3.34549
0.0
0.0
0.0
0.0
2.65605
0.0
0.0
0.0
0.0
0.0
0.0
0.0
0.0
0.395204
0.0
5.37614
0.0
0.0
2.52238
0.0
0.0
4.87997
1.49031
0.0
0.0
0.0
0.0
0.0
0.0
0.0
0.0
0.0
0.0
0.0
0.0
0.0
0.0
0.0
0.0
0.0
0.0
0.0
0.0
0.0
0.78042
1.22247
0.0
1.86161
0.62149
0.0
0.0
0.0
0.0
0.0
0.0
0.0
1.23576
0.0
0.0
0.0
4.89056
0.0
0.0
0.452245
0.30637
0.0
4.20848
0.0
0.0
0.0
0.0
0.0
0.0
0.0
0.0
0.0
0.0
0.0
0.0
0.0
0.0
0.0
0.0
4.26356
0.0
0.136014
0.685176
0.0
0.0
0.847026
4.20885
0.0
0.0
1.00517
0.0
0.0
0.0
0.0
0.0
0.0
0.0
0.0
0.0
7.49682
0.0
0.0
0.0
0.0
0.0
0.0
0.0
0.0
0.0497819
0.0
0.0
0.0
0.0
0.0
0.191459
0.0
0.0226182
0.0
0.0
0.0
0.0
0.0
0.0
0.0
0.0
2.60343
0.0
0.0
0.0
0.0
0.0
2.18011
0.13546
0.0
0.0
0.0
0.0
1.24029
0.0
0.389151
0.0
0.0
0.0
1.18163
1.58753
0.0
0.0
0.0
0.0
0.0
2.30683
0.0
0.0
0.0
0.0
0.0
0.0
0.0
0.0958789
0.0
0.0
0.0
0.0
0.0
4.44971
0.0
0.0
0.0
0.0
0.0
0.0
0.0
0.0
0.0
2.52574
0.0
0.0
4.31527
0.0
0.700958
0.0
0.0
0.0
0.24536
0.0
0.0
0.0
0.0
0.0
0.0
0.0
1.33918
0.0
0.0
0.0
0.0
0.0
0.0
0.0
0.0
0.0
1.49453
0.0
0.0
1.63472
0.0
0.0
0.0
0.0
0.0
0.0
0.0
0.87574
0.0
0.0
0.0
0.0
0.0
0.0
0.0
0.0
0.0
0.0
0.0
0.0
0.0
1.54026
0.0
0.0
0.0
0.0
0.0
1.02158
0.0
1.44841
0.0
0.0
0.0
0.0
0.0
2.02679
0.0
1.66974
0.0
0.0
0.0
0.0
0.0
0.0
0.0
2.30867
0.0
0.990082
0.515161
0.0
0.0
0.0
0.0
0.0
0.0
0.0
0.0
0.0
0.0
0.0
1.56066
0.0
0.0
1.24501
0.0
0.0
0.0
0.0
0.0
0.0
0.0
0.0
0.0
0.0
0.0
0.0
0.0
0.0
0.0
0.0
0.0
0.0
0.0
0.0
0.0
0.0
0.0
0.0
0.0
0.0
0.0
0.0
0.0
0.0
0.0
0.0
0.0
0.135884
0.0
0.0
0.0
1.11512
0.0
0.0
0.0
0.0
0.0
0.0
0.0
0.0
0.0
1.03597
1.26084
0.0
0.0
0.0
0.0
0.0
0.0
0.0
0.0
0.00598362
0.0
0.0
0.0
0.0
0.0
0.0
0.0
0.0
0.0
0.0
0.0
0.0
0.0
0.0
1.04306
0.0
0.0
0.0
0.0
0.582715
0.0
0.0
2.48711
0.133669
2.84497
0.0
0.0
0.0
0.0
3.06174
0.0
0.0
0.0
0.0
0.0
0.0
0.0
0.0
0.0
0.0
0.0
0.0
0.0
2.02606
0.0
0.0
0.0
0.0
0.0
0.0747454
0.0
0.0
0.0
5.90892
0.0
1.47267
0.0
0.0
0.0
0.0
0.189963
0.0
0.0
0.0
0.0
0.0
0.0
0.0
0.0
0.0
0.0
0.0
0.0
0.0
1.4684
0.0
0.0
0.0
0.0
0.0
0.0
0.485094
0.0
0.0
1.01257
0.0
0.0
0.0
0.0
0.0
0.0
1.12352
0.0
0.0
0.0
0.0
0.0
0.960737
0.0
2.84003
0.0
0.0
0.343413
0.0
0.0
0.0
0.0
1.85523
0.0
0.0
3.92865
0.0
0.0
0.0
0.0
0.0
0.0
0.0
1.4096
0.0
1.36573
0.0
0.0
0.282201
0.0
0.0
0.0
1.40382
3.2544
0.0
0.0
0.0
0.0
0.0
0.0
1.84434
0.0
0.0
0.0
0.0
0.0
0.0
0.0
0.0
2.30558
0.0
0.0
0.0
0.0
0.0
0.646239
0.0
0.0
0.0
0.0
0.0
0.0
0.0
1.51972
0.0
0.0
0.0
2.41758
0.0
0.0
0.0
0.0
0.0
0.593072
0.0
0.0
0.0
4.58201
0.0
2.48165
4.84343
0.0
2.63773
0.0
0.0
0.379566
1.04845
0.0
0.0
0.0
0.0
0.0
0.0
0.0
1.34508
0.0
0.0
0.0
0.0
0.225525
0.63683
0.0
0.0
0.0
0.0
3.26158
1.08431
0.0
0.0
0.0
0.0
0.0
0.0
0.0
1.42105
0.0
0.0
0.0
0.0
0.0
0.0
0.0
0.0
0.0
0.0
0.0
0.0
0.0
0.0
0.0
0.0
0.0
0.0
0.0
0.0
0.0
0.0
3.86635
1.02572
0.0
0.0
0.0
0.0
0.0
0.0
0.0
0.0
0.0
0.0
0.0
0.0
0.0
8.77819
0.0
0.0
6.99976
0.0
0.0
0.0
0.0
0.0
0.0
0.0
0.0
0.0
1.7946
1.0754
2.16734
0.0
0.0
1.70315
0.0
0.0
0.0
0.0
0.0
0.0
0.0
0.0
0.0
0.0
0.0
0.0
0.0
0.0
1.13884
0.0
0.0
0.0
0.0
0.0
0.0
0.0
0.0
0.0
0.0
0.0
0.0
0.0
2.14716
0.0
0.0
0.0
0.0
0.0
0.0
0.0
0.0
0.0
0.0
2.04394
0.0
0.0
0.0
0.0
0.0
0.0
0.0
0.0
1.77174
0.0
0.0
0.0
0.0
0.0
0.0
0.0
0.0
0.0
0.0
0.0
0.0
0.75391
0.0
0.0
0.0
0.0
2.01333
0.219642
0.0
0.0
0.0
0.0
0.0
0.0
0.0
0.0
0.0
0.386992
0.0
0.0
0.0
0.353797
0.0
0.0
0.0
0.0
0.0
0.0
0.0
0.0
0.0
0.0
0.0
0.0
0.0
1.97722
0.0
0.0
0.386885
0.0
0.0
0.0
0.0
0.0
0.0
0.0
0.0
3.8001
0.0
0.0
0.0
0.0
0.0
0.0
0.0
0.0
0.0
0.0
0.0
0.0
0.0
0.0
0.0
1.26185
0.0
0.0
0.0
0.0
0.829345
0.0
0.0
0.0
0.0
0.0
1.20206
0.0
0.0
0.0
0.0
2.26225
0.0
0.0
1.42623
0.0
0.0
0.0
0.0
0.0
0.0
0.0
0.0
0.0
1.29057
0.0
0.0
0.0
6.07663
0.0
0.0
0.0
0.119184
0.0
0.0
0.0
0.0
0.0
0.0
0.0
0.0
0.0
0.0
0.0
0.0
0.0
2.30417
0.0
0.0
0.0
0.0
0.0
0.0
0.0
0.0
0.0
0.0
0.0
1.16569
0.0
0.0
0.0
0.0
0.0
0.0
0.0
0.0
0.587422
1.51035
0.0
0.0
1.39783
0.155192
0.0
0.0
0.0
0.399295
0.0
1.3609
0.0
0.0
0.0
0.0
0.0
0.111312
0.0
0.0
0.0
0.0
0.0
0.0
0.0
0.0
0.0
0.0
1.39506
0.0
0.0
0.0
0.0
0.0
0.0
0.0
0.0
0.0
1.34524
0.0
0.0
0.597232
0.0
0.0
0.0
0.0
0.0
0.0
1.39572
0.0
0.0
0.0
0.0
0.0
0.0
0.0
0.0
0.0
0.0
0.0
0.0
0.0
0.0
0.0
0.0
0.0
0.0
0.0
2.97676
0.0
0.0
0.0
0.0
0.0
0.0
0.0
0.0
0.0
0.0
0.0
0.0
0.0
0.0
0.0
0.0
0.0
0.0
0.0
0.0
1.85383
0.0
0.0
0.0
0.0
1.44967
0.0
0.0
0.0
0.993119
0.0
0.0
0.0
0.0
0.0
0.332936
0.0
0.0
0.0425755
0.0
0.0
0.0
0.914531
0.0
0.0
0.0
1.05922
0.0
0.0
0.0
0.0
0.0
0.0
0.0
0.0
0.0
0.0
0.0
0.0
0.0
0.0
0.0
0.0
0.0
0.646092
0.0
0.0
0.0
0.0
0.0
0.0
1.90161
0.0
0.0
0.0
0.946174
0.0
0.0
0.0
0.0
0.0
0.0
0.0
0.775539
0.167077
0.0
0.0
0.0
0.0
0.0
0.0
0.0
0.0
0.0
0.0
1.11319
0.0
3.00794
0.0
1.63433
0.0
0.0
0.0
1.66953
6.02603
0.0
0.0
0.0
0.0
0.0
2.13057
0.0
0.0
0.0
2.64992
0.0
0.0
0.0
0.0
0.909272
0.0
0.0
0.0204455
0.0
0.0
0.0
0.0
0.0
0.0
0.0
0.0
2.21041
0.0
0.0
0.0
0.0
0.0
2.48951
0.0
0.0
0.0
0.0
0.0
0.0
0.0
0.0
0.0
0.520598
0.0
0.0
0.0
0.0
2.18855
0.0
0.0
0.0
0.0
0.0
0.0
0.0
0.234512
0.0
0.0
0.0
0.0
0.0
0.0
1.16229
0.0
0.0
0.919466
0.0
0.0
0.0
3.18913
0.0
0.0
0.0
0.0
0.0
0.0
0.0
0.0
0.0
0.0
0.0
2.22369
0.0
0.0
0.0
0.985511
4.27046
0.0
0.498745
1.41255
0.0
0.0
0.0
0.0
0.0
0.162314
0.0
0.0
0.0
0.804171
0.0
1.13917
0.0
0.0
0.0
0.0
0.0
0.0
0.0
0.0
0.0
0.0
0.0
0.0
0.0
0.0
0.0
0.0
0.0
0.0
0.0
0.0
0.0
0.0
0.0
0.0
0.0
0.0
0.0
0.0
0.0
0.0
0.0
0.0
0.466222
1.66735
0.0
0.0
0.0
0.0
0.0
0.0
0.0
0.0
0.0
0.0
0.0
0.0
2.4584
0.0
0.0
1.29535
0.0
0.0
0.0
2.45135
0.0
0.0
0.0
0.0
0.0
0.0
0.0
0.0
0.00509241
0.284854
0.0
0.0
0.0
0.0
0.0
0.0
0.0
0.0
0.0
0.0
0.0
0.0
0.0
4.28298
0.0
0.0
0.0
0.0
0.0
0.114267
0.0
0.0
0.0
0.0
2.33373
0.0
0.0
2.16185
0.0
0.0
0.0
0.926464
0.0
0.0
0.0
0.0
0.0
0.0
0.0
0.0
0.0
0.0
1.02538
1.10291
0.0
0.0
0.0
0.0
0.0
0.0
1.58389
0.0
0.0
0.0
0.0
0.0
0.0
0.0
0.0
0.0
0.0
0.0
0.0
0.0
0.0
0.0
0.0
0.0
0.0
2.22361
0.0
0.0
0.0
0.0
0.0
0.0
0.0
3.52052
0.0
0.0
0.0
0.152453
1.06424
0.125265
0.0
0.0
0.0
0.0
0.0
0.0
0.0
2.42557
0.0
3.31699
0.0
0.0
0.0
0.0
0.796756
0.0
0.0
0.0
0.0
0.0
0.381604
0.0
0.0
0.0
0.0
0.250722
0.0
0.0
0.0
0.0
0.0
0.0
0.0
0.0
0.230939
0.0
0.0
0.0
0.0
0.0
0.0
0.0
0.0
1.14704
0.0
3.75995
2.75197
0.0
0.0
0.0
0.0
0.0
0.0
0.0
0.0
1.83085
0.284373
0.0
0.0
0.0
1.50515
0.0
0.0
4.57067
0.0
0.0
0.908836
0.0
6.02194
0.0
0.0
4.77408
2.47742
0.0
0.0
0.0
0.0
0.0595014
1.62371
0.0
0.0
0.0
6.22495
0.0
0.0
0.0
2.48746
0.0
3.33095
0.0
0.0
0.0
0.0
0.0
0.0
0.0
0.0
0.0
0.0
0.0
0.0
0.0
0.0
0.0
1.26598
2.93557
0.0
0.0
0.0
0.0
0.0
0.0
0.0
0.0
0.0
2.23061
0.0
0.0
0.0
0.0
0.814763
0.354477
0.0
0.0
0.0
0.0
0.0
0.819712
2.19537
0.0
0.0
0.0
0.0
0.0
0.0
0.0
0.0
0.0
0.0
5.05758
0.0
0.547591
0.0
0.0
6.81521
0.0
0.0
0.281754
0.0
0.0
1.09526
0.0
0.0
0.0
0.0
0.0
0.0
0.0
0.0
2.69788
0.0
0.0
0.0
0.0
0.0
1.17922
0.0
0.0
0.0
0.0
0.0
0.0
0.0
0.0
0.234808
0.0
0.0
0.0
0.278657
0.0
0.0
0.0
4.13765
0.791801
0.0
0.0
0.0
0.0
0.937572
0.0
0.0
0.0
0.0
0.0
0.0
1.99179
0.0
0.0
0.0
2.22405
0.454102
0.0
0.0
0.0
0.0
0.0
0.0
5.89483
0.0
0.266856
0.0
0.0
0.0
0.0
0.0
0.0
0.0
2.1889
0.0
0.0
0.0
0.242393
1.25476
0.0
0.0
0.0
0.0
0.0
0.0
0.0
0.0
0.0
0.451593
0.0
5.06133
0.0
0.0
0.0
0.912081
0.0
0.0
0.0
0.180434
0.0
0.0
0.0
0.0
0.0
0.0
0.0
0.0
0.0
0.0
0.0
0.0
0.0
0.0
0.0
0.0
0.0
0.651581
0.0
0.0
0.0
0.0
0.0
0.0
0.0
0.0
0.0
0.0
0.0
0.0
0.671089
0.0
0.0
0.0
0.0
0.0
0.0
0.0
2.34281
1.22733
0.0
0.0
0.0
0.0
2.78423
0.0
0.0
0.0
0.0
0.109759
0.0
0.800866
0.0
0.0
0.0
0.0
0.0
0.250421
0.0
1.30044
0.0
1.11909
0.0
0.0
0.0336541
2.7138
0.0
0.0
0.0
0.0
0.0
0.0
0.0
2.38535
0.0
0.0
0.0
0.0
0.0
0.0
0.0
0.0
0.0
0.0
0.0
0.0
0.0
0.0
0.0
0.0
0.0
0.0
0.0
0.0
0.0
0.0
2.45833
0.0
1.36519
0.592402
1.45463
0.0
0.0
0.0
0.0
0.0
0.0
0.0
0.0
0.0
0.0
0.0
0.0
0.0
0.0
0.0
0.0
0.0
0.0
0.0
0.0
6.41534
0.0
0.0
7.55969
0.0
3.13632
0.0
0.0
0.0
0.0
0.0
0.0
0.0
0.0
0.0
0.0
1.89901
0.0
0.0
0.0
0.0
0.0
0.0
0.0
0.0
2.38828
0.0
1.17412
0.327828
0.312492
0.0
0.0
1.99512
3.23536
0.0
0.0
0.0
0.0
0.0
0.0
0.0
0.0
2.13931
0.413828
3.9614
0.0
0.0
0.0
0.0
0.0
0.0
0.0
0.0
0.0
0.0
0.0
0.0
0.0
2.32018
0.0
0.0
0.0
0.0
0.0
0.0
0.0
0.0
0.0
0.424277
0.0
0.0
0.0
0.0
4.60728
0.0
0.978338
0.0
0.0
0.0
0.0
0.0
0.0930502
0.0
0.649026
0.0
0.0
0.0
0.0
0.0
0.0
0.796024
0.0
1.43125
0.0
0.0
0.0
0.109127
0.405758
0.0
0.0
0.0
1.31052
0.158077
0.0
1.30543
0.0
0.0
0.0
0.823578
0.0
0.0
0.0
2.2342
0.0
0.0
0.0
0.0
0.0
6.686
0.0
0.0
0.0
0.0
0.0
0.0
0.0
0.895214
1.94717
0.0
0.739548
0.0
0.0
0.0
0.0
0.0
0.190425
0.0
0.173313
0.0
0.0
0.0
0.0
1.53005
0.0
0.0
2.50143
0.184593
0.0
0.0
0.0
0.0
0.0
0.455626
0.0
0.0
0.0
0.1072
0.0
3.00748
0.0
0.0
0.0
0.0
0.0
0.0
0.0
0.0
3.63132
2.15344
0.0
0.0
0.0
0.0
0.0
0.0
0.0
2.25955
0.0
0.0
0.308607
0.0
0.154808
0.0
0.0
0.0
0.00451201
0.0
0.0
0.0
0.112456
0.0
0.0
0.0
0.0
0.0
0.0
0.0
0.0
0.0
0.0
0.0
0.334853
0.0
0.0
0.0
0.0
1.56324
0.0
0.0
0.0
0.0
0.0
0.0
0.0
0.0
0.0
0.0
3.26947
0.0
0.0
0.0
0.477999
0.0
0.0
0.0
0.0
0.0
0.0
0.0
0.0
0.436991
0.0
0.0
0.0
0.0
0.0
3.99187
0.0
1.0134
0.0
0.0
0.0
0.0
0.0
0.0
0.157242
0.0
1.48887
0.0
0.00207284
0.0
0.0
3.60085
0.0
1.73154
0.0
0.0
0.0
0.0
0.0
0.0
0.0
0.141144
0.0
0.0
0.0
0.0
0.0
0.0
0.738725
0.0
0.0
0.0
0.0
0.0
0.0
0.0
0.0
0.0
0.0
0.0
0.0
0.0
0.0
0.0
0.0
0.0
0.0
3.22015
0.0
0.0
0.0
0.0
0.0
0.584027
0.0
0.0
0.30977
0.0
0.0
0.0
0.0
0.0
0.0
0.0
0.0
0.0
0.0
0.0
0.0
0.0
0.0
0.0
0.0
0.0
0.0
0.0
0.0
0.0
0.0
0.0
0.8167
0.0
0.0
0.0
0.0
0.0
0.0
0.0
0.0
2.03198
0.0
0.0
0.0
0.0
0.0
0.0
0.0
0.0
0.38084
0.0
0.0
0.0
0.0
0.0
0.996797
3.44461
0.0
0.0
0.0
0.0
0.0
0.0
1.87143
0.0
0.0
0.0
0.0
0.0
0.0
0.0
0.0
0.0
0.0
0.0
0.0
0.0
0.0
0.0
0.0
0.0
0.0
0.0
2.97649
0.0
1.99021
0.0
3.0908
0.0
0.0
0.0
2.27635
0.0
0.0
0.0
0.0
0.0
0.0
0.0
0.0
0.0
0.161377
0.0
0.282855
0.0
0.0
0.0
0.0
0.0
1.21672
0.0
0.0
0.0
0.0
0.0
0.0
0.0
3.41892
3.4778
0.0
0.0
0.0
3.0063
0.0
0.0
0.0
1.0639
0.0
0.0
0.0
0.0
0.61513
0.0
0.0
0.0
0.0
0.0
0.0
0.0
0.0
0.0
0.0
1.83342
0.0
0.0
0.0
0.0
0.0
0.0
0.0
0.0
0.0
0.0
0.0
0.0
0.279608
0.0
4.6212
0.0
0.0
0.0
0.0
0.0
0.0
0.0
0.0
0.0
0.0
0.0
0.0
0.0
0.0
0.20336
0.0
0.0
0.0
2.22399
0.966295
0.0
0.0
0.0
0.0
0.0
0.0
0.0
0.0
0.0
0.0
0.0
0.0
0.0
0.0
0.0
0.0
0.838751
2.88356
0.707701
0.225969
1.68532
0.0
0.0
1.66855
0.0
0.0
0.0
0.0
0.0
0.0
0.0
0.0
0.0
0.0
0.0
0.0
1.13451
0.0
0.0
2.83884
0.0
0.0
0.0
0.0
0.0
0.0
0.0
1.94652
0.929242
0.0
0.0
0.0
0.0
0.0
0.0
0.0
0.0
0.0
0.0
0.0
0.0
2.17324
0.0
0.0
0.0
0.054444
0.0
0.0
0.0
0.0
0.0
0.0
0.0
0.0
0.0
0.0
0.0
0.0
0.0
3.05908
2.67131
0.0
0.0
1.49692
0.0
0.0
1.28753
0.0
0.0
0.0
0.0
0.0
0.0
0.0
0.0
1.64535
0.0
0.0
0.0
0.0
0.0
1.67186
0.289787
0.0
0.0
0.0
0.0
0.0
4.50209
0.0
0.0
0.0
0.0
0.0
0.0
1.4725
0.0
0.0
0.0
0.0
0.0
0.0
0.0
0.0
0.0
0.0
0.0
0.0
0.0
0.0
0.0
0.0
0.0
0.0
0.0
0.0
0.0
0.0
0.0
0.0
2.38096
0.0
0.0
0.0
0.0
0.0
0.0
0.0
0.0
0.0
0.0
0.0
0.0
0.0
0.0
0.0
0.0
0.0
0.600083
5.47947
0.0
0.0
0.0
0.0
0.0
0.0
0.0
0.0
0.0
0.0
0.0
0.0
0.0
0.0
0.0
0.0
0.0
0.0
0.0
0.0
0.0
0.0
0.355058
0.295309
0.0
0.0
0.0
0.0
0.0
0.0
0.0
0.0
0.0
0.0
0.0
2.01144
0.0
0.0
0.0
0.0
0.0
0.0
0.0
0.0
0.0
0.0
0.0
0.0
1.96895
0.0
0.0
0.0
0.0
0.0
0.0
0.0
0.0
0.0
0.0
1.11088
0.307675
0.761687
0.0
0.0
0.0
0.0
0.479032
0.199705
0.0
0.0
0.837056
0.0
0.0
0.0
0.0
0.0
1.1862
0.0
0.0
0.0
0.0
0.0
0.0
0.0
0.0
0.0
1.70678
0.971569
0.0
0.0
0.0
0.0
0.0
4.4139
0.0
0.0
0.0
0.0
0.0
0.0
0.0
0.0
0.0
0.0
0.0
0.302473
0.0
0.0
0.0
0.0
0.0
0.0
0.0
0.0
0.0
0.0
0.352192
0.0
0.0
0.0
0.0
0.0
0.0
0.274251
0.0
0.0
0.0
0.0
0.0
0.0
0.0
0.0
0.0
1.27444
0.0
0.0
0.949234
0.0
0.0
0.0
0.0
0.0
0.0
0.0
0.0
0.0
0.0
0.869874
0.0
0.0
0.0
3.35351
0.0
0.0
0.0
0.0
0.0
0.692599
0.0
0.0
1.54678
0.0
0.0
0.0
0.0
0.0
0.0
0.0
0.0
2.76905
0.0
0.0
0.0
0.0
0.0
0.0
0.0
0.0
0.0
3.03364
0.0
0.0
0.207033
0.0
0.0
0.0
0.0
0.972889
0.0
0.0
0.0
0.0
0.0
0.0
0.0
0.0
0.0
0.0
0.0
0.0359065
0.0
0.0
0.0
0.0
0.914533
1.84734
0.0
0.315635
0.768171
0.648499
0.0
0.0
0.0
0.0
0.0
0.0
0.0
0.0
2.00109
0.0
0.0
0.0
0.0
0.0
0.0
0.0
0.0
0.0
0.0
0.0
0.0
0.0
0.0
0.0
0.0
0.0
0.0
0.0
0.0
0.0
0.0
0.0
0.0
0.788138
0.0365373
2.82019
0.0
0.0
0.0
0.0
0.0
0.0
0.0
0.0
0.0
0.0
0.0
0.0
0.0
2.38784
0.0
0.158383
0.0
0.0
0.0
0.0
0.0
0.0
0.0
0.0
0.0
0.0
0.0
0.336346
0.0
0.0
0.0
0.0
0.0
0.0
0.0
3.98699
0.0
0.0
0.526787
0.0
1.10287
0.0
0.0
0.945461
0.0
0.0
0.0
0.0
0.0
0.0
0.0
0.0
0.0
0.0
0.225428
0.0
0.0
0.0
0.0
0.0
1.10284
2.6187
0.0
0.0
0.0
0.0
0.0
0.0
0.0
2.00897
0.0
2.46767
0.0784698
0.937004
0.0
0.0
0.799309
0.0
0.0
0.440912
0.0
0.0
0.0
1.30484
0.0
0.0
0.0
0.495427
0.0
0.0
0.0
0.797077
0.0
0.0
0.0
0.0
0.0
0.0
0.0
0.0
0.0
0.0
1.07631
3.03827
0.0
0.0
0.0
0.0
0.0
0.0
0.0
0.0
0.0
0.0
0.0
2.06161
0.0
0.0
0.0
0.0
0.0
0.0
0.0
0.0
0.0
0.0
0.0
0.0
2.04962
0.0
0.0
0.0
0.0
0.0
0.0
0.0
0.0
0.0
0.0
0.48499
0.0
0.0
0.0
0.0
0.0
0.0
4.58179
0.0
0.0
0.0
0.0
0.0
0.0
0.0
0.0
0.0
0.0
0.0
0.0
0.0
0.373146
1.45136
0.0
0.0
0.0
0.0
0.0
0.0
2.33908
0.0
0.0
2.89461
0.0
0.0
0.0
1.09863
0.969863
0.0
0.0
0.0
0.0
0.0
0.0
0.0
0.0
0.0
0.0
0.0
0.0
0.0
0.0
0.0
0.0
0.0
0.0
1.00561
0.0
0.0
0.743413
0.0
0.0
0.0
0.282264
0.0
0.0
0.0
0.0
0.0
0.0
2.06627
0.0
0.126474
0.0
0.0
0.0
0.0
0.0
0.0
0.0
0.0
1.78247
0.0
2.90581
0.0
0.0
0.0
0.0
0.622417
0.0
6.93144
0.0
0.0
0.0
0.0
0.0
0.0
0.0
0.0
0.0
0.0
0.0
0.0
0.0
0.0
0.0
0.0
0.0
0.0
0.0
0.0
0.0
0.0
0.0
0.0
0.429443
0.0
0.0
0.0
0.0
0.0
0.0
0.0
0.0
0.0
0.0
1.65855
0.0
0.267023
0.0
0.0
0.0
0.0
3.29146
0.0
0.27967
0.0
0.0
0.124536
0.0
0.0
0.0
0.0
2.04008
0.0
0.0
0.0
0.0
0.0
0.0
0.0
0.0
0.0
0.0
0.0
0.0
0.0
0.0
0.0
0.0
0.0
0.0
0.0
0.0
0.0
0.0
0.0
0.0
0.0
0.0
0.0
0.0
0.0
0.0
0.0
0.0
0.0
2.04785
0.0110524
0.0
0.0
0.0
0.0
0.0
0.0
1.46623
0.0
0.0
0.0
0.0
0.0
0.0
3.42106
0.0
0.0
0.0
0.0
0.0
0.996914
0.0
0.0
0.0
0.0
0.0
0.0
0.0
0.0
0.0
0.0
0.25166
0.0
0.0
0.0
0.0
0.0
0.0
0.0
0.0
0.0
4.30027
0.704064
0.0
0.0
0.0
0.0
0.0
0.993579
0.0
0.0
0.0
0.0
0.0
0.0
0.0
0.0
0.0
0.0
0.0
0.0
1.77152
0.0
0.0
0.0
0.0
0.0
0.0
0.0
0.0
0.0
0.0
0.0
0.0
0.0
0.0
0.0
0.0
2.69845
0.0
0.0
0.0
0.0
0.0945415
1.44672
0.0
0.0
0.0
0.0
0.0
0.0
0.0
1.25831
0.0
1.43943
0.0
0.0
0.0
0.0
3.09065
0.0
0.0
0.0
4.96543
2.6919
0.0
0.0
0.0
0.0
0.0
0.0
0.0
0.0
2.50199
0.0
0.0
2.22722
0.0
0.0
0.0
0.0
0.0
0.0
0.0
0.0
3.3532
0.0
0.0
0.0
0.0
0.0
0.0
0.0
0.0
0.0
0.0
0.0
0.0
0.0
0.0
0.0
1.678
0.0
0.0
0.0
0.0
2.99405
0.0
0.0
0.0
0.0
0.0
0.0
1.47242
0.0
0.0
0.0
0.0
0.0
0.0
3.15723
0.0
0.0
0.0
0.0
0.0
0.0
0.0
0.0
0.0
0.0
2.04445
0.0
0.0
0.0
0.0
0.0
0.0
0.0
1.78375
4.33359
0.0
1.95658
0.0
2.90539
0.0
0.0
0.0
0.0
0.0
0.440701
0.0
1.33349
0.0
0.0
0.0
0.24207
0.0
0.186672
0.0
4.97979
0.0
0.0
0.0
0.0
0.0
0.0
0.0
0.0
3.16775
3.96702
0.0
0.0
0.0
0.0
0.0
0.722893
0.0
0.0
0.0
0.00124177
0.0
0.0
0.0
0.0
0.0
0.0
0.158194
0.0
0.745454
0.0
0.0
2.3049
0.0
0.0
0.0
0.0
1.19367
0.0
0.0
0.0
0.0
0.122497
0.0
0.0
0.0
0.0
0.548054
0.0
0.0
0.0
0.0
0.0
3.0076
0.0
0.0
0.0
0.0
0.239405
0.0
0.0
0.0
0.0
1.64638
3.00809
0.0
0.0
0.0
1.85903
0.0
0.0
0.0
0.0
0.291481
0.0
0.0
1.95892
0.0
0.0
0.0
0.0
3.02462
0.0
0.0
0.0
0.0
0.84649
0.0
0.0
0.0
0.0
0.0
0.917797
0.0
0.0
1.64088
0.0
0.0
0.0
0.0
0.0
0.0
0.0
0.0
0.0
0.0
0.0
0.0
0.0100952
2.78046
0.0
0.0
0.0
0.0
0.0
0.589232
0.0
0.0
0.0
0.0
0.0
0.0
0.0
0.981986
0.0
0.0
0.0
2.92985
0.0
1.31237
0.0
0.0
0.0
0.0
0.60221
0.0
0.0
0.0
0.0
0.0
0.0
0.585879
0.0
0.0
0.0
0.0
0.0
1.51545
0.0
0.0
0.0
0.0
0.0
0.0
0.0
0.0
0.0
0.0
0.0
3.93619
0.0
0.0
0.0
0.830908
0.0
0.0
0.0
0.0
0.0
0.0
0.0
0.0
0.0
0.0
0.0
0.0
0.0
0.0
0.0
0.0
0.89472
0.0
4.65335
0.0
5.26723
0.0
0.0
3.31147
0.0
3.46285
0.0
0.0
0.0
0.0
0.614915
5.66095
0.0
0.0
0.0
0.0
0.0
0.0
0.49136
0.0
0.0
0.0
0.111605
0.0
0.0
0.0
4.15046
0.0
0.0
0.0
0.0
0.486726
0.0
0.0
0.0
2.03029
2.42226
0.0
0.0
0.0
0.0
0.0
0.0
0.0
0.0
3.6371
0.0
0.0
3.32377
0.0
0.0
0.0
2.31263
0.0
0.0
0.0
0.0
3.02996
3.54065
4.62837
0.0
0.0
2.01401
0.0
0.0
0.0
0.0
0.0
1.18577
0.0
0.0
3.50066
0.0
0.0
0.0
0.0
0.0
0.0
0.0
0.0
0.0
0.0
0.0
0.0
0.0
0.0
2.01407
0.0
3.3513
0.0
0.0
0.0
0.0
0.0
0.0
0.0
0.0
0.0
0.0
0.0
0.0
0.0
0.0
3.65092
0.0
0.0
0.0
1.33145
1.62189
0.0
0.0
0.0
0.0
0.0
0.0
0.0
0.0
0.0
0.0
0.0
2.49342
0.0
0.0
0.0
0.311909
0.0
0.0
0.0
0.0
0.0
0.0
0.0
0.0
0.0
0.0
0.0
0.0
0.0
0.0
0.0
0.564239
0.0
0.0
0.0
3.48343
0.0
0.0
0.0
0.0
0.0
0.0
0.0
4.43273
0.0
0.0
0.0
0.371031
0.0
0.0
0.0
0.0
0.0
2.65608
0.0
0.0
1.83975
0.0
0.0
0.0
0.0
0.0
0.0
0.0
0.0
5.10711
0.0
0.0
0.0
0.0902887
0.0
0.0
0.0
0.0
0.0
0.0
0.0
0.0
0.0
0.0
0.0
0.0
0.0
0.0
0.0
0.0
0.0
0.0
0.0
0.0
2.70067
0.0
0.0
0.0
0.0
0.863711
0.0
1.00065
0.0
0.0
0.0
0.0
0.0
0.0
0.0
0.0
0.0
0.0
0.0
0.0
0.0
0.0
0.0
0.0
0.0
0.0
1.08619
0.0
0.0
