0.0
0.0
3.2516
0.0
1.36575
0.0
0.0
0.0
0.0
0.0
0.0
0.0
0.0
2.87738
0.509512
1.38365
0.0
0.0
0.95516
0.0
0.0
1.21469
0.0
0.0
0.0
0.0
0.0
0.0
0.0
0.0
0.0
1.11841
0.0
3.84856
0.0
0.0
0.0
0.290917
0.0
0.0
0.0
0.0
3.87976
0.0
0.0
0.619696
0.420821
0.730741
0.0
2.83003
0.754166
0.0
0.0
0.0
0.0
0.0
0.0
0.0
0.0
0.0
0.354726
0.0
0.0
2.73609
1.50828
0.474539
0.0
0.0
0.0
0.0
0.0
0.0
0.0
0.0
0.0
0.0
0.0
1.55822
0.631506
0.0
1.22408
0.0
0.0
0.0
0.0
0.0
0.0
0.0
0.0
0.0
0.0
0.0
0.0
0.819356
0.0
0.0
0.0
0.0
2.89741
0.0
0.0
0.0
0.0
0.0
0.0
0.0
0.0
0.0
0.0
0.138851
0.0
0.0
0.0
0.0
0.0478722
0.0
0.0
0.0
2.57179
0.0
0.0
0.0
0.0
0.0
0.0
0.0
0.0
1.96135
0.0
0.400012
0.0
0.0
0.0
0.0
0.0
0.0
0.0
0.0
0.0156533
0.0
0.0
1.17413
0.0
0.0
0.0
0.0
0.0
0.558825
0.689439
0.0
0.0
0.0
0.0
0.0
0.0
0.0
0.0
0.0
0.0
0.0
0.0
0.19537
0.0
0.0
0.0
0.249676
0.0
0.0
1.47741
0.0
0.0
0.0
1.08221
0.0
0.0
0.0
1.47304
0.0
0.0
0.0
3.02624
0.0
0.0
0.0
0.0
0.0
0.0
0.0
0.0
2.06311
0.0
0.0
0.0
0.0
0.0
0.0
0.0
0.0
0.0
3.38388
0.0
0.0
0.0
0.0
0.0
0.0
0.0
0.0
0.0
1.73113
0.0
2.00258
0.0
0.29732
0.0
0.73229
0.0
0.0
0.0
1.76551
0.0
1.99488
0.0
0.0
0.0906504
0.0
0.356694
0.0
0.0
0.0
0.0
0.0
0.0
0.0
0.0
0.0
0.0
2.21742
0.0
0.0
0.0
0.0
0.0
2.46271
0.0
0.0
0.0
1.72598
0.0
0.0
0.0
0.0
0.0
0.0
0.0
0.0
0.0
1.2788
0.0
0.639834
0.0
0.0
1.56452
0.0
0.0
0.0
0.0
0.0
0.0
0.0
0.0
1.22013
0.0
0.0
0.0
0.0
0.398524
0.0
0.0
0.0
0.0
1.66995
0.764601
1.5454
0.0
0.0
0.0
0.254489
0.0
0.0
0.0
0.0
1.58465
1.18082
2.23422
0.0
0.0
0.0
0.0
0.0
0.0
3.95632
2.23334
0.0
0.371818
1.09747
0.0
0.0
1.95988
0.0
0.0
0.0
0.0
0.0
0.0
0.0
0.0
0.0
0.0
0.0
0.0
0.0
0.0
0.0
0.0
0.0
0.0
1.11026
0.0
2.00207
0.977299
0.0
0.0
0.0
0.0
0.0
0.0
0.0
0.0
0.0
0.0
0.0
0.0
0.0
0.163183
0.285421
0.0
0.0
0.0
0.0
0.0
0.0
0.0
0.0
0.0
0.0
0.0
0.320234
0.0
0.0
0.0
0.0
0.0
0.0
0.0
2.88588
0.0
0.0
0.0
0.0
0.181066
0.0
0.0
0.0
0.0
1.03627
0.0
0.0
0.0
0.0
0.0
0.0
0.0
0.568799
0.245898
0.0
0.0
2.43898
0.158481
3.9192
0.0
0.656779
0.0
1.32249
0.0
3.62031
1.51629
0.0
0.0
0.527515
0.0
0.0
0.0
0.0
0.0
0.0
0.0
0.0
0.0
0.0
1.19724
0.0
0.0
0.0
1.21528
0.0
0.0
0.0
0.0
0.0
0.0
0.0
0.0
0.0
0.0
0.0
0.0
0.0
0.0
0.0
3.60498
1.36165
0.0
0.0
0.0
0.0
0.0
0.0
0.0
0.0
0.0
0.0
0.0
0.0
0.0
0.46491
0.0
0.0
0.0
0.0
0.0
0.0
0.0
2.93852
0.0
0.0
0.0
0.0
0.0
1.32716
0.0
0.0
0.0
0.0
0.0
0.916003
0.0
0.0
0.0
2.45351
0.0
0.0
0.0
0.0
0.0
0.0
0.152049
0.0
1.7955
0.0
0.0731198
0.0
0.0
2.32616
0.0
0.0
0.284314
0.0
0.0
0.0
0.0
1.02446
0.0
0.0
0.0
2.48135
0.0
1.28949
0.0
0.0
0.0
0.194666
0.0
0.0
0.0
0.0
0.0
0.0
0.0
0.0
0.0
4.01431
0.0
0.0
0.0
0.0
0.0
4.29501
0.0
0.0
0.0
0.0
0.0
2.4242
0.0
0.0
0.0
0.0
0.0
0.0
0.0
0.0
0.717184
2.32202
0.0
0.0
2.21631
0.0
0.0
0.0
0.0
0.0
2.3346
0.0
0.0
0.0
0.0
0.0
0.0
0.0
0.0
0.0
0.0
0.0
0.0
1.6586
1.81319
0.0
0.0
0.0
0.0
0.0
0.0
0.0
0.0
0.0
0.896963
0.0
0.0
0.0
0.0
0.0
0.0
2.4919
0.80916
1.87144
0.0
0.0
0.0
0.0
0.0
0.0
2.04361
0.0
0.0
0.0
3.69042
0.0
0.0
0.0
0.0
0.0
1.07854
0.0
0.0
0.0
2.12164
0.0
0.0
0.0
0.827635
0.0
0.0
0.0
0.363188
1.20498
0.0
0.0
0.0
0.0
0.0
0.0
0.255242
0.0
1.72958
0.0
0.0
0.0
0.0
0.290468
4.63462
0.0
0.378562
0.0
2.3651
0.0
0.0
0.0
0.0
0.0
0.0
0.0
0.0
0.0
0.0
0.303589
1.32569
0.0
0.265932
0.0
0.0
0.0
0.0
1.94601
0.0
0.0
0.0
0.0
0.0
0.0
0.0
0.0
0.0
0.0
0.0
0.0
0.0
0.0
0.0
0.0
1.26306
0.763632
0.0
0.0
0.0
0.0
2.00217
0.0
0.0
0.0
0.0
0.0
0.857142
0.0
0.0
0.0
0.0
0.0
0.0287578
0.0
0.0
0.0
0.0
3.75721
0.0
0.0
0.0
0.0
0.0
0.0
0.0
0.0
0.0
0.0
0.0
0.0
0.0
0.0
0.0
0.0
0.0
0.536008
0.0
0.0
2.46048
0.0
0.0
0.0
0.0
0.0
0.0
0.503995
4.88366
0.0
0.285969
0.0
0.0
0.0
0.0
0.0
0.0
0.0
0.0
0.0
0.327301
2.42251
0.0
0.0
1.34788
0.183998
0.0
0.32865
0.0
0.0
0.0
2.57761
0.0
0.0
0.0
0.0
1.29471
0.0
0.0
0.0
0.0
1.76772
0.0
0.0
0.0
0.0
0.0
1.73205
0.0
0.0
0.0
0.0
0.0
0.309783
1.73494
0.0
0.610404
1.96894
0.667957
0.0
0.0
0.0
0.0
0.0
0.0
0.0
0.0
0.0
0.0
0.633163
0.0
0.0
0.35118
0.0
0.0
0.0
0.0
0.467522
0.0
3.47374
0.0
0.0
0.838416
0.310627
0.0
0.0
0.0
0.0
0.0
0.0
0.0
0.0
4.97226
0.0
0.4319
2.85828
0.0
0.0
0.0
0.0
0.0
0.403505
0.0
0.0
0.0
0.0
0.0
0.0
0.0
0.0
0.0
0.0
0.225014
0.0
0.0
0.562444
0.0
1.01071
0.0
0.0
0.0
0.0
0.0
0.0
0.0
0.0
0.0
0.362764
0.0
0.0
0.0
0.0
0.0
0.0
0.0
0.0
0.0
0.291168
0.0
0.0
1.04521
0.0
0.0
1.12149
1.42974
2.30575
0.0
0.0
0.0
0.0
2.55939
0.0
0.0
0.0
0.0
0.0
3.7476
0.871222
0.0
0.0
0.0
0.0
0.0
0.167876
0.0
0.0
1.14377
0.0
0.0
0.0
0.0236003
0.0
0.0
0.0
0.0
0.0
0.0
1.76358
0.0
0.0
0.0
0.0
0.0
0.0
1.99583
0.0
0.0
0.73811
1.33318
0.0
4.15302
0.0
0.0
0.0
0.0
0.0
0.0
0.0
0.0
0.0
0.0
0.0
0.0
0.0
2.39189
1.20287
0.0
0.0
0.0
0.0
0.0
0.0
0.0
0.0
0.976023
0.0
0.0
0.0
0.0
0.107539
0.0
0.0
0.0
0.0
0.0
0.0
1.1619
0.0
0.0
0.0
0.0
0.0
0.0
0.0
0.0
0.0
0.0
0.0140781
0.111263
1.56098
0.907996
0.0
0.0
0.0
0.0
0.0
0.0
2.35941
0.0
0.0
0.0
0.700508
0.0
0.0
0.0
0.0
0.0
0.0
0.0
0.0
0.45142
0.0
0.0
3.55296
0.0
0.0
0.0
0.0
0.575735
0.0
1.10881
0.0
0.330238
0.0
0.0
0.0
0.0
0.0
2.68506
0.0
4.44187
0.00866026
0.0
0.0
0.0
0.0
0.0
0.0
2.60371
0.0
0.0
0.0
0.0
0.0
0.0
0.0
0.0
0.0
0.0
0.0
0.0
0.282933
0.0
0.0
0.0
0.0
0.0
0.0
0.0
0.0
1.27831
0.0
0.0
0.0
0.0
0.0
0.0
0.0
0.0
0.0
0.0
0.0
0.0
0.0
0.0
0.0
1.09911
0.0
0.0
0.0
0.827459
3.30152
0.0
0.0
0.0
0.0
0.0
0.0
0.0
0.216859
0.68065
0.0
0.0
0.0
0.333782
0.0
0.0
0.0
0.0
1.09155
0.0
0.0
0.0
0.409756
0.80728
0.0
0.0
0.0
0.0
0.0
0.0
1.45691
2.06905
1.71356
2.73361
0.0
0.0
0.0
0.0
0.0
2.45985
0.0
4.62848
0.0
0.0
0.0
0.0
1.8876
0.0
0.0
0.376566
0.0
0.0
2.48418
0.0
0.0
0.0
0.0
0.0
0.0
0.0
0.0
0.0
2.50177
0.0
1.76153
0.0
0.0
0.0
0.132809
0.0
0.0
0.0
0.0
0.0
0.0
0.0
0.0
3.4457
0.0
0.0
1.80185
0.0
0.0
0.0
0.0
0.0
0.0
0.0
0.0
0.786376
1.39647
0.0
0.151153
0.0
1.21522
0.0
0.0
0.0
0.0
0.0
0.404862
0.0
0.0
0.0
0.0
0.0
0.0
0.0
1.19257
0.664182
0.0
0.0
0.0
0.0
0.0
0.987583
0.0
0.0
0.0
2.96198
0.0
0.0
0.0
0.0
0.0
0.0
0.523508
0.0
0.0
0.740612
0.0
0.0
1.70284
1.04166
0.0
0.0
3.99594
1.46988
0.0
0.0
0.0
0.926418
0.0
0.0
0.0
0.0
0.634248
1.21788
0.0
0.0
0.0
0.0
0.0
1.05223
0.0
0.0
0.0
0.0
0.0
2.1026
0.0
0.0
0.0
0.0
0.0
0.0
0.0
3.47238
0.0
0.0
0.0
2.089
0.0
0.0
0.0
0.0
0.0
0.0
0.0
0.0
0.0
0.0909316
0.0
0.0
8.22178
0.0
0.0
0.0
0.0
0.0113002
1.14801
0.0
0.622139
0.0
0.0
0.0
0.0
0.0
0.0
0.0
0.531298
0.0
0.0
2.92725
0.0
0.0
0.0
0.0
0.0
2.32003
1.40079
0.0
0.0
0.175029
0.0
0.0
0.0
0.0
3.64779
0.0
0.0
0.0
0.0
0.0
0.0
0.0960397
0.0
0.0
0.0
0.0
0.0
0.0
0.0
0.0
0.0
0.0
0.0
0.27466
0.0
0.0
0.0
1.92089
1.40399
0.0
2.06075
0.0
0.0
0.0
0.0
0.0
0.0
0.0
0.0
0.0
0.0
0.0
2.45779
0.0
0.440308
1.5068
0.0
0.0
0.0
1.08314
0.0
0.0
0.0
0.0
0.0
0.539611
0.255126
3.45097
0.0
0.0
0.0
0.0
0.0
0.0
0.0
0.0
0.0
0.0
0.239835
1.01813
0.344876
0.0
0.0
0.0
0.180308
0.0
0.0
0.0
0.0
0.0
0.0
0.0
0.0
0.0
0.0
0.0
0.0
0.0
0.0
0.0
2.0146
0.0
0.0
0.0
0.0
1.84763
0.225502
0.867617
0.0
0.0
0.0
0.0
0.0
0.0
0.0
0.0
0.0
0.0
0.0
0.486196
0.0
0.0
0.176404
0.0
0.0
0.0
0.609927
0.0
0.0
0.0
0.0
0.0
1.89713
0.0
0.0
0.0
0.0
0.0
3.2393
0.0
1.07152
0.0
0.0
1.0037
0.0
0.42132
0.0440675
0.742926
0.00107548
0.0
0.0
0.0
0.358839
0.0
0.0
0.0
0.0
2.64024
1.93703
0.0
0.0
0.0
0.0
0.0
0.0
0.0
0.0
0.0
1.09332
0.0719448
0.0
0.0
0.0
0.0
0.0
0.0
0.718316
0.0
0.0
0.0
1.25452
0.0
0.234645
0.0
0.0
0.0
0.0
0.0
0.39901
0.951485
2.46193
0.0
0.0
0.704596
0.0
0.0
0.0
0.0
0.0
0.59493
0.261555
2.09208
0.0
0.0
0.791858
1.5169
0.0
0.0
0.0
0.0
3.67008
0.0
0.322802
0.0
0.0
0.0
0.0
0.0
0.0
0.0
0.0
0.0
0.0
1.28893
0.0
0.0
0.0
3.66473
0.0
0.0
0.0
2.82677
0.0
0.0
0.0
0.0
0.0
0.0
0.0
0.0
0.0
0.0
0.0
0.0
0.0
0.0
0.113113
0.0570963
0.0
0.0
0.0
0.0
0.0
0.0487451
0.0
1.03448
0.0
0.0
0.0
0.0
0.0
0.0
0.0
0.0
0.0
0.0
1.75911
0.0
0.0
0.513547
0.0
0.0
0.146675
0.0
0.0
0.0
0.0
0.0
0.0
0.0
0.0
0.0
0.0
0.40151
0.0
0.0
0.0
0.0
0.0
0.0
0.0
2.85604
0.0
0.22748
0.728642
0.0
0.0
0.0
0.0
0.0
0.0
0.0
1.6991
0.0
2.64174
0.0
0.0
0.0
0.0
0.0
0.0
0.0
0.0
0.0
0.0
0.0
0.558176
0.0
0.0
0.0
0.0
0.0
0.0
0.0
0.933201
0.0
0.0
0.0
0.0
0.0
0.0
0.102712
0.0
0.0
0.0
0.0
0.0
0.0
0.0
0.0
0.0
0.0
0.0
0.0
0.0
0.0
0.0
0.0
0.0
0.0
0.0
0.0
0.0
0.0
0.0
0.0
0.458449
0.0
0.0
0.0
0.302953
0.0
0.01602
0.0
0.0
0.0
0.0
0.0
0.515906
0.932186
0.290662
0.0
0.0
0.0
0.0
0.0
0.0
0.0
0.0
0.0
0.0
4.11009
0.0
0.0
0.0
0.0
0.0
0.0
0.0
0.0
0.0
0.0
0.0
0.0
0.0
0.0
0.212402
0.0
0.38841
0.405707
0.0
0.0
0.0
0.0
0.0
2.5184
4.22188
0.0
0.0
0.0
0.0
0.67654
0.0729739
0.0
0.0
0.0
0.0
0.0
0.0
0.0
0.48612
0.0
0.660589
0.0
0.0
0.0
0.0
0.0
1.23231
2.39695
1.42617
0.634517
4.64922
0.0
2.29454
1.96065
0.0
0.0
0.0
2.13136
0.0
0.0
0.0
0.0
0.0
0.0933841
0.0
0.0
0.0
0.0
0.0
0.0
2.13008
0.0
0.0
0.0
0.0
0.0
0.0
0.0
0.0
0.0
0.0
0.0
0.0
0.0
0.0
1.61132
0.931429
0.0
0.0
0.0
0.77961
0.0
0.0
0.0
0.0
0.0
0.0
0.408149
0.0
0.0
0.0
0.0
0.0
0.0
0.0
0.0
0.0
0.0
1.90742
0.0
0.0
0.0
0.0
0.0
0.0
0.0
0.0
0.0
0.0
0.0
0.0
0.0
0.0
0.0
0.0
0.0
0.0
0.0
0.0
0.0
0.0
0.0
0.0
0.0
0.0
0.0
0.0
0.0
0.0
0.544237
0.0
0.0
0.0
0.0
1.28272
2.42081
2.57327
0.0
0.0
0.0
0.0
0.0
0.0
1.36364
0.150928
0.0
0.0
2.38674
0.0
0.346558
0.0
1.33363
0.0
0.0
0.0
0.0
0.0
0.0
0.0
0.0
0.0
0.0
0.0
0.0
0.0
0.0
0.0
0.0
0.0
0.0
0.0
0.0
0.0
0.0
0.0
0.0
0.0
0.261745
0.0
0.0
0.0
0.0
1.3911
3.19125
0.0
0.0
0.0
0.0
0.0
0.0
0.0
0.0
0.0
0.0
0.0
0.0526314
0.145973
0.0
0.0
0.0
0.0
0.0
0.0
1.1525
0.0
0.0
0.0
1.70367
0.0
0.466465
0.0
0.988064
1.32579
0.376285
0.0
0.0
0.0
0.0
1.92892
0.0
0.0
0.0
0.0
0.0
0.0
0.0
0.0
2.88646
0.0
0.0
0.0
0.0
0.0
3.43513
0.0
0.0
0.0
0.0
0.454825
0.0
0.0
0.0
0.0
0.0
0.0
2.39539
0.0
0.0
0.0
0.0
0.0
0.834278
0.0
0.0
0.0
0.0
1.79697
0.809775
0.0
0.0
0.0
0.0
1.4549
0.0
1.39139
0.0
0.0
0.0
0.0
0.0
0.0
0.0
1.30841
0.0
0.0
0.0
0.0
0.0
1.01089
0.0
0.0
0.0
0.0
0.0
0.0
0.289574
2.9134
0.0
0.0
0.0
0.0
0.242192
0.0
0.0
0.0
0.544473
0.701248
1.43256
0.0
0.0
0.0
0.0
2.1615
0.0
0.0
1.76707
0.0
0.695786
0.0
0.0
0.0
0.0
0.763612
0.0
0.0
0.0
0.0
0.0
1.43901
0.0
0.0
0.0
0.0
0.70009
0.0
0.0
0.831935
0.866804
0.0
0.0
0.0
0.0
0.0
0.0
1.09796
0.0
0.0
0.0
0.0
0.0
0.169018
2.25845
0.0
0.726099
0.0
0.675231
1.52349
0.0
2.59033
0.0
0.0
0.0
0.0
1.5898
0.219117
0.0
0.0
0.0
0.0
0.0
0.0
0.845441
0.0
2.0052
2.42806
0.0
0.0
0.0
1.0596
3.58041
0.838335
0.0
0.0
0.0
0.0
0.0
5.16395
0.642016
0.0
0.0
0.230377
0.403426
0.0
0.0
0.0
3.58745
0.0
0.0
0.0
0.0
0.352609
0.0
1.47414
0.0
0.0
0.0
0.0
0.0
0.0
0.0
3.99604
0.1828
0.0
0.68772
0.0
0.0
0.0183125
0.0
0.0
0.0
0.0
0.0
0.0
0.0
0.0
2.90077
0.792883
0.126862
0.930287
0.0
0.0
0.0
0.0
0.0
0.0
1.57172
0.0
0.0
0.0
0.490493
0.0
0.0
0.0
1.77158
0.0
0.0
0.0
3.2681
0.0
0.0
0.0
0.0
3.38461
0.0
0.0
0.0
0.0
0.0
0.0588772
0.0
0.819984
0.0
0.0
0.0
0.0
0.0
0.0
1.91022
0.0
0.0
0.209839
0.0
0.0
3.86921
0.0
0.0
0.0
0.0
0.0
0.0
0.0
0.0
0.523725
0.0
2.4657
0.0
0.0
0.0
0.0
0.0576575
0.0
0.0
0.0
0.0
0.0
0.0
0.522608
0.0
1.20175
0.0
1.86294
0.0
0.0
0.0
0.0
2.28216
1.2715
6.9049
0.65767
0.0
0.0
0.363282
0.332142
0.0
0.0
4.83123
1.40673
0.0
0.0
0.0
0.055451
0.0
0.0
0.0
0.0
0.0
0.0
0.0
0.0
0.412367
1.42038
0.0
0.0
0.0
0.0
1.69732
0.0
0.180671
0.0
0.0
0.0
0.0
0.0
0.0
0.0
0.0
1.68353
1.9477
1.16187
0.0
1.15557
0.0
0.0
0.0
0.0
0.33943
0.0
0.0
0.0
0.0
0.0
0.0
0.0
0.0
0.834283
0.0
0.0
0.0
0.0
0.0
0.0
0.0
0.0
0.0
0.0
1.74594
0.0
0.0
0.403073
0.598523
0.0
0.0
0.0
0.887255
0.0
0.230819
0.0
0.0
0.0
0.0
3.90376
0.0
0.0
0.0
0.893261
2.21819
0.0
0.0
0.0
1.74617
0.0
0.0
0.0
0.0
0.884633
0.0
0.0
0.0
0.0
0.0
0.0
0.0
1.22292
0.0
0.0
0.0
1.49821
0.0
0.0
1.71444
0.0
0.0
0.0
0.0
0.0
0.0
0.0
0.530909
0.0
0.0
0.0
0.0
0.0
0.0
0.315438
0.0
0.0
0.0
0.0
0.0
0.0
0.0
2.54987
0.0
1.04275
0.0
0.0
0.170594
0.0
0.7879
0.0
0.982799
0.0
0.0
0.0
1.29962
0.0
0.0
0.0
0.0
0.0
0.0
0.0
0.0
0.0
0.0
0.0
1.01862
0.742171
0.0
1.05826
0.0
1.14809
0.0
0.0
0.820385
0.0
0.0
0.0
0.0
0.0
0.0
0.0
0.0
2.49651
0.0
0.0
0.0
0.0
0.0
0.0
1.16496
0.0
0.0
0.0
0.0
1.53868
0.545981
0.0
0.0
1.65703
0.0
0.0
0.242294
0.0
1.47326
0.0
0.0676042
0.0
0.0
0.750381
0.0
0.0
0.0
2.78301
0.0
0.0
0.0
0.0
0.0
0.0
0.0
0.0
0.0
0.0
1.01376
0.0
0.0
0.0
0.0
1.44185
0.0
0.0
0.0
0.0
0.0
0.0
0.0
0.0
3.94514
0.0
0.608578
0.0
0.195946
0.302609
1.99258
0.0
0.0
0.0
0.0
0.0
0.0
0.0
0.0
0.0
0.0
0.0
0.0
0.0
0.0
0.0
0.523274
0.0
0.0
0.0
0.0
0.291254
0.0
0.0
1.35913
0.0
0.0
0.0
3.90465
0.0
0.0
0.0
0.0
0.0
0.0
3.28297
0.0
0.0
0.0
0.0
0.0
0.410052
0.425791
0.0
0.0
0.399361
0.0
0.0
0.0477505
2.1568
0.0
0.0
0.0
1.7981
5.05184
3.20639
1.81097
0.0
0.227169
0.0
0.0
0.0
0.0
0.0
0.0
0.0
0.0
0.0
0.0
0.0
0.0
0.0
0.0
0.0
0.0
0.0
0.487913
0.0
0.0
0.0
0.0
0.0
0.0
3.428
0.0
0.0
0.0
0.0
0.0
0.0
0.0
0.0
0.0
0.0
0.847163
3.24168
0.0
0.0
0.0
0.0
0.0
0.0
0.0
0.0
0.0
0.0
0.0
0.0
0.0
0.0
0.0
0.0
0.10502
0.0
0.0
0.0
0.0
0.0
0.0
0.0
0.0
0.0
0.0
0.0
0.274695
0.0
0.0
0.0
0.0473076
0.0
0.0
0.0
0.0
0.0
0.0
0.0
0.173114
0.0
0.0
0.0
0.0
0.0
0.463491
0.0
2.68848
0.991433
0.0
0.0
0.0
0.0
0.0
0.0
0.0
0.0
0.0
0.0
0.0
0.0
0.0365026
0.0
0.0
0.0
0.0
2.98908
1.38286
0.510786
0.0
0.0
0.0
0.0463196
0.0
0.0
0.0
0.653712
0.517515
0.0
0.0
0.803043
0.0
0.0
0.0
0.980797
0.0
0.735393
3.05234
0.0
0.0
0.0
0.0
0.0
0.0
0.0
0.0
0.0
0.0
1.21275
0.0
0.0
0.0
0.0
0.0
0.0
0.0
0.0
0.0
0.0
0.0
0.0
0.0
0.0
0.0
0.0
0.0
0.0
0.0
0.0
0.0
0.0
1.18069
0.120663
0.0
0.146437
0.0
0.0
0.0
0.0
0.0
0.0
0.0
0.0
0.0
0.0
0.0
0.0
0.0
0.0
0.0
0.0
0.0
0.430321
0.0
0.0
0.0
0.0
0.0
0.0
0.0
0.0
0.0
0.0
0.0
0.0
0.0
0.0
0.0
0.0
0.0
0.0
0.363915
0.304296
0.0
0.0
0.0
0.0
0.0
0.0
0.971656
0.351584
0.0
0.882875
1.59336
0.0
0.0
0.0
0.0
0.0
0.809833
0.0
0.0
0.116851
0.0
0.0
0.0
0.0
0.998976
0.0
0.0
0.0
0.0
0.0
0.0
2.49733
0.0
0.0
0.0
0.0
0.0
0.0
0.0
0.0836591
3.50789
0.0
0.0
0.0
2.99085
0.0
0.0
0.0
0.0
0.0430341
0.0
0.0
0.0
0.0935414
0.0
0.0
0.573725
0.0
0.0
0.0
0.0
0.0
0.0
0.0
0.0
0.496838
0.0
2.28364
0.0
0.0
0.0
0.0
0.0
0.0
4.27464
4.26251
0.0
0.0
0.0
3.71527
0.0
0.0
0.0
0.711707
0.0
0.0
3.50041
0.0
1.14345
0.0
0.0
0.0
0.0
0.0
0.0
0.0
0.400927
0.0
0.0
0.893596
3.76109
0.0
0.0
0.0
0.0
0.0
0.0
0.0
0.0
1.39639
0.0
0.0
0.0
0.727915
0.0
0.0
0.0
0.0
0.0
0.0
0.659104
0.0
0.0
0.0
0.0
0.0
0.0
0.0
0.0
0.261356
0.0
0.0
0.0
1.1764
0.885263
0.0
0.0
1.30632
0.0
0.11946
0.0
0.0
0.0
0.0
0.0
0.079363
0.0
0.0
0.0
0.0
0.0
1.28685
3.15155
0.0
0.0
0.852136
1.44483
0.0
2.42347
0.0
0.0
0.0
0.0
1.0932
0.0
0.0
0.0
1.43843
0.0
0.0
0.0
0.239592
0.0
0.0
0.0
0.137248
0.0
0.0
0.0
0.0
0.0
0.0
0.0
0.0
0.0
0.0
0.0
0.0
0.0
0.0
0.143023
0.785203
0.0
0.0
0.0
0.0
0.0
0.0
0.0
0.0
0.0405641
0.321864
0.316995
0.0
0.0
0.0
0.883304
0.0
0.0
0.0
0.0
0.0
0.0
1.89358
3.92902
5.23738
0.0
0.0
0.0
0.0
0.0
1.37121
0.0
0.0
0.719332
0.0
0.0
0.0
0.0
2.37627
1.10844
0.0
0.0
0.0
0.0
0.0
0.184518
0.0
0.415731
0.0
0.0
0.0
0.209797
2.80509
0.0
0.0
0.294893
0.0
0.0
0.0
2.85338
0.0
0.0
0.0
0.0
0.0
0.0
0.0
0.0
0.0
0.0
0.0
0.0
1.21723
0.0
0.0
0.0
0.0
0.0
0.0
0.219493
0.0
1.63496
0.0
0.0
0.0
0.0
1.33883
0.0
0.0
0.512708
3.21025
0.0
0.0
0.0
0.0
0.0
0.0
0.0
0.0
3.45375
0.0
0.0
0.0
1.00424
0.0
1.1422
0.0
0.640999
0.0
0.0
0.0
1.46873
0.0
0.0
0.0
0.0
0.0
0.0
0.0
0.0
0.0
0.0
2.58339
0.0
0.0
0.0
0.0
0.0
0.0339664
0.0
0.0
0.0
0.989064
0.0
0.0
0.0
0.0
0.0
0.0
2.28497
0.0
0.0
0.00896832
0.0
0.0
0.0
0.0
0.0
0.701288
1.06279
0.0
1.92423
0.0
0.0
0.0
0.0
0.842825
0.0
0.0
0.0
0.0
0.0
0.908984
2.15164
0.638678
3.55069
0.0
0.0
0.0
0.0
1.51477
0.0
0.0
0.0
0.0
0.244222
0.0
0.0
0.0
0.0
0.418797
0.0
0.0
0.0
0.0
0.0
0.0646378
0.0
2.10678
0.0
0.0
0.252552
0.0
0.0
0.0
0.0
0.0
0.59714
0.0
0.0
0.0
0.0338133
0.490385
0.0
0.354037
0.0
0.0
0.0
0.0
0.0
0.0
0.0
0.0
0.0
0.0
0.0
0.0
0.0
1.22241
0.0
0.0
0.0
0.0
0.0
0.0
0.0
0.0
4.1314
0.0
0.0
0.0
0.0
0.0
0.0
0.0
0.0
0.0
0.0
2.10996
0.0
1.16891
0.0
0.786878
1.18524
0.0720682
0.0
0.0
0.0
0.0
0.0
0.0
0.0
0.0
0.0
0.518696
2.39384
0.0
0.0
2.18339
0.0
0.0
0.0996805
0.0
0.0
0.0
0.0
0.0
0.0
0.0
0.0
0.438433
0.0
0.0
2.04688
0.0
0.0
0.0
0.0
0.0
0.0
0.0
0.0
0.0
1.25256
0.0
0.0
3.52279
0.0
0.0
0.0
0.0
2.2921
0.0
0.0
0.0
0.0
0.0
1.4353
0.0
0.0
0.0
0.0
0.0
0.451254
0.0
0.0
0.0
0.0
0.0
0.306523
0.0
0.401713
0.0
3.34546
0.0
0.0
0.34871
0.0
1.37402
0.0
0.0
0.0
0.960833
0.0
0.0
0.0
0.0
0.0
0.0
0.0
0.841821
1.09317
0.0
0.0
0.0
0.0
0.0
0.0
2.71927
0.0
0.0
0.0
0.0
0.0
0.0562069
1.18312
0.0
0.0
0.0
0.224106
0.0
0.0
0.0
0.0
0.0
0.0
0.0
0.0
0.0
0.0
0.0
0.0
0.0
1.49428
0.636311
0.0
0.0
0.0
0.0
0.0
0.0
0.0
0.247585
0.843465
0.0
0.0
0.0
0.0
0.0
0.0
0.0
0.0
0.0
0.0
0.0
0.6376
0.0
0.0
1.31917
0.0
0.240515
0.0
0.0
0.0
0.0
0.0
0.0
2.90354
0.0
0.0
1.69543
0.0
0.0
0.0
0.0
1.96794
0.0
0.0
0.0
3.26432
0.0
3.17905
0.0
0.0
0.0
0.0
0.0
0.0
0.0
0.0
0.0
0.910606
1.26157
0.298773
0.0
0.0
0.0
0.0
0.0
0.0
0.0
0.0
0.0
2.64242
0.0
0.0
0.0
0.0
0.0
0.0
0.0
0.0
0.0
0.0
0.0
0.0
2.05622
0.0
0.0
0.0
0.0
0.0
0.574571
0.0
0.252565
0.376031
1.00959
0.0
0.0
0.0
0.0
0.0
0.0
0.0
0.0
0.984888
0.0
0.0
0.0
0.801902
0.0
0.0
1.04457
0.351668
0.0
1.02631
0.0
0.0
0.0
0.0
0.0
0.0
0.0
0.970952
0.0
0.438724
0.0
0.646217
0.0
0.0
0.0
0.0
0.0
0.0
0.0
1.27334
1.24703
0.0
0.0
0.0
0.0
0.0
2.27676
0.0
0.0
0.807045
1.79756
0.0
0.0
0.353869
0.0
0.0
0.0
0.0
0.0
0.0
0.937178
0.0
0.0
0.0
0.0
0.0
0.0
0.0
0.0
3.05149
0.112188
0.0
0.0
0.0
0.0
0.0
0.0
0.0
1.80531
0.0
2.1994
0.0
0.0
0.0
0.0
0.0
0.745422
0.0
0.0
0.0
0.253329
0.0
0.26145
0.0
0.0
0.0
0.0
0.0
0.0
1.52622
0.0
0.0
0.0
0.244384
0.0
0.0
0.0
1.05968
0.0
0.0
0.0
0.0
0.0
0.0
0.166607
0.0
0.0
0.811763
0.0
0.0
0.0
1.89934
0.0
5.80152
0.0
0.0
0.0
0.0
0.0
0.0
0.0
0.0
0.0
0.0
1.41686
1.2665
0.0
0.0
0.0
0.0
0.0
0.0
0.0
0.0
0.0
0.0
0.0
0.0
0.0
0.0
0.0
0.0
0.0
0.0
0.0
0.132707
0.0
0.0
0.0
1.84299
0.0
0.0
0.0
0.0
0.0
0.0
2.57653
0.0
0.233534
0.362006
0.0
2.14303
2.82823
0.0
0.0
0.0
0.685382
0.745945
0.0
0.0
0.914195
0.0
0.0
0.0
0.0
0.0
0.0
0.0
0.0
0.0
0.00739257
0.0
1.3243
0.247325
0.0
0.0
0.0
0.0
5.47416
0.0
4.35349
0.0
0.0
0.0
0.0
0.0
0.0
0.0
0.0
0.0
0.488754
0.0
0.0
0.0
0.0
0.0
0.0
0.0
0.0
0.0
0.0
0.0
0.627389
0.0
0.0
0.792338
0.0
0.0
0.318164
0.0
0.0
0.0
0.0
0.0
0.0
0.0
0.0
0.0
0.0
0.0
0.0
0.729769
0.0
0.0
0.0
0.0
0.0
0.0
0.085918
0.874038
0.0
0.0
1.84877
0.0
0.0
0.0
0.0
0.0
1.30642
0.00907657
0.0
0.0
0.0
2.00162
0.0
0.339977
0.0
0.0
1.37389
0.0
0.0
0.0
2.741
0.0
0.0
0.0
0.0
0.0
0.0
0.0
0.0
0.0
0.0
0.0
0.0
0.0
0.0
0.0
0.0
0.0
0.0
0.0
0.46723
0.238929
0.0
1.99189
0.0
0.0
0.0
0.0
0.0
0.0
0.249358
0.243933
0.0
0.0
0.0
0.0
0.0
3.3637
0.0
0.0
0.0
0.0
4.55847
0.967169
0.0
0.0
0.469186
0.0
0.0
0.0
0.0
0.0
1.84774
0.0
0.0
0.0
0.0
0.112025
0.0
1.1702
0.0
0.68595
0.0
0.0
2.82071
0.0
0.0
0.0
0.557096
2.58103
0.0
0.0
0.0
0.0
0.0
0.0
0.0
0.530088
0.0
0.0
0.0
0.0
0.0
0.0
0.0
2.09146
0.0
0.0
0.0
0.0
0.0
0.577271
0.0
0.0
0.0
0.0
1.67271
0.0
0.0
1.50437
0.0
0.0
0.0
0.0
0.0
0.0
0.0
0.0
0.0
2.23806
1.31676
0.0
0.0
0.0
0.0
0.0620026
0.0
0.0
1.56607
3.66146
0.644063
1.09478
0.427493
0.0
0.0
0.450145
0.0
0.0
0.0
0.0
0.0
0.0
0.455916
0.0
0.0
0.629407
0.0
3.14118
0.503387
0.279948
0.0
0.0
0.324401
1.20223
0.0
0.0
0.0
1.12221
1.32944
4.03224
2.14524
0.0
0.0
0.0
1.11026
0.0
0.0
0.0
0.996106
0.0
0.0
0.0
0.525708
0.0
0.0
0.0
0.576026
0.0
0.0
0.379683
0.0
2.49823
0.0
0.0
0.0
0.0
0.250926
0.0
0.0
0.0
0.0
0.538059
0.0
0.0
0.0
0.0
3.10812
0.0
0.0
0.0
0.0
0.0
2.13457
0.0
0.0
0.0
0.0
0.925521
0.0
0.0
0.0
0.136177
3.84393
0.0
0.0
0.0
0.0
1.01896
0.0
0.445146
0.0
0.0
3.7368
0.0
0.0
0.265152
0.546147
0.0
0.0
0.0
1.87393
0.0
0.0
0.0
0.0
0.0
2.45433
0.657614
0.0
0.0
0.0
0.0
0.0
0.0
3.77517
0.0
0.0
0.132566
0.0
0.0
0.0931431
0.0
2.99118
0.0
0.0
1.54397
0.0
2.71758
0.0
0.0
0.754023
0.0
0.0
0.0
2.17764
0.0
1.01174
0.0
0.0
0.0
0.0
1.65184
2.06829
0.0
4.27669
0.0
0.701276
0.0
0.208063
0.0
0.0
1.82488
0.0
0.0
0.0
0.0
0.0
0.0
0.0
2.12528
0.0
0.0
0.0
0.3028
0.284104
0.34444
0.0
0.0
0.0
0.0
0.0
0.0
0.0
0.0
0.0140445
0.0
0.0
0.0
2.06479
0.0
0.0
0.0
0.0
0.0
0.0
0.0
0.0
0.0
0.0
0.0
0.0
0.0
0.0
0.0
0.963171
0.0
0.0
0.0
0.0
1.35484
0.0
0.0
0.0
0.229797
0.0
0.0
0.95798
0.0
2.09029
0.0
0.0
0.0
0.0
1.26205
1.57641
0.0
0.0
0.0
3.57071
0.0
0.0
0.0
0.0
1.2335
0.0
0.0
0.0
0.0
0.470126
1.28139
0.0
0.0
0.0
0.0
0.0
0.0
0.0
2.06552
0.0
3.71224
0.0
0.0
0.0
0.0
0.0
0.0
0.0
0.0
1.55276
0.826545
0.0
2.18894
0.0
0.0
0.74579
0.0
0.0
0.0
0.17237
0.0
1.64057
0.0
1.3559
0.0
1.63655
0.170362
1.22622
0.0
0.0
0.790958
0.0
0.0
0.0
0.0
0.39656
0.0
0.0
0.0
0.0
0.0
0.0
0.0
1.64401
0.0
0.0
0.0
0.0
0.0
0.0
1.3575
0.0
5.08745
2.09173
0.0
0.0
0.0
0.0
2.88135
0.0
0.0
0.384575
0.128045
0.0
0.0
0.717991
0.895436
0.0
0.0
1.18913
1.43371
3.3135
0.0
0.0
0.0
0.0
0.0
0.0
0.0
0.0
0.0
0.0
0.0
0.0
0.81279
0.0
0.0
0.0
0.0
0.0
0.0
0.0
0.0
0.0
0.0
2.87254
0.0
0.0
0.0
0.0
0.0
0.0
0.735905
0.0
0.0
0.0
0.0
0.0
2.09296
0.0
0.0
0.0
0.0
0.0
0.0
0.0
0.263434
0.0
0.364608
0.0
0.0
0.0
0.0
0.0
0.0
0.0
2.17145
0.0
0.0
2.95743
0.0
1.22787
4.14984
0.0
0.0
0.0
0.0
1.86327
4.14054
0.0
0.0
0.0
0.0
0.559297
0.0
0.0
0.0
0.0
0.0
0.0
0.0
0.0
0.0
0.0
0.0
0.0
0.0
0.0
1.29694
0.0
0.0
0.0
0.971945
0.0
0.0
0.492798
0.0
1.55251
0.0
0.0
3.82128
0.0
0.0
0.0
0.0
0.0
0.0
2.1118
0.0
0.0
0.0
0.0
0.654827
0.0
0.0
0.209153
0.0
0.0
0.0
0.0
0.0
0.0
