0.0
0.0
0.0
0.0754371
0.0
0.0
0.0
0.0
0.0
0.0
0.0
0.0
0.0
1.22832
0.457756
0.778358
0.0
0.0
1.61181
0.0
0.0
0.29446
0.0
0.0
0.0
0.0
0.0
0.0
0.0
0.0
0.0
2.45919
0.0
6.32396
0.0
0.0
0.0
0.0
0.0
0.0
0.0
0.0
3.2154
0.0
0.0
2.52877
0.866859
0.0
0.0
5.95709
0.0
0.0
0.0
0.0
0.0
0.0
0.843193
0.0
0.0
0.0
0.0
0.0
0.0
5.03855
1.56039
0.0
0.0
0.0
0.0
0.0
0.0
0.0
0.0
0.0
0.0
0.0
0.0
1.25725
0.0
0.0
1.16594
0.0
0.0
0.0
0.0
0.0
0.0
0.0
0.0
0.0
0.0
0.0
0.0
0.0
0.0
0.0
0.0
0.0
2.62549
0.0
0.0
0.0
0.0
0.0
0.0
0.0
2.11135
0.0
0.0
0.0
0.0
0.0
0.0
3.10684
0.0
0.0
0.0
0.0
2.62627
0.0
0.0
0.0
0.0
0.0
0.0
0.0
0.0
6.18367
0.0
0.0
0.0
0.0
0.0
0.0
0.0
0.0
0.756222
1.91445
0.0
0.0
0.0
1.4092
0.0
0.0
0.0
0.0
0.0
0.0
0.0
0.0
0.0
0.0
0.0
0.470524
0.0
0.0
0.0
0.0
0.0
0.0
0.0
0.0
0.0
0.0
0.0
0.0
0.0
0.0
0.0
0.0
0.0
0.137549
0.0
2.66694
0.0
0.0
0.0
0.0
0.0
0.0
2.33813
0.0
0.0
0.0
0.0
0.0
0.0
0.0
0.0
0.16345
0.0
0.0
2.58346
1.14594
0.0
0.0
0.0
0.0
0.0
5.97328
0.0
2.8642
0.0
2.04617
0.0
0.0
0.0
0.0
0.0
0.0
0.0
4.14126
0.0
0.0
2.01864
2.75621
0.0
0.0
0.0
0.0
0.0
2.24909
0.0
0.0
1.37853
0.0
3.1389
3.51402
0.0
1.3295
0.0
0.0
0.0
0.0
0.0
0.0
0.0
0.16009
0.0
0.0
0.0
0.0
0.0
2.25365
0.683992
0.0
0.0
1.37037
0.0
0.0
0.0
1.20804
0.0
0.0
0.0
0.0
0.0
0.298331
0.0
0.0
0.0
0.0
4.57517
0.0
0.0
0.0
0.0
0.0
0.0
3.19855
0.0
0.267516
0.0
0.0
0.0
0.0
0.0
0.90956
0.0
0.0
0.357647
0.0
0.0
2.74018
0.0
0.0
0.0
0.0
0.0
0.0
0.0
0.0
0.0
0.0
2.03221
0.0
0.0
0.0
0.0
0.0
0.0
6.01415
0.0965749
0.0
0.0
0.0
0.0
0.602996
2.11016
0.0
0.0
0.0
0.0
0.0
0.0
0.0
0.0
0.0
0.0
0.0
0.0
0.0
0.0
0.0
0.0
0.0
0.444483
0.0
0.0
0.0
0.0
0.0
0.0
0.0
0.0
0.0
0.0
0.0
0.0
0.0
0.0
0.0
0.0
0.0
0.0
0.0
0.0
0.0
0.0
0.0
0.0
0.0
0.0
0.0
0.0
0.0
0.0
1.20419
0.0
1.57686
0.0
0.0
0.0
0.0
0.0
0.818539
0.0
0.0
0.0
0.0
0.0
0.0
0.0
0.0
0.0
0.0
0.0
0.0
0.0
2.19521
0.0
0.0
0.0
0.0
0.0574524
0.0
0.0
1.58472
0.931812
0.93601
0.0
0.0
0.0
0.0
0.0
6.005
2.30331
0.0
0.0
0.881545
0.0
0.0
0.563606
0.0
0.0
0.0
0.0
0.0
0.0
0.0
0.0
0.0
0.0
0.0
0.0
0.0
0.0
0.0
0.0
0.0
0.0
0.0
2.21056
0.0
0.0
0.0
0.0
0.0
0.0
1.42324
6.42595
0.0
0.0
0.0
0.0
0.0
0.0
0.0
1.35871
0.0
0.0
0.0
0.0
0.0
0.0
0.0
0.0
0.0
0.0
2.51909
0.0
0.0
0.0
7.84124
0.0
0.0
0.0
0.0
0.0
0.0
0.0
0.0
0.0
0.0
0.131852
0.418823
0.0
0.0
0.0
4.07405
0.0
0.0
0.0
0.0
0.0
0.0
0.131854
0.0809626
1.34019
0.0
0.0
0.0
0.0
1.36549
0.0
0.0
0.0
0.0
0.0
0.0
0.0
0.0
0.0
0.0
0.0
1.11452
0.685515
0.0
0.0
0.0
0.0
0.0
0.0
0.0
0.0
0.0
0.0
0.0
0.0
0.0
0.0
3.82566
0.0
0.0
0.0
0.0
0.0
2.75269
0.0
0.0
0.0
0.0
0.0
0.410623
0.0
0.0
0.0
0.0
0.0
0.0
0.0
0.0
0.0
0.0
0.0
0.0
2.57672
0.0
0.0
0.0
0.0
0.0
3.14225
0.0
0.0
0.0
0.0
0.0
0.0
0.0
0.0
0.0
0.0
0.0
0.0
0.383732
0.717067
0.0
0.0
0.0
0.0
0.0
0.0
0.0
0.0
0.0
0.0
0.588019
0.0
0.0
0.0
0.0
0.0
0.0
0.0319076
0.0
0.0
0.0
0.0
0.0
0.0
0.0
0.37837
0.0
0.0
0.0
2.1045
0.0
0.0
0.0
0.0
0.0
3.11537
0.0
0.0
0.0
0.557682
0.0
0.0
0.0
0.0
0.0
0.0
0.0
0.411445
0.0
0.0
0.0
2.86903
0.0
1.68882
0.0
0.0
0.0
0.0
0.660345
0.0
0.0
0.0
0.0
5.59395
0.0
0.0
0.0
5.60555
0.0
0.0
0.0
0.0
0.0
0.0
0.0
0.0
0.0
0.0
1.12064
0.0
0.0
0.141547
0.0
0.0
0.0
0.0
3.75649
0.0
0.0
0.0
0.0
0.0
0.0
0.0
0.0
0.0
0.0
0.0
0.0
0.0
0.879217
0.0
0.164529
0.66342
4.52272
0.0
0.0
0.0
0.0
0.494365
0.0
0.0
0.0
0.0
0.0
0.0
0.0
3.4779
0.0
0.0
0.0
0.0
0.0
0.0
0.0
0.0
0.0
0.0
0.0
0.0
0.0
0.0
0.0
0.0
0.0
0.0
0.0
0.117286
0.0
0.0
0.0
0.0
0.0
0.0
0.0
0.0
0.0
0.0
0.0
0.0
0.0
0.0
0.0
0.0
0.0
2.48913
0.0
0.0
0.0
0.0
0.0
0.0
0.0
0.0
0.0
0.0
0.0
0.0
4.08711
0.0
0.0
5.0048
0.412867
0.0
0.0
0.0
0.0
3.08305
2.76998
0.0
0.0
2.37183
0.0
0.0933989
0.0
0.0
0.0
0.0
0.0
0.0
0.0
0.0
0.0
4.40411
1.42405
0.0
0.885926
0.0
0.0
0.0
0.0
0.0
0.0
0.625202
0.451281
0.0
0.0
0.0
0.0
0.0
0.0
0.0
0.0
0.0
0.0
0.0
0.176745
0.0
0.0
0.551118
0.0
0.0
0.0
0.0
0.0997026
0.0
3.0967
0.0
0.0
0.0
0.0
0.0
0.0
0.0
1.92478
0.0
0.0
0.0
0.0
4.23089
0.0
0.0
2.17937
0.0
0.0
1.4667
0.0
0.0
1.07416
0.0
0.0
0.0
0.0
0.0
0.889557
0.0
0.0
0.0
0.0
0.649216
0.0
2.21604
0.444878
0.0
1.63373
0.0
0.0
0.0
0.58738
0.0
0.0
0.0
0.0
0.0
0.0
0.0
0.0
0.0
0.0
0.0
0.0
0.0
0.0
0.0
0.0
1.28637
0.0
0.0
0.0
0.0
0.0
0.474433
4.10889
0.0
0.0
0.339571
0.0
2.98872
0.0
0.0
0.0
0.0
0.0
1.0291
3.93283
0.0
0.0
0.0
0.0
0.0
0.0
0.0
0.0
0.684641
0.0
0.0
0.0
0.0
0.0
0.0
0.0
2.0935
0.0
0.0
0.0
0.0
0.0
0.0
0.0
0.0
0.0
0.0
0.0
0.0
0.781173
1.4146
0.0
0.0
0.0
0.0
0.0
0.0
0.0
0.0
0.0
0.0
0.0
0.0664603
0.0
0.0
0.0
4.17599
0.0
0.0
0.0
0.0
0.0
0.0
0.0
0.0
0.0
0.0
0.0
0.0
0.0
0.0
0.0
0.347098
0.0
0.0
4.67943
0.0
0.0
0.0
0.0
0.0
0.0
0.0
0.263909
0.0
0.0
0.0
1.11119
0.0
0.0
0.0
0.0
0.0
0.0
0.0
0.0
0.0
0.0
0.0
0.0
0.0
0.0
0.0
2.43996
0.0
3.10915
0.0
0.0
0.0
0.0
0.0
0.0
2.17136
0.0
0.0
6.12986
0.0
1.53597
0.0
0.0
0.0
0.0
0.0
0.0
0.0
0.0
0.0
0.0
0.0
0.0
1.05567
0.0
3.49406
2.59206
0.0
0.0
0.0
0.0
0.0
0.0
3.5316
0.0
0.0
0.0
0.0
0.0
0.0
0.0
0.0
0.0772361
0.0
0.0
0.0
0.0
0.0
0.0
0.0
0.0
0.0
0.0
0.0
0.0
2.20301
0.0
0.0
0.0
0.0
3.35209
0.0
0.0
0.0
0.0
0.0
0.0
0.0
0.0
0.0240866
0.0
0.210609
0.0
0.0
0.0
0.0
0.336371
0.0
0.0
0.0
0.0
0.0
0.0
0.0
0.0
0.0
0.0
0.60429
0.0
3.59802
1.61992
0.0
0.0
0.0
0.0
0.0
1.73685
0.0
0.0
0.187382
0.0
0.0
0.0
0.0
0.0
0.0
0.0
0.0
6.03997
0.0
0.0
0.0
0.0
0.0
2.02839
0.456872
0.0
0.489389
0.0
0.0
0.0
0.0
0.0
0.0
0.0
0.0
0.0
0.0
0.0
0.0
0.0
0.0
0.0
1.07072
0.0
0.0
0.0
0.0
1.93884
0.0
1.7551
0.0
0.0
2.54506
0.0
0.0
0.872697
1.71478
0.0
0.0
0.0
0.0
0.0
1.6946
0.0
0.0
0.8151
0.0756099
0.0
0.0
0.0
0.0
0.0
0.0
0.0
0.0
0.0
0.581268
0.943858
0.0
0.0
0.0
0.0
0.0
0.0
0.0
0.0
0.0
0.0
0.0
0.0
0.0
0.0
0.0
0.662578
0.0
0.0
0.0
0.0
0.0
0.0
0.0
2.35238
0.0
0.0
4.98671
0.0
0.0
0.0
0.0
0.0
0.0
0.0
2.06796
0.0
0.0
0.0
0.0
0.0
0.0
0.0
0.954507
4.9908
0.175486
0.0
3.52256
0.0
0.0
0.0
0.0
0.0
0.0
0.0
0.0
0.0
0.0
0.0
0.0
0.0
0.891674
0.0
0.0
0.0
0.0
0.0
0.0
0.0
0.0
0.0
0.79113
0.0
0.0
0.0
4.9364
0.0
0.0
0.0
0.0
0.0
0.0
0.0
0.0
0.0
0.0
0.0
0.0
0.0
0.0
0.0
0.0
9.20815
0.0
0.383428
0.0
0.0
0.0
1.18871
0.0
0.0
1.67282
0.0
0.0
0.0
0.0
0.0
0.0
3.77551
0.0
0.0
2.70803
0.0
0.0
0.0
0.0
0.0
1.81187
1.22049
0.0
0.0
0.0
0.0
0.0
0.0
0.0
1.33331
0.0
0.0
0.0
0.0
0.0
0.708673
0.0
0.0
0.0
0.0
0.0
3.71175
0.0
0.0
0.0
0.0
0.0
0.0
0.0
0.0
0.0
0.0
1.4029
2.35429
0.0
4.07183
0.0
0.0
0.0
0.0
0.0
0.0
0.0
0.0
0.0
0.0
0.0
6.64068
0.0
1.34451
0.0
0.0
0.0
0.0
0.0
0.0
0.0
0.0
0.0
0.0
1.14808
0.0
5.17426
0.734705
0.0
3.19601
0.0
0.0
0.0
0.0
0.0
0.0
0.0
0.0
0.0
0.13191
0.0
0.0
0.0
0.0
0.0
0.0
0.0
0.0
0.0
0.0
0.0
0.0
0.0
0.0
0.0
0.0
0.0
0.0
1.60271
0.0
0.0
0.0
0.0
0.0
0.0
0.0
3.83948
0.0
0.0
0.0
0.0
0.0
0.0
0.0
0.0
0.0
0.0
0.0
5.27268
0.0
0.0
0.0
0.0
0.207471
0.0
0.0
0.0
0.0
0.0
0.0
0.0
1.62281
0.0
0.0
0.0
0.0
0.0
0.299
0.0
0.424319
0.0
0.0
0.0
0.0
0.0
0.00359714
0.0
0.0
0.0
0.0
0.0
0.0
0.0
0.0
0.0
0.0
1.08471
0.0
0.0
0.0
0.0
0.0
1.10329
0.0
0.0
0.0
0.0
2.78567
1.35685
0.0
0.0
0.0
0.0
0.0
0.0
0.0
0.0
0.308432
0.0
1.78282
0.0
0.0
0.0
0.0
0.55085
0.0
0.263634
0.0
0.0
0.558997
0.0
0.0
6.70731
0.0
0.0
0.0
0.0
0.0
0.0
0.0
2.98354
0.0
0.0
0.0
0.0
0.0
0.0
0.0
0.0
2.11597
0.0
0.0
0.0
0.0
0.0
0.0
0.0
0.0
0.0
0.0
0.0
0.0
1.74698
0.0
0.0
0.0
1.62912
0.0
0.0
0.0
0.0
0.0
0.0
0.0
0.0
0.0
0.0
0.0
0.0
0.0
0.0
0.0
0.0
0.0
0.0
0.0
0.0
0.0
0.328585
0.0
0.0
0.0
3.38353
0.0
0.0
0.0
0.0
0.0
0.0
0.0
0.0
0.0
0.0
0.0
0.0
2.79752
0.0
0.343903
1.85586
0.0
0.0
0.0
0.0
0.0
0.0
0.0
0.0
0.0
0.0
0.0
0.0
0.0
0.0
0.0
0.0
0.0
0.0
0.0
0.0
0.0
4.42427
0.0
1.50734
2.01567
0.0
0.0
0.0
0.10339
0.0
0.0
0.0
0.0
0.0
3.87443
1.3108
0.0
0.0
0.0
0.0
0.0
0.0
0.0
0.0
0.0
0.0
0.724486
0.0
1.48433
0.0
0.0
2.32398
2.54705
0.0
0.0
0.256976
0.0
0.0
0.0
0.0
0.272438
0.0
2.29937
0.0
0.0
0.0
0.0
0.0
0.0
1.27372
0.0
0.0
0.0
0.0
0.0
0.0
0.0
0.0
0.0
0.0
0.0
0.0
0.0
0.0
0.0
0.0
0.0
0.0
0.0
0.0
3.33087
0.0
0.0
0.0
0.0
0.0
0.0
0.0
0.0
1.53255
0.0
0.0
0.0
0.0
0.0
0.0
0.0
0.0
0.0
0.0
0.0
0.180426
0.0
0.0
0.0
2.55434
0.0
0.0
0.0
0.0
0.0
0.0
0.0
0.0
0.0
0.0
0.690421
0.0
1.59892
1.69979
0.0
0.0
0.0
0.0
0.0
0.0
5.57807
0.0
0.0
0.0
0.0248772
0.0
0.0481979
0.0
0.0
0.0
0.0
0.0
1.00425
0.0
0.0
0.0
0.150236
0.0
0.0
0.0
0.0
0.0
4.05281
1.78995
4.72551
0.755446
0.0
0.0
0.0
0.0
0.0
0.0
2.04714
0.0
0.0
0.0
0.0
0.0
0.0
0.751753
0.0
0.0
0.0
0.0
0.0
0.0
0.428702
0.0
0.0
0.0
0.0
0.0
0.0
0.0
0.0
0.0
0.0
0.0
0.0
0.0
0.0
0.0
2.99845
0.0
0.0
0.0
0.0
0.0
0.0
0.80041
0.0
0.0
0.0
0.0
0.0
0.0
0.0
0.0
0.0
0.0
0.0
0.547703
0.0
1.02615
0.0
0.0272602
0.0
0.0
0.418259
1.13287
1.1389
0.0
0.0
0.0
0.0
0.0
0.0
0.0
0.0
0.0
0.0
0.0
0.0
0.0
0.0
0.0
0.0
0.0
0.0
0.0
0.0
0.364593
0.0
0.0
2.14576
1.91008
0.0
0.0
0.0
0.0
0.0
0.451511
7.21955
0.789845
0.0
0.0
0.0
0.0
0.0
0.0
0.0
0.573682
0.0
0.621611
0.0
0.0
0.0
0.0
0.0
0.0
0.0
0.0
0.0
0.0
0.0
0.0
0.0
0.0
0.0
0.0
0.0
0.0
0.0
0.0
0.0
0.0
0.0
0.0
0.0
0.0
0.0
0.0
0.0
0.0
0.0
0.0
0.0
0.0
0.0
3.60973
0.0
0.0
0.0
0.0
0.0
0.0
0.0
0.0
0.0
0.0
0.0
0.440401
1.62129
0.0
0.0
0.0
0.0
0.0
0.0
0.0
0.0
0.0
0.0
0.0
0.0
0.0
0.0
1.74641
0.0
0.0
0.0
0.0
0.0
0.0
1.16599
0.0
0.0
0.0
0.0
0.0
0.0
0.0
0.0
2.66991
0.0
0.0
0.0
0.0
0.0
2.14226
0.0
0.0
0.0
0.0
0.0840508
0.0
1.79872
0.0
0.0
0.0
0.0
1.02485
0.0
0.0
0.0
0.0
0.0
0.0
0.0
0.0
0.0
0.0
0.0
0.220815
0.0
0.0
0.0
0.0
0.0
0.0
1.88273
0.0
0.0
0.0
0.0
0.0
0.356554
0.0
1.67677
0.0
0.0
0.0
0.0
0.0
3.00726
0.0
0.0
0.0
0.0
0.0
0.0
0.0
3.57576
0.0
0.0
0.0
0.0
1.53448
0.0
0.0
0.0
2.29497
0.0
1.62494
0.0
0.0
0.0
0.0
0.0
0.0
0.0
0.454583
0.0
0.866312
0.0
0.0
0.0
0.0
0.0
0.0
0.0
0.0
0.0
0.43383
0.0493542
0.0
0.0
0.0
0.0
1.58533
0.0
0.0
0.0
1.39041
0.0
0.0
0.0
0.0
0.134493
0.0
0.0380642
0.0
0.493976
0.0
0.0
0.0
0.0
5.48107
0.0
1.51951
2.28691
0.0
0.0
0.0
0.830983
0.0
0.0
1.71212
0.0
0.0
0.0
0.0
0.0
0.0
0.0
0.0
0.0
3.571
0.0
0.0
1.28809
0.0
2.38848
0.0
0.479427
2.95859
0.240186
0.0
0.0
0.0
0.768835
0.0
1.72233
0.991115
0.0
0.0
1.01464
2.90688
0.0
0.0
0.0
3.37609
1.90774
0.0
0.0
0.0
0.0
0.0
0.0
0.0
0.0
0.0
0.0
0.0
0.0
0.0
6.69308
0.913359
0.0
2.29753
0.0
0.0
0.0
0.0
0.0
2.39734
0.0
0.0
0.0
0.799273
0.0
0.0
0.0
0.0
1.31148
0.0
0.0
0.0
0.0
0.0
0.0
0.0
0.0
0.0
0.0
0.0
0.0
0.0
0.0
0.0
0.0
0.0
0.0
1.69874
0.0
0.0
0.0
0.0
6.98607
0.0
0.0
0.0
0.0
0.0
0.0
0.0
2.14141
0.0
0.0
0.0
0.0
0.0
0.0
4.36597
0.0
0.0
0.819204
0.0
0.0
6.0369
0.0
0.0
0.0
0.0
0.0
0.0
0.0
0.0
0.352572
0.0
0.0
0.0
0.0
0.0
0.0
1.64159
0.0
0.0
0.0
0.242016
0.0
0.0
2.50651
0.0
2.15588
0.0
0.0
0.0
0.937339
0.847272
0.0
0.0
0.0
6.98398
0.0
0.0
0.725283
0.808279
0.0
0.0
0.0
6.89718
0.0
1.00841
0.0
0.0
0.0
0.0
0.0
0.0
0.0
2.29372
0.0
0.0
0.0
0.0
0.0
0.0
0.0
0.0
0.0
0.0
0.0
0.0
0.0
0.0
0.0
0.32667
0.0
0.0
0.0
0.0
3.16865
0.43975
0.0
0.0
3.96712
0.0
0.0
0.0
0.0
0.0
0.0155655
0.0
0.0
0.0
0.0
0.0
0.0
0.0
0.0
0.798014
0.0
0.0
0.0
1.75048
0.0
0.0
0.0
0.0
0.0
0.0
0.0
0.0
0.0
1.64854
0.0
0.1831
0.0
0.0
0.0
0.0
0.0
0.0
0.0
0.0
1.50659
0.0
0.0
0.0
0.0
1.42158
0.0
0.0
0.0
0.0
0.0
0.0
0.0
0.0
0.0
0.0
0.0
0.0
0.666967
0.0
1.30322
0.0
0.286216
0.0
0.0
0.0
3.73276
0.0
0.0
0.264614
0.0
0.0
0.0
0.0
0.0
0.0
0.0
0.0
0.0
0.0
0.0
0.0
0.0
0.0
0.0
0.0
0.0
0.152381
0.0
0.0
0.0
0.0
4.49525
0.0
0.0
0.0
0.0
0.0
0.0
1.50893
0.0
2.91764
0.0
0.0
0.0
0.0
0.0
0.0
0.0
0.0
0.0
0.0
0.0
0.0
0.0
0.0
0.0
0.0
0.0934572
0.0
0.0
0.0
3.4409
0.0
0.0
3.74202
0.0
0.576917
0.0
0.0
0.0
0.0
0.0
0.0
1.58808
0.0
0.0
0.0
0.184543
0.0
0.0
0.0
0.0
0.0
0.0
0.0
2.74956
0.0
0.0
0.0
0.213944
0.0
0.0
0.0
0.394639
6.00778
0.0
0.419941
0.0
0.0
2.58195
0.0
0.0
0.0
1.72073
0.0
0.766521
0.0
0.0
0.0
0.0
0.0
0.0
0.0
0.0
0.0
0.0
0.0
0.0
0.0
0.16949
0.0
0.0
0.0
0.0
0.0
0.0
0.0
0.0
2.00583
0.0
0.0
0.0
0.0
0.114862
0.0
0.0
0.0
0.41233
0.0
0.0
0.0
0.0
0.0
0.0
0.77847
0.0
0.0
0.113265
0.0
0.0
0.797402
0.0
0.0
1.05977
0.0
0.0
0.0
0.0
0.0
0.0
0.0
0.0
4.03435
0.0
0.0
1.89729
0.0
0.0
0.0
0.65739
0.0
0.0
0.0
0.0
0.0
0.104725
0.0
0.0
0.0
0.405378
0.0
0.0
0.0
1.82217
0.0269696
0.0
0.801926
0.0
6.62529
0.218012
0.346745
0.0
0.0
0.0
0.0
0.0
0.0
0.0
0.334737
0.0
0.0
0.0
0.0
0.0
0.0
1.42589
0.0
0.0
0.0
0.0
3.13382
0.0
0.0
0.0
0.0
0.0
0.0
2.62532
0.0
0.0
0.186902
0.0
0.0
0.0
0.0
0.0
0.0
0.0
1.68922
3.83731
0.0
0.0
0.0
0.0
0.0
0.0
0.0
0.0
0.0
0.0
0.0
0.0
0.0
0.0
0.0
0.0
0.861868
0.0
0.0
0.0
0.0
0.0
0.0
0.0
0.0
0.0
0.0
0.0
0.0
0.0
0.0
0.0
2.07742
0.0
0.0
0.0
0.0
0.771523
0.216809
0.0
0.0
0.0
0.0
0.0
0.0
0.0
0.0
0.0
1.67277
0.0
0.0
0.0
0.0
0.0
0.0
0.0
0.0
0.0
0.0
0.0
0.0
0.0
2.37245
0.0
0.0
0.0
0.0
5.8429
0.0
0.0689259
0.0
0.0
0.0
0.485602
0.0
0.0
0.0
0.0
0.923524
0.0
0.0
0.323225
0.0
0.0
0.0
0.0
0.0
0.0
1.31763
0.0
0.0
0.0
0.0
0.919796
0.0
0.0
0.0
0.0
0.0
0.0
2.5984
0.0
0.0
0.0
0.0
0.0
0.0
0.0
0.0
0.0
0.0
0.0
0.0
0.0
0.0
0.0
0.0
0.0
0.0
0.0795238
0.0
0.0
0.0
0.0
0.0
0.0
0.0
0.0
0.0
0.0
0.0
0.0
0.0
0.0
0.0
0.0
0.0
0.0
0.0
0.0
0.0
0.0
0.0
0.510018
0.0
0.0
0.0
0.0
0.0
0.0
0.0
0.0
0.0
0.0
0.0
0.0
0.0
0.0
0.0
0.0
0.0
0.0
4.14248
0.0
0.012278
0.0
2.24017
0.0
0.0
0.0
0.0
1.4134
0.0
0.0
1.4166
0.0
2.00344
0.681625
0.0
0.0
0.0
0.0
0.0
0.0
0.897817
0.0
0.0
0.0625551
0.0
0.885866
0.0
0.0
0.0
0.0
0.0
0.0
0.0
0.0
0.0
0.0
0.0
0.0
0.0
0.0
2.46287
0.0
0.0
0.622765
0.0
0.0
0.0
0.0
0.0
0.0
0.0
0.0
0.549527
2.9431
0.0
0.0
0.0
0.0
0.0
0.0
2.8017
0.0
0.0
0.0
0.0
0.0
0.0
0.0
0.0
0.0
0.0
0.951682
0.0
0.0
3.18177
0.56314
0.0
0.0
0.0
2.26304
0.0
0.0
0.0
0.0
0.0
0.0
3.72355
0.0
2.01285
0.0
0.0
0.0
0.0
0.0
0.0
0.0
0.0
0.0
0.0
0.0
5.71763
0.0
0.36688
0.0
0.0
0.222819
0.0
0.0
0.0
0.0
0.0
0.0
0.0
0.0
0.0
0.0
0.0
0.0
1.82743
0.0
0.0
0.0
0.519456
0.0
3.30163
0.0
0.0
0.0
0.0
0.537846
0.0
0.0
0.0
1.28533
0.151788
0.0
0.0237127
0.0
0.0
0.0
0.0
0.0
0.0
0.0
0.0
0.0
0.0
0.0
0.0
0.0
0.0
0.0
3.86951
0.0
3.19489
1.43734
0.0
0.0
3.10623
0.0
0.0
0.512992
0.0
0.0
0.0
0.0
0.0
0.0
0.0
0.0
0.0
1.4331
0.0
0.0
0.502965
0.0
0.0
0.0
0.0
0.0
0.0
0.0
0.0
0.0
0.0
0.0
0.0
0.0
0.0
0.0
0.0
1.72651
0.0
0.0
0.917966
0.0
0.0
0.0
0.0
0.0
0.980079
0.0
1.12837
0.0
0.0
0.0
0.0
0.0
0.0
0.0
0.0
0.0
0.0
0.0
7.13354
4.84137
0.0
0.0
0.0
0.0
0.0
4.19343
0.0
0.0
0.0
2.06819
0.0
0.0
0.0
1.25198
0.432197
0.0
0.0
0.0
0.303236
0.0
1.56205
0.0
0.0838926
0.0
0.0
0.0
1.76867
1.64094
0.0
0.0
0.0
0.0
0.0
0.0
5.34273
0.0
0.0
0.0
0.0
0.0
0.0
0.0
0.0
0.0
0.0
0.0
0.0
0.0
0.0
0.0
0.0
0.0
0.0
0.950436
0.0
0.0
0.0
0.0
0.0
0.0
0.0
0.0
0.0
0.0
0.544064
2.7099
0.0
0.0
0.0
0.0
0.0
0.0
0.0
0.0
2.82125
0.0
0.0
0.0
0.901563
0.0
2.1801
0.143957
1.01851
0.0
0.0
0.0
1.42587
0.0
0.0
0.0
0.0
0.0
0.0
0.0
0.0
0.0
0.0
0.0
0.0
0.0
0.0
0.0
0.0
0.0
0.0
0.0
0.0
0.0
0.0
0.0
0.0
0.0
0.0
0.0
2.86205
0.0
0.267462
0.0
0.0
0.0
0.0
0.0
0.0
0.0
0.806024
0.0
0.0
0.344973
1.48143
0.0
0.0
1.77655
0.0
0.0
0.0
0.0
3.00854
0.957847
2.87916
0.0
0.0
0.165166
0.0
0.0
0.0
2.06288
0.0
0.0
0.0
0.0
0.0
0.0
0.0
0.0
0.0
3.27022
0.0
0.0
0.0
0.0
0.0
0.0
0.0
0.140348
0.447951
0.0
0.0
0.0
0.0
0.0
0.0
0.614784
2.84247
0.0
0.0
0.0
0.0
0.0
0.0
0.0
0.0
0.0
0.0
0.0
0.0
0.0
0.70148
0.0
0.0
0.255991
0.0
0.0
0.0
0.0
0.0
0.0
0.0
0.0
0.0
2.69679
0.0
0.0
5.32974
0.727909
0.0
0.0
0.0
0.0
0.0
0.0
0.0
1.9521
0.210183
0.544012
0.0
0.78023
0.0
0.0
1.61425
0.0
0.0
0.0
0.0
0.0
0.0
0.0
0.0
0.0
0.0
0.0
3.68509
0.0
0.0
0.336903
0.0
0.0
0.0
0.0
0.0
0.0
0.0
0.0
0.0
0.0
0.0
0.0
0.0
0.0
0.0537491
0.0
3.15886
0.0
0.0
0.0
0.0
0.0
0.0
1.87746
2.19245
0.0
0.0
0.0
0.0
1.78951
0.0
0.0
2.88093
0.0
0.0
0.0
0.0
0.0
0.244429
0.0
0.0
0.0
0.0
0.0
0.078189
0.0
0.0
0.0
0.0
0.0
0.0
0.0
1.50415
0.0
0.0
0.0
0.0
0.829199
0.0
3.60211
0.0
0.0
0.0
0.0
0.0
0.0
0.0
0.0
0.0
0.0
0.0
0.0525285
0.0
0.0
0.0
0.0
0.0
0.0
0.0
0.594647
0.0
0.0
0.0
0.0
0.0
0.0
0.0
0.0
0.0
0.0
0.0
0.0
0.0
0.0
0.0
0.0
0.471023
0.0
0.0
0.0
0.0
0.0
0.0
0.0
1.56308
2.68763
0.0
0.0
0.0
0.0
0.0
0.0
0.0
0.0
0.0
0.0
0.0
0.0
0.113
0.459693
0.0
0.0
0.0
0.0
0.0
0.0
0.422695
0.0
0.0
0.0
0.0
0.0
0.0
3.68705
3.33031
0.701673
0.0
0.0
5.07275
0.0
0.0
0.107527
0.0
0.0
0.0
0.0
3.55671
0.0
0.0
0.0
1.74943
2.92381
3.53063
0.0
0.0
0.0
0.0
0.0
0.358361
0.0
1.82395
0.0
0.0210872
0.0
0.0
0.843627
0.0
0.0
0.0
0.0
0.0
0.0
0.0
0.0
1.1599
0.0
0.0
0.0
0.0
0.0
0.0
0.0
0.0
0.0
0.0
0.0
0.0
0.0161907
0.0
0.0
1.55899
0.0
0.0
0.0
0.5296
0.0
0.0
2.15418
0.0
0.0
0.0
0.699587
0.0
0.0
0.0
0.0
3.03735
0.0
0.0
0.0
0.0
0.0
0.0
0.0
0.0
0.0
0.0
0.0
1.23734
0.0
0.0
0.0
0.0
0.0
0.0
0.0
0.213403
0.0
0.0
0.0
0.0
0.0
0.0
0.0
0.0
0.0
0.0
1.78608
0.0
0.0
0.0
0.0
0.0
0.0
0.261469
0.0
2.3213
0.0
0.0
0.0
1.6423
0.0
0.0
0.0
0.0
0.0
0.0
0.0
0.0
0.114442
0.0
0.0
3.03471
0.0
0.0
0.0
0.0
0.0
0.0
0.0
2.26739
0.0
0.0
0.0
0.0
2.98338
0.0
0.0
0.0
0.0
0.0
0.0
0.0
0.0
0.0
0.0
0.0
0.0
1.50217
0.0
0.0
0.0
0.0
0.0
0.0
0.0
0.0
0.0
0.0
0.0
0.0
0.0
0.411092
0.0
5.30897
0.0
0.0
0.0
0.0
0.0
0.0
0.263625
0.0
2.90002
0.0
0.0
0.0
0.0
1.13997
0.0
7.11154
0.0
0.0
0.0
0.0
0.0
0.0
0.0
0.0
0.0
0.0
0.69837
1.24417
3.37444
0.0
0.0
0.0
0.0
0.0
0.0
0.0
0.0
0.0
0.0
0.0
0.0
0.0
0.0
0.0
0.0
0.0
0.0742349
0.0
0.0
0.0
0.0
3.36646
0.0
0.56294
0.0
0.0
0.0
0.125276
0.0
0.0
2.04357
0.0
0.0
2.77155
0.0214223
0.0
0.0
0.0
0.0
0.168757
0.0
0.0
0.107847
0.0
0.0
0.0
0.0
0.0
0.0
0.0
0.0
0.0
0.0
0.0
0.0
0.0
0.0
0.0
0.0
0.0
1.97922
0.0
3.64976
0.0
0.0
0.0
0.0
0.0
0.0
0.0
0.0
0.0
0.0
1.21427
0.0
0.0
0.0
0.0
0.0
0.0
0.0
0.0
0.0
0.0
0.0
0.0
0.967593
0.0
0.0
0.0
0.0
0.0
0.0
1.58909
0.0
0.0
0.0
0.0
0.0
0.0
0.0
0.0
0.0
0.0
0.0
0.0
0.367943
0.0
0.0
0.0
0.0
0.0
0.0
0.0
0.0
0.0
0.0
0.0
0.0
0.0
0.0
0.0
0.0
0.0
0.0
0.0
0.0
0.0
0.0
0.0
1.76698
0.0
0.0
0.0
3.13061
0.0
0.393384
0.0
0.0
0.0
0.0
0.0
0.0
0.0
0.0
0.0
0.0
0.0
0.0
0.0
0.0
0.0
0.0
0.0
0.0
2.06685
0.0
0.0
0.0
0.0
0.0
0.0
0.0
0.0
1.78646
2.27751
0.0
0.0
0.0
0.0
0.0
5.38672
0.0
0.0
0.0
0.0
3.0051
4.21905
0.0
0.0
0.876736
0.0
0.0
0.0
0.0
0.0
1.11182
0.0
0.0
0.0
0.0
1.66132
0.0
0.0
0.0
0.0
0.0
0.0
2.93952
0.0
0.0
0.0
0.0
0.0
0.0
0.0
0.0
2.94387
0.0
0.0
0.0
0.0
0.0
0.0
0.0
0.0
0.0
0.0
0.0
0.973101
0.0
0.0
0.0
0.0
0.0
0.0
0.0
0.0
0.0
0.0
2.76147
2.69489
0.0
0.259148
0.0
0.0
0.0
0.0
0.0
0.0
0.0
0.0
0.0
0.0
1.23781
0.0
0.0
0.0
0.0
1.3174
0.0
0.0
0.0
5.20566
0.0
2.51793
0.0
2.91071
0.0
2.57434
0.0
0.0
0.0
0.0
0.0
0.0
1.60958
0.0
0.0
0.479319
0.0
1.85756
0.0
3.63452
0.0
0.0
0.0
0.0
0.0
0.0
0.0
0.0
0.667011
2.8358
1.36398
0.0
0.0
0.0
0.0530135
0.0
0.0
0.0
0.0
0.0
0.162801
0.0
0.0
0.0
0.0
0.0
1.94237
0.0
0.928058
0.11815
0.0
0.545026
0.0
0.0
0.0
0.0
1.91212
0.0
0.0
0.0
0.0
0.0
0.0
0.0
0.0
0.0
1.10457
0.0
0.0
0.0
0.0
0.0
4.28794
0.0
0.0
0.0
0.0
0.0
0.0
0.0
0.0
0.0
9.08531
1.15819
1.12912
0.0
0.0
0.0
0.0
0.0
0.0
0.0
5.19085
0.0
0.0
1.41943
0.0
0.0
0.0
0.0
4.54285
0.59961
0.0
0.0
0.0
0.0
1.67425
0.0
0.0
0.0
0.0
0.0
0.0
0.0
2.88313
0.0
0.0
0.0
0.0
0.0
0.0
0.0
3.33087
0.0
0.0
0.0
0.0
0.88113
0.0
0.0
0.0
0.0
0.0
0.0
1.85266
0.0
1.30521
0.0
0.0
0.0
0.0
3.96945
0.0
0.0
1.9354
0.0
2.29377
2.13968
2.27489
0.0
0.0
1.7754
0.0248197
0.0
0.0
0.0
0.0
0.0
0.0
1.59342
0.0
0.0
0.0
0.0
0.0
0.0
0.0
0.0
0.0
0.0
0.0
0.0
0.0
1.55412
0.0
0.0
0.0
0.0
4.97995
0.0
0.0
0.0
0.0
0.0
0.0
0.0
0.0
0.0
0.0
0.0
0.0
0.0
0.0
0.0
0.0
0.0
0.0
0.0
0.0
1.48703
0.0
0.0
0.0
5.38231
0.0
0.0
4.85096
0.0
0.0
0.0
0.0
0.0
0.0
0.401768
0.494568
0.892128
0.0
0.0
3.18483
0.0
0.0
0.0
0.0
0.0
0.0
0.0
0.0
0.0
2.28664
0.0
0.0
0.0
0.0
0.0
0.0
0.0
0.0
0.0
0.0
3.5643
0.0
0.0
0.0
0.0
0.0
0.0
2.96516
0.0
5.34801
0.0
0.0
2.4963
0.0
0.0
1.02286
3.84208
0.0
0.0
1.97902
0.0
2.62048
0.0
4.14526
0.0
0.469107
0.136483
0.0
0.0
1.7481
0.915208
0.0
2.52044
0.0
0.0
4.52354
0.0
0.0
0.0
0.861197
0.605018
0.0
0.0
0.0
0.0
0.0
0.0
0.0
0.0
0.0
0.0
0.0
6.59853
0.796914
0.0
0.0
0.0
0.0
2.73247
0.0
0.0
0.0
0.0
0.0
0.0
0.0
0.0
0.0
0.0
0.900856
0.0
4.66903
0.28761
0.0
0.0
0.0
0.0
0.0
0.0
0.0
0.0
0.0
1.46413
0.0
1.80673
0.0
0.0
0.0
1.15521
0.0
0.0
0.0
0.0
0.0
0.0
0.0
0.0
0.0
0.0
0.0179173
0.0
0.0
0.0
0.0
0.0
0.0
0.0
0.0
1.87781
0.0
0.0
0.0
0.0
0.0
0.0
0.0
0.0
0.0
0.0
0.0
0.0
0.0
0.0
0.0
0.0
0.0
0.580758
0.0
0.0
5.59246
0.0
0.0
2.51656
0.0
0.0
0.0
0.0
0.0
4.05428
0.0
0.0
0.0
0.0
0.0
0.0
0.0
0.0
0.0
1.04042
0.0
0.0
0.0
0.0
0.0
0.0
0.0
0.0
0.0
0.418443
0.0
0.0
0.0
0.242471
1.23374
0.0
0.0
0.0
0.672113
0.725644
0.0
2.81986
0.0
0.0
0.0
0.0
0.0
0.0
2.43619
0.0
0.0
0.0
0.0
0.0
0.0
0.0
0.0
0.0
0.0
0.0
0.0
0.0
0.0
