0.0
0.0
2.66528
0.0
1.75583
0.0
2.06945
0.0
0.0
0.0
0.0
0.0
0.0
0.0
0.0
0.0
0.0
0.0
1.42596
0.0
0.0
0.0
0.0
0.0
0.0
0.0
0.0
0.0
0.0
0.0
0.0
0.0164459
0.0
7.68029
0.0
0.0
0.0
0.0
0.0
0.0
0.0
0.0
2.19188
0.0
0.0
2.26035
0.438291
0.0
0.0
2.35939
0.0
1.71617
0.0
0.0
0.0
0.0
0.0
0.0
0.0
0.0
0.0
0.0
0.0
6.20921
0.0
0.0
0.0
0.0
0.0
0.0
0.0
0.0
0.0
0.0
0.0
0.0
0.0
0.0
0.647753
0.0
2.64569
0.0
0.0
0.0
0.0
0.0
0.0
0.0
0.0
0.0
0.0
0.0
0.0
0.0
0.0
0.0
0.0
0.0
2.22408
0.0
0.0
0.0
0.0
0.0
0.0
0.713901
0.475402
0.0
0.0
0.766359
0.0
0.0
0.0
4.22923
0.276509
0.0
0.0
0.0
1.95204
0.0
3.02607
0.0
0.229184
0.0
0.0
0.0
0.0
6.84572
0.0
0.0
0.0
0.0
0.0
0.0880405
0.292632
0.0
0.846415
0.0
1.04836
0.0
0.0
1.65833
0.0
0.0
1.4191
0.0
0.0
0.0
3.73941
0.0
0.0
0.0
0.0
0.0
0.0
0.0
0.00569609
0.0
0.0
0.0
0.349395
0.0
0.0
0.0
0.0
0.0
0.0
0.0
2.11056
0.655085
0.0
0.146938
0.0
0.0
0.0
0.0
0.0
0.0
0.0
0.0
0.0
0.0
0.0
0.0
0.0
0.229759
0.0
0.0
0.0
0.0
0.0
0.0
3.89244
0.999698
0.0
0.0
0.0
0.0
0.0
3.93693
0.0
2.60462
0.0
0.0
0.0
0.0
0.0
0.0
0.0
0.0
0.0
0.0
0.0
0.0
0.0
0.31702
0.0
0.0
0.0
0.0
0.0
2.60576
0.0
0.0
0.0
0.0
1.35841
2.40065
0.0
0.0
0.0
0.0
0.0
0.0
0.0
0.0
0.0
0.0
0.0
0.0
0.0
0.433935
0.0
0.0
2.44784
0.0
0.0
1.50917
0.0
0.0
0.14177
0.0
0.536566
0.0
0.0
0.0
0.0
0.0
0.0
0.0
0.0
0.0
3.07445
0.0
0.0
0.0
0.0
0.0
0.0
2.00569
1.10777
1.53338
0.0
0.0
0.0
0.0
2.20151
0.0
0.0
0.0
1.12706
0.0
0.31781
2.09295
0.0
0.0
0.0
0.0
0.0
0.0
0.0
0.0
0.0
0.0
0.0
0.0
0.0
0.0
0.0
0.0
0.0
2.31823
1.20487
0.0
0.0
1.45971
1.50115
0.0
0.0
0.0
0.0
0.0
0.0
0.0
0.0
0.0
0.0
0.0
0.0
0.0
0.0
0.0
0.0
0.31685
0.0
0.0
1.88511
0.0
0.0
1.86125
0.0
0.0
0.0
1.34406
0.0
0.0
0.0
0.0
0.0
0.0
0.0
0.0
0.0
0.0
1.02164
1.11681
0.0
0.0
0.0
0.0
0.0
0.0
0.0
0.0
0.0
0.0
0.0
1.00849
0.0
0.814109
0.0
0.0
0.0
0.0
0.0
1.98567
0.0
0.0
0.0
0.0
0.0
0.0
0.0
0.0
0.0
0.0
0.0
0.0
0.0
0.0
0.0
0.0
0.0
1.96118
0.0
0.0
0.0
7.0921
0.0
0.0
0.0
0.0
0.0
0.718478
0.0
1.11073
5.80925
0.0
0.150721
0.355777
0.0
0.0
0.0
0.0
0.0
0.0
0.0
0.0
0.0
0.0
0.0
0.0
0.0
0.0
0.0
0.0
0.0
0.0
0.0
1.28468
0.0
0.0
1.5259
0.0
0.0
0.0
0.0
0.0
0.0
0.0
0.0
0.0
0.0210407
0.0
0.0
0.0
0.0
0.0
0.309267
0.0
0.0
0.0
0.0
0.0
0.0
0.0
0.0
0.0
0.438951
0.0
0.0
0.0
0.0
6.50475
0.0
0.0
0.0
0.0
0.0
0.0
0.0
0.0
0.0
0.0
0.0
2.29927
0.0
0.0
0.0
5.73592
0.0
0.0
0.0
0.0
0.0
3.96407
0.0
0.0
0.701702
0.0
0.364664
0.0
0.0
2.3023
0.0
0.0
0.0
0.0
1.18559
0.0
0.0
0.0
0.0
0.0
0.0
0.0
0.0457122
0.0
0.0
0.0
0.0
0.0
0.0
0.0
2.01832
0.0
0.0
0.0
0.0
0.0
0.0
0.265367
0.0
0.0
0.0
0.0
0.0
1.66119
0.0
0.0
0.0
0.0
0.0
1.6986
1.20534
0.0
0.0
0.0
0.0
0.0
0.929104
0.0
0.0
3.34243
0.0
0.0
0.298896
0.0
0.128893
0.0
0.0
0.0
4.13148
3.25762
0.0
0.0
0.0
0.0
0.0
0.0
0.0
0.247667
0.0
0.0
0.0
0.0
0.0
0.0
0.47424
0.0
0.0
0.0
0.0
0.0
0.0
0.0
0.0
0.0
0.0
0.0
0.0
0.0
0.0
2.18408
3.54807
0.195627
0.0
0.0
0.0
0.0
0.0
0.0
1.29687
1.85652
0.0
0.0
2.82801
0.0
0.0
0.0
0.0
0.0
0.0
0.0
0.0
0.0
0.0
0.0
0.295996
0.0
0.0
0.0
0.0
0.0
0.0
0.0
0.0
0.0
1.6054
0.0
0.511757
0.0
0.0
0.0
0.980009
1.53441
0.0
0.0
0.0
0.0
4.11063
0.0
0.0
0.0
0.412743
0.0
0.0
0.0
0.0
0.0
0.0
0.0
0.0
0.0
0.0
0.0
0.410155
0.0
0.0
0.0
0.0
0.0
0.0
1.02704
0.0
0.0
0.0
0.0
0.0
0.0
0.0
0.0
0.0
0.0
0.0
0.0
0.0
0.210168
0.0
0.0
1.6079
3.39737
0.0
0.0
0.0
0.0
0.0
0.0
0.0
0.0
0.0
0.0
0.0
0.0
0.0
0.0
1.83005
0.0891171
1.47718
0.0
0.0
0.0
0.0
2.9492
0.0
0.0
0.0
0.0
0.0
0.0
0.0
0.0
0.0
0.0
0.0
0.0
0.0
0.0
0.0
0.0
0.0
0.29395
0.0
0.793331
0.0
0.0
0.0
0.0
0.0
0.0
0.0
0.0
5.92984
0.0
0.0
0.0
0.0
0.0
0.0
0.0
0.0
0.0
0.0
0.0
2.83949
0.628326
0.0
0.0
2.18654
2.14265
0.0
0.949544
0.0
0.0
3.13813
3.60793
0.0
0.0
4.46066
0.0
0.0
0.0
0.0
0.0
0.0
0.0
0.0
0.0
0.0
0.0
0.0
0.0
0.0
0.0
0.0
0.0
0.0
3.16278
2.52912
0.0
6.91116
0.750071
0.0
0.0
0.0
0.0
0.0
0.0
0.0
0.0
0.0
0.0
0.0
0.728967
0.142206
0.0
2.67869
0.0
0.0
5.70799
0.0
0.0
0.0
3.52253
0.0
0.0
0.0
0.0
0.0
0.0
0.0
0.0
0.0
0.0
0.0
0.0
3.20184
0.0
0.0
0.0
0.0
0.0
0.384932
0.0
0.0
1.12792
0.0
0.0
0.0
0.0
0.0
0.0
0.0
0.0
0.0
0.0
2.69117
0.0
0.0
0.0
0.0
0.0
0.0
0.0
0.0
2.80182
0.0
0.0
0.381576
0.0
0.0
1.3937
0.0
0.0
0.0
0.0
0.0
0.0
1.33677
0.0
0.0
2.08243
1.60183
0.0
2.95361
0.0
0.0
0.0
0.314904
1.05123
0.0
0.0
0.0
0.0
2.17861
0.0
0.0
0.0
1.14107
0.0
2.63313
3.10978
0.0
0.0
0.0
0.0
0.0
0.247223
0.0
0.617146
0.0
0.0
0.0
0.0
0.0
0.0
0.0
0.0
0.0
0.0
0.0
1.1277
0.0
0.0
1.20185
0.0
0.0
0.0
0.0
0.0
0.0
1.96709
0.0
0.0
0.0
0.0
2.58749
0.0
0.0
0.0
0.0
0.0
0.0
0.0
0.0
0.0
0.0
0.0
4.41906
0.0
0.0
0.0
0.0
0.0
0.0
0.0
0.0
0.839596
0.0
0.0
0.0
1.23687
0.0
0.681357
0.232881
0.0
0.0
1.12602
0.0
0.0
0.0
0.0
0.0
1.20724
0.0
0.0
0.0
0.0
0.0
1.31222
0.0
0.0
0.0
0.0
1.72355
0.0
0.0
0.0
0.0
0.0
0.0
0.0
0.0
0.0
0.0
2.46497
0.0
0.0
0.0
2.02216
0.0
0.0
0.0
0.0
0.0
0.0238399
0.0
5.8308
0.0
0.0
0.0
0.0
0.0
0.0
0.0
0.0
0.0
0.0
0.0
0.0
0.0
0.00848666
1.60373
0.0
4.70021
5.41856
0.0
0.1788
0.0
0.0
0.0
0.0
0.0
0.0
0.0
0.0
0.0
0.0
0.0
0.0
0.0
0.0
0.0
0.0
0.0
1.4574
0.0
0.0
0.0
0.0
0.0
0.0
0.0
0.0
1.57839
0.0
0.0
0.0
0.0
0.929657
0.0
0.0
0.0
0.0
0.0
0.0
0.0
0.0
0.0
0.0
1.10354
0.0
0.0
0.0
0.153124
0.0
0.0
0.0
0.0
0.0
0.0
0.0
0.0
1.99161
0.0
0.0
0.0
0.0
0.0
0.0
0.0
0.0
0.0
0.0
0.0
0.0
0.0
0.572984
0.0
0.0
0.0
0.0
0.0
2.27334
0.0
0.0
0.0
1.93689
2.74648
0.0
1.20688
0.0
0.0
0.50645
0.536504
0.0
3.99485
0.0
0.0
0.0
0.0
0.462043
0.0
0.0
0.0
0.0
0.0
1.48879
0.0
0.0
0.0
0.0
0.616032
0.0
0.0
0.0
0.0
0.617852
0.0
0.0
0.0
0.0
1.67845
0.0
0.0
2.59099
0.0
0.0
0.0
0.0
0.0
0.0
2.29329
0.0
0.0
2.16439
0.0
0.0
0.0
0.0
0.0
0.0
0.0
0.0
0.0
0.0
0.0
0.0
0.0
0.835397
0.0
0.0
0.0
0.0
0.0
0.0
0.0
0.0
0.949178
0.0
0.0
5.89849
0.0
1.74189
0.0
0.0
2.5607
0.0483049
0.0
0.648677
0.0
2.24572
0.0
1.36477
3.86518
0.0
0.0
0.0
0.0
0.0
0.0
0.0
1.39475
0.0
1.894
0.0
0.0
0.0
0.0
0.0
0.0
3.93819
5.31841
0.0
0.0
0.0
0.0
0.0
0.203134
1.84879
0.0
1.26781
0.869802
0.0
0.0
0.0
0.0
0.0
2.76088
0.0
0.0
0.0
0.0
0.0
0.0
0.0
0.0
0.0
0.0
0.0
0.0
0.0
1.14425
0.0
0.0
0.0
2.05307
0.0
0.0
1.88619
0.0
0.0
0.0
0.0
0.0
0.0
0.0
0.0
0.0
8.36738
0.0
0.985538
0.0
0.0
0.554518
2.24108
0.0
0.0
0.0
0.0
0.0
0.0
0.0
0.0
0.0
3.13925
0.0
0.0
2.55536
1.4754
0.0
0.0
0.0
0.0
1.41434
0.0
0.0
0.0
0.678725
0.0
0.0
0.0
0.0
3.08105
0.0
0.0
0.0535985
0.0
0.0
0.583942
0.0
0.0
0.0
0.612115
0.0
0.378047
0.0
0.0
0.0
0.0
0.0
0.0
0.0
0.0
0.0
0.0
1.16051
5.63732
1.58559
4.05811
0.0
0.0
0.0
0.0
0.448966
0.0
0.0
0.0
0.0
0.0
0.0
6.63813
0.0
1.95428
1.43394
0.0
0.0
0.0
0.0
0.0
3.53414
0.0
0.0
0.0
0.0
1.98759
1.9152
0.0
0.0
2.79521
0.0
0.0
0.665376
0.0
0.0
0.0
0.0
0.30019
0.0
0.0
0.0
1.6341
0.253079
0.0
0.177251
0.0
0.0
0.0
0.0
0.0
0.0
0.0
0.0
0.0
0.0
0.0
0.0
0.0
0.0
0.0
0.0
1.63915
0.0
0.0
1.85344
0.0
0.0
0.0
0.0
0.0
0.0
0.0
0.0
0.0
0.0
0.0
0.0
0.0
1.29074
0.0
0.0
0.0
0.0
0.0
0.0
0.0
0.0
0.0
0.0
0.0
0.554227
1.5901
0.0
0.0
0.0
0.0
0.771316
0.0
0.164441
0.0
0.791618
0.0
0.0
0.847697
2.04407
2.98588
0.0
1.91279
0.0
0.0
0.0
1.52737
0.0
0.0
0.0
0.0
1.68054
0.0
0.0
0.0
0.0
0.631089
1.07334
0.0
0.0
1.98916
0.0
3.44039
1.75627
0.0
0.0
0.0
0.0
0.0
0.0
0.0
0.0
0.536311
0.0
0.0
0.0
1.46918
0.185409
0.0
0.0
0.0
0.0
0.0
0.0
1.97512
0.0
0.0
2.10555
0.0
0.0
0.0
0.0
0.0
0.0
0.0
0.0
0.0
0.0
1.72477
0.959833
0.0
0.0
0.0
0.0
2.23511
0.0
0.466364
0.0
0.0
0.0
0.0
0.0
0.0
0.0
0.0
0.0
0.0
3.65583
0.0
0.0
0.0
4.29299
0.0
1.98847
0.0
0.645992
0.0
0.0
0.0
0.0
0.93822
0.0
0.0
0.0
0.0
0.0
0.0
0.0
0.0
0.0
0.738536
0.0
0.0
0.0
0.0
0.0
0.0
1.60703
0.0
2.76901
0.0
0.0
0.0
0.0
0.0
0.0
0.0
0.0
0.0
0.0
4.47309
1.90013
0.0
0.349977
0.0
0.0
0.0
0.0
0.0
1.63691
0.0
0.67585
0.0
0.0
0.0
0.0
2.20961
0.0
0.0
0.0
0.0
0.0
0.0
0.0
0.0
0.461478
0.0
0.0
0.0
0.0
0.0
0.0
0.0
0.0
1.67244
0.279273
0.0
0.0
1.77454
0.502573
0.0
0.0
0.0
0.0
0.0
0.0
0.0
0.0
3.01057
0.826278
0.0
0.0
0.0938146
0.0
0.0
1.71803
0.916636
0.0
1.21164
0.0
0.0
0.0
0.0
0.0
2.92697
2.47306
0.0
0.0
1.88736
0.0
0.0
0.0
0.0
0.0
0.0
0.0
0.0
0.0
0.0
0.0
0.0
0.0
0.0
0.0
0.0
0.0
1.07556
0.0
0.0
0.0
0.0
0.0
0.0
0.0638509
4.07607
0.0
3.11626
1.63244
0.0
0.0
0.0286199
1.61258
0.0
2.41848
0.0
0.0
0.0
0.0429749
0.0
0.0
0.0
0.0
0.0
0.0
0.0
0.764866
0.0
0.0
0.0
0.0
0.0
0.0
0.0
0.0
0.0
0.0
0.104605
0.0
0.381212
0.0
3.31737
0.0
1.73724
5.51157
0.0
0.0
0.0
0.0
0.0
0.0
5.73795
0.0
0.0
0.0
1.3004
0.0
0.0
0.0
0.0
0.0
0.0
0.330511
0.0
0.0
0.0
0.0
0.0
0.0
0.0
2.10235
0.0
0.892929
0.0
0.0
0.934825
0.955879
0.0
0.0
4.3152
2.11264
0.0
0.0
0.0
3.60475
0.0
0.0
0.0
0.0
0.0
2.18739
0.0
0.0
0.0
0.0
0.0
0.0
0.0
0.0
0.0
0.0
0.0
0.0
0.0
0.0
0.0
0.0
0.0
0.0
0.0
0.0
0.0
0.0
1.62504
0.0
0.0
0.0
6.61963
0.0
0.0
0.0
0.0
0.0
0.0
0.0
0.0
0.0
0.0
0.0
0.0
0.0
0.0
0.549228
0.0
2.75546
0.0
0.0
0.0
0.0
0.250983
0.0
1.44019
0.0
0.0
0.0
0.0
0.0
1.25898
0.0
0.0
0.258686
0.0
0.0
0.0
2.54714
0.0
0.0
0.0
0.0
0.0
0.0
0.0
0.0
0.0
0.0
0.194119
9.21576
0.0
0.0
0.0
0.0
1.26605
0.107408
4.40665
0.27506
0.0
0.0
0.0
0.0
0.0
0.0
0.0
0.523623
0.0
0.0
1.65751
0.0
0.0
0.0
0.0
0.0
0.0
0.0
0.0
0.0
0.0
0.0
0.514699
0.0
0.0
0.0
0.0
0.0
0.0
0.0
0.0
0.0
0.0
0.0
0.0
0.0
0.0
0.0
0.0
0.0
0.0
0.0
0.0
0.0
1.07568
1.84896
0.0
0.0
0.0
0.0
0.374157
0.0
0.39557
0.0
0.0
0.0
0.0
2.82815
0.0
0.0
0.0
0.0
0.0
0.0
0.0
0.175357
0.0
0.0
0.0
0.0
0.0
0.0
0.0
0.0
0.0
0.0190459
1.60072
0.0
0.0
0.0
0.0
0.0
0.0
0.0
0.0
0.0
0.0
0.0
0.0
2.57126
0.0
0.0
0.0
2.14191
0.0
2.51814
0.0
0.0
0.0
0.0
0.0
0.0
0.0
1.07199
0.0
0.0
0.0
8.04743
0.0
0.0
0.0
0.0
0.0
1.23616
0.0
0.0
0.0
0.0
1.34311
1.36767
0.0
0.0
0.0
0.0
1.84502
1.77135
2.88566
0.0
0.0
0.0
0.0
0.0
0.0
0.0
0.716317
0.0
0.0
0.0
0.0
0.0
0.0394917
0.0
0.0
0.0
0.0
0.0
0.0
0.0
2.57359
0.0
0.0
0.0
0.0
1.37683
0.0
0.0
0.0
0.905385
2.20058
0.0
0.293153
0.0
0.0
0.0
0.0
0.0
0.0
0.515528
0.0
0.0
0.0
3.14169
0.0
0.0
0.0
0.0
0.0
0.0
0.0
0.0
1.13528
0.0
0.0
0.0
0.0
0.0
0.0
0.0
0.0
0.0
0.0
0.0
0.0
0.0
0.0609231
0.0
1.13024
0.0
0.0
0.0
0.0
0.0
0.0
2.32511
0.0
0.467833
1.03056
1.40621
0.0
0.0
0.345684
0.0
0.0
0.772029
0.0
1.2431
0.0
0.0
0.0
0.0
0.0
0.0
0.0
1.4442
0.0
2.07774
4.25979
0.0
1.51512
0.0
0.0
3.58829
2.93594
0.0
0.0
0.0
0.0
0.0
0.0
1.11752
0.0
0.0
3.33921
5.26054
0.0
0.0
0.0
0.0
2.26542
0.0
0.0
0.0
0.0
0.0
0.0
0.0
0.0
0.0
0.0
0.0
0.0
0.0
3.24756
0.0465139
0.0162358
1.59376
0.0
0.0
0.0
0.0
0.0
0.538247
0.0
0.0
0.0
2.59154
0.0
0.0
0.0
0.417922
3.48645
0.0
0.0
0.0
0.0
0.0
0.0
3.16501
0.0
0.222326
0.0
0.0
0.0
0.0
0.0
0.0
0.0
0.0
0.0
4.66034
0.0
0.0
2.09075
0.0
7.19784
0.0
0.0
0.583033
0.0
0.0
0.0
0.0
4.45128
0.0
0.0
0.0
0.0
0.0
0.0
5.3942
0.0
0.0
0.187305
0.0
0.0
9.83952
0.0
0.0
0.0
0.0
0.0
0.0
0.0
0.0
2.52497
0.0
0.0
0.0
0.0
0.0
0.0
0.0876729
0.0
3.32954
0.0
0.0
0.0
0.0
0.0
0.0
0.0
0.0
0.904308
0.0
0.0
0.761449
0.0
0.0
0.0
6.28078
0.0
0.0
0.0
0.0
0.0
0.0
0.0
7.78494
0.0
1.76517
0.0
0.0
0.0
0.0
0.0
0.0
0.0
6.42604
0.0
0.0
0.0
0.0
2.84383
0.0
0.0
0.0
0.0
0.0
0.0
0.0
0.0
2.73451
0.0
1.5055
1.30314
0.0
0.0
0.0
0.295683
2.4205
0.0
0.0
2.55434
0.0
0.0
0.0
0.0
0.0
0.0
0.0
0.0
0.0
0.0
0.0
2.27483
0.0
0.951589
0.0992284
0.0
0.0
0.0
2.67098
0.0
0.0
0.0
0.0
0.0
0.0
0.0
0.0
0.0
0.381746
0.0
1.28691
0.0
0.0
0.0
0.0
0.0
0.0
0.0
0.0
7.85185
0.0
0.0
0.0
0.0
3.25354
0.0
0.0
0.0
0.0
0.0
0.0
0.0
0.0
0.0
0.0
0.0
0.0
0.0
0.0
1.63913
0.392167
0.97863
0.0
0.0
0.0
2.92394
0.0
0.0
0.0
0.0
0.0
0.253657
0.0
0.0
0.0
0.0
0.0
0.0
0.0
1.45378
0.0
0.0
0.0
0.0
0.0
0.0
4.55472
0.0
0.0
0.0
0.0
6.10751
0.0
0.0
0.0
0.0
0.0
0.0
3.37651
0.0
5.44609
0.0
0.0
0.0
0.0
0.0
0.0
0.0
0.0
0.0
0.0
0.0
0.0
0.0
0.428148
0.0
0.36433
0.0
0.0
0.0
0.0
4.11367
0.0
0.0
4.72323
0.0
0.0
0.503565
0.0
0.0
0.0
0.0
0.0
2.85785
0.0
0.0
0.0
3.73523
0.0
0.0
0.0
0.490437
0.0
0.189711
0.0
3.70738
2.1279
0.0
0.0
0.0
0.0
0.0
0.0
1.47249
3.13015
0.0
3.8561
0.0
1.99368
0.0
0.0
0.555484
0.0
1.71903
0.0
1.67478
0.0
0.0
0.0
0.0
0.0
0.0
0.0
0.0
2.36769
0.0
0.0
0.0
0.0
3.51772
0.0
0.0
0.0
0.0
0.0
0.0
0.0
1.26956
0.0
0.0
2.49269
0.0
0.0
0.0
3.54324
0.0
0.0
0.0
0.0
0.0
0.0
0.0
0.0
0.0
0.0
0.0
0.0
0.0
0.0
0.0
1.84061
0.0
0.0
0.943299
0.0
0.0
0.0
1.50489
2.95766
0.0
0.0
0.0
3.50947
0.492642
2.76654
1.17782
0.0
0.0
0.0
2.10491
0.312685
0.0
0.0
3.18096
0.0
0.606729
0.0
0.0
0.0
1.4657
0.0
0.0
0.0
1.21113
0.0
0.0
0.0
0.0
2.64959
0.665802
0.35461
0.0
0.0
0.0
0.0
0.0
0.997783
0.0
3.32449
0.0
0.0
0.0
0.0
0.0
0.0
0.0
0.0
0.0
0.0
0.0
0.329561
0.0
0.0
0.0
0.0
0.0
0.0
6.65613
0.0
0.0
0.0
0.0
0.0
0.0
0.0
0.0
0.0
0.0
3.00603
3.30943
0.0
0.0
0.0
0.0
0.0
0.0
0.0
0.0
0.0
0.0
0.0
0.0
1.865
0.0
0.0
0.0
0.26099
0.99011
0.0
0.0
2.1063
0.0
0.0
0.362218
0.0
0.0
0.0
0.0
0.0
0.0
0.0
0.0
2.64136
0.0
0.0
0.0
0.711603
0.0
0.0
0.0
0.0
0.0
0.0
0.0
1.21042
0.144753
0.0
0.0
0.0
0.0
0.453287
0.0
0.0
0.0
0.0
0.0281656
0.0
0.0
0.0
0.0
0.0
0.0
0.0
0.0
0.0
0.0
0.0
2.74671
0.0
0.521684
0.0
0.0
0.0
0.0
0.0
0.0
0.0
0.0
0.0
0.0
1.79915
0.687615
0.0
1.2728
0.0
1.98147
0.0
0.0
1.52643
0.0
0.0
0.0
0.0
0.0
0.0
0.0
0.0
0.0
0.0
0.0
0.0
0.0
0.0
0.0
0.0
0.0
0.0
0.0
2.00374
0.0
0.0
0.0
0.0
1.73056
0.0
0.0
0.0
0.0
0.0
0.0
0.0
0.0
0.0
0.0
0.0
0.100122
0.0
0.0
1.70037
1.59155
0.0
0.0
0.0
0.0
0.0
0.0
0.0
0.0
0.0
0.0
0.0
0.0
0.0
1.01121
0.0
0.0
0.0
0.0
0.0
0.0
0.0
0.0
0.0
0.0
0.0
0.0
0.0
0.0
0.0
0.0
0.0
0.0
0.0
0.0
2.04516
0.0
0.0
0.0
0.0
0.0
2.24502
1.11786
0.0
1.06964
2.49513
0.0
1.37239
0.0
0.0
0.0
0.0
0.0
0.0
0.0
0.334787
0.0
0.0
0.0
0.0
1.59648
0.0
0.0
0.0
0.0
0.0
3.703
0.0
0.0
0.0
0.0
0.30128
0.0
0.0
0.0
1.07392
0.211976
0.0
0.0
1.70103
0.0
0.0
0.0
0.0
1.4699
0.0
0.0
0.0
0.0
0.0
0.0
1.0804
0.426405
0.0
0.0
1.55229
0.0
0.0
0.0
0.0
0.0
0.0
0.197108
0.0
0.0
0.0
1.40361
0.0
0.0
3.09311
4.60881
0.0
0.0
0.0
9.90219
0.0
0.0
0.0
1.38849
0.0
0.0
2.43668
0.0
0.0
0.0
0.0
0.0
0.0
0.0
0.0
0.0
0.0
0.0
0.0
1.46753
1.46688
0.0
2.12088
0.0
0.0
0.0
0.0
0.0
0.0
0.0
0.0
0.0
0.0
0.0
4.23693
0.0
0.0
0.0
0.0
0.0
3.36769
0.0
1.68165
0.0
1.46409
0.044394
0.0
0.0
0.0
0.0941359
0.0
0.0
0.0
0.95607
2.89665
0.0
0.0
0.0
0.0
1.84486
0.0
0.0
0.0
0.0
0.0
0.0
0.0
0.0
0.0
0.0
0.0
0.0
0.0
1.80449
1.83021
3.31435
0.746019
0.0
3.39078
0.0
0.0
0.0
0.724187
1.31856
0.0
0.0
0.0
0.0
0.0
0.939527
0.0
2.63183
0.0
0.0
0.0
0.0
0.0
0.0
0.0
0.0
0.0
1.39491
0.0
0.0
0.0
0.0
0.0
0.0
0.0
0.0
0.0
2.85286
0.0
0.0
0.0
0.0
0.0
0.0
0.0
0.0
1.02807
0.0
5.1951
0.0
0.0
0.0
0.0
0.0
0.0
0.0
0.0
0.0
0.581919
0.0
2.99324
3.92369
0.271443
0.0
0.0
0.0
0.0
1.19943
0.0
0.0
0.0
0.0
0.0
0.0
0.0
0.0
2.61156
0.0
0.0
0.0
0.0
0.0
3.92804
0.0
0.0
0.0
0.0
0.0
0.851761
6.34798
0.0
0.0
0.923427
0.0
0.0
0.0
1.22027
0.0
0.0
0.0
0.0
0.155503
0.0
0.0
0.0
0.0
0.0
0.0
0.0
0.0
0.0
0.289528
0.0
0.0
0.0
0.134981
0.0
0.0
0.0
0.0
0.0
0.0
0.0
0.0
0.0
0.0
0.0
2.73624
0.0
0.0
0.0
0.0
0.0
0.0
0.0
0.0
0.0
0.0
0.0
0.0
2.85109
0.0
0.0
0.324023
0.188796
0.0
0.0
0.0
2.69704
0.0
3.11133
0.0
0.0
0.0
0.0
0.0
0.0
0.0
0.0
2.23235
0.0
0.0
0.0
5.74759
0.0
1.56503
0.0
0.0
0.0
0.0
0.0
0.0
0.0
0.0
0.0
0.0
3.82329
0.0
0.0
0.0
0.0
0.0
0.0
0.0
0.0
0.0
0.0
0.0
0.0
0.0
0.0
0.0
0.0
0.0
0.0
0.0
0.0
0.0
3.50258
1.4929
4.91301
0.0
0.612138
0.0
0.0
0.0
0.0
2.11148
2.14501
0.0
0.0
0.0
0.0
0.0
0.0
0.0
0.0
3.44997
0.0
0.0
0.0
0.0
0.0
0.0
0.0
0.0
0.0
0.0
0.0
0.0
0.0
0.0
0.0
0.0
1.4457
0.0
0.0
0.0
0.0
0.0
0.0
0.203725
0.0
0.0
0.0
0.0
0.0
0.0
0.0
0.0
0.0
0.0
0.0
0.0
0.0
0.0
0.0
0.0
0.0
0.0
0.230554
0.0
0.0526659
0.0
2.43854
0.0
2.30733
0.0
0.0
0.0
0.0
0.0
0.0
2.26921
0.995389
0.0
0.0
2.80008
0.0
1.00827
1.02725
2.13668
0.0
0.0
0.0
0.0
0.0
0.0
0.0
0.0
0.0
0.0
5.89292
0.0
0.0
0.454444
0.0
0.0
0.0
0.0
0.0
0.309465
2.3902
0.0
0.0
0.0
1.87698
0.0
0.0
0.0
0.0
0.0
0.0
0.562313
0.0
0.0
0.0
0.0
0.0
0.0
4.78365
0.0
0.0
0.0
0.0
0.0376847
0.0
0.0
1.11429
0.0
0.0
0.0
0.0
0.0
0.0
0.0
0.44782
0.0
0.0
0.0
1.50054
0.0
0.0
0.0
0.0
0.0
0.794384
0.0
3.42866
0.0
0.0
0.0
0.0
4.85127
0.0
2.43546
0.0
0.0
0.0
0.0
0.0
0.0
0.0
0.0
0.0
0.0
0.0
0.0
0.0
0.0
0.0
0.0
0.0
0.0
0.0
0.141312
0.0
0.0
0.0
0.0
0.0
0.0
1.05339
0.0
0.0
0.0
2.38225
0.0
0.0
0.0
0.0
0.0
0.512755
0.0
0.0
0.0
0.0
0.0
0.0
0.0
0.0
0.0
0.0
0.0
0.0
0.0
0.0
0.0
0.0
0.77019
0.470197
0.0
0.0
0.0
0.0
0.0
0.0
0.0
0.0
0.0
0.0
0.0
0.82317
0.0
0.0
3.6195
0.0
0.0
0.0
0.700798
0.0
0.0
0.0
0.0
2.32324
0.0
0.0
0.0
0.0
0.0
0.0
0.0
4.72212
0.0
0.0
0.0
0.0
0.0
1.71801
0.0
0.0
0.0
0.0
0.0
0.141795
0.0
0.0
0.0
0.843654
0.0
0.162744
0.0
0.0
0.0
0.0
0.0
0.0
0.0
0.0
0.0
7.14092
0.0
0.0
0.0
0.782992
0.378379
0.0
0.0
0.0
0.0
0.0
0.0
0.0
2.21921
0.0
0.0
0.0
0.0
0.0
0.0
0.0
0.0
0.0
0.0
0.0
0.0
0.0
2.8939
0.0
0.0
0.238442
0.0
0.0
2.80765
0.0
0.0
0.504982
0.0
0.0
0.0
0.0
0.0
0.0
0.0
0.0
0.0
0.0
0.0
0.0
0.0
0.0
0.0
0.0
0.0
0.0347946
0.0
0.0
0.0
0.0
0.0
0.0
0.0
0.0
0.164547
0.0
0.161844
0.0
0.0
0.0
1.80693
0.0
0.426161
2.72746
0.0
0.0
0.0
0.0
0.0
0.0
0.0
0.0
1.86357
0.0
0.0
0.0
2.54961
0.0
0.0
0.242099
0.0
0.0
0.0
0.0
0.0
0.0
0.0
0.0
0.0
0.0
0.0
0.0
0.868969
0.0
2.93148
0.0
0.0
0.0
0.0603763
0.0
0.958513
0.0
0.0
0.0
0.0
0.0
0.455746
0.0
0.0
0.0
0.0
0.0
0.0
0.0
0.0
0.0
0.0
0.0
0.0
0.163141
0.0
2.42513
0.0
0.0
0.0
0.0
0.0
0.0
1.73722
0.0
0.0
0.0
0.0
0.0
0.0
1.95199
0.0
8.37672
1.93687
0.0
0.0
0.0
0.0
0.532424
0.0
0.0
0.0
0.0
0.535958
0.744754
0.0
0.0
1.52282
0.0
0.0
0.0
0.0
0.181096
0.633093
0.0
0.0
0.0
0.917985
0.0
0.513493
0.0
0.0
0.764597
0.210454
0.0
0.0
0.0
0.0
1.4504
0.0
0.148822
0.0
0.0
0.0
0.0
3.7535
0.0
0.720375
0.0
0.0
2.68404
3.1947
0.0
0.0
0.0
0.0
0.0
0.0
0.0
0.0
0.0
0.0
0.0
0.0
0.0
0.0
0.0
0.0
0.0
0.0
0.0
0.0
0.0
0.0
0.0
0.0
0.0
4.57998
0.0
0.0
0.0
0.0
0.0
0.0
0.0
0.0
0.0
0.0
0.0
1.30079
0.0
0.0
0.0
0.0
0.0
0.0
0.0
0.0
0.0
0.0
0.0
0.0
0.0
0.0
0.0
0.0
0.0
0.0
0.0
0.0
2.69194
0.0
0.0
0.0
0.0
0.0
0.0
0.0
0.0
1.26952
0.0
0.0
0.818726
2.93399
0.0
0.0
0.0
3.16666
0.364088
0.0
0.0
3.44349
0.0
0.801403
0.0
0.0
0.0
0.0
2.30517
0.0
0.0
0.0
0.0
0.0
1.76514
0.0
0.0
0.130006
0.0
0.0
0.0
1.67551
0.0
0.408354
0.0
0.0
0.0
0.0
0.0
0.0
0.0
0.0
0.0
0.0
0.0
0.0
0.0910072
0.0
0.0
0.0
0.0
0.0
1.61091
0.0
0.423758
0.567275
0.0
0.0
0.0
0.857952
0.0
2.02713
0.0
0.0
0.0
0.0
0.0
0.0
1.36834
0.0
3.62298
0.0
0.0
5.2501
2.23631
0.0
0.0
0.0
0.0
0.0
0.0
0.0
0.0
0.0
0.0
0.0
0.0
0.0
0.643788
0.0
2.20728
0.0
0.0
0.0
0.307301
5.63299
0.0
0.0
0.0
0.0
2.64515
0.0
0.0
0.0
2.87658
0.0
0.0
0.0
1.55633
0.0
0.0
0.0
0.0
0.0
0.0
0.0
0.0
0.0
0.0
0.0
0.0
0.0
3.09037
0.0
0.0
0.0
0.0
3.01028
1.83026
0.0
0.572994
0.0
0.0
0.0
0.0
0.0
0.0
0.0
0.0
0.0
0.0
1.89698
0.0
0.0
0.0
0.0
0.0
0.0
0.0
0.0
4.31237
0.779462
0.0
0.0
4.00791
0.0
1.24401
0.0
0.0
0.0
0.0
0.0
0.0
0.0
0.0
0.0
0.0
0.0
0.800101
2.47877
0.0
0.0
0.0
0.0
0.0
0.0
0.0
0.0
0.0
2.03398
1.76324
0.0
0.0
0.0
0.0
0.687044
2.22754
0.0
0.0
0.0
0.0
3.97655
0.0107896
1.48609
0.0
0.0
0.0
2.97491
0.0
3.14003
0.0
0.0
0.568252
0.0
0.0
0.0
0.0
0.0
0.0
0.0
0.0
0.0
0.0
0.0
0.0
0.0
0.0
2.48442
0.0
0.0
0.0
0.0
0.0
4.04305
0.0
0.0
0.0
0.0
0.0
0.0
0.0
0.0
0.0
4.84197
4.79709
0.0
0.0
0.0
2.57664
0.0
0.0
0.0
0.0
0.181679
0.0
0.0
4.58877
0.0
0.0
0.0
0.0
0.0
0.0
0.0
0.0
0.0
0.0
2.23088
0.0057213
0.0
0.0
0.0
0.0
0.0
0.0
3.77098
0.0
0.0
0.0
1.33782
0.0
0.0
0.0
0.855841
0.0
0.0
0.0
0.0
5.00296
0.0
0.0
1.31112
0.0
0.0
0.0
0.212163
0.0
1.50088
0.0
0.0
0.0
0.0
1.38571
1.84232
0.0
6.59625
0.0
3.00695
0.0
2.28369
0.0
0.0
3.98232
0.0
1.76515
0.0
0.0
0.0
0.0
0.0
0.0
0.0
0.0
0.0
0.92434
0.0
0.0
0.0
0.0
0.0
0.0
0.0
0.0
0.0
1.87229
2.27395
0.0
0.0
0.0
3.57291
0.0
0.0
0.0
0.0
0.0
0.0
0.0
0.0
0.0
0.0
0.0
0.0
0.0
0.0
0.0
0.0
0.0
0.0
0.0
0.0
3.1611
0.0
3.25688
0.0
1.17657
0.0
0.0
1.745
0.0
3.77814
0.0
0.0
1.6756
0.0
3.13532
3.11764
0.0
0.0
0.0
0.0
0.0
0.0
0.833021
0.0
0.0
0.0
0.0
0.0
0.0
0.657834
0.0710856
0.0
0.0
0.0
0.0
0.0
0.0
0.0
0.794007
0.0
4.77781
0.0
0.0
0.0
0.0
0.0
0.0
2.8992
0.0
3.56283
0.0
0.0
3.99283
0.0701947
0.0
0.0
0.0
0.666283
0.0
1.61581
0.0
2.03807
0.180983
2.78831
0.0
0.2461
3.91693
0.0
0.0
0.775793
0.0
0.0
0.0
0.0
0.0
4.34856
0.0
0.0
0.0
0.0
0.0
0.0
0.0
0.0
0.0
0.0
0.0
0.0
0.0
0.461343
1.53807
0.905008
5.7451
1.4935
0.0
0.0
0.0
0.0
0.0
0.0
0.0
0.0
0.0
0.0
0.0
4.0741
0.0
2.74658
0.0
0.628108
0.0
1.61363
0.0
0.0
0.0
0.0
0.0
0.0
0.0
0.0
0.0
0.0
0.0
0.0
0.576677
0.545119
0.0
0.0
0.0
0.0
0.0
0.0
0.0
0.0
0.0
0.0
0.0
0.0
2.25797
3.39727
0.0
0.0
0.0
0.0
1.97483
0.0
0.0
0.0
0.94791
0.0
0.0
0.312289
0.0
0.0
0.207444
0.0
0.0
0.0
0.0
0.128196
0.0
0.0
0.0
0.0
0.0
0.0
1.47314
0.0
0.0
2.09012
0.0
0.0
0.932218
0.0
0.0
0.0
0.0
0.0
5.64001
0.0
0.0
0.0
0.0
3.53631
0.0
0.0
0.552949
0.0
0.0
0.0
0.0
0.0
0.0
0.0
0.0
0.0
0.0
0.0
0.0
0.0
0.0
0.0
2.23064
4.48197
0.0
5.27527
0.0
0.0
0.999021
0.0
9.77789
0.0
0.0
0.0
0.0
0.0
0.0
2.59863
0.0
0.0
1.29792
0.0
0.0
0.0
0.0
0.0
0.0
0.331686
0.0
1.67343
0.0
0.0
