0.0
0.0
2.15579
0.0
2.37738
0.0
0.0
0.0
0.0
0.0
0.0
0.0
0.0
3.0421
0.0
1.51948
0.0
0.0
0.0
0.0
0.0
1.1963
0.0
0.0
0.0
0.0
0.0
0.0
0.0
0.0
0.0
5.03197
0.0
1.0801
0.0
0.0
0.0
0.37758
0.0
0.0
0.0
0.0
3.9407
0.0
0.0
0.847961
0.0
0.0
0.0
1.9757
0.384253
0.0
0.0
0.0
0.0
1.65332
0.0
0.0
0.0
0.0
5.07587
0.0
0.0
0.932637
1.59155
0.0
0.0
0.0
5.21001
0.0
0.0
0.0
0.0
0.0
0.0
0.0
0.162745
0.0
0.0
0.0
0.0
0.0
0.0
0.0
2.27793
0.0
0.0
0.0
0.95689
0.0
0.0
0.0
0.0
0.0
0.0
0.0
0.0
0.0
0.0
0.0
0.0
0.0
0.0
0.0
0.0
0.0
1.06211
0.0
0.0
1.39039
0.0
0.0
0.0
0.0
0.0
0.0
0.0
1.71193
2.01172
0.0
0.223414
0.0
0.0
0.0
0.483646
0.0
0.0
4.45615
0.0
0.0
0.0
0.0
0.0
0.0
0.0
0.0
0.0
0.0
2.02717
0.0
0.0
0.0
0.0
0.0
0.0
0.0
0.0
0.0
3.12077
0.0
0.0
0.0
0.0
2.12577
0.0
0.0
0.0
1.72818
0.0
0.0
0.0
0.0
0.0
0.0
0.0
0.0
0.0
3.85063
0.0
0.0
0.0
0.411303
3.46126
2.13735
0.0
0.0
0.0
0.0
0.0
0.0
2.82609
0.0
0.0
0.0
0.0
0.0
0.0
0.0
0.0
3.53102
0.0
0.0
1.04838
1.56587
0.0
0.0
0.0
0.0
0.0
0.0
0.0
0.46355
0.0
0.0
0.0
0.0
0.0
0.0
0.0
0.0
0.0
0.0
0.0
0.0
2.32269
0.0
0.0
0.0
0.0
1.73854
0.0
2.9044
0.0
0.0
1.24407
0.0
0.0
0.0
0.0
0.0
0.0
0.0
0.0
0.0
0.0
0.0
0.0
0.0
0.0
0.0
0.0
0.0
0.873993
0.48185
0.0
0.0
0.0
3.21685
0.0
0.0
0.253801
0.0
0.0
0.0
0.0
0.0
0.0
0.0
0.0
0.0
0.0
0.0
1.06837
0.0
0.0
0.0
4.52011
0.0
0.0
0.0
0.0
0.0
0.0
0.0
0.0
0.0
3.37122
0.0
0.0
0.0
0.0
1.19372
0.850829
2.92927
0.0
0.0
0.0
0.0
0.0
0.0
0.0
0.0
0.0
0.0
1.21371
0.252722
0.0
0.0
0.0
0.0
0.0
5.88074
0.0
0.0
0.0
0.0
0.0
0.0
0.0
0.0
0.0
0.0
0.0
0.0
0.0
0.0
0.0
0.0
0.596075
0.0
0.0
0.0
0.0
0.0
1.41831
0.0
2.51096
0.0
0.0
0.0
0.0
0.0
0.0
0.0
0.27801
0.0
0.0
0.0
0.0
0.0
0.563896
2.42127
0.295427
0.0
0.0
1.7575
0.0
0.0
0.0
0.0
0.0
0.0
0.0
0.0
0.0
0.0
0.0
0.0
0.0
0.0
0.0
0.0
0.0
0.0
0.0
0.0
0.0
0.0
0.0
0.0
0.0
0.0
0.0
0.0
0.0
0.0
0.0
0.0
0.0
0.471064
0.0
0.0
0.0
0.0
0.0
0.0
0.0
1.73345
0.337922
0.0
0.0
1.07168
0.0
0.0
0.0
1.20736
4.78592
0.0
0.0
0.0
0.0
0.0
0.0
0.0
1.12145
0.0
2.19509
0.0
0.0
0.0
0.0
0.0
0.0
0.0
4.78642
0.0
0.0
0.0
0.0
0.0
0.0
0.0
0.0
0.0
0.0
0.0
0.0
0.0
0.0
0.0462725
2.81115
0.0
0.0
0.0
0.0
0.0
0.0
0.0
0.0
0.0
0.0
1.28484
0.0
0.0
0.0
0.0
0.0
0.0
0.0
0.0
0.0
0.198318
0.0
0.921679
0.0
0.385332
0.0
0.0
0.0
2.77112
0.0
1.91804
0.0
0.0
0.0
2.14104
1.17681
0.0
0.0
2.21572
0.0
6.21807
0.0
0.0
0.0
0.0
0.0
0.0
0.0
0.0
0.0
0.0
0.0
2.28862
0.0
0.0
0.0
0.0
0.0
0.0
0.0
0.0
0.0
0.0
0.0
0.0
1.02439
0.0
1.20972
0.0
0.0
0.0
0.0
0.0
0.0
0.0
0.0
0.0
0.0
0.0
0.0
0.0
0.0
0.0
1.94677
0.0
0.0
2.27293
0.0
0.0
0.0
0.0
0.0
1.55214
0.289564
2.55358
0.0
0.0
0.0
0.0
0.0
0.0
0.0
1.2011
0.0
0.0
6.08347
0.0
0.0
0.0
0.0
0.0
0.218458
1.99624
0.0
0.0
0.0
0.0
0.0
0.0
0.0
1.47672
0.0
0.0
5.60994
0.0
0.787756
0.0
0.0
0.0
0.0
0.0
0.0
0.0
0.0
0.0
1.37891
0.0
0.0
0.0
0.0
0.0
0.0
2.22491
0.0
0.0
0.0
0.0
0.0
0.0
0.172001
0.0
0.0
1.72516
0.0
0.0
3.9017
0.0
0.0
0.0
0.0
0.0
0.37907
0.0
0.0
0.0
2.23013
0.0
0.0
0.0
0.0
0.0
0.0
0.0
0.698317
0.0
0.0
0.0
0.0
0.0
0.0
0.0
0.0
0.0
0.0
0.0
0.0
0.0
0.0
0.0
5.4459
0.0
0.0
0.0
1.87149
0.0
0.0
0.0
0.0
0.0
0.0
0.0
0.0
0.0
0.0
0.0
2.61576
0.0
0.0
0.0
0.0
0.0
0.0
5.27404
0.0
0.0
0.0
0.0
0.0
0.0
0.0
0.0
0.0
0.0
0.0
0.0
0.0
0.0
0.0
0.0
0.0
0.366365
0.0
0.0
0.0
2.95875
2.19763
0.0
0.0
0.0
0.0
0.0
0.0
0.0
0.0
0.0
0.0
0.850511
0.0
0.0
0.0
0.0
0.0
4.67705
0.0
0.0
0.0
0.0
0.0
0.0
0.265624
0.0
0.0
0.0
0.0
0.0
0.0
0.0
0.0
0.649209
0.0
0.0
0.0
3.12717
0.0
0.0
0.0
0.0625066
0.0
0.0
0.0
0.704782
4.20025
1.85051
0.0
0.0
0.0
0.219584
0.0
0.0
0.0
0.0
0.0
0.0
0.0
0.0
0.0
0.0
1.39977
0.0
0.0
0.0
0.0
0.730075
0.0
0.0
0.0
0.0
0.0
0.0
0.0
0.0
0.0
0.0
0.0
0.0459961
0.0
0.0
0.0
0.0
0.0
0.0
0.0
0.0
0.0
0.0
0.0
0.0
0.0
1.2386
0.709693
0.19948
0.0
0.0
0.0
0.0
0.0
0.0
0.0
0.0
0.0
0.0
0.0
4.29472
0.0
0.0
0.0
3.10874
0.0
5.01014
0.0
0.0
0.0
0.770435
0.0
0.0
0.0
0.0
0.0
0.0
0.0
0.0
0.0
0.0
2.65627
0.0
0.106686
0.0
4.35838
4.10635
0.0
0.0
0.0
0.0
0.0
0.0
0.0
0.0
0.0
0.0
0.0
0.0
0.0
0.0
0.0
0.0
4.38216
0.0
0.0
0.0
0.0
0.0
0.0
0.0
0.0
0.0
0.0
0.0
0.0
0.0
0.0
0.0
0.0
0.0
0.0
0.0
0.0
0.0
0.0
0.0
0.0
0.0
0.0
0.0
0.0328668
0.0
0.0
0.728374
1.49699
0.0
0.0
0.0
0.0
0.0
3.92331
0.0
0.0
0.0
0.0
0.0
0.879989
0.0
0.0
0.0
0.0
0.0
0.0
0.390949
0.0
0.0
0.0
0.0
0.0
0.0
0.174716
0.0
3.26624
0.0
0.0
0.166799
0.0
0.0
1.73276
0.0
0.0
0.0
0.0
0.0
0.0
0.0
0.0
0.0
0.0
0.0
5.83149
0.0
0.0
0.0
0.0
0.0
0.0
0.0
0.0
0.0
0.0
0.0
0.0
0.0
4.90012
2.69344
0.0
0.0
0.0
0.0
0.0
0.0
0.0
0.0
0.0
0.0
0.0
0.0
0.0
0.0174061
0.0
0.0
0.0
0.0
0.0
2.31461
0.0
0.0
0.0
0.0
0.0
0.0
0.0
0.0
0.0
0.0
0.0
0.0
0.0
2.48164
0.0
0.0
0.0
0.0
0.0
0.635979
0.0
6.77102
0.0
0.0
0.0
0.0
0.0
0.0
0.0
0.111161
0.0
0.0
0.0
0.0
5.01956
0.0
0.0
0.0
0.894761
0.0
0.0
0.0
0.0
0.0
0.0
0.0
0.0
0.0
0.0
0.0
0.0
0.0
3.75312
0.0
0.0
0.652333
0.0
0.0
0.0
0.0
0.0
0.0
0.448345
0.0
0.0
0.0
3.12818
0.0
0.0
0.0
0.0
0.0
0.0
0.0
0.0
0.0
0.0
0.0
0.0
0.0
0.0
0.0
0.0
0.0
3.27967
0.0
0.0
1.16308
0.0
0.0
0.0
0.00583249
0.0
0.0
0.0
0.0
0.0
0.0
0.0
0.0
0.0
0.0
0.0
0.0
0.0
0.324964
0.0
0.0
0.0
0.0
0.383986
0.0
0.0
2.47121
0.0887011
0.0
0.261126
0.0
0.0
0.0
0.0
0.0
0.0
1.08837
0.0
2.95511
0.0
0.0
0.0
0.0
0.0
0.0
0.0
0.0
0.0
4.87189
0.0
0.0
2.34383
0.0
0.0
0.0
0.0
0.0
0.0
0.0
1.80342
0.0
0.0
0.0
0.0
0.0
0.0
0.0
0.0
0.0
0.0
2.20814
0.0
0.0
0.575002
0.0
0.0
0.0
0.0
0.0
0.0
9.19861
0.0
2.54672
0.0
0.0
0.0
0.0
0.0
0.0
0.0
0.454418
0.0
0.0
0.0
0.0
0.0
0.0
0.0
0.0
0.0
0.0
2.18296
0.0
0.239123
0.0
0.0
0.0
0.874771
4.6168
0.0
0.0
1.14794
0.0
0.0
0.0
0.0
0.0
0.0
0.0
0.0
0.0
0.0
0.0
0.0
0.0
0.0
5.68017
0.0
0.0
0.0
0.56825
0.0
0.0
0.0
0.0
0.0
0.0
4.71543
0.0
0.0
0.286543
0.0
0.0
0.0
0.0
2.98332
0.0
1.08265
0.0
0.0
6.40176
0.0
0.0
0.0
2.59997
5.59936
0.0
0.0
0.0
0.0
0.0
0.0
2.98115
0.0
0.0
0.0
0.0
0.0
0.0
0.0
0.0
1.76053
0.0
0.0
0.0
0.0
0.0
1.58546
0.0
0.0
0.939356
0.0
0.0
0.0
0.0
0.0
0.0
0.0
0.0
4.92383
0.0
0.0
0.0
0.0
0.0
0.0
0.0
0.0
0.0
4.85013
0.0
0.0
5.10047
0.0
0.77899
0.0
0.0
0.286906
2.49862
0.0
0.0
0.0
1.09537
0.0
1.16212
1.45561
0.0
0.0
0.0
0.0
0.0
2.56445
0.0
1.62852
0.0
0.0
0.0
0.203495
0.0488832
0.0
0.0
0.0
0.0
0.0
0.0
0.0
5.00366
0.0
0.0
0.0
0.0
0.737419
0.0
2.48146
0.0
0.0
0.0
0.0
0.0
0.0
0.0
0.0
0.0
0.0
0.0
0.0
0.0
0.0
0.0
0.0
0.0
0.0
0.0
0.0
0.0
0.0
0.0
0.0
0.0
0.0
0.0
0.0
0.0
0.0
9.92886
0.0
0.0
5.05393
0.0
0.0
0.0
3.24617
0.0
1.3514
0.0
0.0
0.0
2.50781
0.0
3.6007
0.0
0.0
0.238041
0.0
0.0
0.0
0.0
0.0
0.0
1.93632
0.0
0.0
0.58343
0.0
0.0
0.0
0.0
0.0
0.0
0.0
0.0
0.0
0.0
0.0
0.0
0.0
0.0
0.0
0.0
0.0
0.0
0.0
0.0
0.0
0.0
0.0
0.0
0.0
0.409578
0.0
1.3942
0.0
0.0
0.0
0.0
0.0
0.0
0.0
0.0
0.0
0.0
0.209299
0.0
0.0
0.0
0.0
0.0
0.0
0.0
0.0
0.0
0.0
0.0
3.51203
2.28093
0.0
0.0
0.0
0.0
4.19035
3.40174
0.0
3.04705
0.0
0.0
0.0
0.0
0.0
0.0
0.0
0.0
0.0
0.0
0.0
1.62985
0.0
0.0
0.0
0.0
1.54535
0.555785
0.0
0.0
0.0
0.0
0.792363
0.0
0.0
1.24051
0.0
2.41529
3.32533
0.0
0.0
0.0
0.0
0.0
0.0
0.0
0.0
3.73526
0.0
1.6218
0.0
0.0
0.0
0.0
0.0
0.0
0.0
0.0
0.0
0.0
0.0
0.0
0.0
0.0
0.0
0.0
0.0
0.0
0.0
0.0
0.0
0.0
0.0
0.0
0.600495
0.0
0.0
0.0
0.0
1.76241
0.0
2.26389
0.0
0.0
0.0
0.0
0.0
0.0
0.0
0.0
0.0
0.0
1.94019
0.0
0.0
0.0
0.929411
0.0
0.998058
0.0
1.35205
0.0
0.0
0.0
0.0
0.0
0.0
0.0
0.0
0.0
0.0
0.0
0.0
0.0
0.0
0.0
0.0
0.0
0.0
0.0
0.0
0.0
0.0
0.0
0.00364736
0.0
0.0
0.0
0.0
0.0
0.0
0.0
0.0
0.37931
0.0
0.0
4.89694
0.0
0.0
0.0
0.0
1.36026
0.0
0.0
3.16133
0.0
0.0
0.0
0.0
0.694282
0.0
0.0
1.34031
0.0
0.0
0.0
0.0
0.0
0.0
0.0
1.16629
0.0
0.0
0.0
0.0
0.0
0.0
0.0
0.0
0.0
0.0
2.77952
0.0
0.705981
0.0
0.0
0.0
0.0
0.0
0.0
0.0
0.0
0.0
0.33085
0.0
0.0
0.0
0.0
0.0
0.0
0.0
0.0
0.0
3.81343
0.0
0.0
0.0
0.0
0.0
0.0
0.0
0.495456
0.0
0.0
0.0
0.0
0.0
0.0
0.0
0.0
0.0
0.0
0.0
0.0
0.0
0.0
0.0
0.0
0.0
0.0
0.0
0.0
0.0
0.0
2.66837
0.598643
0.0
0.0
0.0
0.0
0.0
0.0
0.0
0.0
0.0
0.0
0.0
1.84562
0.0
0.0
0.0
0.0
0.0
0.0
0.0
0.0
0.0
0.0
0.0
0.0
1.15212
0.0
0.0
0.0
0.0
0.0
0.0
0.0
0.0
0.0
0.0
0.0
0.0
0.0
0.0
2.81308
0.0
2.13123
1.63975
0.0
0.0
0.0
0.0
0.0
1.43694
5.97127
0.0
0.0
0.0
2.04435
2.738
0.0
0.0
0.0
0.0
0.0
0.0
0.0
0.0
0.0
0.0
0.0
0.0
0.0
0.0
0.0
0.0
0.0
4.78637
0.634689
1.83683
3.69262
0.0
2.6072
0.0
0.0
0.0
0.0
6.53376
0.0
0.0
3.43875
0.823839
0.0
1.27027
0.0
0.0
0.0
0.0
0.0
0.0
0.512023
0.0
0.0
0.0
0.0
2.8455
0.0
0.0
0.0
0.0
0.0
0.0
0.0
0.0
0.0
0.0
1.73594
0.0
0.0
0.0
2.17049
0.0
0.0
0.0
0.0
0.0
1.27391
1.46026
0.0
0.0
0.0
0.0
0.0
0.0
0.0
4.60111
0.0
0.0
0.0
0.0
0.0
0.0
0.0
0.0
0.0
0.0
0.0
0.0
0.0
0.0
0.581566
0.0
0.0
1.56039
0.0
0.0
0.0
0.0
0.0
0.0
0.0
0.0
0.0
0.0
0.0
0.0
0.0
0.0
0.0
3.22181
0.0
0.0
0.0
0.0
4.95035
0.0
0.0
0.0
0.0
0.0
0.0
0.0
0.0
0.0
0.0
0.0
0.0
3.01432
0.0
8.46577
0.0
0.0
0.0
0.0
0.0
0.0
0.0
0.0
0.0
0.0
0.0
0.0
0.0
0.0
0.0
0.0
0.0
0.000905633
0.0
0.0
0.0
0.0
0.0
0.0
0.978975
0.0
0.0
0.0
0.271165
0.0
0.0
0.0
0.0
1.62163
0.0
0.0
0.0
0.0
0.0
0.0
0.200881
0.0
0.709281
0.0
0.0
0.0
0.947647
0.0
0.0
4.15217
0.0
0.0
0.0
1.53149
0.0
0.0
0.0
0.0
0.0
0.136578
0.0
0.0
0.0
0.0
2.25097
0.0
0.0
0.0
0.0
0.0
2.7946
0.0
0.0
0.0
0.0
0.0
0.0
1.35546
0.0
0.0
0.0
0.0
0.0
3.80555
0.0
0.0
0.0
0.0
0.640678
0.0
0.0
0.0
0.624502
0.0
0.0
0.0
0.0
1.96601
0.0
0.0
0.0
0.0
0.0
0.0
0.0
0.0
0.0
0.0
0.0
0.0
0.0
0.0
0.904263
0.0
5.20404
0.0
0.0
0.0
0.0
0.0
0.0
0.0
0.0
0.0
0.0
0.0
0.0
0.0
0.0
0.0
0.0
0.0
0.0
0.0
0.0
0.0
0.0
0.0
0.0
0.0
0.0
0.0
0.0
0.783581
0.0
1.23487
0.0
0.0
0.0
0.0
0.0
0.0
0.0
0.0
0.0
0.0
0.0
0.950213
0.0
0.0
0.0
0.0
0.0
0.0
0.0
0.0
0.0
0.0
0.0
0.0
0.0
0.0
0.0
0.0
0.0
0.0
0.0
0.0
0.0
0.0
0.0
0.0
0.0
0.0
0.0
0.0
0.0
0.0
0.0
0.0
0.0
1.39381
0.0
1.9852
3.23061
0.0
6.69481
0.0
1.90466
0.0
0.0
0.0
0.0
1.35672
0.0
0.0
0.0
1.7199
1.26129
0.825464
0.0
0.0
0.0
0.635029
0.572752
1.14243
0.0
3.70938
0.0
6.69448
4.1413
0.0
0.0
0.0
0.0
0.0
2.22406
0.0
0.0
0.0
3.30941
0.44387
0.0
0.0
2.32439
1.56565
0.974345
0.0
0.0
0.0
0.0
0.0
5.89241
0.0
0.0
0.0
0.0
0.0
0.0
0.0
0.0
2.71094
0.0
1.8291
0.0
0.0
0.0
0.0
0.0
0.0
0.0
0.0
0.0
3.9831
0.0
0.0
0.0
0.0
0.620436
0.0
0.0
0.0
0.0
0.0
0.0
3.61069
0.0
0.0
0.23458
0.0
0.0
0.0
0.0
0.0
0.0
0.0
0.0
4.95594
0.0
0.0
0.0
0.0
5.67579
0.0
0.0
0.0
0.0
0.0
0.0
0.0
0.0
0.0
0.0
0.0
0.0
0.0
0.0
0.470696
0.0
0.0
0.0
0.0
0.0
2.19877
0.0
0.0
0.0
2.01231
0.0
0.0
0.0
0.0
0.674824
0.0
0.0
0.0
0.0
0.0
0.0
0.0
0.0
0.0
0.0
0.0
0.0
0.0
0.0
0.0
0.0
0.0
0.0
1.11965
0.0
0.0
0.0
0.0
0.0
0.0
2.37842
0.0
2.26446
0.0
0.0
0.0
0.0
6.29298
0.0
0.163019
0.0
0.0
1.0254
0.0
0.0
0.0
0.0
0.423687
0.0
0.0
0.0
0.0
2.58752
0.0
0.0
0.0
0.0
0.970743
0.0
0.0
0.0
0.0
0.0
0.0
0.0
0.0
0.0
0.0
3.80336
1.01221
0.00419694
0.0
0.0
0.0
0.0
0.0
0.0
1.35942
0.0
0.0
0.0
0.0
0.0
2.31165
0.0
0.0
0.0
0.0
0.0
0.0
0.0
0.0
0.0
0.0
0.0
0.0
0.0
2.41004
0.0
0.0
0.0
0.0
0.0
0.0
0.0
0.0
0.0
0.0
0.0
0.0
0.0
0.0
5.39746
0.0
0.0
0.0
0.0
0.730625
0.0
0.0
0.0
0.384144
0.527664
0.0
0.0
0.0
0.0
0.0
0.0
1.72209
0.0
0.0
0.0
0.0
0.0
0.0
0.0
0.0
0.702674
0.0
0.0
0.0
0.0
0.0
0.0
0.0
2.96401
0.0
0.0
0.0
0.0
0.0
0.0
0.0
0.0
0.0
0.0
0.0
0.0
0.0
0.0
0.0
0.0
0.0
1.87435
0.0
0.396691
0.0
0.0
0.0
0.0
3.33687
0.0
2.47329
0.0
0.0
0.0
0.0
3.04859
0.0
0.0
0.0
0.0
0.0
0.0
0.0
0.0
0.0
0.0
0.0
0.0
0.0
0.0
0.0
6.86917
0.0
0.0
0.0
0.0
0.30796
0.0
0.0
0.0
0.0
0.0
0.0
1.79194
0.0
0.0
0.0
0.145549
0.0
0.0
0.0
0.0
0.0
0.0
0.0
0.0
1.03886
0.0
1.26555
0.0
0.0
0.0
0.0
0.0
2.56778
0.0
0.699477
0.0
0.0
0.0
0.0
0.0
0.0
8.31805
0.0
0.0
0.0
0.0
0.0
4.6643
0.0
0.0
0.0
0.0
0.631353
0.0
0.0
0.0
0.0
1.41007
0.0
0.0
0.0
0.0
0.0
0.0
0.0
0.593501
3.52397
0.0
0.0
0.0
0.0
0.0
5.35859
0.0
0.0
0.0
0.0
0.0
0.0
0.0
0.0
0.0
0.000709027
0.0
0.0
0.0
0.0
0.570598
0.0
1.69899
2.17309
1.3736
0.0
0.0
0.0
0.0
0.0
0.0
0.0
0.0
6.00944
0.0
0.0
3.2915
3.73872
0.0
0.0
2.59185
0.0
0.0
0.0
0.45158
0.0
0.0
0.0
0.0
0.0
2.38965
0.0
0.0
0.27923
0.0
0.0
0.0
0.0
3.11766
0.221973
0.0
0.634658
0.0
0.0
0.0
0.0
0.0
0.231966
0.440412
0.40495
0.0
0.0
0.0
0.0
0.0
0.0
0.0
0.0
0.0
0.0
0.0
0.694414
0.0
0.0
0.0
0.0
0.0
0.0
0.0
0.0
1.28851
0.0
0.0
0.143893
0.0
0.0
0.0
0.0
0.0
0.229036
0.0
0.0
0.0
0.0
0.0
0.0
0.0
0.0
0.0
0.0
0.0
0.0
0.0
0.0
0.0
0.0
0.0
0.0
0.0
0.0
0.0
0.0
0.0
0.0
0.0
0.0
0.0
0.0
0.0
0.0
0.0
0.0
0.0
0.0
0.0
0.0
0.0
0.425615
0.0
0.0
0.0
0.0
0.0
0.0
0.0
0.0
0.0
2.8433
0.0
2.91236
1.7655
0.0
0.0
0.702842
0.0
0.0
0.0
0.0
0.0
0.0
0.0
0.0
0.0
0.0
0.0
0.0
0.0
0.0
0.0
0.0
4.05612
0.0
0.0
0.0
0.0
0.0
0.0
0.0
0.0
0.0
0.0
0.602795
0.0
0.0
0.0
0.0
3.08363
0.0
0.0
0.0
0.0
0.0
0.0
0.0
0.0
0.0
0.0
0.0
0.0
0.0
4.98632
0.0
0.0
0.0
0.0
0.0
0.0
0.0
0.0
0.0
0.0
0.0
0.0
0.0
0.389554
0.0
0.0
0.0
0.0
0.0
0.894696
0.0
0.0
0.0
0.463929
0.0
2.83964
0.0
0.0
0.0
0.0
1.26874
0.0
0.0
0.0
0.0
0.0
0.0
0.0
0.0
0.0
0.0
0.0
0.0
0.0
0.0
0.0
0.0
0.0
0.0
0.0
0.0
0.0
0.0
0.0
0.0
0.0
0.0
0.0
0.0
0.0
0.0
2.79575
0.0
0.0
0.0
0.0
0.0
0.0
0.0
0.0
0.0
0.0
0.0
2.44452
0.0
0.549951
0.0
1.07279
0.329205
0.0
0.0
0.0
0.0
0.0
0.0
0.0
0.0
3.15664
0.0
0.0
0.0
0.0
0.78969
0.0
0.0
1.29412
0.0
0.0
0.0
0.0
0.0
0.0
2.01559
0.0
7.68687
0.0
2.92446
0.0
9.34115
0.0
0.0
0.0
0.0
0.0
0.0
0.0
0.0
0.0
0.0
0.0
0.0
0.0
0.0
0.0
0.0
0.0
0.0
0.0
0.0
1.10675
0.60155
0.0
0.0
0.0
0.0
0.891292
3.25732
0.0
5.39785
5.72069
0.0
0.0
0.0
4.16996
0.0
0.0
0.0
2.91078
0.0
0.0
2.51726
0.0
0.0
0.0
0.0
0.0
0.0
0.0
0.168266
0.0
1.9066
0.786018
0.0
3.9107
1.40079
0.0
0.0
0.0
0.0
2.61276
0.0
0.0
0.0
0.0
0.0
0.0
0.0
0.0
2.46002
0.0
0.0
1.76349
0.0
0.0
0.0
0.0
0.0
0.0
0.0
0.0
0.0
0.0
0.0
2.3759
0.0
0.0
0.0
3.47243
0.0
0.0
0.0
0.0
0.0
0.0
0.0
0.0
0.0
0.0
0.0
0.0
0.103993
0.0
0.0
0.0
0.0
6.39317
6.59579
0.0
0.0
0.0621961
0.957464
0.0
0.0109
0.0
0.0
0.0
0.0
0.387326
0.0
2.04377
0.0
0.0
0.0
0.0
0.0
0.0
0.0
0.0
0.0
0.0
0.0
0.0
0.0
0.0
0.0
0.0
0.0
5.17378
0.0
0.0
0.0
0.0
0.0
0.0
3.98438
0.0
0.297123
0.0
0.674204
0.0
0.0
0.0
0.0
0.0
0.0
2.86975
0.0
0.0
0.0
0.0
0.0
2.81085
0.145454
0.0
0.0
0.0
0.0
0.701497
0.0
1.84799
0.0
0.0
0.0
0.0
0.0
0.0
0.0
0.0
0.0
0.0
0.0
3.69179
0.0
0.0
0.0
0.0
0.0
0.0
0.0
0.0
0.0
0.0
0.0
0.0
0.0
0.0
0.0
3.85503
0.0
0.0
0.0
0.0
0.0
0.0
1.82597
0.0
0.0
0.0
0.0
0.0
0.0
0.0
0.0
0.0
0.0
0.0
0.0
0.0
0.0
0.0
0.0
0.0
0.0
0.0
0.0
0.0
0.0
0.0
0.0
1.69517
0.0
0.0
0.0
0.0
0.566728
0.0
0.0
0.0
0.0
0.0
0.0
0.0
0.0
0.0
0.0
0.0
0.0
0.0
2.80044
0.937783
0.0
1.32358
0.0
0.0
0.0
0.0
0.918864
0.0
0.0
0.0
0.0
0.0
0.162337
0.0
1.99113
0.0
0.0
0.0
0.0
0.0
0.0
0.0
0.0
0.0
0.056718
0.0
0.0
2.17541
0.0
0.0
0.0
0.0
0.0
0.0
0.0554693
0.0
0.225125
0.0
0.0
0.0
0.0
0.0
0.0
0.0
1.39507
0.0
0.0
0.0
0.0
0.0
0.0
0.0
0.0
0.0
0.0
0.620009
0.0
0.0
2.10748
0.0
1.91759
0.0
0.0
0.0
0.0
0.0
0.0
0.0
0.0
0.0
0.0
0.0
0.0
0.0
0.0
5.47117
0.0
0.0
0.0
0.0
0.0
0.0
0.0902817
0.280258
0.206621
0.0345816
0.0
0.0
0.0
0.0
0.0
0.0
0.802472
0.0
0.0
0.0
0.0
0.0
0.0
0.0
0.0
0.0
0.0
0.0
0.0
0.0
0.0
0.0
0.0
0.0
0.0
0.0
0.0
0.0
0.0
0.0
0.0
0.0
0.0
0.0
0.0
0.0
0.0
0.617396
0.0
0.0
0.0
0.0
0.0
0.0
0.0
2.26145
0.0
0.0
0.0
1.67353
0.0
0.0
0.730835
0.0
0.0
0.0
0.0
0.0
0.0
0.0
0.0
1.12482
0.0
5.6692
2.46444
0.0
0.0
0.0
0.0
0.0
0.0
0.0
0.0
2.54104
3.12586
0.0
0.0
0.0
0.0
0.0
0.0
0.0
0.0
0.0
0.0
0.0
0.0
0.0
0.0
3.37186
0.0
0.0
0.0
0.0
0.0
0.0
0.0
0.0
0.0
0.0
7.304
0.0
0.0
0.0
0.0
0.0
0.0
0.0
0.0
0.0
0.0
0.0
0.0
0.0
0.0
0.0
0.0
0.0
1.26055
0.0
0.0
3.70541
1.4254
0.0
0.0
0.0
0.0
0.0
0.0
0.0
0.0
4.78392
0.0
0.0
0.0
0.0
0.0
0.0
0.0
0.0
0.298436
0.0
0.0
0.0
0.0
0.0
0.0
0.934867
0.0
0.0
0.0
0.0
0.0
2.58579
0.0
0.0
0.0
0.0
0.034986
1.80666
1.4576
0.0
0.0
0.0
0.0
0.0
0.0
0.0
0.0
2.62611
0.0
0.0
0.0
0.0
0.0
0.0
0.0
0.0
0.0
0.0
0.0
0.0
0.0
0.0
0.0
0.0
0.0
0.0
0.0
0.0
0.0
0.0
0.0
0.0
1.25654
0.0
0.0
1.13386
0.0
0.0
0.0
0.0
0.0
2.14539
0.10805
0.0
0.0
0.0
0.0
0.0
0.0
0.0
0.0
0.0
1.42286
0.0
0.0
0.0
1.10907
0.0
0.87423
0.0
0.0
0.272786
0.0
0.0
0.0
0.0
0.0
0.0
0.806981
0.974401
0.0
0.882489
0.0
0.0
0.0
0.0
0.0
1.00981
0.0
0.0
0.680045
0.0
0.0
0.0
0.768698
0.0
0.0
0.0
0.0
0.0
0.0
0.0
0.0
0.0
0.0
0.0
0.0
0.0
0.0
0.0
5.397
0.0
0.0
0.0
0.0
0.0
0.0
0.0
0.0
0.0
0.0
0.0
0.0
0.0
0.0
0.0
2.57823
0.0
0.0
0.0
0.0226703
0.0
0.0
0.0
0.475903
0.0
0.0
0.0
0.0
0.0
0.0
0.0
0.0
0.0
0.0
0.0
0.0
0.0
0.0
0.0
0.0
0.0
0.52461
3.73376
0.0
0.0
0.0
0.0
0.0
5.75695
2.0282
0.0
0.0
0.0
0.0
0.0
0.635885
0.0
0.0
0.0
0.0
0.0
0.0
1.84235
0.0
0.0
0.0
0.0
0.00313064
0.0
0.0
0.0
4.08669
2.82978
0.0
0.0
0.758691
0.0
0.0
0.0
0.0
0.329242
0.0
4.49404
0.0
0.0
0.0
0.142472
0.0
2.11383
0.0
0.0
0.215245
0.0
0.0
0.23602
0.0
0.0
0.0
0.0
0.0
0.0
0.257163
0.0
0.0
0.0
5.00383
0.0
0.0
0.0
0.0
0.0
0.0
0.0
0.0
0.0
0.0
1.53065
0.0
0.0
0.0
0.0
0.0
0.0
0.725035
0.0
5.87726
0.0
0.0
0.0
0.0
0.0
0.0
0.0
0.0
0.0
0.0
3.09711
0.0
0.0
0.0
0.0
0.0
0.0
0.0
0.0
0.0
0.0
0.0
0.0
0.0
0.0
1.81772
0.0
0.0
0.0
0.0
0.0
0.0
0.0
0.0
0.0
0.0
0.0
0.0
0.0
0.0
0.0
0.0
5.44206
0.0
0.0
0.0
0.0
6.28512
0.0
0.0
0.0
0.0
2.88593
0.0
0.0
0.0
1.09614
0.0
0.0
0.0
0.0
0.0
0.0
0.0
0.0
0.0
0.0
0.0
0.0
0.0
0.0
0.0
0.0
0.0
1.40655
0.0
0.0
3.7074
0.0
0.0
0.0
0.0
0.0
0.0
0.0
2.18855
0.0
0.0
0.0
0.0
0.0
0.0
0.0
0.0
1.25559
0.0
0.172158
0.0
1.48616
0.0
0.0
7.78241
0.0
0.0
0.0
0.0
0.0
0.000787914
0.0
0.0
0.0
0.0
0.0
0.0
0.0
0.0
0.0
0.0
0.0
0.0
0.0
0.0
0.0
0.0
0.0
4.41945
0.0
0.0
0.0
0.0
0.0
0.0
0.0
0.0
0.985013
0.143392
0.0
0.0
0.0
0.0
0.0
0.0
0.0
0.0
0.0
0.0
0.0
0.0
5.79289
0.0
0.0
0.0
0.0
5.05471
0.0
0.0
0.0
0.878859
0.0
0.0
0.0
0.0
0.0
0.0
0.0
3.21966
0.0
0.0
1.42288
0.0
0.0
0.784437
0.0
0.0
0.0
0.0
0.0
0.0
1.83747
0.0
0.0
0.0
0.0
0.0
0.0
0.0
0.0
0.0
0.0
0.0
8.2387
0.0
0.0
0.0
0.0
0.0
0.0
0.0
0.0
0.0
7.1096
0.0
0.0
0.0
0.0
0.707188
0.0
0.0
0.0
5.31159
0.0
0.0
5.83445
0.0
0.0
0.0
0.958826
0.0
0.0
0.0
0.0
0.0
0.0
0.0
0.0
1.62039
0.0
0.0
3.573
0.0
0.0
0.0
0.0
3.47313
4.87043
0.0
0.0
0.0
0.0
0.0
0.0
0.0
0.0
0.0
0.0
0.0
0.0
0.0
0.0
0.0
0.0
0.0
0.0
0.0
0.0
0.0
0.0
0.0
0.332633
0.0
0.0
0.0
0.0
0.0
0.0
0.0
4.28302
4.96758
0.0
2.20632
0.0
0.0
0.0
0.787335
0.0
0.0
0.0
0.0
0.0
0.819201
0.0
0.0
0.0
1.30714
0.0
0.0
0.0
0.0
0.0
0.0
0.0
0.0
0.0
0.0
0.0
4.07229
5.20967
7.50405
0.0
0.0
0.0
0.0
0.0
0.0
0.0
0.457003
0.251958
0.0
0.160351
0.0
0.0
0.0
0.0
0.0
0.0
0.0
0.0
0.0
0.0
5.25346
0.0
0.0
0.0
0.0
0.0
0.0
0.0
0.0
0.0
2.13326
0.0
0.0
0.0
0.0
0.0569761
0.0
0.0
0.0
0.0
0.0
4.27596
0.0
0.0
0.0
0.0
0.738683
0.0
0.0
0.0
0.0
0.133076
3.7594
0.0
0.0
0.0
3.41989
0.0
0.189687
0.0
0.0
1.11201
0.0
0.0
0.0
0.0
0.0
0.0
0.0
2.02023
0.0
0.0
0.0
0.0
0.0
0.0
0.0403956
0.0
0.0
0.0
0.0
0.0
0.0
0.0
0.0
0.0
0.0
0.0
1.75782
0.0
0.0
0.0
0.0
0.0
0.0
0.0
0.0
1.42031
0.0
0.0
0.0
0.0
0.0
2.0505
0.0
0.0
0.0
0.0
0.0
0.0
0.0
0.0
0.0
0.234747
0.0
1.28842
0.31206
0.0
0.0
0.0
0.0
0.0
0.0
0.0
0.0
0.0
0.0
0.0
0.0
0.0
0.0
0.0
0.0
0.0
0.0
3.46673
0.0
0.0
0.0
0.0
0.0
0.0
0.0
1.49785
0.0
0.0
1.43023
0.0
0.0
0.0
0.0
0.0
0.0
0.0
0.0
0.0
0.0
0.0
0.0
0.0
0.0
0.0
0.0
0.0
0.0
0.0
0.0
0.0
3.92232
0.0
2.54521
0.0
6.18111
0.0
0.0
2.45105
0.0
0.0
0.0
0.0
0.0
0.0
0.0
4.17088
0.0
0.0
0.0
0.0
0.0
0.0
0.0
0.0
0.0
0.0
0.0
0.0
0.0
0.0
2.8038
0.0
0.0
0.0
0.0
0.0
0.887534
0.0
0.0
3.97098
0.549216
0.0
0.0
0.0
4.03975
0.0
1.13004
2.19104
0.0
0.180234
0.0
0.0
1.47472
0.0
0.0
0.0
0.551457
0.0
1.74875
0.0
0.0
2.15151
0.0
0.0
0.0
0.0
0.0
2.28193
0.0
0.0
0.0
0.0
6.94751
0.0
0.0
0.0
0.0
0.0
0.0
0.0
0.0
0.0
0.0
3.58649
0.0
2.52698
0.0
0.0
0.0
0.0
4.02396
0.0
6.00114
0.0
0.0
0.0
0.0
0.0
0.0
0.0
0.0
0.718538
0.0
0.0
0.0
0.0
0.0
2.69817
0.0
0.0
1.26648
7.51483
0.0
0.0
0.0
0.0
0.0
0.0
0.0
0.0
0.0
0.0
0.0
0.0
1.85782
0.0
0.0
0.0
0.0
0.0
0.0
0.0
0.0
0.0
0.0
1.20968
0.436476
0.0
0.0
0.0
0.0597528
0.0
0.0
0.0
0.107266
0.0
0.0
0.0
1.71036
0.0
0.0
0.0
0.0
0.0
0.0
0.0
0.0
0.0
0.0
0.735039
0.0
0.0
0.0
0.0
0.0
0.0
0.0
0.0631119
1.35688
0.0
0.0
0.0
3.22417
0.0
0.0
0.0
0.0
0.0
3.94317
0.0
0.0
0.0
1.13268
0.0
0.0
1.50461
0.0
0.0
0.0
0.0
0.0
0.0
0.0
0.0
0.0
0.0
0.0
0.0
0.0
0.0
0.0
0.0
0.218665
1.1015
0.0
0.0
0.0
0.0
0.805663
0.0
2.12187
0.0
0.0
0.0
0.0
0.0
0.0
0.0
0.0
0.0
0.0
0.0
0.0
0.0
0.0
0.0
0.0
0.0
0.0
0.0
0.0
0.0
