0.0
5.94351
20.247
0.0
6.16142
2.09275
0.0
0.0
0.0
0.0
0.0
27.9812
0.0
24.1203
0.0
0.0
0.0
9.17317
0.0
0.0
0.0
16.055
0.0
0.0
32.0818
1.67576
0.0
0.0
0.0
40.4141
0.0
9.82394
0.0
0.0
0.0
0.0
2.0249
0.0
10.415
0.0
0.0
0.0
0.0
0.0
46.2551
0.0
0.0
0.0
0.0
3.1624
0.0
33.1838
3.05101
0.0
0.0
0.0
0.0
38.7556
25.2063
4.49805
0.0
0.0
0.0
0.0
7.14035
0.0
0.0
0.0
0.0
0.0
0.0
50.7864
9.90339
0.0
0.0
9.80857
0.0
0.0
0.0
0.0
22.1622
0.0
10.8736
0.0
0.0
18.7674
0.0
19.2348
28.5923
22.4792
0.0
0.0
5.3959
0.0
0.0
2.50763
0.0
0.0
0.0
16.9924
0.0
0.0
0.0
0.0
0.0
0.0
0.0
0.0
0.0
1.14887
0.0
7.55656
0.0
0.0
0.0
0.0
5.23858
0.0
0.0
9.05824
0.0
0.0
0.0
0.0
0.0
0.0
5.01638
0.0
0.0
14.0898
0.0
33.9755
7.1358
0.0
0.0
9.86902
2.4566
6.66034
0.0
0.0
0.0
0.0
3.39321
0.0
1.3061
0.0
0.680905
0.0
0.0
0.0
0.0
0.0
18.1656
0.0
0.0
0.0
11.7227
0.0
0.0
6.89494
6.71604
0.0
0.0
0.0
0.0
0.0
0.0
37.3669
1.34884
0.0
0.0
0.0
0.0
0.0
0.0
0.0
0.0
0.0
4.83182
0.0
0.0
0.0
0.0
1.663
0.0
0.0
0.0
0.0
0.0
0.0
26.6336
0.0
0.0
0.0
0.0
5.25699
0.0
0.0
0.0
4.59149
1.66144
0.0
0.0
0.0
0.0
0.0
0.752314
0.0
0.0
0.0
0.0
0.214506
0.0
0.0
14.944
0.0
6.67448
0.0
0.0
0.0
0.765996
0.0
0.0
0.0
0.0
0.0
0.0
16.9652
0.0
2.69686
0.0
0.0
0.0
0.0
7.24407
13.1894
0.0
0.0
0.0
0.0
0.0
0.0
0.0
3.59233
0.0
0.0
0.0
8.68786
4.31373
0.0
0.0
0.166387
0.0
0.0
0.0
0.0
0.0
0.0
0.0
36.7966
1.84654
0.0
0.0
0.0
1.96309
0.0
0.0
53.5484
0.0
9.84131
0.0
0.0
9.09563
0.0
0.0
0.0
0.0
0.0
0.0
0.0
9.2927
0.0
0.0
0.0
0.0
20.437
0.0
0.0
0.0
0.0
0.0
0.0
0.0
0.0
0.0
0.0
3.82214
0.0
0.0
0.0
16.6317
0.0
0.98341
0.0
0.0
17.1264
0.0
0.0289108
0.0
0.0
0.0
0.0
0.0
30.4895
0.0
0.0
0.0
0.0
0.0
0.0
4.53517
0.0
0.0
0.0
0.0
21.197
0.0
40.737
0.0
0.0
0.0
9.80857
0.0
0.0
0.0
0.0
0.0
8.38818
0.0
0.0
0.0
9.62717
0.0
0.0
0.0
18.8175
0.0
0.0
0.0
0.0
0.0
0.0
0.0
0.0
0.0
5.18777
0.0
0.0
0.0
0.0
1.93837
0.0
31.8772
0.0
0.0
0.0
17.6896
0.0
0.0
0.0
0.0
0.0
0.0
0.0
0.0
16.6378
0.0
0.0
0.0
8.734
20.181
34.2971
5.42309
10.1851
0.0
0.0
0.0
0.0
15.0247
0.0
14.7004
10.1604
0.0
0.0
0.0
0.0
0.0
0.0
0.0
0.0
8.81537
0.0
0.0
0.0
0.0
0.0
4.69799
0.0
4.7096
0.0
0.0
0.0
19.8592
0.0
0.0
0.0
5.2863
0.0
0.0
0.0
0.0
10.7856
0.0
1.9683
18.5143
0.0
5.17625
0.0
0.0
0.0
0.0
0.0
0.0
0.0
0.0
0.0
0.0
0.0
0.0
1.663
0.0
0.0
0.0
0.0
0.0
0.0
27.8213
44.3651
0.0
0.0
0.0
8.94993
0.0
0.0
0.0
25.3154
0.0
0.0
0.0
0.0
0.0
0.0
0.0
0.0
0.0
0.0
0.0
0.0
0.0
0.0
0.0
0.0
0.0
0.0
0.0
0.0
0.765996
0.0
9.458
0.0
0.0
0.0
0.0
25.8013
0.0
0.0
0.0
0.0
0.0
0.0
0.0
1.21293
1.63067
0.0
0.0
0.0
0.0
0.0
5.14626
29.5988
0.0
0.0
0.0
0.0
13.6282
0.0
0.0
0.0
12.7765
0.0
0.0
0.0
0.0
0.0
0.0
62.3206
0.0
0.0
0.0
0.0
1.96309
0.129822
0.0
50.665
0.0
0.0
0.0
0.0
49.8778
0.0
0.0
0.0
0.0
0.0
17.8449
1.34811
0.0
0.0
0.0
0.0
0.0
0.0
0.0
0.0
0.0
0.0
0.0
0.0
0.0
4.26825
0.0
0.0
3.82214
0.0
0.0
0.0
0.0
0.0
13.0563
0.0
0.0
12.835
0.0
0.0
1.85427
0.0
0.0
0.0
0.0
19.5129
0.0
0.0
0.0
0.0
0.0
0.0
0.0
0.0
0.0
0.0
0.0
38.5687
0.0
5.5484
0.0
0.0
0.0
0.0
0.0
0.0
0.0
0.0
0.0
41.6445
0.0
0.0
0.0
0.0
0.0
0.0
0.0
7.56516
0.0
0.0
0.0
0.0
0.0
0.0
0.0
0.0
0.0
1.39215
0.0
0.0
0.0
0.0
0.0
0.0
42.3221
0.0
0.0
0.0
16.8771
0.0
0.0
0.0
0.0
0.0
0.0
0.0
0.0
29.3485
0.0
0.0
0.0
6.61591
16.3168
34.2971
11.6412
36.8458
0.0
0.0
43.0889
2.99837
12.9707
0.0
14.7004
19.5112
0.0
5.23351
0.0
0.0
0.0
0.0
0.0
0.0
6.02841
0.0
0.0
0.0
0.0
0.0
7.79886
15.3224
0.0
0.0
0.0
0.0
0.581406
12.5801
0.0
14.6048
0.0
5.32921
0.0
0.0
0.0
10.7856
0.0
4.45019
54.5164
0.0
0.0
0.0
0.0
0.0
0.0
0.0
7.04461
0.0
0.0
0.0
0.0
0.0
0.0
0.0
0.0
0.0
0.0
0.0
1.81002
0.0
23.0845
69.4963
0.0
0.0
0.0
15.8836
0.0
0.0
0.0
12.8656
0.0
0.0
0.0
0.0
0.0
0.0
0.0
0.0
0.0
0.0
0.0
0.0
0.0
9.58408
0.0
3.18363
0.0
0.0
0.0
0.0
0.0
0.0
16.0836
0.0
0.0
0.0
0.0
10.2993
0.0
0.0
0.0
0.0
35.712
1.52664
7.62648
1.19763
0.0
0.0
0.0
0.0
0.0
37.7049
5.14626
29.5988
0.0
0.0
0.0
0.0
10.1657
0.0
0.0
0.0
14.3799
0.0
37.6666
0.0
0.0
0.0
0.0
59.5703
0.0
1.33952
0.0
0.0
0.0
0.906005
0.0
25.3305
0.0
4.91258
0.0
0.0
49.8778
0.0
6.04643
0.0
0.0
5.09029
17.8449
23.2612
3.72424
0.0
1.81592
0.0
0.0
14.218
0.0
0.0
0.0
0.0
0.0
0.0
0.0
16.4645
0.0
29.8471
0.0
0.0
0.0
0.0
12.3089
0.0
8.68167
0.0
0.0
0.0
0.0
5.64587
0.128495
0.0
0.0
0.0
0.0
8.31331
0.0
0.0
0.0
0.0
0.0
0.0
0.0
0.0
0.0
0.0
0.0
17.3867
0.0
22.8451
0.0
7.18497
0.0
6.33658
0.0
0.0
0.0
0.0
0.0
28.2737
0.0
0.0
0.0
5.78573
0.0
0.0
0.0
0.865175
0.0
0.0
0.0
0.0
0.0
0.0
0.0
0.0
0.0
1.85961
0.0
0.0
0.0
0.0
0.0
0.0
42.3221
0.0
0.0
0.0
3.41765
0.0
0.0
6.49542
0.0
0.0
0.0
0.0
0.0
33.3609
0.0
0.0
0.0
13.0102
0.0
27.8798
30.6498
36.8458
0.0
0.0
48.0011
2.99837
18.1156
0.0
0.0
18.9026
0.0
16.2105
0.0
0.0
0.0
0.0
1.02395
0.0
18.5347
0.0
0.0
0.0
0.0
0.0
4.47011
15.3224
0.0
0.0
0.0
0.0
0.0
21.0936
0.0
14.6048
0.0
10.5395
5.86855
0.0
0.0
0.0
0.0
10.2452
76.0955
0.0
0.0
0.0
0.0
0.0
0.0
5.63094
10.7191
0.0
0.0
0.0
0.0
0.0
9.01672
0.0
0.0
0.0
0.0
0.0
0.0
0.0
21.3817
69.4963
0.504473
0.0
0.0
5.65739
0.0
6.0557
0.0
8.98598
0.0
0.0
0.0
0.0
0.0
0.0
0.0
0.0
0.0
0.0
0.0
0.0
0.496254
9.58408
0.0
14.1074
0.0
0.0
0.0
0.0
5.0091
0.0
16.0836
0.0
0.0
10.1497
0.0
0.0
0.0
0.0
0.0
0.0
35.712
1.76411
7.62648
0.0
19.6122
0.0
2.77503
0.0
0.0
37.7049
0.0
3.32027
0.0
0.0
0.0
0.0
5.78958
0.0
0.0
4.23841
11.1337
0.0
52.2962
27.3097
0.0
0.0
0.0
6.94582
1.80607
0.0433418
21.2123
0.0
0.0
0.0
0.0
5.13107
0.0
4.91258
0.0
0.0
3.25589
0.0
6.04643
0.0
0.0
2.74801
0.0
23.2612
3.72424
0.0
3.93634
0.0
0.0
45.3908
0.0
0.353359
0.0
0.0
0.0
0.0
0.0
16.1667
0.0
29.8471
0.0
0.0
6.10168
0.0
12.3089
0.0
0.0
0.0
0.0
0.0
0.0
42.5968
0.0
0.0
0.0
0.0
0.0
8.31331
0.0
0.0
0.0
0.0
0.0
0.0
7.03415
0.0
4.70499
0.0
0.0
0.0
0.0
22.8451
11.9185
6.73132
0.0
23.9248
0.0
0.0
0.0
0.0
0.0
0.0
0.0
0.0
0.0
14.4421
0.0
0.0
0.0
23.1972
0.0
0.0
0.0
0.0
0.0
0.0
0.0
0.0
0.0
12.7676
0.0
0.0
1.5905
0.0
0.0
0.0
11.0341
0.0
0.0
0.0
0.0
0.0
0.0
6.49542
0.0
0.0
0.0
0.0
0.0
33.3609
0.0
0.0
0.0
0.0
0.0
5.37924
45.9034
0.399216
0.0
17.0652
22.3323
0.0
18.1156
0.0
0.0
0.0
0.0
14.5496
0.0
0.0
0.0
0.0
6.56393
0.0
12.7867
0.0
0.0
0.0
0.0
0.0
0.0
0.0
0.0
0.0
0.0
0.0
0.0
10.9922
0.0
0.0
0.0
6.61876
8.31264
0.0
0.0
0.0
0.0
7.01462
76.0955
9.24493
0.0
0.0
0.0
0.0
0.0
0.0
7.67986
0.0
0.0
0.0
0.0
0.0
9.01672
0.0
0.0
0.0
0.0
0.0
0.0
0.0
29.6146
6.18547
0.0
0.0
0.0
0.0
0.0
6.0557
0.0
13.0443
0.0
0.0
0.0
0.0
0.0
0.0
0.0
0.0
0.0
0.0
0.0
0.0
0.0
0.0
0.0
13.5024
0.0
0.0
0.0
0.0
16.8169
0.0
6.35923
0.0
0.0
29.7268
0.0
0.0
0.0
0.0
0.0
0.0
3.68973
1.76411
0.0
0.0
19.6122
0.0
2.34577
0.0
0.0
15.7551
0.0
0.0
0.0
0.0
0.0
0.0
5.78958
0.0
0.0
4.23841
4.46424
0.0
51.1306
33.5232
0.0
0.0
0.0
0.0
5.4916
24.8844
2.47897
0.0
3.57371
0.0
0.0
0.0
0.0
0.0
0.0
0.0
0.0
0.0
5.63429
0.0
0.0
18.8734
0.0
0.0
11.4735
0.0
0.0
0.0
0.0
56.1781
0.0
0.353359
0.0
13.1383
0.0
0.0
0.0
0.0
0.0
0.0
3.38559
0.0
0.0
0.0
0.0
0.0
5.40125
0.0
0.0
17.6937
0.0
56.4443
0.0
0.0
0.0
0.0
0.0
1.27811
2.93107
8.34048
0.0
0.0
0.0
0.0
0.0
0.0
0.0
0.0
0.0
0.0
0.0
15.9882
11.9185
0.0
1.72011
0.0
0.0
0.0
0.0
0.0
12.3199
0.0
0.0
1.7829
0.0
10.8821
0.0
0.144726
11.1867
24.6874
0.0
0.0
0.0
0.0
0.0
0.0
0.0
0.0
0.0
22.0083
0.0
0.0
0.0
0.0
0.0
0.0
0.0
0.0
0.0
0.0
0.0
0.0
0.0
0.0
0.0
0.0
0.0
0.0
0.0
0.0
0.0
0.0
0.0
0.0
5.9593
7.93167
27.1478
0.0995785
0.0
17.0652
0.0
14.9446
0.0
0.0
14.7412
0.0
0.0
0.0
0.0477132
0.0
0.0
0.0
2.19668
0.0
0.0
0.0
0.0
0.0
0.0
0.0
0.017662
0.0
8.10797
0.0
0.0
0.0
0.0
0.0
0.0
0.0
0.0
0.0
8.31264
0.0
0.0
0.0
0.0
32.2506
0.0
2.82129
0.0
0.0
0.0
0.0
0.0
0.0
0.0
0.0
0.0
0.0
0.0
0.0
0.0
3.90983
0.0
0.0
0.0
12.6569
0.0
0.0
56.2848
0.0
0.0
0.0
0.0
15.0956
0.0
0.0
0.0
0.0
0.0
0.0
0.0
0.0
0.0
0.0
7.61709
7.36682
0.0
0.0
0.0
0.0
0.0
0.0
0.0
0.0
0.0
0.0
0.0
0.0
0.0
0.0
0.0
0.0
0.0
7.7282
0.0
8.14475
0.0
3.51824
0.0
0.0
0.0
0.0
0.0
0.0
0.0
0.0
0.0
0.0
0.0
0.0
0.0
13.8549
0.0
5.76671
0.0
16.8934
14.2602
0.0
0.0
0.0
0.0
0.0
0.0
4.40371
0.0
5.94351
20.247
0.0
6.16142
2.09275
0.0
0.0
0.0
0.0
0.0
27.9812
0.0
24.1203
0.0
0.0
0.0
9.17317
0.0
0.0
0.0
16.055
0.0
0.0
32.0818
1.67576
0.0
0.0
0.0
40.4141
0.0
9.82394
0.0
0.0
0.0
0.0
2.0249
0.0
10.415
0.0
0.0
0.0
0.0
0.0
46.2551
0.0
0.0
0.0
0.0
3.1624
0.0
33.1838
3.05101
0.0
0.0
0.0
0.0
38.7556
25.2063
4.49805
0.0
0.0
0.0
0.0
7.14035
0.0
0.0
0.0
0.0
0.0
0.0
50.7864
9.90339
0.0
0.0
9.80857
0.0
0.0
0.0
0.0
22.1622
0.0
10.8736
0.0
0.0
18.7674
0.0
19.2348
28.5923
22.4792
0.0
0.0
5.3959
0.0
0.0
2.50763
0.0
0.0
0.0
16.9924
0.0
0.0
0.0
0.0
0.0
0.0
0.0
0.0
0.0
1.14887
0.0
7.55656
0.0
0.0
0.0
0.0
5.23858
0.0
0.0
9.05824
0.0
0.0
0.0
0.0
0.0
0.0
5.01638
0.0
0.0
14.0898
0.0
33.9755
7.1358
0.0
0.0
9.86902
2.4566
6.66034
0.0
0.0
0.0
0.0
3.39321
0.0
1.3061
0.0
0.680905
0.0
0.0
0.0
0.0
0.0
18.1656
0.0
0.0
0.0
11.7227
0.0
0.0
6.89494
6.71604
0.0
0.0
0.0
0.0
0.0
0.0
37.3669
1.34884
0.0
0.0
0.0
0.0
0.0
0.0
0.0
0.0
0.0
4.83182
0.0
0.0
0.0
0.0
1.663
0.0
0.0
0.0
0.0
0.0
0.0
26.6336
0.0
0.0
0.0
0.0
5.25699
0.0
0.0
0.0
4.59149
1.66144
0.0
0.0
0.0
0.0
0.0
0.752314
0.0
0.0
0.0
0.0
0.214506
0.0
0.0
14.944
0.0
6.67448
0.0
0.0
0.0
0.765996
0.0
0.0
0.0
0.0
0.0
0.0
16.9652
0.0
2.69686
0.0
0.0
0.0
0.0
7.24407
13.1894
0.0
0.0
0.0
0.0
0.0
0.0
0.0
3.59233
0.0
0.0
0.0
8.68786
4.31373
0.0
0.0
0.166387
0.0
0.0
0.0
0.0
0.0
0.0
0.0
36.7966
1.84654
0.0
0.0
0.0
1.96309
0.0
0.0
53.5484
0.0
9.84131
0.0
0.0
9.09563
0.0
0.0
0.0
0.0
0.0
0.0
0.0
9.2927
0.0
0.0
0.0
0.0
20.437
0.0
0.0
0.0
0.0
0.0
0.0
0.0
0.0
0.0
0.0
3.82214
0.0
0.0
0.0
16.6317
0.0
0.98341
0.0
0.0
17.1264
0.0
0.0289108
0.0
0.0
0.0
0.0
0.0
30.4895
0.0
0.0
0.0
0.0
0.0
0.0
4.53517
0.0
0.0
0.0
0.0
21.197
0.0
40.737
0.0
0.0
0.0
9.80857
0.0
0.0
0.0
0.0
0.0
8.38818
0.0
0.0
0.0
9.62717
0.0
0.0
0.0
18.8175
0.0
0.0
0.0
0.0
0.0
0.0
0.0
0.0
0.0
5.18777
0.0
0.0
0.0
0.0
1.93837
0.0
31.8772
0.0
0.0
0.0
17.6896
0.0
0.0
0.0
0.0
0.0
0.0
0.0
0.0
16.6378
0.0
0.0
0.0
8.734
20.181
34.2971
5.42309
10.1851
0.0
0.0
0.0
0.0
15.0247
0.0
14.7004
10.1604
0.0
0.0
0.0
0.0
0.0
0.0
0.0
0.0
8.81537
0.0
0.0
0.0
0.0
0.0
4.69799
0.0
4.7096
0.0
0.0
0.0
19.8592
0.0
0.0
0.0
5.2863
0.0
0.0
0.0
0.0
10.7856
0.0
1.9683
18.5143
0.0
5.17625
0.0
0.0
0.0
0.0
0.0
0.0
0.0
0.0
0.0
0.0
0.0
0.0
1.663
0.0
0.0
0.0
0.0
0.0
0.0
27.8213
44.3651
0.0
0.0
0.0
8.94993
0.0
0.0
0.0
25.3154
0.0
0.0
0.0
0.0
0.0
0.0
0.0
0.0
0.0
0.0
0.0
0.0
0.0
0.0
0.0
0.0
0.0
0.0
0.0
0.0
0.765996
0.0
9.458
0.0
0.0
0.0
0.0
25.8013
0.0
0.0
0.0
0.0
0.0
0.0
0.0
1.21293
1.63067
0.0
0.0
0.0
0.0
0.0
5.14626
29.5988
0.0
0.0
0.0
0.0
13.6282
0.0
0.0
0.0
12.7765
0.0
0.0
0.0
0.0
0.0
0.0
62.3206
0.0
0.0
0.0
0.0
1.96309
0.129822
0.0
50.665
0.0
0.0
0.0
0.0
49.8778
0.0
0.0
0.0
0.0
0.0
17.8449
1.34811
0.0
0.0
0.0
0.0
0.0
0.0
0.0
0.0
0.0
0.0
0.0
0.0
0.0
4.26825
0.0
0.0
3.82214
0.0
0.0
0.0
0.0
0.0
13.0563
0.0
0.0
12.835
0.0
0.0
1.85427
0.0
0.0
0.0
0.0
19.5129
0.0
0.0
0.0
0.0
0.0
0.0
0.0
0.0
0.0
0.0
0.0
38.5687
0.0
5.5484
0.0
0.0
0.0
0.0
0.0
0.0
0.0
0.0
0.0
41.6445
0.0
0.0
0.0
0.0
0.0
0.0
0.0
7.56516
0.0
0.0
0.0
0.0
0.0
0.0
0.0
0.0
0.0
1.39215
0.0
0.0
0.0
0.0
0.0
0.0
42.3221
0.0
0.0
0.0
16.8771
0.0
0.0
0.0
0.0
0.0
0.0
0.0
0.0
29.3485
0.0
0.0
0.0
6.61591
16.3168
34.2971
11.6412
36.8458
0.0
0.0
43.0889
2.99837
12.9707
0.0
14.7004
19.5112
0.0
5.23351
0.0
0.0
0.0
0.0
0.0
0.0
6.02841
0.0
0.0
0.0
0.0
0.0
7.79886
15.3224
0.0
0.0
0.0
0.0
0.581406
12.5801
0.0
14.6048
0.0
5.32921
0.0
0.0
0.0
10.7856
0.0
4.45019
54.5164
0.0
0.0
0.0
0.0
0.0
0.0
0.0
7.04461
0.0
0.0
0.0
0.0
0.0
0.0
0.0
0.0
0.0
0.0
0.0
1.81002
0.0
23.0845
69.4963
0.0
0.0
0.0
15.8836
0.0
0.0
0.0
12.8656
0.0
0.0
0.0
0.0
0.0
0.0
0.0
0.0
0.0
0.0
0.0
0.0
0.0
9.58408
0.0
3.18363
0.0
0.0
0.0
0.0
0.0
0.0
16.0836
0.0
0.0
0.0
0.0
10.2993
0.0
0.0
0.0
0.0
35.712
1.52664
7.62648
1.19763
0.0
0.0
0.0
0.0
0.0
37.7049
5.14626
29.5988
0.0
0.0
0.0
0.0
10.1657
0.0
0.0
0.0
14.3799
0.0
37.6666
0.0
0.0
0.0
0.0
59.5703
0.0
1.33952
0.0
0.0
0.0
0.906005
0.0
25.3305
0.0
4.91258
0.0
0.0
49.8778
0.0
6.04643
0.0
0.0
5.09029
17.8449
23.2612
3.72424
0.0
1.81592
0.0
0.0
14.218
0.0
0.0
0.0
0.0
0.0
0.0
0.0
16.4645
0.0
29.8471
0.0
0.0
0.0
0.0
12.3089
0.0
8.68167
0.0
0.0
0.0
0.0
5.64587
0.128495
0.0
0.0
0.0
0.0
8.31331
0.0
0.0
0.0
0.0
0.0
0.0
0.0
0.0
0.0
0.0
0.0
17.3867
0.0
22.8451
0.0
7.18497
0.0
6.33658
0.0
0.0
0.0
0.0
0.0
28.2737
0.0
0.0
0.0
5.78573
0.0
0.0
0.0
0.865175
0.0
0.0
0.0
0.0
0.0
0.0
0.0
0.0
0.0
1.85961
0.0
0.0
0.0
0.0
0.0
0.0
42.3221
0.0
0.0
0.0
3.41765
0.0
0.0
6.49542
0.0
0.0
0.0
0.0
0.0
33.3609
0.0
0.0
0.0
13.0102
0.0
27.8798
30.6498
36.8458
0.0
0.0
48.0011
2.99837
18.1156
0.0
0.0
18.9026
0.0
16.2105
0.0
0.0
0.0
0.0
1.02395
0.0
18.5347
0.0
0.0
0.0
0.0
0.0
4.47011
15.3224
0.0
0.0
0.0
0.0
0.0
21.0936
0.0
14.6048
0.0
10.5395
5.86855
0.0
0.0
0.0
0.0
10.2452
76.0955
0.0
0.0
0.0
0.0
0.0
0.0
5.63094
10.7191
0.0
0.0
0.0
0.0
0.0
9.01672
0.0
0.0
0.0
0.0
0.0
0.0
0.0
21.3817
69.4963
0.504473
0.0
0.0
5.65739
0.0
6.0557
0.0
8.98598
0.0
0.0
0.0
0.0
0.0
0.0
0.0
0.0
0.0
0.0
0.0
0.0
0.496254
9.58408
0.0
14.1074
0.0
0.0
0.0
0.0
5.0091
0.0
16.0836
0.0
0.0
10.1497
0.0
0.0
0.0
0.0
0.0
0.0
35.712
1.76411
7.62648
0.0
19.6122
0.0
2.77503
0.0
0.0
37.7049
0.0
3.32027
0.0
0.0
0.0
0.0
5.78958
0.0
0.0
4.23841
11.1337
0.0
52.2962
27.3097
0.0
0.0
0.0
6.94582
1.80607
0.0433418
21.2123
0.0
0.0
0.0
0.0
5.13107
0.0
4.91258
0.0
0.0
3.25589
0.0
6.04643
0.0
0.0
2.74801
0.0
23.2612
3.72424
0.0
3.93634
0.0
0.0
45.3908
0.0
0.353359
0.0
0.0
0.0
0.0
0.0
16.1667
0.0
29.8471
0.0
0.0
6.10168
0.0
12.3089
0.0
0.0
0.0
0.0
0.0
0.0
42.5968
0.0
0.0
0.0
0.0
0.0
8.31331
0.0
0.0
0.0
0.0
0.0
0.0
7.03415
0.0
4.70499
0.0
0.0
0.0
0.0
22.8451
11.9185
6.73132
0.0
23.9248
0.0
0.0
0.0
0.0
0.0
0.0
0.0
0.0
0.0
14.4421
0.0
0.0
0.0
23.1972
0.0
0.0
0.0
0.0
0.0
0.0
0.0
0.0
0.0
12.7676
0.0
0.0
1.5905
0.0
0.0
0.0
11.0341
0.0
0.0
0.0
0.0
0.0
0.0
6.49542
0.0
0.0
0.0
0.0
0.0
33.3609
0.0
0.0
0.0
0.0
0.0
5.37924
45.9034
0.399216
0.0
17.0652
22.3323
0.0
18.1156
0.0
0.0
0.0
0.0
14.5496
0.0
0.0
0.0
0.0
6.56393
0.0
12.7867
0.0
0.0
0.0
0.0
0.0
0.0
0.0
0.0
0.0
0.0
0.0
0.0
10.9922
0.0
0.0
0.0
6.61876
8.31264
0.0
0.0
0.0
0.0
7.01462
76.0955
9.24493
0.0
0.0
0.0
0.0
0.0
0.0
7.67986
0.0
0.0
0.0
0.0
0.0
9.01672
0.0
0.0
0.0
0.0
0.0
0.0
0.0
29.6146
6.18547
0.0
0.0
0.0
0.0
0.0
6.0557
0.0
13.0443
0.0
0.0
0.0
0.0
0.0
0.0
0.0
0.0
0.0
0.0
0.0
0.0
0.0
0.0
0.0
13.5024
0.0
0.0
0.0
0.0
16.8169
0.0
6.35923
0.0
0.0
29.7268
0.0
0.0
0.0
0.0
0.0
0.0
3.68973
1.76411
0.0
0.0
19.6122
0.0
2.34577
0.0
0.0
15.7551
0.0
0.0
0.0
0.0
0.0
0.0
5.78958
0.0
0.0
4.23841
4.46424
0.0
51.1306
33.5232
0.0
0.0
0.0
0.0
5.4916
24.8844
2.47897
0.0
3.57371
0.0
0.0
0.0
0.0
0.0
0.0
0.0
0.0
0.0
5.63429
0.0
0.0
18.8734
0.0
0.0
11.4735
0.0
0.0
0.0
0.0
56.1781
0.0
0.353359
0.0
13.1383
0.0
0.0
0.0
0.0
0.0
0.0
3.38559
0.0
0.0
0.0
0.0
0.0
5.40125
0.0
0.0
17.6937
0.0
56.4443
0.0
0.0
0.0
0.0
0.0
1.27811
2.93107
8.34048
0.0
0.0
0.0
0.0
0.0
0.0
0.0
0.0
0.0
0.0
0.0
15.9882
11.9185
0.0
1.72011
0.0
0.0
0.0
0.0
0.0
12.3199
0.0
0.0
1.7829
0.0
10.8821
0.0
0.144726
11.1867
24.6874
0.0
0.0
0.0
0.0
0.0
0.0
0.0
0.0
0.0
22.0083
0.0
0.0
0.0
0.0
0.0
0.0
0.0
0.0
0.0
0.0
0.0
0.0
0.0
0.0
0.0
0.0
0.0
0.0
0.0
0.0
0.0
0.0
0.0
0.0
5.9593
7.93167
27.1478
0.0995785
0.0
17.0652
0.0
14.9446
0.0
0.0
14.7412
0.0
0.0
0.0
0.0477132
0.0
0.0
0.0
2.19668
0.0
0.0
0.0
0.0
0.0
0.0
0.0
0.017662
0.0
8.10797
0.0
0.0
0.0
0.0
0.0
0.0
0.0
0.0
0.0
8.31264
0.0
0.0
0.0
0.0
32.2506
0.0
2.82129
0.0
0.0
0.0
0.0
0.0
0.0
0.0
0.0
0.0
0.0
0.0
0.0
0.0
3.90983
0.0
0.0
0.0
12.6569
0.0
0.0
56.2848
0.0
0.0
0.0
0.0
15.0956
0.0
0.0
0.0
0.0
0.0
0.0
0.0
0.0
0.0
0.0
7.61709
7.36682
0.0
0.0
0.0
0.0
0.0
0.0
0.0
0.0
0.0
0.0
0.0
0.0
0.0
0.0
0.0
0.0
0.0
7.7282
0.0
8.14475
0.0
3.51824
0.0
0.0
0.0
0.0
0.0
0.0
0.0
0.0
0.0
0.0
0.0
0.0
0.0
13.8549
0.0
5.76671
0.0
16.8934
14.2602
0.0
0.0
0.0
0.0
0.0
0.0
4.40371
0.0
5.94351
20.247
0.0
6.16142
2.09275
0.0
0.0
0.0
0.0
0.0
27.9812
0.0
24.1203
0.0
0.0
0.0
9.17317
0.0
0.0
0.0
16.055
0.0
0.0
32.0818
1.67576
0.0
0.0
0.0
40.4141
0.0
9.82394
0.0
0.0
0.0
0.0
2.0249
0.0
10.415
0.0
0.0
0.0
0.0
0.0
46.2551
0.0
0.0
0.0
0.0
3.1624
0.0
33.1838
3.05101
0.0
0.0
0.0
0.0
38.7556
25.2063
4.49805
0.0
0.0
0.0
0.0
7.14035
0.0
0.0
0.0
0.0
0.0
0.0
50.7864
9.90339
0.0
0.0
9.80857
0.0
0.0
0.0
0.0
22.1622
0.0
10.8736
0.0
0.0
18.7674
0.0
19.2348
28.5923
22.4792
0.0
0.0
5.3959
0.0
0.0
2.50763
0.0
0.0
0.0
16.9924
0.0
0.0
0.0
0.0
0.0
0.0
0.0
0.0
0.0
1.14887
0.0
7.55656
0.0
0.0
0.0
0.0
5.23858
0.0
0.0
9.05824
0.0
0.0
0.0
0.0
0.0
0.0
5.01638
0.0
0.0
14.0898
0.0
33.9755
7.1358
0.0
0.0
9.86902
2.4566
6.66034
0.0
0.0
0.0
0.0
3.39321
0.0
1.3061
0.0
0.680905
0.0
0.0
0.0
0.0
0.0
18.1656
0.0
0.0
0.0
11.7227
0.0
0.0
6.89494
6.71604
0.0
0.0
0.0
0.0
0.0
0.0
37.3669
1.34884
0.0
0.0
0.0
0.0
0.0
0.0
0.0
0.0
0.0
4.83182
0.0
0.0
0.0
0.0
1.663
0.0
0.0
0.0
0.0
0.0
0.0
26.6336
0.0
0.0
0.0
0.0
5.25699
0.0
0.0
0.0
4.59149
1.66144
0.0
0.0
0.0
0.0
0.0
0.752314
0.0
0.0
0.0
0.0
0.214506
0.0
0.0
14.944
0.0
6.67448
0.0
0.0
0.0
0.765996
0.0
0.0
0.0
0.0
0.0
0.0
16.9652
0.0
2.69686
0.0
0.0
0.0
0.0
7.24407
13.1894
0.0
0.0
0.0
0.0
0.0
0.0
0.0
3.59233
0.0
0.0
0.0
8.68786
4.31373
0.0
0.0
0.166387
0.0
0.0
0.0
0.0
0.0
0.0
0.0
36.7966
1.84654
0.0
0.0
0.0
1.96309
0.0
0.0
53.5484
0.0
9.84131
0.0
0.0
9.09563
0.0
0.0
0.0
0.0
0.0
0.0
0.0
9.2927
0.0
0.0
0.0
0.0
20.437
0.0
0.0
0.0
0.0
0.0
0.0
0.0
0.0
0.0
0.0
3.82214
0.0
0.0
0.0
16.6317
0.0
0.98341
0.0
0.0
17.1264
0.0
0.0289108
0.0
0.0
0.0
0.0
0.0
30.4895
0.0
0.0
0.0
0.0
0.0
0.0
4.53517
0.0
0.0
0.0
0.0
21.197
0.0
40.737
0.0
0.0
0.0
9.80857
0.0
0.0
0.0
0.0
0.0
8.38818
0.0
0.0
0.0
9.62717
0.0
0.0
0.0
18.8175
0.0
0.0
0.0
0.0
0.0
0.0
0.0
0.0
0.0
5.18777
0.0
0.0
0.0
0.0
1.93837
0.0
31.8772
0.0
0.0
0.0
17.6896
0.0
0.0
0.0
0.0
0.0
0.0
0.0
0.0
16.6378
0.0
0.0
0.0
8.734
20.181
34.2971
5.42309
10.1851
0.0
0.0
0.0
0.0
15.0247
0.0
14.7004
10.1604
0.0
0.0
0.0
0.0
0.0
0.0
0.0
0.0
8.81537
0.0
0.0
0.0
0.0
0.0
4.69799
0.0
4.7096
0.0
0.0
0.0
19.8592
0.0
0.0
0.0
5.2863
0.0
0.0
0.0
0.0
10.7856
0.0
1.9683
18.5143
0.0
5.17625
0.0
0.0
0.0
0.0
0.0
0.0
0.0
0.0
0.0
0.0
0.0
0.0
1.663
0.0
0.0
0.0
0.0
0.0
0.0
27.8213
44.3651
0.0
0.0
0.0
8.94993
0.0
0.0
0.0
25.3154
0.0
0.0
0.0
0.0
0.0
0.0
0.0
0.0
0.0
0.0
0.0
0.0
0.0
0.0
0.0
0.0
0.0
0.0
0.0
0.0
0.765996
0.0
9.458
0.0
0.0
0.0
0.0
25.8013
0.0
0.0
0.0
0.0
0.0
0.0
0.0
1.21293
1.63067
0.0
0.0
0.0
0.0
0.0
5.14626
29.5988
0.0
0.0
0.0
0.0
13.6282
0.0
0.0
0.0
12.7765
0.0
0.0
0.0
0.0
0.0
0.0
62.3206
0.0
0.0
0.0
0.0
1.96309
0.129822
0.0
50.665
0.0
0.0
0.0
0.0
49.8778
0.0
0.0
0.0
0.0
0.0
17.8449
1.34811
0.0
0.0
0.0
0.0
0.0
0.0
0.0
0.0
0.0
0.0
0.0
0.0
0.0
4.26825
0.0
0.0
3.82214
0.0
0.0
0.0
0.0
0.0
13.0563
0.0
0.0
12.835
0.0
0.0
1.85427
0.0
0.0
0.0
0.0
19.5129
0.0
0.0
0.0
0.0
0.0
0.0
0.0
0.0
0.0
0.0
0.0
38.5687
0.0
5.5484
0.0
0.0
0.0
0.0
0.0
0.0
0.0
0.0
0.0
41.6445
0.0
0.0
0.0
0.0
0.0
0.0
0.0
7.56516
0.0
0.0
0.0
0.0
0.0
0.0
0.0
0.0
0.0
1.39215
0.0
0.0
0.0
0.0
0.0
0.0
42.3221
0.0
0.0
0.0
16.8771
0.0
0.0
0.0
0.0
0.0
0.0
0.0
0.0
29.3485
0.0
0.0
0.0
6.61591
16.3168
34.2971
11.6412
36.8458
0.0
0.0
43.0889
2.99837
12.9707
0.0
14.7004
19.5112
0.0
5.23351
0.0
0.0
0.0
0.0
0.0
0.0
6.02841
0.0
0.0
0.0
0.0
0.0
7.79886
15.3224
0.0
0.0
0.0
0.0
0.581406
12.5801
0.0
14.6048
0.0
5.32921
0.0
0.0
0.0
10.7856
0.0
4.45019
54.5164
0.0
0.0
0.0
0.0
0.0
0.0
0.0
7.04461
0.0
0.0
0.0
0.0
0.0
0.0
0.0
0.0
0.0
0.0
0.0
1.81002
0.0
23.0845
69.4963
0.0
0.0
0.0
15.8836
0.0
0.0
0.0
12.8656
0.0
0.0
0.0
0.0
0.0
0.0
0.0
0.0
0.0
0.0
0.0
0.0
0.0
9.58408
0.0
3.18363
0.0
0.0
0.0
0.0
0.0
0.0
16.0836
0.0
0.0
0.0
0.0
10.2993
0.0
0.0
0.0
0.0
35.712
1.52664
7.62648
1.19763
0.0
0.0
0.0
0.0
0.0
37.7049
5.14626
29.5988
0.0
0.0
0.0
0.0
10.1657
0.0
0.0
0.0
14.3799
0.0
37.6666
0.0
0.0
0.0
0.0
59.5703
0.0
1.33952
0.0
0.0
0.0
0.906005
0.0
25.3305
0.0
4.91258
0.0
0.0
49.8778
0.0
6.04643
0.0
0.0
5.09029
17.8449
23.2612
3.72424
0.0
1.81592
0.0
0.0
14.218
0.0
0.0
0.0
0.0
0.0
0.0
0.0
16.4645
0.0
29.8471
0.0
0.0
0.0
0.0
12.3089
0.0
8.68167
0.0
0.0
0.0
0.0
5.64587
0.128495
0.0
0.0
0.0
0.0
8.31331
0.0
0.0
0.0
0.0
0.0
0.0
0.0
0.0
0.0
0.0
0.0
17.3867
0.0
22.8451
0.0
7.18497
0.0
6.33658
0.0
0.0
0.0
0.0
0.0
28.2737
0.0
0.0
0.0
5.78573
0.0
0.0
0.0
0.865175
0.0
0.0
0.0
0.0
0.0
0.0
0.0
0.0
0.0
1.85961
0.0
0.0
0.0
0.0
0.0
0.0
42.3221
0.0
0.0
0.0
3.41765
0.0
0.0
6.49542
0.0
0.0
0.0
0.0
0.0
33.3609
0.0
0.0
0.0
13.0102
0.0
27.8798
30.6498
36.8458
0.0
0.0
48.0011
2.99837
18.1156
0.0
0.0
18.9026
0.0
16.2105
0.0
0.0
0.0
0.0
1.02395
0.0
18.5347
0.0
0.0
0.0
0.0
0.0
4.47011
15.3224
0.0
0.0
0.0
0.0
0.0
21.0936
0.0
14.6048
0.0
10.5395
5.86855
0.0
0.0
0.0
0.0
10.2452
76.0955
0.0
0.0
0.0
0.0
0.0
0.0
5.63094
10.7191
0.0
0.0
0.0
0.0
0.0
9.01672
0.0
0.0
0.0
0.0
0.0
0.0
0.0
21.3817
69.4963
0.504473
0.0
0.0
5.65739
0.0
6.0557
0.0
8.98598
0.0
0.0
0.0
0.0
0.0
0.0
0.0
0.0
0.0
0.0
0.0
0.0
0.496254
9.58408
0.0
14.1074
0.0
0.0
0.0
0.0
5.0091
0.0
16.0836
0.0
0.0
10.1497
0.0
0.0
0.0
0.0
0.0
0.0
35.712
1.76411
7.62648
0.0
19.6122
0.0
2.77503
0.0
0.0
37.7049
0.0
3.32027
0.0
0.0
0.0
0.0
5.78958
0.0
0.0
4.23841
11.1337
0.0
52.2962
27.3097
0.0
0.0
0.0
6.94582
1.80607
0.0433418
21.2123
0.0
0.0
0.0
0.0
5.13107
0.0
4.91258
0.0
0.0
3.25589
0.0
6.04643
0.0
0.0
2.74801
0.0
23.2612
3.72424
0.0
3.93634
0.0
0.0
45.3908
0.0
0.353359
0.0
0.0
0.0
0.0
0.0
16.1667
0.0
29.8471
0.0
0.0
6.10168
0.0
12.3089
0.0
0.0
0.0
0.0
0.0
0.0
42.5968
0.0
0.0
0.0
0.0
0.0
8.31331
0.0
0.0
0.0
0.0
0.0
0.0
7.03415
0.0
4.70499
0.0
0.0
0.0
0.0
22.8451
11.9185
6.73132
0.0
23.9248
0.0
0.0
0.0
0.0
0.0
0.0
0.0
0.0
0.0
14.4421
0.0
0.0
0.0
23.1972
0.0
0.0
0.0
0.0
0.0
0.0
0.0
0.0
0.0
12.7676
0.0
0.0
1.5905
0.0
0.0
0.0
11.0341
0.0
0.0
0.0
0.0
0.0
0.0
6.49542
0.0
0.0
0.0
0.0
0.0
33.3609
0.0
0.0
0.0
0.0
0.0
5.37924
45.9034
0.399216
0.0
17.0652
22.3323
0.0
18.1156
0.0
0.0
0.0
0.0
14.5496
0.0
0.0
0.0
0.0
6.56393
0.0
12.7867
0.0
0.0
0.0
0.0
0.0
0.0
0.0
0.0
0.0
0.0
0.0
0.0
10.9922
0.0
0.0
0.0
6.61876
8.31264
0.0
0.0
0.0
0.0
7.01462
76.0955
9.24493
0.0
0.0
0.0
0.0
0.0
0.0
7.67986
0.0
0.0
0.0
0.0
0.0
9.01672
0.0
0.0
0.0
0.0
0.0
0.0
0.0
29.6146
6.18547
0.0
0.0
0.0
0.0
0.0
6.0557
0.0
13.0443
0.0
0.0
0.0
0.0
0.0
0.0
0.0
0.0
0.0
0.0
0.0
0.0
0.0
0.0
0.0
13.5024
0.0
0.0
0.0
0.0
16.8169
0.0
6.35923
0.0
0.0
29.7268
0.0
0.0
0.0
0.0
0.0
0.0
3.68973
1.76411
0.0
0.0
19.6122
0.0
2.34577
0.0
0.0
15.7551
0.0
0.0
0.0
0.0
0.0
0.0
5.78958
0.0
0.0
4.23841
4.46424
0.0
51.1306
33.5232
0.0
0.0
0.0
0.0
5.4916
24.8844
2.47897
0.0
3.57371
0.0
0.0
0.0
0.0
0.0
0.0
0.0
0.0
0.0
5.63429
0.0
0.0
18.8734
0.0
0.0
11.4735
0.0
0.0
0.0
0.0
56.1781
0.0
0.353359
0.0
13.1383
0.0
0.0
0.0
0.0
0.0
0.0
3.38559
0.0
0.0
0.0
0.0
0.0
5.40125
0.0
0.0
17.6937
0.0
56.4443
0.0
0.0
0.0
0.0
0.0
1.27811
2.93107
8.34048
0.0
0.0
0.0
0.0
0.0
0.0
0.0
0.0
0.0
0.0
0.0
15.9882
11.9185
0.0
1.72011
0.0
0.0
0.0
0.0
0.0
12.3199
0.0
0.0
1.7829
0.0
10.8821
0.0
0.144726
11.1867
24.6874
0.0
0.0
0.0
0.0
0.0
0.0
0.0
0.0
0.0
22.0083
0.0
0.0
0.0
0.0
0.0
0.0
0.0
0.0
0.0
0.0
0.0
0.0
0.0
0.0
0.0
0.0
0.0
0.0
0.0
0.0
0.0
0.0
0.0
0.0
5.9593
7.93167
27.1478
0.0995785
0.0
17.0652
0.0
14.9446
0.0
0.0
14.7412
0.0
0.0
0.0
0.0477132
0.0
0.0
0.0
2.19668
0.0
0.0
0.0
0.0
0.0
0.0
0.0
0.017662
0.0
8.10797
0.0
0.0
0.0
0.0
0.0
0.0
0.0
0.0
0.0
8.31264
0.0
0.0
0.0
0.0
32.2506
0.0
2.82129
0.0
0.0
0.0
0.0
0.0
0.0
0.0
0.0
0.0
0.0
0.0
0.0
0.0
3.90983
0.0
0.0
0.0
12.6569
0.0
0.0
56.2848
0.0
0.0
0.0
0.0
15.0956
0.0
0.0
0.0
0.0
0.0
0.0
0.0
0.0
0.0
0.0
7.61709
7.36682
0.0
0.0
0.0
0.0
0.0
0.0
0.0
0.0
0.0
0.0
0.0
0.0
0.0
0.0
0.0
0.0
0.0
7.7282
0.0
8.14475
0.0
3.51824
0.0
0.0
0.0
0.0
0.0
0.0
0.0
0.0
0.0
0.0
0.0
0.0
0.0
13.8549
0.0
5.76671
0.0
16.8934
14.2602
0.0
0.0
0.0
0.0
0.0
0.0
4.40371
0.0
5.94351
20.247
0.0
6.16142
2.09275
0.0
0.0
0.0
0.0
0.0
27.9812
0.0
24.1203
0.0
0.0
0.0
9.17317
0.0
0.0
0.0
16.055
0.0
0.0
32.0818
1.67576
0.0
0.0
0.0
40.4141
0.0
9.82394
0.0
0.0
0.0
0.0
2.0249
0.0
10.415
0.0
0.0
0.0
0.0
0.0
46.2551
0.0
0.0
0.0
0.0
3.1624
0.0
33.1838
3.05101
0.0
0.0
0.0
0.0
38.7556
25.2063
4.49805
0.0
0.0
0.0
0.0
7.14035
0.0
0.0
0.0
0.0
0.0
0.0
50.7864
9.90339
0.0
0.0
9.80857
0.0
0.0
0.0
0.0
22.1622
0.0
10.8736
0.0
0.0
18.7674
0.0
19.2348
28.5923
22.4792
0.0
0.0
5.3959
0.0
0.0
2.50763
0.0
0.0
0.0
16.9924
0.0
0.0
0.0
0.0
0.0
0.0
0.0
0.0
0.0
1.14887
0.0
7.55656
0.0
0.0
0.0
0.0
5.23858
0.0
0.0
9.05824
0.0
0.0
0.0
0.0
0.0
0.0
5.01638
0.0
0.0
14.0898
0.0
33.9755
7.1358
0.0
0.0
9.86902
2.4566
6.66034
0.0
0.0
0.0
0.0
3.39321
0.0
1.3061
0.0
0.680905
0.0
0.0
0.0
0.0
0.0
18.1656
0.0
0.0
0.0
11.7227
0.0
0.0
6.89494
6.71604
0.0
0.0
0.0
0.0
0.0
0.0
37.3669
1.34884
0.0
0.0
0.0
0.0
0.0
0.0
0.0
0.0
0.0
4.83182
0.0
0.0
0.0
0.0
1.663
0.0
0.0
0.0
0.0
0.0
0.0
26.6336
0.0
0.0
0.0
0.0
5.25699
0.0
0.0
0.0
4.59149
1.66144
0.0
0.0
0.0
0.0
0.0
0.752314
0.0
0.0
0.0
0.0
0.214506
0.0
0.0
14.944
0.0
6.67448
0.0
0.0
0.0
0.765996
0.0
0.0
0.0
0.0
0.0
0.0
16.9652
0.0
2.69686
0.0
0.0
0.0
0.0
7.24407
13.1894
0.0
0.0
0.0
0.0
0.0
0.0
0.0
3.59233
0.0
0.0
0.0
8.68786
4.31373
0.0
0.0
0.166387
0.0
0.0
0.0
0.0
0.0
0.0
0.0
36.7966
1.84654
0.0
0.0
0.0
1.96309
0.0
0.0
53.5484
0.0
9.84131
0.0
0.0
9.09563
0.0
0.0
0.0
0.0
0.0
0.0
0.0
9.2927
0.0
0.0
0.0
0.0
20.437
0.0
0.0
0.0
0.0
0.0
0.0
0.0
0.0
0.0
0.0
3.82214
0.0
0.0
0.0
16.6317
0.0
0.98341
0.0
0.0
17.1264
0.0
0.0289108
0.0
0.0
0.0
0.0
0.0
30.4895
0.0
0.0
0.0
0.0
0.0
0.0
4.53517
0.0
0.0
0.0
0.0
21.197
0.0
40.737
0.0
0.0
0.0
9.80857
0.0
0.0
0.0
0.0
0.0
8.38818
0.0
0.0
0.0
9.62717
0.0
0.0
0.0
18.8175
0.0
0.0
0.0
0.0
0.0
0.0
0.0
0.0
0.0
5.18777
0.0
0.0
0.0
0.0
1.93837
0.0
31.8772
0.0
0.0
0.0
17.6896
0.0
0.0
0.0
0.0
0.0
0.0
0.0
0.0
16.6378
0.0
0.0
0.0
8.734
20.181
34.2971
5.42309
10.1851
0.0
0.0
0.0
0.0
15.0247
0.0
14.7004
10.1604
0.0
0.0
0.0
0.0
0.0
0.0
0.0
0.0
8.81537
0.0
0.0
0.0
0.0
0.0
4.69799
0.0
4.7096
0.0
0.0
0.0
19.8592
0.0
0.0
0.0
5.2863
0.0
0.0
0.0
0.0
10.7856
0.0
1.9683
18.5143
0.0
5.17625
0.0
0.0
0.0
0.0
0.0
0.0
0.0
0.0
0.0
0.0
0.0
0.0
1.663
0.0
0.0
0.0
0.0
0.0
0.0
27.8213
44.3651
0.0
0.0
0.0
8.94993
0.0
0.0
0.0
25.3154
0.0
0.0
0.0
0.0
0.0
0.0
0.0
0.0
0.0
0.0
0.0
0.0
0.0
0.0
0.0
0.0
0.0
0.0
0.0
0.0
0.765996
0.0
9.458
0.0
0.0
0.0
0.0
25.8013
0.0
0.0
0.0
0.0
0.0
0.0
0.0
1.21293
1.63067
0.0
0.0
0.0
0.0
0.0
5.14626
29.5988
0.0
0.0
0.0
0.0
13.6282
0.0
0.0
0.0
12.7765
0.0
0.0
0.0
0.0
0.0
0.0
62.3206
0.0
0.0
0.0
0.0
1.96309
0.129822
0.0
50.665
0.0
0.0
0.0
0.0
49.8778
0.0
0.0
0.0
0.0
0.0
17.8449
1.34811
0.0
0.0
0.0
0.0
0.0
0.0
0.0
0.0
0.0
0.0
0.0
0.0
0.0
4.26825
0.0
0.0
3.82214
0.0
0.0
0.0
0.0
0.0
13.0563
0.0
0.0
12.835
0.0
0.0
1.85427
0.0
0.0
0.0
0.0
19.5129
0.0
0.0
0.0
0.0
0.0
0.0
0.0
0.0
0.0
0.0
0.0
38.5687
0.0
5.5484
0.0
0.0
0.0
0.0
0.0
0.0
0.0
0.0
0.0
41.6445
0.0
0.0
0.0
0.0
0.0
0.0
0.0
7.56516
0.0
0.0
0.0
0.0
0.0
0.0
0.0
0.0
0.0
1.39215
0.0
0.0
0.0
0.0
0.0
0.0
42.3221
0.0
0.0
0.0
16.8771
0.0
0.0
0.0
0.0
0.0
0.0
0.0
0.0
29.3485
0.0
0.0
0.0
6.61591
16.3168
34.2971
11.6412
36.8458
0.0
0.0
43.0889
2.99837
12.9707
0.0
14.7004
19.5112
0.0
5.23351
0.0
0.0
0.0
0.0
0.0
0.0
6.02841
0.0
0.0
0.0
0.0
0.0
7.79886
15.3224
0.0
0.0
0.0
0.0
0.581406
12.5801
0.0
14.6048
0.0
5.32921
0.0
0.0
0.0
10.7856
0.0
4.45019
54.5164
0.0
0.0
0.0
0.0
0.0
0.0
0.0
7.04461
0.0
0.0
0.0
0.0
0.0
0.0
0.0
0.0
0.0
0.0
0.0
1.81002
0.0
23.0845
69.4963
0.0
0.0
0.0
15.8836
0.0
0.0
0.0
12.8656
0.0
0.0
0.0
0.0
0.0
0.0
0.0
0.0
0.0
0.0
0.0
0.0
0.0
9.58408
0.0
3.18363
0.0
0.0
0.0
0.0
0.0
0.0
16.0836
0.0
0.0
0.0
0.0
10.2993
0.0
0.0
0.0
0.0
35.712
1.52664
7.62648
1.19763
0.0
0.0
0.0
0.0
0.0
37.7049
5.14626
29.5988
0.0
0.0
0.0
0.0
10.1657
0.0
0.0
0.0
14.3799
0.0
37.6666
0.0
0.0
0.0
0.0
59.5703
0.0
1.33952
0.0
0.0
0.0
0.906005
0.0
25.3305
0.0
4.91258
0.0
0.0
49.8778
0.0
6.04643
0.0
0.0
5.09029
17.8449
23.2612
3.72424
0.0
1.81592
0.0
0.0
14.218
0.0
0.0
0.0
0.0
0.0
0.0
0.0
16.4645
0.0
29.8471
0.0
0.0
0.0
0.0
12.3089
0.0
8.68167
0.0
0.0
0.0
0.0
5.64587
0.128495
0.0
0.0
0.0
0.0
8.31331
0.0
0.0
0.0
0.0
0.0
0.0
0.0
0.0
0.0
0.0
0.0
17.3867
0.0
22.8451
0.0
7.18497
0.0
6.33658
0.0
0.0
0.0
0.0
0.0
28.2737
0.0
0.0
0.0
5.78573
0.0
0.0
0.0
0.865175
0.0
0.0
0.0
0.0
0.0
0.0
0.0
0.0
0.0
1.85961
0.0
0.0
0.0
0.0
0.0
0.0
42.3221
0.0
0.0
0.0
3.41765
0.0
0.0
6.49542
0.0
0.0
0.0
0.0
0.0
33.3609
0.0
0.0
0.0
13.0102
0.0
27.8798
30.6498
36.8458
0.0
0.0
48.0011
2.99837
18.1156
0.0
0.0
18.9026
0.0
16.2105
0.0
0.0
0.0
0.0
1.02395
0.0
18.5347
0.0
0.0
0.0
0.0
0.0
4.47011
15.3224
0.0
0.0
0.0
0.0
0.0
21.0936
0.0
14.6048
0.0
10.5395
5.86855
0.0
0.0
0.0
0.0
10.2452
76.0955
0.0
0.0
0.0
0.0
0.0
0.0
5.63094
10.7191
0.0
0.0
0.0
0.0
0.0
9.01672
0.0
0.0
0.0
0.0
0.0
0.0
0.0
21.3817
69.4963
0.504473
0.0
0.0
5.65739
0.0
6.0557
0.0
8.98598
0.0
0.0
0.0
0.0
0.0
0.0
0.0
0.0
0.0
0.0
0.0
0.0
0.496254
9.58408
0.0
14.1074
0.0
0.0
0.0
0.0
5.0091
0.0
16.0836
0.0
0.0
10.1497
0.0
0.0
0.0
0.0
0.0
0.0
35.712
1.76411
7.62648
0.0
19.6122
0.0
2.77503
0.0
0.0
37.7049
0.0
3.32027
0.0
0.0
0.0
0.0
5.78958
0.0
0.0
4.23841
11.1337
0.0
52.2962
27.3097
0.0
0.0
0.0
6.94582
1.80607
0.0433418
21.2123
0.0
0.0
0.0
0.0
5.13107
0.0
4.91258
0.0
0.0
3.25589
0.0
6.04643
0.0
0.0
2.74801
0.0
23.2612
3.72424
0.0
3.93634
0.0
0.0
45.3908
0.0
0.353359
0.0
0.0
0.0
0.0
0.0
16.1667
0.0
29.8471
0.0
0.0
6.10168
0.0
12.3089
0.0
0.0
0.0
0.0
0.0
0.0
42.5968
0.0
0.0
0.0
0.0
0.0
8.31331
0.0
0.0
0.0
0.0
0.0
0.0
7.03415
0.0
4.70499
0.0
0.0
0.0
0.0
22.8451
11.9185
6.73132
0.0
23.9248
0.0
0.0
0.0
0.0
0.0
0.0
0.0
0.0
0.0
14.4421
0.0
0.0
0.0
23.1972
0.0
0.0
0.0
0.0
0.0
0.0
0.0
0.0
0.0
12.7676
0.0
0.0
1.5905
0.0
0.0
0.0
11.0341
0.0
0.0
0.0
0.0
0.0
0.0
6.49542
0.0
0.0
0.0
0.0
0.0
33.3609
0.0
0.0
0.0
0.0
0.0
5.37924
45.9034
0.399216
0.0
17.0652
22.3323
0.0
18.1156
0.0
0.0
0.0
0.0
14.5496
0.0
0.0
0.0
0.0
6.56393
0.0
12.7867
0.0
0.0
0.0
0.0
0.0
0.0
0.0
0.0
0.0
0.0
0.0
0.0
10.9922
0.0
0.0
0.0
6.61876
8.31264
0.0
0.0
0.0
0.0
7.01462
76.0955
9.24493
0.0
0.0
0.0
0.0
0.0
0.0
7.67986
0.0
0.0
0.0
0.0
0.0
9.01672
0.0
0.0
0.0
0.0
0.0
0.0
0.0
29.6146
6.18547
0.0
0.0
0.0
0.0
0.0
6.0557
0.0
13.0443
0.0
0.0
0.0
0.0
0.0
0.0
0.0
0.0
0.0
0.0
0.0
0.0
0.0
0.0
0.0
13.5024
0.0
0.0
0.0
0.0
16.8169
0.0
6.35923
0.0
0.0
29.7268
0.0
0.0
0.0
0.0
0.0
0.0
3.68973
1.76411
0.0
0.0
19.6122
0.0
2.34577
0.0
0.0
15.7551
0.0
0.0
0.0
0.0
0.0
0.0
5.78958
0.0
0.0
4.23841
4.46424
0.0
51.1306
33.5232
0.0
0.0
0.0
0.0
5.4916
24.8844
2.47897
0.0
3.57371
0.0
0.0
0.0
0.0
0.0
0.0
0.0
0.0
0.0
5.63429
0.0
0.0
18.8734
0.0
0.0
11.4735
0.0
0.0
0.0
0.0
56.1781
0.0
0.353359
0.0
13.1383
0.0
0.0
0.0
0.0
0.0
0.0
3.38559
0.0
0.0
0.0
0.0
0.0
5.40125
0.0
0.0
17.6937
0.0
56.4443
0.0
0.0
0.0
0.0
0.0
1.27811
2.93107
8.34048
0.0
0.0
0.0
0.0
0.0
0.0
0.0
0.0
0.0
0.0
0.0
15.9882
11.9185
0.0
1.72011
0.0
0.0
0.0
0.0
0.0
12.3199
0.0
0.0
1.7829
0.0
10.8821
0.0
0.144726
11.1867
24.6874
0.0
0.0
0.0
0.0
0.0
0.0
0.0
0.0
0.0
22.0083
0.0
0.0
0.0
0.0
0.0
0.0
0.0
0.0
0.0
0.0
0.0
0.0
0.0
0.0
0.0
0.0
0.0
0.0
0.0
0.0
0.0
0.0
0.0
0.0
5.9593
7.93167
27.1478
0.0995785
0.0
17.0652
0.0
14.9446
0.0
0.0
14.7412
0.0
0.0
0.0
0.0477132
0.0
0.0
0.0
2.19668
0.0
0.0
0.0
0.0
0.0
0.0
0.0
0.017662
0.0
8.10797
0.0
0.0
0.0
0.0
0.0
0.0
0.0
0.0
0.0
8.31264
0.0
0.0
0.0
0.0
32.2506
0.0
2.82129
0.0
0.0
0.0
0.0
0.0
0.0
0.0
0.0
0.0
0.0
0.0
0.0
0.0
3.90983
0.0
0.0
0.0
12.6569
0.0
0.0
56.2848
0.0
0.0
0.0
0.0
15.0956
0.0
0.0
0.0
0.0
0.0
0.0
0.0
0.0
0.0
0.0
7.61709
7.36682
0.0
0.0
0.0
0.0
0.0
0.0
0.0
0.0
0.0
0.0
0.0
0.0
0.0
0.0
0.0
0.0
0.0
7.7282
0.0
8.14475
0.0
3.51824
0.0
0.0
0.0
0.0
0.0
0.0
0.0
0.0
0.0
0.0
0.0
0.0
0.0
13.8549
0.0
5.76671
0.0
16.8934
14.2602
0.0
0.0
0.0
0.0
0.0
0.0
4.40371
0.0
5.94351
20.247
0.0
6.16142
2.09275
0.0
0.0
0.0
0.0
0.0
27.9812
0.0
24.1203
0.0
0.0
0.0
9.17317
0.0
0.0
0.0
16.055
0.0
0.0
32.0818
1.67576
0.0
0.0
0.0
40.4141
0.0
9.82394
0.0
0.0
0.0
0.0
2.0249
0.0
10.415
0.0
0.0
0.0
0.0
0.0
46.2551
0.0
0.0
0.0
0.0
3.1624
0.0
33.1838
3.05101
0.0
0.0
0.0
0.0
38.7556
25.2063
4.49805
0.0
0.0
0.0
0.0
7.14035
0.0
0.0
0.0
0.0
0.0
0.0
50.7864
9.90339
0.0
0.0
9.80857
0.0
0.0
0.0
0.0
22.1622
0.0
10.8736
0.0
0.0
18.7674
0.0
19.2348
28.5923
22.4792
0.0
0.0
5.3959
0.0
0.0
2.50763
0.0
0.0
0.0
16.9924
0.0
0.0
0.0
0.0
0.0
0.0
0.0
0.0
0.0
1.14887
0.0
7.55656
0.0
0.0
0.0
0.0
5.23858
0.0
0.0
9.05824
0.0
0.0
0.0
0.0
0.0
0.0
5.01638
0.0
0.0
14.0898
0.0
33.9755
7.1358
0.0
0.0
9.86902
2.4566
6.66034
0.0
0.0
0.0
0.0
3.39321
0.0
1.3061
0.0
0.680905
0.0
0.0
0.0
0.0
0.0
18.1656
0.0
0.0
0.0
11.7227
0.0
0.0
6.89494
6.71604
0.0
0.0
0.0
0.0
0.0
0.0
37.3669
1.34884
0.0
0.0
0.0
0.0
0.0
0.0
0.0
0.0
0.0
4.83182
0.0
0.0
0.0
0.0
1.663
0.0
0.0
0.0
0.0
0.0
0.0
26.6336
0.0
0.0
0.0
0.0
5.25699
0.0
0.0
0.0
4.59149
1.66144
0.0
0.0
0.0
0.0
0.0
0.752314
0.0
0.0
0.0
0.0
0.214506
0.0
0.0
14.944
0.0
6.67448
0.0
0.0
0.0
0.765996
0.0
0.0
0.0
0.0
0.0
0.0
16.9652
0.0
2.69686
0.0
0.0
0.0
0.0
7.24407
13.1894
0.0
0.0
0.0
0.0
0.0
0.0
0.0
3.59233
0.0
0.0
0.0
8.68786
4.31373
0.0
0.0
0.166387
0.0
0.0
0.0
0.0
0.0
0.0
0.0
36.7966
1.84654
0.0
0.0
0.0
1.96309
0.0
0.0
53.5484
0.0
9.84131
0.0
0.0
9.09563
0.0
0.0
0.0
0.0
0.0
0.0
0.0
9.2927
0.0
0.0
0.0
0.0
20.437
0.0
0.0
0.0
0.0
0.0
0.0
0.0
0.0
0.0
0.0
3.82214
0.0
0.0
0.0
16.6317
0.0
0.98341
0.0
0.0
17.1264
0.0
0.0289108
0.0
0.0
0.0
0.0
0.0
30.4895
0.0
0.0
0.0
0.0
0.0
0.0
4.53517
0.0
0.0
0.0
0.0
21.197
0.0
40.737
0.0
0.0
0.0
9.80857
0.0
0.0
0.0
0.0
0.0
8.38818
0.0
0.0
0.0
9.62717
0.0
0.0
0.0
18.8175
0.0
0.0
0.0
0.0
0.0
0.0
0.0
0.0
0.0
5.18777
0.0
0.0
0.0
0.0
1.93837
0.0
31.8772
0.0
0.0
0.0
17.6896
0.0
0.0
0.0
0.0
0.0
0.0
0.0
0.0
16.6378
0.0
0.0
0.0
8.734
20.181
34.2971
5.42309
10.1851
0.0
0.0
0.0
0.0
15.0247
0.0
14.7004
10.1604
0.0
0.0
0.0
0.0
0.0
0.0
0.0
0.0
8.81537
0.0
0.0
0.0
0.0
0.0
4.69799
0.0
4.7096
0.0
0.0
0.0
19.8592
0.0
0.0
0.0
5.2863
0.0
0.0
0.0
0.0
10.7856
0.0
1.9683
18.5143
0.0
5.17625
0.0
0.0
0.0
0.0
0.0
0.0
0.0
0.0
0.0
0.0
0.0
0.0
1.663
0.0
0.0
0.0
0.0
0.0
0.0
27.8213
44.3651
0.0
0.0
0.0
8.94993
0.0
0.0
0.0
25.3154
0.0
0.0
0.0
0.0
0.0
0.0
0.0
0.0
0.0
0.0
0.0
0.0
0.0
0.0
0.0
0.0
0.0
0.0
0.0
0.0
0.765996
0.0
9.458
0.0
0.0
0.0
0.0
25.8013
0.0
0.0
0.0
0.0
0.0
0.0
0.0
1.21293
1.63067
0.0
0.0
0.0
0.0
0.0
5.14626
29.5988
0.0
0.0
0.0
0.0
13.6282
0.0
0.0
0.0
12.7765
0.0
0.0
0.0
0.0
0.0
0.0
62.3206
0.0
0.0
0.0
0.0
1.96309
0.129822
0.0
50.665
0.0
0.0
0.0
0.0
49.8778
0.0
0.0
0.0
0.0
0.0
17.8449
1.34811
0.0
0.0
0.0
0.0
0.0
0.0
0.0
0.0
0.0
0.0
0.0
0.0
0.0
4.26825
0.0
0.0
3.82214
0.0
0.0
0.0
0.0
0.0
13.0563
0.0
0.0
12.835
0.0
0.0
1.85427
0.0
0.0
0.0
0.0
19.5129
0.0
0.0
0.0
0.0
0.0
0.0
0.0
0.0
0.0
0.0
0.0
38.5687
0.0
5.5484
0.0
0.0
0.0
0.0
0.0
0.0
0.0
0.0
0.0
41.6445
0.0
0.0
0.0
0.0
0.0
0.0
0.0
7.56516
0.0
0.0
0.0
0.0
0.0
0.0
0.0
0.0
0.0
1.39215
0.0
0.0
0.0
0.0
0.0
0.0
42.3221
0.0
0.0
0.0
16.8771
0.0
0.0
0.0
0.0
0.0
0.0
0.0
0.0
29.3485
0.0
0.0
0.0
6.61591
16.3168
34.2971
11.6412
36.8458
0.0
0.0
43.0889
2.99837
12.9707
0.0
14.7004
19.5112
0.0
5.23351
0.0
0.0
0.0
0.0
0.0
0.0
6.02841
0.0
0.0
0.0
0.0
0.0
7.79886
15.3224
0.0
0.0
0.0
0.0
0.581406
12.5801
0.0
14.6048
0.0
5.32921
0.0
0.0
0.0
10.7856
0.0
4.45019
54.5164
0.0
0.0
0.0
0.0
0.0
0.0
0.0
7.04461
0.0
0.0
0.0
0.0
0.0
0.0
0.0
0.0
0.0
0.0
0.0
1.81002
0.0
23.0845
69.4963
0.0
0.0
0.0
15.8836
0.0
0.0
0.0
12.8656
0.0
0.0
0.0
0.0
0.0
0.0
0.0
0.0
0.0
0.0
0.0
0.0
0.0
9.58408
0.0
3.18363
0.0
0.0
0.0
0.0
0.0
0.0
16.0836
0.0
0.0
0.0
0.0
10.2993
0.0
0.0
0.0
0.0
35.712
1.52664
7.62648
1.19763
0.0
0.0
0.0
0.0
0.0
37.7049
5.14626
29.5988
0.0
0.0
0.0
0.0
10.1657
0.0
0.0
0.0
14.3799
0.0
37.6666
0.0
0.0
0.0
0.0
59.5703
0.0
1.33952
0.0
0.0
0.0
0.906005
0.0
25.3305
0.0
4.91258
0.0
0.0
49.8778
0.0
6.04643
0.0
0.0
5.09029
17.8449
23.2612
3.72424
0.0
1.81592
0.0
0.0
14.218
0.0
0.0
0.0
0.0
0.0
0.0
0.0
16.4645
0.0
29.8471
0.0
0.0
0.0
0.0
12.3089
0.0
8.68167
0.0
0.0
0.0
0.0
5.64587
0.128495
0.0
0.0
0.0
0.0
8.31331
0.0
0.0
0.0
0.0
0.0
0.0
0.0
0.0
0.0
0.0
0.0
17.3867
0.0
22.8451
0.0
7.18497
0.0
6.33658
0.0
0.0
0.0
0.0
0.0
28.2737
0.0
0.0
0.0
5.78573
0.0
0.0
0.0
0.865175
0.0
0.0
0.0
0.0
0.0
0.0
0.0
0.0
0.0
1.85961
0.0
0.0
0.0
0.0
0.0
0.0
42.3221
0.0
0.0
0.0
3.41765
0.0
0.0
6.49542
0.0
0.0
0.0
0.0
0.0
33.3609
0.0
0.0
0.0
13.0102
0.0
27.8798
30.6498
36.8458
0.0
0.0
48.0011
2.99837
18.1156
0.0
0.0
18.9026
0.0
16.2105
0.0
0.0
0.0
0.0
1.02395
0.0
18.5347
0.0
0.0
0.0
0.0
0.0
4.47011
15.3224
0.0
0.0
0.0
0.0
0.0
21.0936
0.0
14.6048
0.0
10.5395
5.86855
0.0
0.0
0.0
0.0
10.2452
76.0955
0.0
0.0
0.0
0.0
0.0
0.0
5.63094
10.7191
0.0
0.0
0.0
0.0
0.0
9.01672
0.0
0.0
0.0
0.0
0.0
0.0
0.0
21.3817
69.4963
0.504473
0.0
0.0
5.65739
0.0
6.0557
0.0
8.98598
0.0
0.0
0.0
0.0
0.0
0.0
0.0
0.0
0.0
0.0
0.0
0.0
0.496254
9.58408
0.0
14.1074
0.0
0.0
0.0
0.0
5.0091
0.0
16.0836
0.0
0.0
10.1497
0.0
0.0
0.0
0.0
0.0
0.0
35.712
1.76411
7.62648
0.0
19.6122
0.0
2.77503
0.0
0.0
37.7049
0.0
3.32027
0.0
0.0
0.0
0.0
5.78958
0.0
0.0
4.23841
11.1337
0.0
52.2962
27.3097
0.0
0.0
0.0
6.94582
1.80607
0.0433418
21.2123
0.0
0.0
0.0
0.0
5.13107
0.0
4.91258
0.0
0.0
3.25589
0.0
6.04643
0.0
0.0
2.74801
0.0
23.2612
3.72424
0.0
3.93634
0.0
0.0
45.3908
0.0
0.353359
0.0
0.0
0.0
0.0
0.0
16.1667
0.0
29.8471
0.0
0.0
6.10168
0.0
12.3089
0.0
0.0
0.0
0.0
0.0
0.0
42.5968
0.0
0.0
0.0
0.0
0.0
8.31331
0.0
0.0
0.0
0.0
0.0
0.0
7.03415
0.0
4.70499
0.0
0.0
0.0
0.0
22.8451
11.9185
6.73132
0.0
23.9248
0.0
0.0
0.0
0.0
0.0
0.0
0.0
0.0
0.0
14.4421
0.0
0.0
0.0
23.1972
0.0
0.0
0.0
0.0
0.0
0.0
0.0
0.0
0.0
12.7676
0.0
0.0
1.5905
0.0
0.0
0.0
11.0341
0.0
0.0
0.0
0.0
0.0
0.0
6.49542
0.0
0.0
0.0
0.0
0.0
33.3609
0.0
0.0
0.0
0.0
0.0
5.37924
45.9034
0.399216
0.0
17.0652
22.3323
0.0
18.1156
0.0
0.0
0.0
0.0
14.5496
0.0
0.0
0.0
0.0
6.56393
0.0
12.7867
0.0
0.0
0.0
0.0
0.0
0.0
0.0
0.0
0.0
0.0
0.0
0.0
10.9922
0.0
0.0
0.0
6.61876
8.31264
0.0
0.0
0.0
0.0
7.01462
76.0955
9.24493
0.0
0.0
0.0
0.0
0.0
0.0
7.67986
0.0
0.0
0.0
0.0
0.0
9.01672
0.0
0.0
0.0
0.0
0.0
0.0
0.0
29.6146
6.18547
0.0
0.0
0.0
0.0
0.0
6.0557
0.0
13.0443
0.0
0.0
0.0
0.0
0.0
0.0
0.0
0.0
0.0
0.0
0.0
0.0
0.0
0.0
0.0
13.5024
0.0
0.0
0.0
0.0
16.8169
0.0
6.35923
0.0
0.0
29.7268
0.0
0.0
0.0
0.0
0.0
0.0
3.68973
1.76411
0.0
0.0
19.6122
0.0
2.34577
0.0
0.0
15.7551
0.0
0.0
0.0
0.0
0.0
0.0
5.78958
0.0
0.0
4.23841
4.46424
0.0
51.1306
33.5232
0.0
0.0
0.0
0.0
5.4916
24.8844
2.47897
0.0
3.57371
0.0
0.0
0.0
0.0
0.0
0.0
0.0
0.0
0.0
5.63429
0.0
0.0
18.8734
0.0
0.0
11.4735
0.0
0.0
0.0
0.0
56.1781
0.0
0.353359
0.0
13.1383
0.0
0.0
0.0
0.0
0.0
0.0
3.38559
0.0
0.0
0.0
0.0
0.0
5.40125
0.0
0.0
17.6937
0.0
56.4443
0.0
0.0
0.0
0.0
0.0
1.27811
2.93107
8.34048
0.0
0.0
0.0
0.0
0.0
0.0
0.0
0.0
0.0
0.0
0.0
15.9882
11.9185
0.0
1.72011
0.0
0.0
0.0
0.0
0.0
12.3199
0.0
0.0
1.7829
0.0
10.8821
0.0
0.144726
11.1867
24.6874
0.0
0.0
0.0
0.0
0.0
0.0
0.0
0.0
0.0
22.0083
0.0
0.0
0.0
0.0
0.0
0.0
0.0
0.0
0.0
0.0
0.0
0.0
0.0
0.0
0.0
0.0
0.0
0.0
0.0
0.0
0.0
0.0
0.0
0.0
5.9593
7.93167
27.1478
0.0995785
0.0
17.0652
0.0
14.9446
0.0
0.0
14.7412
0.0
0.0
0.0
0.0477132
0.0
0.0
0.0
2.19668
0.0
0.0
0.0
0.0
0.0
0.0
0.0
0.017662
0.0
8.10797
0.0
0.0
0.0
0.0
0.0
0.0
0.0
0.0
0.0
8.31264
0.0
0.0
0.0
0.0
32.2506
0.0
2.82129
0.0
0.0
0.0
0.0
0.0
0.0
0.0
0.0
0.0
0.0
0.0
0.0
0.0
3.90983
0.0
0.0
0.0
12.6569
0.0
0.0
56.2848
0.0
0.0
0.0
0.0
15.0956
0.0
0.0
0.0
0.0
0.0
0.0
0.0
0.0
0.0
0.0
7.61709
7.36682
0.0
0.0
0.0
0.0
0.0
0.0
0.0
0.0
0.0
0.0
0.0
0.0
0.0
0.0
0.0
0.0
0.0
7.7282
0.0
8.14475
0.0
3.51824
0.0
0.0
0.0
0.0
0.0
0.0
0.0
0.0
0.0
0.0
0.0
0.0
0.0
13.8549
0.0
5.76671
0.0
16.8934
14.2602
0.0
0.0
0.0
0.0
0.0
0.0
4.40371
0.0
5.94351
20.247
0.0
6.16142
2.09275
0.0
0.0
0.0
0.0
0.0
27.9812
0.0
24.1203
0.0
0.0
0.0
9.17317
0.0
0.0
0.0
16.055
0.0
0.0
32.0818
1.67576
0.0
0.0
0.0
40.4141
0.0
9.82394
0.0
0.0
0.0
0.0
2.0249
0.0
10.415
0.0
0.0
0.0
0.0
0.0
46.2551
0.0
0.0
0.0
0.0
3.1624
0.0
33.1838
3.05101
0.0
0.0
0.0
0.0
38.7556
25.2063
4.49805
0.0
0.0
0.0
0.0
7.14035
0.0
0.0
0.0
0.0
0.0
0.0
50.7864
9.90339
0.0
0.0
9.80857
0.0
0.0
0.0
0.0
22.1622
0.0
10.8736
0.0
0.0
18.7674
0.0
19.2348
28.5923
22.4792
0.0
0.0
5.3959
0.0
0.0
2.50763
0.0
0.0
0.0
16.9924
0.0
0.0
0.0
0.0
0.0
0.0
0.0
0.0
0.0
1.14887
0.0
7.55656
0.0
0.0
0.0
0.0
5.23858
0.0
0.0
9.05824
0.0
0.0
0.0
0.0
0.0
0.0
5.01638
0.0
0.0
14.0898
0.0
33.9755
7.1358
0.0
0.0
9.86902
2.4566
6.66034
0.0
0.0
0.0
0.0
3.39321
0.0
1.3061
0.0
0.680905
0.0
0.0
0.0
0.0
0.0
18.1656
0.0
0.0
0.0
11.7227
0.0
0.0
6.89494
6.71604
0.0
0.0
0.0
0.0
0.0
0.0
37.3669
1.34884
0.0
0.0
0.0
0.0
0.0
0.0
0.0
0.0
0.0
4.83182
0.0
0.0
0.0
0.0
1.663
0.0
0.0
0.0
0.0
0.0
0.0
26.6336
0.0
0.0
0.0
0.0
5.25699
0.0
0.0
0.0
4.59149
1.66144
0.0
0.0
0.0
0.0
0.0
0.752314
0.0
0.0
0.0
0.0
0.214506
0.0
0.0
14.944
0.0
6.67448
0.0
0.0
0.0
0.765996
0.0
0.0
0.0
0.0
0.0
0.0
16.9652
0.0
2.69686
0.0
0.0
0.0
0.0
7.24407
13.1894
0.0
0.0
0.0
0.0
0.0
0.0
0.0
3.59233
0.0
0.0
0.0
8.68786
4.31373
0.0
0.0
0.166387
0.0
0.0
0.0
0.0
0.0
0.0
0.0
36.7966
1.84654
0.0
0.0
0.0
1.96309
0.0
0.0
53.5484
0.0
9.84131
0.0
0.0
9.09563
0.0
0.0
0.0
0.0
0.0
0.0
0.0
9.2927
0.0
0.0
0.0
0.0
20.437
0.0
0.0
0.0
0.0
0.0
0.0
0.0
0.0
0.0
0.0
3.82214
0.0
0.0
0.0
16.6317
0.0
0.98341
0.0
0.0
17.1264
0.0
0.0289108
0.0
0.0
0.0
0.0
0.0
30.4895
0.0
0.0
0.0
0.0
0.0
0.0
4.53517
0.0
0.0
0.0
0.0
21.197
0.0
40.737
0.0
0.0
0.0
9.80857
0.0
0.0
0.0
0.0
0.0
8.38818
0.0
0.0
0.0
9.62717
0.0
0.0
0.0
18.8175
0.0
0.0
0.0
0.0
0.0
0.0
0.0
0.0
0.0
5.18777
0.0
0.0
0.0
0.0
1.93837
0.0
31.8772
0.0
0.0
0.0
17.6896
0.0
0.0
0.0
0.0
0.0
0.0
0.0
0.0
16.6378
0.0
0.0
0.0
8.734
20.181
34.2971
5.42309
10.1851
0.0
0.0
0.0
0.0
15.0247
0.0
14.7004
10.1604
0.0
0.0
0.0
0.0
0.0
0.0
0.0
0.0
8.81537
0.0
0.0
0.0
0.0
0.0
4.69799
0.0
4.7096
0.0
0.0
0.0
19.8592
0.0
0.0
0.0
5.2863
0.0
0.0
0.0
0.0
10.7856
0.0
1.9683
18.5143
0.0
5.17625
0.0
0.0
0.0
0.0
0.0
0.0
0.0
0.0
0.0
0.0
0.0
0.0
1.663
0.0
0.0
0.0
0.0
0.0
0.0
27.8213
44.3651
0.0
0.0
0.0
8.94993
0.0
0.0
0.0
25.3154
0.0
0.0
0.0
0.0
0.0
0.0
0.0
0.0
0.0
0.0
0.0
0.0
0.0
0.0
0.0
0.0
0.0
0.0
0.0
0.0
0.765996
0.0
9.458
0.0
0.0
0.0
0.0
25.8013
0.0
0.0
0.0
0.0
0.0
0.0
0.0
1.21293
1.63067
0.0
0.0
0.0
0.0
0.0
5.14626
29.5988
0.0
0.0
0.0
0.0
13.6282
0.0
0.0
0.0
12.7765
0.0
0.0
0.0
0.0
0.0
0.0
62.3206
0.0
0.0
0.0
0.0
1.96309
0.129822
0.0
50.665
0.0
0.0
0.0
0.0
49.8778
0.0
0.0
0.0
0.0
0.0
17.8449
1.34811
0.0
0.0
0.0
0.0
0.0
0.0
0.0
0.0
0.0
0.0
0.0
0.0
0.0
4.26825
0.0
0.0
3.82214
0.0
0.0
0.0
0.0
0.0
13.0563
0.0
0.0
12.835
0.0
0.0
1.85427
0.0
0.0
0.0
0.0
19.5129
0.0
0.0
0.0
0.0
0.0
0.0
0.0
0.0
0.0
0.0
0.0
38.5687
0.0
5.5484
0.0
0.0
0.0
0.0
0.0
0.0
0.0
0.0
0.0
41.6445
0.0
0.0
0.0
0.0
0.0
0.0
0.0
7.56516
0.0
0.0
0.0
0.0
0.0
0.0
0.0
0.0
0.0
1.39215
0.0
0.0
0.0
0.0
0.0
0.0
42.3221
0.0
0.0
0.0
16.8771
0.0
0.0
0.0
0.0
0.0
0.0
0.0
0.0
29.3485
0.0
0.0
0.0
6.61591
16.3168
34.2971
11.6412
36.8458
0.0
0.0
43.0889
2.99837
12.9707
0.0
14.7004
19.5112
0.0
5.23351
0.0
0.0
0.0
0.0
0.0
0.0
6.02841
0.0
0.0
0.0
0.0
0.0
7.79886
15.3224
0.0
0.0
0.0
0.0
0.581406
12.5801
0.0
14.6048
0.0
5.32921
0.0
0.0
0.0
10.7856
0.0
4.45019
54.5164
0.0
0.0
0.0
0.0
0.0
0.0
0.0
7.04461
0.0
0.0
0.0
0.0
0.0
0.0
0.0
0.0
0.0
0.0
0.0
1.81002
0.0
23.0845
69.4963
0.0
0.0
0.0
15.8836
0.0
0.0
0.0
12.8656
0.0
0.0
0.0
0.0
0.0
0.0
0.0
0.0
0.0
0.0
0.0
0.0
0.0
9.58408
0.0
3.18363
0.0
0.0
0.0
0.0
0.0
0.0
16.0836
0.0
0.0
0.0
0.0
10.2993
0.0
0.0
0.0
0.0
35.712
1.52664
7.62648
1.19763
0.0
0.0
0.0
0.0
0.0
37.7049
5.14626
29.5988
0.0
0.0
0.0
0.0
10.1657
0.0
0.0
0.0
14.3799
0.0
37.6666
0.0
0.0
0.0
0.0
59.5703
0.0
1.33952
0.0
0.0
0.0
0.906005
0.0
25.3305
0.0
4.91258
0.0
0.0
49.8778
0.0
6.04643
0.0
0.0
5.09029
17.8449
23.2612
3.72424
0.0
1.81592
0.0
0.0
14.218
0.0
0.0
0.0
0.0
0.0
0.0
0.0
16.4645
0.0
29.8471
0.0
0.0
0.0
0.0
12.3089
0.0
8.68167
0.0
0.0
0.0
0.0
5.64587
0.128495
0.0
0.0
0.0
0.0
8.31331
0.0
0.0
0.0
0.0
0.0
0.0
0.0
0.0
0.0
0.0
0.0
17.3867
0.0
22.8451
0.0
7.18497
0.0
6.33658
0.0
0.0
0.0
0.0
0.0
28.2737
0.0
0.0
0.0
5.78573
0.0
0.0
0.0
0.865175
0.0
0.0
0.0
0.0
0.0
0.0
0.0
0.0
0.0
1.85961
0.0
0.0
0.0
0.0
0.0
0.0
42.3221
0.0
0.0
0.0
3.41765
0.0
0.0
6.49542
0.0
0.0
0.0
0.0
0.0
33.3609
0.0
0.0
0.0
13.0102
0.0
27.8798
30.6498
36.8458
0.0
0.0
48.0011
2.99837
18.1156
0.0
0.0
18.9026
0.0
16.2105
0.0
0.0
0.0
0.0
1.02395
0.0
18.5347
0.0
0.0
0.0
0.0
0.0
4.47011
15.3224
0.0
0.0
0.0
0.0
0.0
21.0936
0.0
14.6048
0.0
10.5395
5.86855
0.0
0.0
0.0
0.0
10.2452
76.0955
0.0
0.0
0.0
0.0
0.0
0.0
5.63094
10.7191
0.0
0.0
0.0
0.0
0.0
9.01672
0.0
0.0
0.0
0.0
0.0
0.0
0.0
21.3817
69.4963
0.504473
0.0
0.0
5.65739
0.0
6.0557
0.0
8.98598
0.0
0.0
0.0
0.0
0.0
0.0
0.0
0.0
0.0
0.0
0.0
0.0
0.496254
9.58408
0.0
14.1074
0.0
0.0
0.0
0.0
5.0091
0.0
16.0836
0.0
0.0
10.1497
0.0
0.0
0.0
0.0
0.0
0.0
35.712
1.76411
7.62648
0.0
19.6122
0.0
2.77503
0.0
0.0
37.7049
0.0
3.32027
0.0
0.0
0.0
0.0
5.78958
0.0
0.0
4.23841
11.1337
0.0
52.2962
27.3097
0.0
0.0
0.0
6.94582
1.80607
0.0433418
21.2123
0.0
0.0
0.0
0.0
5.13107
0.0
4.91258
0.0
0.0
3.25589
0.0
6.04643
0.0
0.0
2.74801
0.0
23.2612
3.72424
0.0
3.93634
0.0
0.0
45.3908
0.0
0.353359
0.0
0.0
0.0
0.0
0.0
16.1667
0.0
29.8471
0.0
0.0
6.10168
0.0
12.3089
0.0
0.0
0.0
0.0
0.0
0.0
42.5968
0.0
0.0
0.0
0.0
0.0
8.31331
0.0
0.0
0.0
0.0
0.0
0.0
7.03415
0.0
4.70499
0.0
0.0
0.0
0.0
22.8451
11.9185
6.73132
0.0
23.9248
0.0
0.0
0.0
0.0
0.0
0.0
0.0
0.0
0.0
14.4421
0.0
0.0
0.0
23.1972
0.0
0.0
0.0
0.0
0.0
0.0
0.0
0.0
0.0
12.7676
0.0
0.0
1.5905
0.0
0.0
0.0
11.0341
0.0
0.0
0.0
0.0
0.0
0.0
6.49542
0.0
0.0
0.0
0.0
0.0
33.3609
0.0
0.0
0.0
0.0
0.0
5.37924
45.9034
0.399216
0.0
17.0652
22.3323
0.0
18.1156
0.0
0.0
0.0
0.0
14.5496
0.0
0.0
0.0
0.0
6.56393
0.0
12.7867
0.0
0.0
0.0
0.0
0.0
0.0
0.0
0.0
0.0
0.0
0.0
0.0
10.9922
0.0
0.0
0.0
6.61876
8.31264
0.0
0.0
0.0
0.0
7.01462
76.0955
9.24493
0.0
0.0
0.0
0.0
0.0
0.0
7.67986
0.0
0.0
0.0
0.0
0.0
9.01672
0.0
0.0
0.0
0.0
0.0
0.0
0.0
29.6146
6.18547
0.0
0.0
0.0
0.0
0.0
6.0557
0.0
13.0443
0.0
0.0
0.0
0.0
0.0
0.0
0.0
0.0
0.0
0.0
0.0
0.0
0.0
0.0
0.0
13.5024
0.0
0.0
0.0
0.0
16.8169
0.0
6.35923
0.0
0.0
29.7268
0.0
0.0
0.0
0.0
0.0
0.0
3.68973
1.76411
0.0
0.0
19.6122
0.0
2.34577
0.0
0.0
15.7551
0.0
0.0
0.0
0.0
0.0
0.0
5.78958
0.0
0.0
4.23841
4.46424
0.0
51.1306
33.5232
0.0
0.0
0.0
0.0
5.4916
24.8844
2.47897
0.0
3.57371
0.0
0.0
0.0
0.0
0.0
0.0
0.0
0.0
0.0
5.63429
0.0
0.0
18.8734
0.0
0.0
11.4735
0.0
0.0
0.0
0.0
56.1781
0.0
0.353359
0.0
13.1383
0.0
0.0
0.0
0.0
0.0
0.0
3.38559
0.0
0.0
0.0
0.0
0.0
5.40125
0.0
0.0
17.6937
0.0
56.4443
0.0
0.0
0.0
0.0
0.0
1.27811
2.93107
8.34048
0.0
0.0
0.0
0.0
0.0
0.0
0.0
0.0
0.0
0.0
0.0
15.9882
11.9185
0.0
1.72011
0.0
0.0
0.0
0.0
0.0
12.3199
0.0
0.0
1.7829
0.0
10.8821
0.0
0.144726
11.1867
24.6874
0.0
0.0
0.0
0.0
0.0
0.0
0.0
0.0
0.0
22.0083
0.0
0.0
0.0
0.0
0.0
0.0
0.0
0.0
0.0
0.0
0.0
0.0
0.0
0.0
0.0
0.0
0.0
0.0
0.0
0.0
0.0
0.0
0.0
0.0
5.9593
7.93167
27.1478
0.0995785
0.0
17.0652
0.0
14.9446
0.0
0.0
14.7412
0.0
0.0
0.0
0.0477132
0.0
0.0
0.0
2.19668
0.0
0.0
0.0
0.0
0.0
0.0
0.0
0.017662
0.0
8.10797
0.0
0.0
0.0
0.0
0.0
0.0
0.0
0.0
0.0
8.31264
0.0
0.0
0.0
0.0
32.2506
0.0
2.82129
0.0
0.0
0.0
0.0
0.0
0.0
0.0
0.0
0.0
0.0
0.0
0.0
0.0
3.90983
0.0
0.0
0.0
12.6569
0.0
0.0
56.2848
0.0
0.0
0.0
0.0
15.0956
0.0
0.0
0.0
0.0
0.0
0.0
0.0
0.0
0.0
0.0
7.61709
7.36682
0.0
0.0
0.0
0.0
0.0
0.0
0.0
0.0
0.0
0.0
0.0
0.0
0.0
0.0
0.0
0.0
0.0
7.7282
0.0
8.14475
0.0
3.51824
0.0
0.0
0.0
0.0
0.0
0.0
0.0
0.0
0.0
0.0
0.0
0.0
0.0
13.8549
0.0
5.76671
0.0
16.8934
14.2602
0.0
0.0
0.0
0.0
0.0
0.0
4.40371
