0.0
0.0
1.47104
0.0
0.0
0.0
0.0
0.0
0.0
0.0
0.0
1.90921
0.0
0.0
0.0
3.88363
0.0
0.0
0.86775
0.0
0.0
0.0
0.0
0.0
0.0
0.0
0.0
0.0
0.0
0.0
0.0
0.975614
0.0
4.42784
0.0
0.0
0.0
1.5406
0.0
0.0
0.0
0.0
2.81594
0.0
0.0
1.8763
0.0
0.0
0.0
0.0
0.352954
0.954847
0.0
0.0
0.0
0.0
0.0
0.0
0.0
0.0
0.0
0.413438
0.0
3.55768
0.32123
0.0
0.0
0.0
0.0
0.0
0.0
0.0
0.241396
0.0
0.0
0.0
0.0
0.0
0.298945
0.0
1.4448
0.0
0.0
0.0
0.0
0.0
0.0
1.07776
0.0
0.0
0.0
0.0
0.0
0.0
0.0
0.0
0.0
0.0
1.48535
0.0
0.0
0.0
0.0
0.0
0.0
0.0
0.0
0.0
0.0
0.0
0.0
0.0
0.0
5.03331
0.0
0.0
0.0
0.0
0.0
0.0
0.0
0.0
0.0
0.0
0.0
0.0
0.0
3.39011
0.0
0.0
0.0
0.0
0.0
0.0
0.0
0.0
0.0
0.0
2.15549
0.0
0.0
1.66573
0.0
0.0
0.0
0.0
0.0
0.0
0.920683
0.0
0.0
0.0
0.0
0.0
0.0
0.0
0.0
0.0
0.0
0.0
0.121041
0.0
0.0
0.0
0.0
0.0
0.0
0.0
1.81537
3.61396
0.0
0.0
0.0
0.0
0.0
0.0
2.45014
0.0
0.0
0.633474
3.73989
0.0
0.0
0.0
0.0
0.0
0.0
0.0
0.0
0.0
0.0
0.0
2.01731
1.59008
0.0
0.0
0.0
0.0
0.0
3.78682
0.0
1.17758
0.0
2.13204
0.0
0.0
0.0
0.0
0.0
0.0
0.0
1.00485
0.0
0.0
0.0
2.17221
0.0
0.0
0.0
0.0
0.0
1.43743
0.0
1.14223
0.0
0.0
0.0
0.0
0.0
0.0
0.0
0.0
0.0
0.0
0.0
0.0
0.0
0.365728
0.0
0.0
0.0
0.0
0.0
1.16993
1.307
0.0
0.0
2.1496
0.0
0.0
0.00741783
0.0
0.0
0.0
0.0
0.0
0.0
0.0
0.0
0.0
0.0
0.0
0.0
0.0
0.0
0.0
0.925593
0.0
0.0
1.3001
0.0
2.00475
0.0
0.0
0.0
0.0
2.84541
0.0
0.0
0.0
0.378762
0.053297
0.836187
1.99637
0.0
0.0
0.0
0.0
0.0
0.0
0.0
0.0
0.0
0.0
0.267926
0.0
0.0
0.0
0.0
0.0
0.0
3.40219
0.910792
0.0
0.0
1.79664
0.476835
0.0
0.976526
0.0
0.0
0.0
0.28695
0.0
0.0
0.0
0.0
0.0
0.0
0.0
0.0
0.0
0.0
0.0
0.0
0.0
0.118496
0.0954082
0.0
0.0
0.0
0.0
0.0
0.0
0.0
0.0
0.0
0.0
0.0
0.0
0.0
0.0
0.0
0.0
0.0
0.0
0.0
0.0
0.0
0.0
0.0
0.0
0.0
0.0
0.0
0.0
0.0
3.17333
0.0
2.12038
0.0
0.0
0.0
0.0
0.0
0.0
0.0
0.0
0.0
0.0
0.0
0.0
0.0
0.0
0.0
0.0
0.0
0.0
0.0
0.0
0.0
0.0
0.0
0.0
0.00266504
0.0
0.0
7.34309
0.0
3.57359
0.0
0.0
0.0
1.97372
0.0
3.80978
4.11353
0.0
0.0863609
0.0
0.0
0.0
0.0
0.0
0.0
0.0
0.0
0.0
0.0
0.0
0.0
0.0
0.0
0.0
0.235795
0.0
0.0
0.0
0.0
3.79003
0.0
0.0
0.634574
0.0
0.0
0.0
0.0
0.0
0.0
1.47565
2.41823
0.0
0.0
0.0
0.0
0.0
0.0
0.0
1.32115
0.0
0.0
0.0
0.0
0.0
0.369288
0.0
0.0
0.0
0.0
1.05964
0.0
0.0
0.0
5.89154
0.0
0.0
0.0
0.0
0.0
0.0
0.0
0.0
0.0
0.594742
0.0
0.0
0.0
0.0
0.0
3.9933
0.0
0.0
0.0
0.0
0.0
2.46443
0.0
0.0
0.0
0.0
0.0
0.0
0.0
0.490092
0.0
0.0
0.0
0.0
0.0
0.0
0.0
0.0
0.0
0.0
0.0
3.46625
3.39039
2.73323
0.0
0.0
0.0
0.0
0.0
0.0
0.0
0.0
0.0
0.0
0.0
0.0
0.0
0.473731
0.0
0.0
0.34999
0.0
0.0
0.0
0.0
0.0
0.0
0.0
0.0
3.66598
0.0
0.0
0.0
0.0
0.0
0.0
0.0
0.0
0.425049
2.1979
0.0
0.0
2.1534
0.0
0.0
0.0
0.0
0.0
0.0
0.0
0.0
0.0
0.0
0.0
0.0
0.0
0.0
0.0
0.0
0.0
0.0
0.0
0.0
0.0
0.0
0.0
0.0
0.0
0.0
0.0
0.0
0.0
0.934243
0.0
0.0
0.0
0.0
0.0
0.0
0.0
0.195754
0.0
0.0
0.0
0.0
0.0
0.0
0.0
0.0
0.0
0.499092
0.0
0.0
0.0
0.0
0.0
0.0
0.0
1.32276
0.0
0.0
0.0
0.0
0.0
0.0
0.0
0.0
0.0
0.0
0.0
0.0
0.0
0.0
0.0
0.0
0.0
0.464882
0.0
0.0
0.0
0.0
0.382316
0.0
0.0
0.0
1.08221
3.50893
0.0
0.0
0.0
2.73117
0.0
0.0
0.0
0.0
0.0
0.0
0.0
0.0
0.0
0.0
0.0
0.0
0.0
0.0
0.0
0.0
0.0
0.0
0.0
0.0
0.0
0.0
0.0
0.0
0.0
0.0
0.661983
0.0
0.0
0.66724
0.0
0.0
0.0
0.0
0.0
2.77554
4.12576
0.0
0.0
0.0
0.0
0.0
0.0
0.0
0.0
0.0
0.0
0.0
0.0
0.0
0.0
3.82837
0.0
0.0
0.0
0.0
0.0
0.0
0.0
0.0
0.0
0.0
0.0
0.0
0.0
0.0
0.0
0.0
0.0
0.0
0.0
0.0
0.0
0.0
0.0
0.0
0.0
0.0
0.0
0.0
0.0
0.0
0.0
0.0
0.0
0.0
0.0
0.366859
0.0
0.0
0.0
0.0
0.0
0.0
0.0
0.0
1.34653
0.0
0.0
0.0
0.0
0.0
0.0
3.56901
0.0
0.0
0.269282
0.0
0.0
4.18629
0.758889
0.0
0.0
1.94961
0.0
0.0
0.0
0.0
0.0
0.0
0.0
0.0
0.0
0.0
0.0
1.66437
0.0
1.1505
0.593074
0.0
0.0
0.0
1.2055
1.29787
0.0
2.54748
0.713369
2.6169
0.0
0.0
0.0
0.0
0.0
0.0
0.0
0.0
0.0
0.0
0.0450487
0.0
0.0
0.0
0.0
0.0
1.37463
0.0
0.0
0.0
2.47542
0.0
0.0
1.11548
0.0
0.0
0.0
0.0
0.708646
0.0
0.0
0.338103
0.0
2.35584
0.0
0.0
2.91131
0.0
0.0
0.0
0.0
0.0
2.19057
0.0
0.0
0.0
0.0
0.0
0.0
0.0
0.0
0.0
0.0
0.0
0.0
0.0
0.0
0.0
0.0
0.0
0.0
0.0
4.989
0.0
0.0
0.0
0.0
0.0
0.813962
0.0
0.0
0.0
0.0
0.0
0.0
0.888316
0.0
0.0
0.0
0.0
0.0
0.0
1.72118
0.0
0.0
0.550656
4.41918
1.95642
0.0
1.40284
0.0
0.0
0.0
0.0
0.0
0.0
0.0
6.08212
1.23031
0.0
0.0
0.0
0.0
0.0
0.672478
0.0
0.0
0.0
0.0
0.0
0.0
0.0
0.0
0.0
0.0
1.89814
0.0
0.0
0.0
0.0
0.0
0.0
1.07531
0.0
0.0
0.0
0.0
0.0
0.0
0.0
0.0
0.0
0.0
0.0
0.0
0.0
0.0
0.0
0.0
0.0
0.0
0.0
0.0
0.0
0.0
3.13311
0.0
0.0
0.0
0.0
0.0
0.0
0.0
0.0
0.0
0.0
0.0
0.0
1.60782
0.0
0.0
0.0
0.0
0.0
0.0
0.0
0.0
0.0
0.0
0.0
0.0
0.0
0.0
0.0
0.0
0.0
0.0
0.0
0.0
0.0
0.0
0.0
0.0
0.325601
0.0
0.0
0.164056
0.0
0.0
0.0
0.0
0.0
0.0
0.0
0.0
0.0
3.5685
0.0
0.0
0.0
0.0
0.0
0.0
0.0
2.2586
0.0
2.55106
1.86558
0.0
0.0
0.0
0.0
0.0
0.0
0.0
0.0
1.4474
0.0
0.0
0.0
0.0
4.97845
0.0
0.0
0.0
0.0
0.0
0.0
0.0
1.35683
0.0
0.0
0.0
0.0
0.0
0.0
0.0
0.0
0.0
0.910021
0.0
0.0
0.0
0.0
0.0
0.0
0.0
0.0
0.0
0.0
0.0
2.23027
0.0
1.53976
0.0
0.0
4.01722
0.0
0.0
0.0
0.0
0.0
0.0
0.0
0.0
2.69872
0.0
0.386729
0.0
0.0
0.0341014
1.59858
0.560351
0.0
0.0
0.0
0.0
0.0
0.0
1.53831
0.0
0.0
0.0
0.0
0.0
0.0
0.0
0.0
0.0
0.0
0.0
1.00885
0.0
0.0
1.51467
1.44345
0.0
0.0
0.0
0.0
0.0
0.0
0.0
0.0
2.56335
0.0
0.0
0.0
0.0
0.0
0.884853
0.558288
0.0
4.12401
0.0
0.0
0.0
0.0
0.0
0.0
0.0
0.0
0.0
0.0
0.998446
0.0
0.0
0.0
0.0
0.0
0.0
0.0
0.0
0.0
0.967391
0.0
2.02628
0.0
0.0
1.39939
0.0
0.0
0.0
0.0
0.0
0.0
0.0
0.0
0.0
1.79196
0.0
0.0
0.0
0.0
0.0
0.0
0.0
0.0
0.0
0.0
0.0
0.0
0.0
0.030519
0.0
0.0
0.0
0.0
0.0
0.0
0.0
0.0
0.0
0.0
0.0
0.465802
0.0
0.624047
3.53458
0.0
3.57224
0.0
0.0
0.0
0.0
0.0
0.0
0.0
1.35291
0.0
1.19982
5.32365
0.0
0.0
0.0
0.0
0.0
0.0
0.0
0.144577
0.0
0.0
0.0
0.0
0.0
0.0
0.0
0.0
1.49856
0.122125
0.0
0.0
0.0
0.0
0.0
1.1193
0.0
0.0
0.0
0.0
0.0
0.0
0.0
0.0
0.0
2.36057
0.0
0.0
0.0
0.0
0.0
0.0
0.0
0.0
0.0
0.0
0.0
0.0
0.0
3.1669
0.0
0.0
0.0
0.0
0.0
0.0
0.0
0.0
0.0
0.0
0.0
0.0
0.0
0.0
0.0
1.86363
4.44211
0.0
0.0963466
0.0
0.246733
0.0
2.05521
0.0
0.0
0.0
0.0
0.0
0.0
0.0
0.0
0.0
2.2795
0.0
0.0
2.81069
0.0
0.0
0.0
0.0
0.0
1.77569
0.0
0.0
0.0
0.0
0.0
0.0
0.0
0.0
1.89876
0.0
0.0
0.0
0.0
0.0
0.0
0.0
0.0
0.0
0.0
0.0
0.0
0.0
0.0
0.0
0.0
0.0
1.37193
0.0
0.0
0.0
0.0
0.0
3.70347
0.0
1.15804
0.0
0.0
0.0
0.0
0.0
0.0
0.0
0.0
0.0
0.0
0.0
3.87859
0.0
0.0
0.239265
0.0
0.0
0.0
0.0
0.0
0.573911
0.0
0.0
0.0
1.06528
0.818463
0.622975
0.0
0.0
2.45232
0.0
0.985341
0.0
0.0
0.0
0.862542
0.0
0.0
0.0
0.0
0.0
0.0
0.0
0.0
0.0
0.0
0.0
0.0
0.0
0.0
0.0
0.0
0.0
0.0
0.0
0.0
0.0
0.0
1.92959
0.0
0.0
0.0
0.0
0.0
0.0
0.0
2.41202
0.0
0.0
0.0
0.0
0.0
0.0
0.0
0.0
0.0
0.0
0.0
0.0
0.0
0.0
0.0
0.0
0.0
0.0
0.0
0.0
0.0
0.0
0.0
0.0
2.40508
0.0
0.0
0.0
1.24624
0.0
1.30875
0.0
0.0
0.0
0.83338
1.30883
0.0
1.50506
2.29533
0.0
0.0
0.0
0.0
0.0
0.0
0.0
0.0
0.0
0.0
0.0
2.69062
0.0
0.0
0.0
0.0
0.0
0.904476
0.0
0.0
0.0
0.0
0.0
0.0
0.0
0.0
0.0
0.0
0.0
0.0
0.0
0.0586122
0.0
0.257977
0.0
0.0
0.0
0.0
0.0
0.0
0.0127912
0.0
0.0
0.0
0.0
0.0
1.58981
0.603566
0.0
0.0
0.0
0.0
0.0
0.0
0.0
0.0
0.0
0.0
0.0
0.0
0.0
0.0
0.0
3.68177
0.0
0.0
0.0
0.0
0.0
0.0
0.0
0.0
0.0
0.0
0.0
0.0
0.496155
0.0775883
0.0
0.0
5.69571
0.0
0.0
0.0
0.0
0.0
0.0
0.0
0.0
0.409799
0.0
0.0
0.0
0.0
0.0
0.0
0.0
0.0
0.0
0.0
0.0
0.0
0.0
0.0
0.0
0.0
0.0
0.0
0.0
0.0
1.98666
0.0
0.0
0.0
0.0
0.0
0.0
0.0
0.0
5.67888
0.0
3.84696
2.26545
0.0
0.0
0.0
0.0
0.0
1.68787
0.0
1.22234
0.0
0.0
0.0
0.0
0.0
0.0
0.0
0.0
0.0
0.0
0.0
0.0
0.0
3.43397
0.0
0.0
2.3365
0.0
0.0
0.0
0.0
0.0
0.0
0.182628
0.0
0.0
3.02367
0.0
1.5053
0.0
0.0
0.0
0.0
0.0
0.0
0.0
0.0
0.0
0.0
0.0
0.0
0.0
0.0
1.03485
0.406882
0.0
0.0
0.0
0.0
0.0
0.0
0.0
5.03002
0.674915
0.0
0.0
0.898086
0.0
0.0
0.0
0.0
0.0
0.0
0.0
0.0
0.0
0.0
0.0
0.0
0.0
0.0
0.0
0.0
0.0
0.0
0.0
0.0
0.0
0.0
0.0
0.0
0.382855
3.97376
0.0
0.0
1.19728
0.0
0.0
0.0
0.0
0.0
0.0
0.0
0.0
0.0
0.0
0.0
0.0
0.0
0.0
0.0
0.0
0.0
0.230935
0.605288
0.0
0.0
0.0
0.0
0.0
0.0
0.0
0.0
0.0
0.0
0.0
0.0
0.0
2.76577
1.26
0.0
3.02606
1.45347
0.0
0.0
0.0
0.0
0.0
3.373
0.0
0.0
0.0
0.0
0.0
0.0
0.0
0.0
0.0
0.0
0.0
0.0
0.344288
0.0
0.0
0.0
0.0
0.0
2.02953
0.0
0.263249
0.0
0.0
1.34431
0.0
0.0
0.0
0.0
0.0
0.0
0.0
0.466605
2.89481
0.0
0.0
0.0
0.0
0.0
0.0
0.0
0.0
0.0
0.0
0.0
0.0
0.0
0.0
0.0
0.0
0.0
0.0
0.0
0.0
0.0
0.0
0.0
0.0
0.0
0.0
0.0
0.0
1.00173
0.0
0.0
0.0
6.35
0.0
0.0
0.0
0.0
0.0
1.74541
0.334799
0.0
0.0
0.0
0.0
0.0
0.0
0.0
0.26426
0.0
1.91105
0.0
0.753717
0.0
0.0
0.0
0.0
1.27971
0.0
0.0
0.0
0.0
0.0
0.0
0.0
0.0
0.0
0.0
0.0
0.0
0.0
0.0
0.0
0.0
0.0
0.0
0.0
0.0
0.0
0.0
0.0
0.0
4.2512
0.0
0.0
0.0
0.0
0.0
0.0
2.79934
1.51006
0.0
0.0
0.0
0.0
0.0
0.0
0.0
0.645073
0.320852
0.0
0.0
0.0
0.0
0.0
0.0
0.0
0.0
0.0
0.0
0.0
0.0
0.0
0.0
0.0
1.69148
0.0
0.0
0.0
0.0
0.0
0.0
0.0
0.0
0.0
0.0
0.0
0.628186
0.0
0.0
0.0
0.0
0.0
0.0
0.0
1.52998
0.074497
0.0
1.04418
0.0
0.0
0.0
0.0
0.0
0.0
0.0
0.0
0.0
2.22663
0.274123
0.0
0.0
0.0
0.0
0.0
0.0
0.0400066
0.0
0.0
0.0
0.454948
0.0
0.0
0.0
1.32032
0.970233
0.0
0.0
0.0
0.0
0.0
0.701694
0.97509
0.0
0.0
0.0
0.0
0.0
0.0
0.0
3.43726
0.0
0.0
0.0
0.0
0.0
0.569125
0.456992
0.0
0.0
0.0
0.0
0.0
0.0
2.15817
0.0
0.0
0.0
3.25254
0.0
0.0
0.0
0.0
0.0
0.0
0.0
0.0
0.0
0.0
0.0
0.0
1.37288
0.287035
0.0
0.0
0.0
0.941539
2.65544
0.0
0.0
0.0
0.0
0.0
1.26954
0.0
0.0
0.0
0.0
0.0
0.0
0.0
0.0
0.0
0.0
0.0
0.0
0.0
0.0
0.0
0.127219
0.0
0.0
0.0
0.0
1.51994
0.0
0.0
0.0
0.820202
1.5477
0.0
0.0
0.0
0.0
0.0
0.453784
0.0
0.0
3.16519
0.0
0.0
0.0
0.0
0.355549
0.0
0.0
0.0
0.480646
0.0
0.0
0.0
0.0
0.0
0.0
0.0
0.0
0.0
0.0
0.0
0.0
0.0
0.531525
0.0
0.0
0.0
0.0
0.0
0.133673
0.0
0.0
0.0
0.0
0.0
0.0
5.06225
0.0
3.2337
0.641438
0.0
0.0
0.0
1.3509
0.0
0.0
0.340276
0.0
0.0
0.0
0.0
0.0
0.0
0.0
0.0
0.0
2.54589
0.0
0.521293
3.21715
0.0
3.58221
0.0
0.0
2.29435
1.93455
0.0
0.0
0.0
0.0
0.0
2.09208
0.726895
0.0
0.0
0.123043
4.32114
0.0
0.0
0.343074
0.0
2.35475
0.0
1.07893
0.0
0.0
0.0
0.0
0.0
0.0
0.0
0.0
0.0
0.0
0.0
1.79262
0.0
0.32653
2.86482
0.0
0.0
0.0
0.0
0.836768
1.56234
0.0
0.0
0.0929845
4.08331
0.0
0.0
0.0
0.0
3.88479
0.0
0.0
0.0
0.0
0.0
0.0
2.04582
0.957291
0.161978
0.0
0.0
0.0
0.0
0.0
0.0
0.0
0.0
0.0
2.16033
0.0
0.0
0.0
0.0
2.23704
0.0
0.0
0.335864
0.0
0.0
0.0
0.0
1.01478
0.0
0.0
0.0
0.0
0.0
0.0
3.20438
0.0
0.0
0.622438
0.0
0.0
2.06458
0.0
0.0
0.0
0.0
0.0
0.0
0.0
0.0
0.0
0.0
0.0
0.0
0.0
0.0
0.0
0.399087
0.0
0.0
0.0
0.0
0.0
0.0
0.0
0.0
0.0
0.0
0.0
0.0
0.0
0.115033
0.0
0.0
0.0
5.56606
0.0
0.0
0.0
0.0876347
0.0
0.0
0.0
6.18232
0.0
1.99355
0.0
0.0
0.0
0.0
0.0
0.0
0.0
0.0
0.0
0.0
0.0
0.730378
0.0681396
0.0
0.0
0.0
0.0
0.0
0.0
0.0
0.0
0.0
0.0
5.76121
0.0
0.0
0.0
0.0
0.381066
0.0
0.0
0.0
1.39739
0.00385055
0.155949
0.0
0.0
1.21008
0.0
0.0
0.0
0.0
0.0
0.0
0.0
0.0
0.0
0.0
0.0
0.0
0.0
3.16515
0.0
0.0
0.0
0.0
0.0
1.26888
0.0
0.0
0.0
1.53042
0.0
0.0
0.0
0.0
0.0
0.0
0.0
0.0
0.0
1.20569
4.98556
0.0
0.0
0.0
0.0
1.04288
0.0
0.0
0.0
0.0
0.0
0.0
0.0
0.0
0.0
0.0
0.0
0.0
0.0
0.0
0.829446
0.0
4.39276
0.0
0.0
0.0
1.09275
0.0
0.0
3.46581
0.903007
0.0
0.0
0.0
0.0
0.0
0.0
0.0
0.0
0.0
0.0
0.0
0.0
0.0
0.0
0.0
0.474788
3.59737
0.0
0.0
0.0
0.0
3.71791
0.0
0.0
0.0
0.0
0.0
0.0
0.877473
0.0
6.6239
0.0
0.0
0.0
0.0
0.0
0.0
0.0
0.0
0.0
0.0
0.0
0.0
0.0
0.0
0.0
0.0
0.0
0.0
0.0
0.0
4.47513
0.0
0.0
1.46252
0.0
0.320605
0.0
0.0
0.0
0.0
0.0
0.0
0.656339
0.0
0.0
0.0
0.0
0.0
0.0
0.0
0.0
0.0
0.245706
0.0
2.87152
1.27151
0.0
0.0
0.115098
0.0
0.0
0.0
1.5765
0.572816
0.0
1.92841
0.0
2.20268
2.55388
0.0
2.38433
0.0
3.33582
0.0
0.0
0.0
0.0
0.0
0.0
0.0
0.0
0.0
0.0
0.908863
0.0
0.0
0.0
0.0
1.62833
0.0
0.0
0.0
0.0
0.0
0.0
0.0
0.0
0.39607
0.0
0.0
0.142378
0.0
0.0
2.40345
0.0
0.0
0.0
0.0
0.0
0.0
0.0
0.953625
0.0
0.0
0.0
0.0
0.0
0.0
0.0
0.524501
0.0
0.0
0.0
0.0
1.32518
0.0
0.0
1.28221
0.0
0.0
0.0
2.44709
0.0
0.013143
0.0551656
0.0
0.0
0.0
0.0
0.0
0.0
0.0
0.0
0.0
0.0
0.0
0.0
0.0
0.528264
0.0
0.0
0.0
1.94296
2.01995
0.0
0.0
0.0
0.783899
0.0
0.0
0.0
1.07765
0.0
0.0
0.0
0.0
0.0
1.52043
0.0
0.0
0.0
0.0
0.0
0.0
2.53942
0.0
0.0
0.0
0.0
1.37152
0.0
0.0
0.102867
0.0
0.0
0.0
4.40725
0.0
0.0
0.643768
0.0
0.0
0.0
0.0
0.0
0.0
0.0
5.13713
2.20613
0.0
0.0
0.0
0.0
0.0
0.0
0.0
0.368489
0.0
0.0
0.887565
0.0
0.429254
0.0
0.0
0.0
0.0
0.0
1.70204
0.0
0.0
0.0
0.0
0.0
0.0
0.0
0.0
0.0
0.0
0.0
0.0
0.0
5.08433
0.0
0.0
0.0
0.0
0.0
1.0537
0.0
0.0
0.0
0.0
0.0
0.0
0.0
0.0
0.0
1.1985
0.0
0.0
0.0
0.0
0.0
0.0
0.0
0.0
0.0
0.0
0.0
0.0
0.0
0.0
0.0
0.0
0.0
0.0
1.81195
0.0
0.0
0.0
0.0
0.0
0.0
0.0
0.0
0.0
0.0
2.0063
0.0
0.0
1.20293
0.0
0.0
0.0
1.40566
0.0
0.0579049
1.57644
0.0
0.0
0.0
0.0
0.0
0.0
0.0
0.0
0.0
0.0
0.0
0.0
0.0
0.0
0.0
0.0
0.0
0.0
0.0
0.0
2.01356
0.0
0.0
0.12765
3.7447
0.0
0.0
0.0
0.0
0.0
0.0
0.0
0.0
0.0
0.179336
0.0
0.0
0.0
0.0
0.477492
0.614722
0.0
0.0
0.0
0.0
0.0
0.0
0.0
0.0
0.0
0.0
0.0
0.0
0.0
1.03112
0.0
0.0
0.0
0.0
0.0
0.0
0.0
0.0
0.0
0.0
0.0
0.0
0.0
0.0
0.0
0.0
0.0
0.0
0.0
0.0
0.0
0.0
0.0
0.0
0.0
0.0
0.0
0.518853
0.0
2.94398
2.68353
0.0
0.73442
0.0
1.109
0.0
0.0
0.0
0.0
1.01284
2.32416
0.0
0.0
0.0
0.0
0.0
0.0
0.0
0.0
0.0
0.0
0.0
0.0
0.0
0.0
0.0
0.0
0.0
0.0
0.0
2.13577
0.0
0.0
1.88706
0.244473
0.0
0.0
0.0
0.0
0.748506
0.0
0.0
0.0
0.515161
0.0
0.0
0.0
0.0
0.0
0.0
1.05259
0.0
0.0
0.0
0.609001
0.0
0.334915
0.0
0.0
0.0
0.0
1.11822
0.0
0.0
2.48115
0.795984
0.0
0.0
0.0
5.20171
0.0
0.0
0.0
0.0
0.0
0.0
5.44556
0.0
0.0
0.0
0.0
0.0
0.0
0.0
0.0
0.0
0.0
0.0
0.0
3.63786
2.25401
0.0
2.28668
0.0
0.0
0.0
0.0
0.0
0.0
0.0
0.0
0.0
0.0
0.0
0.833558
0.0
0.0
0.0
0.0
0.0
0.0
0.0
0.0
0.155804
0.464737
0.0
0.0
0.0
0.0
0.0
0.0
0.0
0.0
0.464594
4.5075
0.0
0.0
0.0
0.0
0.0
0.0
0.0
0.0
3.70614
0.0
0.0
0.0
0.0
0.0
0.0
0.0
0.0
4.2692
2.53815
2.25199
3.43904
0.0
0.0
3.85947
0.0
0.0
0.0780814
0.0
0.0
0.0
0.0
0.0
0.0
0.0
0.0
0.0
0.0
0.326103
0.0
0.966207
0.0
0.0
0.0
0.0
0.0
0.0
0.0
0.0
0.0
0.889155
0.0
0.0
0.0
0.0
0.0
0.0
0.0
0.0
0.0
0.305714
0.42713
0.0
0.0
0.0
0.0
0.548871
0.0
0.0
0.0
0.0
0.0
0.0
0.0
0.0
0.0
0.0
0.0
0.0
0.0
4.46022
3.50286
0.0
0.0
0.0
0.0
0.0
4.43106
0.0
0.229985
0.534249
0.0
0.0
0.0
0.0
0.0
0.0
0.0
0.0
0.00231175
0.0
0.0
2.0174
0.0
1.44266
0.0
0.0
0.0
2.34273
2.0344
0.0
0.0
0.0
0.0
0.0
0.0
0.0
0.0
0.0
0.0
0.0
0.0
0.0
0.0
0.0
0.0
0.0
0.0
0.0
0.0
0.0
0.0
0.0
0.0
0.0
0.359095
0.0
0.0
0.0
0.0
0.0
0.0
0.0
0.0
0.0
0.0
0.0644325
3.69841
0.0
0.0
0.0
0.0
0.0
0.0
0.0
0.0
0.159806
0.0
0.0
0.910268
2.35527
0.0
0.0
0.0
0.0
0.0
0.0
0.0
0.0
0.0
1.84674
0.0
0.0
0.0
0.0
0.0
0.0
0.0
0.0
0.489789
0.0
0.0
0.0
2.7914
0.0
3.39127
0.0
0.0
0.0
0.858225
0.0
0.0
0.0
0.0
0.0
0.0
0.414272
0.0
0.645691
0.0
0.0
0.0
0.0
0.0
0.0
0.0
1.59836
0.0
0.0
2.54195
0.0
0.0
0.0
0.0
0.0
0.0
0.0
0.0
0.781512
0.0
3.02104
0.0
2.69936
0.0
0.0
0.0
0.0
0.0
0.0
0.0
0.0
0.0
0.0
0.0
0.0
0.0
0.0
3.22458
0.0
0.0
0.0
0.0
0.0
0.0
0.0
0.0
0.0
0.43443
0.0
0.0
0.0
0.0
0.0
0.0
2.52059
0.0
0.0
0.0
1.93467
0.0
0.0
0.0
0.0
0.0
0.0
0.0
0.0
0.0
0.0
0.0
0.0
0.0
0.0
0.0
0.0
0.0
0.0
0.0
0.0
0.0
0.346371
0.189075
0.0
0.0
2.61628
0.0
0.0
0.0
0.0
0.0
0.0
0.0
0.0
0.202683
0.671542
1.13767
0.0
0.139587
0.0
0.0
1.50095
0.0
0.0
0.0
0.0
0.0
0.0
0.0
0.0
0.0
0.0
0.0
4.79485
0.0
0.0
0.0
0.0
0.0
0.0
0.0
0.0
0.154793
0.0
0.0
0.0
0.0
0.0
0.0
0.0
0.0
0.672136
0.0
0.0
0.0
0.0
0.0
0.0
0.0
0.0
0.0
2.55953
0.0
0.0
0.0
0.0
0.0
0.58147
0.0
1.13438
0.0
0.0
0.0
0.0
0.0
0.0
0.0
0.0
0.0
0.0
0.0
2.15922
0.0
0.0
0.0
0.0
1.062
0.0
0.0
2.8487
0.0
0.0
0.0
0.0
0.378982
0.0
0.250792
0.0
0.0
0.0
0.0
0.0
0.0
0.0
0.0
0.0
0.0
0.00636947
0.38285
0.0
0.0
0.0
0.0
0.0
0.0
0.0
0.0
0.0
0.840484
0.0
0.0
0.0
0.0
0.754464
0.0
0.0
0.0
0.0
0.0
0.0
0.0
0.0
0.0
0.0
0.0
0.0
0.0
0.0
0.0
0.0
0.0
2.78828
2.11517
0.0
0.0
0.0
0.0
0.0
0.0
0.0
0.0
0.0
0.0
0.0
0.0
0.0
0.0
0.0
0.0
0.0
0.0
0.0
0.0
1.05859
0.0
0.0
0.0
0.0
0.0
0.0
0.0803037
0.406145
0.0
0.0
0.0
1.48095
0.0
0.0
0.0
0.0
0.0
0.0
0.0
4.36589
0.0
0.0
0.0
2.36089
0.0
2.41068
0.0
0.0
0.944905
0.0
0.0
1.07162
0.0
0.0
0.0
2.6796
0.0
0.0316083
0.0
0.0
0.0
0.0
0.0
0.0
0.0
0.0
0.0
1.67863
0.0
0.0
0.0
0.0
2.33297
0.0
0.0
0.0
0.0
0.0
0.0
0.0
0.966456
0.0
0.0
0.0
0.0
0.0
0.0
0.524922
0.0
0.0
1.50108
0.0
0.0
0.0
0.882231
0.0
0.0
0.0
0.0
1.77513
0.0
0.0
0.0
4.35285
0.0
0.0
0.0
0.0
0.0
0.0
0.0
0.0
0.251139
0.0
0.0
0.0
0.0
0.0
0.0
0.0
0.0
0.0
0.0
0.0
0.0
0.0
0.0
0.0
0.0
0.0
0.0
0.0
0.0
0.0
0.0
0.0
0.0
0.0
0.0
1.62547
0.0
0.0
0.0
0.0
0.0
0.0
0.0
0.0
1.7166
0.0
0.0
0.0
2.55082
0.0
0.0
1.8906
0.0
0.0
0.0
0.0
1.96849
0.0
0.0
0.288751
0.0
0.0
0.0
0.0
0.0
0.0
0.0
0.0
0.194238
0.0
0.0
0.0
0.0
0.0
0.0
0.0
0.0
0.0
0.0
0.0
0.0
0.0
0.0
0.0
0.0
0.0
0.0
0.0
0.0
0.0
0.0
0.0
0.0
1.69221
0.0
0.0
0.0
0.0
0.0
0.0
0.0
0.0
0.260518
1.68555
0.0
0.0
0.0
1.33369
0.0
7.76084
0.0
0.0
0.0
0.0
0.0
0.0
0.0
0.0
0.0
0.0
0.200157
0.0
0.0
0.0
0.0
0.0
0.0
0.0
0.0
0.0
0.0
0.0
0.0
0.0
0.985857
0.387223
0.0
0.0
0.0
0.0
0.0
0.0
0.0
0.0
0.0
3.70257
0.0
0.0
0.0
0.0
0.0
1.90151
2.41227
0.0
0.0
0.0
0.0
0.0
0.0
0.69795
0.0
0.0
0.0
0.0
0.0
0.0
0.0
0.0
0.0
0.0
0.056065
0.0
0.0
0.0
0.0
0.0
0.0
0.0
0.0
0.0
0.0
0.0
0.0
0.0
2.94045
0.0
3.04899
1.56001
0.0
0.0
0.0
0.0
0.0
0.0
0.0
0.0
0.0
0.0
0.0
0.0
0.0
0.0
0.0
0.0
0.0
0.0
0.0
0.0
0.0
0.0
0.0
0.862082
0.0
0.0
0.0
0.0
0.0
1.15397
0.0
0.0
0.0
0.0
0.0
0.0
0.0
0.0
0.0
0.0
0.0
0.0
0.411474
0.0
0.0
0.0
0.0
0.0
0.0
0.0
2.04739
0.0
2.04285
0.0
0.0
0.0
0.0
0.0
0.0
0.0
0.0
0.0
0.0
0.0
0.0
0.0
0.0
0.0
0.0
0.0
1.81508
0.0
0.0
0.0
0.0
0.0
0.0
0.0
0.0
0.0
0.0
0.0
0.0
0.0
0.0
0.0
0.0
1.41462
0.0
0.0
0.0
1.57112
0.0
2.80159
0.0
0.0
0.0
0.0
0.0
0.0
3.21887
0.994737
0.0
0.0
0.0
0.0
0.0
0.382942
0.0
0.838416
0.0
0.0
2.64098
2.86209
0.0
0.0
0.0
0.0
0.0
0.0
0.0
0.0
0.0
0.0
0.0
0.324399
0.0
0.886664
0.0
0.0
0.0
0.0
0.0
0.0
2.7707
0.0
0.0
0.0
0.0
0.0
0.0
0.0
0.0
0.568342
0.0
0.0
0.0
0.0
0.0
0.0
0.0
0.0
0.0
0.0
0.0
0.0
0.0
0.759654
0.0
0.0
0.0
0.665558
2.71329
0.0
0.0
0.0
0.558987
3.94747
0.0
0.852243
0.0
0.0
0.0
0.0
0.0
0.0
0.0
0.0
0.0
0.0
0.0
0.0
0.0
0.0
0.0
0.0
0.0
0.0
0.0
5.45239
0.0
0.0
0.0
1.33919
0.0
1.32571
0.0
0.0
0.0
0.0
0.0
0.0
0.0
0.0
0.0
0.0
0.0
1.98692
0.0
1.91876
0.0
0.0
0.0
0.0
0.0
0.0
0.0
0.194566
1.65555
0.0
0.0
0.0
0.0
0.0
1.56843
0.506954
0.0
0.0
0.0
0.0
1.79767
0.0
0.0
0.0
0.0
0.0
3.04781
0.0
1.59094
0.403277
0.0
1.52672
0.0
0.0
0.0
0.0
1.39368
0.0
0.0
0.0
0.0
0.0
0.0
0.0
0.0
0.0
1.40704
0.0
0.0
0.0
0.0
0.0
1.23569
0.0
0.0
0.0
0.0
0.0
0.0
0.0
0.0
0.0
4.79194
0.0
0.800225
0.0
0.0
0.0
0.0
0.0
0.0
0.0
0.679234
0.0
0.0
3.21598
0.0
0.0
0.0
0.0
1.36237
0.0
0.0
0.355732
0.0
0.0
0.341988
0.0
0.0
0.0
0.0
0.0
0.0
0.0
2.27674
0.0
0.0
0.0
0.0
0.0
0.0
0.0
1.16013
0.0
0.0
0.0
0.0
2.57097
0.0
0.0
0.0
0.0
0.0
0.0
2.04037
0.0
1.33561
0.138619
0.0
0.0
0.0
2.30867
0.0
0.0
3.94097
0.0
0.922718
0.0
1.42253
0.0
0.0
0.0
0.0
0.0
0.0
0.0
0.0
0.0
0.0
0.0
0.0
0.0
0.0
0.0
0.0
0.0
0.0
0.0
0.0
0.174789
0.0
0.0
0.0
0.0
0.0
0.0
0.0
0.0
4.96422
3.35202
0.0
0.0
0.0
0.0
0.0
0.0
0.0
0.0
0.0
0.0
0.0
0.0
0.0
1.70431
0.0
0.0
0.0
0.0
0.0
1.36074
0.0
0.0
0.0
2.0327
0.0
0.0
3.608
0.0
4.08583
0.0
0.0
0.0
0.0
0.0
0.181588
2.75244
0.0
0.0
0.0
0.0
0.0
0.319478
0.0
0.0
0.0
0.0
0.0
1.75204
0.184389
0.7305
0.0
0.0
0.0
0.0
0.0
0.0
0.0
0.224438
0.0
1.41535
0.0
0.0
0.0
0.0
0.0
0.0
0.0
0.0
2.01385
0.0
0.0
0.833983
0.0
0.0
0.0
1.34301
0.0838405
0.0
1.51495
0.0
2.02527
1.55978
1.44327
0.0
0.41133
3.68849
0.0
0.0
0.0
0.0
0.0
2.02405
0.0
0.0
0.812126
0.0
0.0
0.0
0.0
0.0
0.0
0.0
0.0
0.0
0.0
0.0
0.0
0.0
1.33552
0.0
0.0
1.74544
0.0
0.0
0.0
0.0
0.0
0.0
0.0
0.0
0.0
0.0
0.0
0.0
0.0
0.0
2.55759
0.0
2.16232
0.0
1.24599
0.490055
0.0
0.0
0.0
0.0
0.0
0.0
0.0
0.0
0.0
2.55622
0.0
0.0
0.0
0.0
0.0
0.0
0.0
0.0
0.0
0.0
0.0
0.0
0.0
0.0
0.0
2.97966
1.60909
0.0
0.0
0.0
0.0
0.0
0.0
0.0
0.0
0.0
0.0
0.0
0.148773
0.0
0.0
0.0
0.0
0.0
0.0
0.0
0.0
0.0
0.0
0.0
0.0
0.0
0.0
4.14181
0.0
0.0
2.49311
0.0
0.0
2.67345
0.0
0.0
0.0
0.0
0.0
4.20488
0.0
0.0
0.0
0.0
0.0
0.0
0.0
0.0
0.0
0.0
0.0
0.0
0.0
0.0
0.0
0.0
0.0
0.0
0.0
0.0
0.0
0.0
0.0
0.366518
1.93487
0.0
0.0
0.0
0.0
0.0
0.0
5.24045
0.0
0.0
0.0
0.0
0.0
0.0
1.14422
0.0
0.0
0.0
0.0
0.0
0.0
0.0
0.0
0.0
0.0
0.0
1.9913
0.0
0.0
