0.0
0.0
3.60488
0.0
0.931939
0.0
0.0
0.0
0.0
0.0
0.0
0.0
0.0
1.78265
0.0
0.0
0.0
1.34316
0.0
0.0
0.0
0.168895
0.0
0.0
0.0
0.0
0.0849977
0.0
0.0
0.0
0.0
1.46118
0.0
5.14629
0.0
0.0
0.0
0.0
0.0
0.0
0.0
0.0
0.0
0.0
0.0
0.799679
0.0
0.0
0.0
0.962353
0.0
0.0
0.0
0.0
0.647727
0.0
0.121124
0.0
0.0
0.0
0.0
0.0
0.0
4.08132
0.0436603
0.0
0.0
0.0
0.404143
0.0
0.0
0.0
1.40699
0.0
0.0
0.0
0.0
0.0
0.0
0.0
1.47192
0.0
0.0
0.0
0.386039
0.0
0.0
0.0
0.0
0.0
0.0
0.0
0.0
0.0
0.0
0.0
0.0
0.0
0.567758
0.0
0.0
0.0
0.0
0.0
0.0
0.0
2.66748
0.0
0.0
2.93629
0.0
0.0
0.0
0.55545
0.0
0.0
0.0
1.3811
1.10348
0.0
0.0
0.0
0.0
0.0
1.267
0.0
0.0
2.34373
0.0
0.0
0.0
0.0
0.0
0.0
4.40706
0.0
0.0
0.0
0.0
0.0
0.0
3.84274
0.0
0.0
0.0
0.0
0.910857
0.0
1.42787
0.0
0.0
0.0
0.818271
0.0
0.0
0.0
0.0
0.0
0.0
0.0
0.0
0.0
0.0
0.0
0.0
0.0
0.0
0.0
0.0
0.749366
0.0
0.385287
0.0
0.933575
0.0
0.0
0.712498
0.0
0.0992625
0.725613
3.30321
0.0
0.0
0.0
0.0
0.0
0.824869
0.0
0.0
2.13639
0.0
0.0
1.47198
0.0
0.0
0.0
0.0
0.0
0.0
1.59671
0.0
0.0
0.0
0.0
0.0
0.0
0.0
0.0
0.0
0.0
0.0
0.192373
0.0
0.0
1.4392
2.48291
0.0
0.0
0.0
0.0
0.0
4.12802
0.0
0.0
0.0
0.0
0.0
0.0521382
0.0
0.0
0.0
0.0
0.0
3.4364
0.0
0.0
0.0
0.722847
0.0
0.0
0.0
0.0
0.0
1.45029
0.0
0.0
0.0
0.459582
0.0
0.0
2.44944
0.0
0.0
0.0
0.0
0.0
0.0
0.0
0.0
0.395617
0.0
0.0
0.0
0.0
0.0
0.0
1.3629
0.0
0.0
0.0
0.0
0.0
0.0
0.0
0.0
0.0
0.0
0.0
0.0
0.0
0.660659
0.0
0.496605
1.41383
0.0
0.0
0.0
0.0
0.0
0.0
0.0
0.0
0.0
0.0
6.05354
0.376342
1.7489
0.0
0.0
0.0
0.0
4.21867
0.0
0.0
0.0
0.0
0.0
0.0
0.0
0.0
0.0
0.0
0.0
0.0
0.306145
0.0
0.0
0.0
0.0
0.0
0.0982164
0.0
0.0
0.0
0.0
0.0
0.477327
0.0
0.0
2.10853
0.0
0.0
0.0
0.0
0.0
0.0
0.0
0.0
0.0
0.0
0.0
0.935302
1.11858
0.0
0.166868
0.0
0.0
0.0
0.0
0.0
0.0
0.287665
0.0
0.0
0.0
0.0
0.0
0.0
0.0
0.0
0.0
0.0
0.0
0.0
0.0
0.0
0.0
0.0
0.0
0.0
0.0
0.0
0.0
0.0
0.0
0.0
0.0
0.0
0.0
1.90241
0.0
0.0
0.0
0.0
0.0
0.0
0.0
0.541536
1.46267
0.0
0.0
0.0
0.0
0.0
0.0
0.0455296
2.18046
0.0
0.0
0.0
0.0
0.0
0.0
0.0
1.32816
0.0
0.0
0.0
0.0
0.0
0.0
0.0
0.0
0.0
0.134193
0.0
0.0
0.0
0.0
0.0
0.0
0.0
0.788328
0.0
0.0
0.0
0.0
0.0
0.0
0.0
4.41008
1.63174
0.0
0.0
0.0
0.0
0.0
0.0
0.278821
0.0
0.0
1.61909
0.0
0.0
0.0
0.0
0.0
0.0
0.0
0.0
0.0
0.0
0.0
0.407547
0.0
0.60999
0.0
0.0
0.0
1.82527
0.0
0.666242
0.0
0.0
0.0
0.0908123
0.0
0.0
0.0
1.64905
0.0
0.0
0.0
0.0
0.0
0.986354
0.0
0.0
0.149115
0.0
0.0
0.0
0.0
0.572881
0.0
0.0
0.0
0.0
0.0
0.0
0.0
0.0
0.0
0.0
0.0
2.68607
1.78817
0.0
0.0
0.0
0.0
0.122162
0.0
0.0
0.0
0.737104
0.0
0.0
0.0
2.01092
0.0
1.32896
0.0
0.54046
0.707387
0.0
0.0536617
1.99083
0.0
0.0
0.0
0.0
0.0
0.0
0.0
1.04932
0.0
0.0
0.0
0.0
0.0
0.0
4.19444
0.850151
0.0
0.0
2.59402
0.0
0.0
0.0
0.0
0.0
0.0
0.0
0.0
0.17747
0.0
0.0
0.0
0.0
0.0
1.53531
0.0
0.0
0.106088
0.0
0.0
0.0
0.0
0.0
0.0
0.0
0.0
0.0
0.0
0.0
5.99986
0.0
0.0
0.0
0.0
0.387933
0.0
0.0
0.0
0.0
0.353902
0.0
0.0
0.0
0.0
0.0
0.0
0.0
0.0
0.0
0.0
0.0
0.0
0.0
0.0
0.0
0.113257
0.0
0.0
0.0
0.431113
0.0
0.0
1.0188
0.0
0.0
0.0
0.0
1.81326
0.0
0.0
0.0
0.0
0.0
0.0
0.0
0.0
0.0
0.0601355
0.0
0.0
0.0
0.0
0.0
4.7223
0.0
0.0
0.0
0.353224
0.0
0.0
0.0
0.0
0.0
0.0
0.524484
0.0
0.0
0.0
0.0
3.47649
0.0
0.0
0.0
0.0
0.203281
0.0
0.772467
0.0
0.0
0.0
0.0
0.0
0.0
0.0
0.0
0.0
0.0
0.0
0.0
0.0
3.46215
0.0
0.0
0.54782
0.0195856
0.0
0.0
0.0
0.0
2.33603
1.32081
0.0
0.0
0.0
0.0
0.0
0.0
3.07105
0.0
0.0
0.0
0.0
0.0
0.0
0.0
0.0
2.54321
0.0
0.0
0.0
0.0
0.0
0.0
0.0
0.0
0.0
0.0
1.67579
0.0
0.0
0.0
0.0
0.0
0.0
0.0
0.0
0.405107
0.0
0.0
0.0
2.60942
0.0
0.0
0.0
0.587921
0.789906
0.0
0.0
0.0
0.0
0.0
0.0
0.0
0.0
0.0
0.0
0.0
1.50748
0.373206
0.0
0.0
4.47098
0.693385
0.0
0.640736
0.0
0.0
0.0
1.9751
0.0
0.0
0.0
0.0
0.0
0.0
0.0
0.0
0.0
0.0
0.0
0.0
0.0
0.0
1.63197
3.73056
0.0
0.0
0.0
0.0
0.0
0.0
1.72696
0.0
1.24492
1.9101
0.0
0.0
0.0
0.0
0.0
0.0
0.0
0.0
0.0
0.0
0.0
0.887775
0.0
0.0
0.0
0.0
0.0
0.485739
0.0
0.0
0.0
3.78217
0.0
0.0
0.0
0.0
0.0
0.0
0.0
0.0
0.0
0.0
2.91796
0.0
1.21679
0.0
4.38164
5.60436
0.0
0.0
0.0
3.50192
0.0
0.0
0.0
0.0626936
0.0
0.0
0.0
0.0
0.0
0.0
0.0
0.0
2.07919
0.0
0.0
0.0
0.0
0.0
0.0
0.0
0.0
1.08274
0.0
0.0
0.0
0.0
0.0
0.873323
0.0
0.0
0.0
0.0
0.0
0.0
0.0
0.0
0.0
1.11969
0.0
0.0
0.0
0.0
0.0
2.31706
0.0
0.465994
0.0
0.0
0.0
0.0
0.904753
0.0
0.0
0.0
0.0
0.0
5.96438
0.89798
0.0
0.0
0.0
0.0
0.0
1.03652
0.0
0.0
0.0
0.0
0.0
0.0
0.75214
0.0
1.75034
0.0
0.952286
0.0
0.0
3.85791
0.0
0.0
0.0
0.0
0.0
0.0
0.0
0.0
0.0
6.96601
0.0253755
0.0
6.34951
0.0
0.0
0.0
0.0
0.0
0.0
0.214183
0.0
0.0
0.0292806
0.0
0.0
0.0
2.73008
0.0
0.0
0.0
0.0
0.0
0.0
0.0
0.0
0.0
0.0
0.0
0.0
0.0
0.0
0.0
0.0
0.0
0.0
0.0
0.0
1.19496
0.0
0.0
0.0
0.0
0.0
0.0
0.0
0.0
0.0
0.0
0.0
0.0
0.0
1.41378
0.0
0.0
0.790801
0.0
0.0
0.855395
0.0
4.6073
0.0
0.0
0.0
0.541417
0.0
0.0
0.0
0.686746
0.0
0.0
0.0
1.54223
1.51496
0.0
0.0
0.0
0.754573
0.0
0.615239
0.0
0.0
0.0
0.0
0.0
0.0
0.0
0.0
0.0
0.0
1.86014
5.25933
0.0
0.0
0.40329
0.0
0.0
0.0
0.0
0.0
0.0
0.368231
0.0
0.0
0.0
0.0
0.0
0.0
0.0
0.0
0.0
0.0
0.0
0.0
0.0
0.0
0.0
0.0
0.0
0.0
0.0
0.0
0.0
0.0604219
0.0
0.0
1.00611
0.0
1.48696
0.0
0.0
0.0
0.0
0.0
0.0
0.0
0.0
0.419239
0.0
0.281885
0.0
0.0
0.866712
0.0
0.0
0.0
0.0
0.0928372
0.0
0.0
0.0
0.0
3.37753
0.0
0.0
2.46894
0.0
0.273776
0.684259
0.0
0.0
0.0
0.0
0.0
1.06472
0.0
3.25833
0.75161
0.0
0.0
0.0
0.0
0.0
0.0
1.02745
2.77375
3.85299
2.77809
0.0
0.0
0.0
0.0
0.0
1.0903
0.0
0.0
0.0
0.0
0.0
0.0
0.0
0.0478801
0.0
0.0
0.0
0.0
0.0316242
0.0
1.05944
0.0
0.0
0.0
0.0
0.0
0.0
0.0
1.07677
0.0
0.0
0.0
0.0
0.0
0.0
0.0
0.0
0.0
1.93847
0.0
0.0
0.0
0.0
0.0
0.0
0.0
0.0
0.0
0.0
0.0
0.0
0.0
0.0
0.0
0.0
0.0588751
2.27164
0.0
0.0
1.54738
0.0
0.0
0.0
0.0
0.0
0.0
1.05604
0.0
0.0
0.0
0.0
0.0
0.0
0.0
1.16852
0.0
0.0
0.0
0.406386
0.0
0.0
0.565778
1.30293
0.0
0.0
0.0
0.0
0.0
0.0
0.0
0.0
0.0
0.0
0.0801601
0.0
1.95124
0.0
0.0
2.90074
0.0
0.0
0.0
1.91937
0.995451
0.0
1.24855
0.0
0.0
0.0
0.0
0.0
0.0
0.0
0.0
0.0
0.0
0.0
0.0
0.0
1.01527
0.0
0.0
0.0
0.0
0.0
0.73257
0.0
0.0
0.0
0.0
0.0
0.0
0.0
0.655732
0.0
0.0
0.0
1.93663
0.0
0.0
0.0
0.764855
0.0
0.0
0.0
0.0
0.0
0.467196
0.0
0.338299
3.0072
0.0
0.0
0.0
0.0
0.0362177
2.10543
0.0
0.0
0.0
0.0
0.0
1.1446
0.278691
0.0
0.0
1.51125
0.0
0.0
4.03693
0.0
0.0
0.0
0.0
0.0
1.51835
0.483311
0.0
0.0
0.869175
0.0
0.0
0.0
0.0
0.0
0.0
0.0
0.0
0.0
0.0
0.0
2.04235
0.0
0.0
0.0
0.0
0.79706
0.0
0.0
0.0
0.0
0.0
0.0
0.0
0.0
0.0
0.0
0.0
0.0
0.0
0.0
0.0
0.0
0.0
0.0
0.0
0.0
0.0
0.0
0.0
0.0
0.0
2.85386
0.0
0.0
1.7664
0.0
0.0
0.0
0.538894
0.0
0.0
0.0
0.0
0.0
0.0
0.318681
0.151162
0.0
0.0
2.16638
0.0
0.0
0.0
0.0
1.17544
1.42295
0.0
0.0
0.0
0.0
0.0
3.97831
0.0
0.0
0.0
0.0
0.0
0.0
0.0
0.0
0.0
0.0
0.0
0.0
0.0
1.03335
0.0
0.0
0.0
0.0
0.0
0.0
0.0
0.0
0.0
0.0
2.48023
0.0
0.0
2.03999
0.0
0.0
0.0
0.0
0.0
0.0
1.20274
0.0
0.307009
0.0
0.0
0.0
0.0
0.0
0.0
0.0
0.0
0.0
0.0
0.254436
1.87139
1.37571
0.0
0.0
0.0
1.5159
0.0
5.23744
1.22207
4.07617
0.0
0.0
0.0
0.0
0.0
0.05028
0.0
0.0
0.0
0.0
0.0
3.3993
0.0
0.0
0.0
0.0
0.0
2.25592
0.0
0.0
0.0
0.0
0.0
0.149337
0.0
0.27616
0.0
0.0
0.0
0.0
0.0
0.0
0.0
0.0
0.0
0.297812
0.0
2.7839
0.0
0.0
0.0
0.0
0.0
0.0
1.27026
0.0
0.0
0.0
0.0
0.0
0.0
0.0
0.171136
0.0
0.0
0.0
0.0
0.300022
0.0
0.0
0.0
0.0
0.0
0.0
0.0
0.0
0.0
0.0
0.0
0.0481516
3.62331
0.0
0.0
0.0
0.0
0.0
0.0
0.0
0.0
0.0
0.0
0.0
1.19599
0.0
0.0
0.0
4.2218
0.0
2.96325
0.0
0.379614
0.0
0.0
0.0
0.0
0.0
0.0
0.0
0.0
0.0
0.0
0.0
0.0
0.0
0.0
0.0
0.0
0.0
0.555701
0.0
0.0
0.0
0.821951
0.0
1.40769
0.0
0.130539
0.0
0.0
0.0
0.0
0.0
0.0
0.0
0.0
3.47073
0.0
0.293157
0.0
0.0
0.0
0.4726
0.0
0.0
1.52731
0.0
0.0
0.0
0.0
0.0
0.0
0.0
0.0
0.0
0.0
0.0
0.0
0.0
0.0
0.0
1.56785
0.0
0.0
0.0
0.953326
0.0
0.0
0.0
0.0
0.533398
0.0
0.0
0.0
4.53758
0.953424
0.0
0.0
0.0
0.0
0.0
0.0
0.0
0.0
0.0
0.268362
0.212438
0.0
0.0
0.0
0.0
0.0
0.0
0.123416
0.0
0.238458
0.0
0.0
0.0
0.0
1.91754
0.864162
0.0
0.0
0.0
0.0
0.0
0.0
0.0
0.0
0.0
0.0
0.0
0.0
0.0
0.0
0.0
0.0
0.0
0.0
0.0
0.0
0.0
0.0
0.0
0.0
0.0
0.0
0.0
0.0
0.0
0.0
0.0
0.0
0.0
0.0
0.0
0.84682
0.0
0.576947
0.0
0.0
0.0
0.0
0.742945
0.0
0.0
0.0
0.0
0.0
0.0
0.0
0.0
0.0
0.0
0.679143
0.0
0.0
0.0
0.0
0.0
0.0
0.0
0.0
0.0
0.0
0.0
0.0
3.03507
0.029505
0.0
0.0
0.0
0.0
1.58458
1.26574
5.34105
0.0
0.0
0.0
0.0
0.0
0.0
0.0
0.389688
0.0
0.0
0.0
0.305526
0.0
0.0
0.0
0.0
0.0
0.0
0.670482
0.0
0.0
0.0
0.770727
3.16046
0.0788666
4.26142
0.0
0.0
0.0
0.0
0.0
0.0
0.0
0.0
0.0
0.454365
0.217796
0.0
0.0335333
0.0
0.0
0.0
0.0
0.0
0.0
3.62446
0.0
0.0
1.52328
0.0
0.292212
0.0
0.0
0.0
0.0
0.0
0.0
0.0
0.0
0.0
0.0
0.0
0.0
0.0
0.538401
1.61567
0.0
0.0
1.4813
0.0
0.0
1.6973
0.0
0.0
0.0
0.0
0.0
0.125327
0.0
0.0
0.0
0.0
0.0
0.130149
0.0
0.0
0.0
0.0
0.0
0.0
0.0
0.0
0.0
0.0
0.0
0.0
0.0
0.0
0.0
0.0
0.0
0.0
0.0
0.0
0.0
0.0
0.0
0.0
0.0
0.0
0.0
0.0
0.0
0.0
1.08049
0.0
0.0
0.0
0.0
2.07845
1.85791
0.698096
0.0
1.94894
0.0
0.0
0.0
0.0
0.0
0.0
0.0
0.0
4.24971
0.0
2.56368
0.0
1.7042
0.0
0.0
0.0
0.0
0.0
0.0
0.0
0.0
0.289925
0.0
0.0
0.0
0.0
0.0
0.0
0.0
0.0
0.0
0.0
0.0
0.0
0.0
0.0886083
0.0
0.0
0.0
0.0
0.0
0.0
0.0
0.0
1.1467
0.0
0.0
0.0
0.0
0.0
0.0628858
0.0
0.0
0.000394493
0.0
0.0
0.0
2.4326
0.0
0.0
4.49862
0.0
0.0
0.0
2.97443
0.0
0.0
0.0
0.096186
0.0
3.13844
0.0
3.52867
0.545764
0.0
0.0
0.0
0.0
0.0
0.0
0.0
0.746447
0.0
0.0
0.0
0.0
0.0
0.0
0.29591
0.0
0.0
0.0
0.0
0.0
2.35145
0.0
0.0
0.0
0.0
0.0
0.811323
0.0
0.0
0.0
0.0
0.0
2.24161
0.0
0.0
0.0
0.0
0.0
0.0
0.0
0.0
0.0
0.0
0.0
0.0
0.0
0.0
0.0
0.0
3.17585
0.0
5.98158
0.0
0.0
0.0
0.0
0.0
0.0
0.0
3.32525
0.0
0.0
0.0
0.0
0.0
1.08244
0.0
0.0
0.0
0.0
0.0
0.0
0.0
0.0
0.0
0.0
0.0
0.0
0.0
0.0
0.0
0.0
0.0
0.0
3.38467
0.0
0.0
0.0
0.0
0.0
0.0
0.0
2.04355
0.0
0.0
0.944972
0.0
0.0
0.0
0.0
0.0
0.0
0.0
0.0
0.0
0.0
0.0
0.0
0.0
0.0
0.0
0.0
0.0
0.0
0.527637
0.0
0.0
0.0
0.0
0.0
0.0
0.0
0.0
0.0
0.0
0.0
0.0
0.0
2.72074
0.0
4.12174
2.72366
0.0
0.918931
0.0
1.61921
0.0
0.0
0.0
0.0
2.04429
0.0
0.0
0.0
0.0
2.49431
0.0
0.0
0.0
0.0
0.533258
4.22439
0.0
3.1969
0.823596
0.0
3.77758
0.533123
0.0
0.0
0.0
0.0
0.870696
3.97339
0.0
0.0
0.0
3.36087
0.0
0.0
0.0
0.98356
0.0
0.0
0.0
0.0
0.0
1.8409
0.0
2.19
0.0
0.0
0.0
0.0
0.0
0.0
0.0
3.16472
1.93709
0.0
3.53549
0.0
0.0
0.0
0.0
2.07514
0.0
0.0
0.0
0.0
1.07743
0.0
0.0
0.0
0.0
0.64454
0.0
0.0
0.0
0.0
0.0
0.0
0.278585
0.0
0.0
0.0
0.0
0.0
0.0
0.0
0.0
0.0
0.0
0.0
2.40622
0.0
0.0
0.0
0.0
3.25428
0.0
0.0
0.0
0.0
0.0
0.849677
0.0
0.0
0.0
0.0
0.0
0.0
0.0
0.0
0.0
0.0
0.0
0.0
0.0
0.0
2.62902
0.0
0.0
0.0
1.2609
0.0
0.0
0.0
0.0
0.0
0.0
0.0
0.0
0.0
0.0
0.0
0.0
1.49661
0.0
0.0
0.0
0.0
0.0
0.237341
0.0
0.0
0.0
3.0591
0.0
0.0
0.0
0.0
0.0
0.0628307
4.63059
0.0
0.0
2.48233
0.0
0.0
0.0
0.0
5.39458
0.0
0.0
0.0
0.0
0.0
0.0
0.0
0.0
0.0
0.0
0.0
0.0
0.0
0.0
0.182807
0.463533
0.0
0.0
0.0
0.0
0.0
0.0
0.0
0.0
0.0774929
0.0
6.4633
0.0
0.0
0.0
4.22934
0.0
0.0
0.0
1.81791
0.0
0.0
0.0
0.0
0.0
0.0
0.0
0.0
0.0
0.0
0.0
0.0
0.0
0.0
0.0
0.869534
0.0
0.0
0.0
0.0
0.0
0.0
1.75862
0.0
2.86582
0.0
0.0
0.621065
1.02427
0.0
0.0
0.0
0.0
0.0
0.601813
0.0
0.0
0.0
0.0
2.95079
0.0
0.0
0.0
0.0
0.0
0.0
0.0
0.0
0.0
0.0
0.0
0.0
0.0
0.0
0.0
0.0
0.0
0.0
0.0
0.884941
0.0
0.0
0.0
0.0
0.0
0.0
0.0
0.0
2.57118
0.0
0.0
0.0
0.0
0.0
0.0
0.0
0.272392
0.0
0.0
0.0
0.0
0.0
0.0
0.0
0.0
0.0
0.0
0.0
0.0
0.0
0.0
5.30595
0.0
0.664429
0.0
0.0
1.66567
0.0
2.4745
0.0
6.37593
0.0
0.0
0.0
0.0
0.0
0.0
0.0
0.0
0.0
0.0
0.0
0.0
0.0
0.0
0.0
0.0
0.0
0.0
0.0
0.0
2.58401
0.0
0.0
5.66083
0.0
4.49889
0.0
0.0
0.0
0.0
0.0
0.0
0.0
0.0
0.0
0.0
0.588842
0.0
0.0
0.0851595
0.0
0.0
0.0
0.0
0.0
0.0
0.0
0.0
0.774099
0.0
0.0
1.03936
0.0
3.21849
0.0
1.47156
0.0
0.0
1.45532
0.0
0.0
0.0
5.34659
0.0
6.09697
0.0
0.0
0.0
1.5112
0.0
0.0
0.0
0.0
0.0
0.0
0.0
0.0
0.0
0.0708151
0.0
0.0
0.0
0.0
0.0
0.0
0.0
0.0
5.75507
0.0
0.658974
0.0
0.0
0.0
1.67737
0.0
0.0
0.0
0.0
0.0
0.0
0.0
0.0
0.0
2.74047
0.0
3.73351
0.0
0.0
0.0
0.0
0.0
0.0
0.0
0.0
0.0
0.0
0.112229
0.0
0.0
0.0
0.0
1.74979
0.0
0.0
1.52576
0.0
0.0
0.0
0.186732
0.0
0.0
0.187306
1.65576
0.0
0.0
0.0
0.0
0.0
0.654922
0.0
0.0
0.0
0.0
0.0
0.0
0.0
2.14246
1.51549
0.0
1.32354
0.0
0.768114
0.0
0.591409
0.0
0.0
0.948845
0.0
0.0
0.0
0.0
0.0
0.0
0.0
3.86117
0.0
0.0
0.0
0.0
2.98631
0.0
0.0
0.0
0.0
0.0
0.0
0.0
0.0
0.963984
0.0
0.0
0.0
1.20534
0.0342025
0.0
0.0
0.0
5.0404
0.0
0.0
0.0
0.0
1.35477
0.0
0.0
0.0
0.0
0.0
0.0
0.0
0.0
0.0
0.0
0.0
0.0
0.0
0.0
0.0
0.0
0.0
0.0
0.0
0.314768
0.0
0.0
0.0
0.0
0.0
0.0
0.0
0.0
0.0
0.0
0.0
0.0
0.0
0.0
0.0
0.0
0.0
0.0
0.0
0.0
0.0
0.0
0.0
0.0
2.36707
0.0
0.0
0.0
0.0
0.0
0.0
0.0
0.0
0.0
0.0
0.0
0.0
0.0
1.06693
0.0
0.0
0.0
0.0
0.675048
0.0
2.3078
0.0
0.0
0.0
0.0
0.0
0.0
0.0
0.0
1.40244
0.0
0.0
0.0
0.0
3.67622
0.0
3.35934
0.0
0.0
1.18455
0.0
0.0
0.0
0.0
0.72731
0.0
0.0
0.0
0.0
0.0
0.0
1.06531
0.0
0.0
0.0
0.0
0.0
0.0
0.0
0.0
0.0
0.0
0.0
0.0
0.0
0.0
0.0
0.0
0.0
0.346068
0.0
0.0
0.0
0.0
0.0
0.0
0.0
0.0
0.0
0.613388
0.0
0.0
0.0
0.0
0.0
0.0
0.0
0.0
0.0
0.0
0.0
0.0
0.0
0.0
0.0
0.0
0.0
0.0
0.0
0.0
0.0
0.0
0.0
0.0
0.0
0.0
0.0
0.0
0.0
0.0
0.0
0.0
0.0
1.53462
0.0
0.0
0.0
0.0
0.0
0.0
0.0
0.0
1.78975
0.0
1.23849
0.0
0.0
0.0
0.555529
0.0
0.0
0.0
0.0
0.0
0.0
0.0
0.0
0.0
3.8716
0.0
0.496208
0.0
0.0
0.0
0.0
0.0
2.00728
1.09156
0.0
0.0
0.0
0.0
0.0
0.0
0.0
1.41402
0.0
0.0
1.09154
3.38397
0.0
2.58787
0.0
0.0
0.0
0.0
0.0
0.0
3.63111
0.0
0.0
0.0
0.0
0.0
0.0
0.567368
0.0
0.0
0.0
0.0
0.0
0.0
0.0
0.0
0.0
0.0
0.0
0.257813
0.0
3.39466
3.27058
0.0
0.814276
1.42178
3.78483
0.0
0.0
0.0
0.0102098
0.0
0.0
3.87661
0.0
0.716675
0.0
0.0419078
0.0
0.0
0.0
0.0
0.0
0.0
0.324367
0.0
1.04281
3.16768
0.49183
1.61495
3.34495
0.0
3.33944
0.0
0.0
0.0
0.0
0.0
0.0
0.0
0.0
0.107258
0.0
0.0
0.0
0.0
0.0
0.0
0.0
1.03208
0.0
0.40234
0.0
0.0
0.0
0.0
1.28669
0.0
0.0
0.0
0.231303
1.515
0.0
0.0
0.0
0.0
0.0
0.0
0.0
0.0
0.0
0.0
0.0
0.0
0.0
0.0
0.0
0.0
1.58656
5.55194
0.0
4.77368
1.20752
0.0
0.0
0.0
0.0
0.0
0.0
0.0
0.582238
0.0
0.0
0.0
0.0324559
0.0
0.820179
0.0
0.0
0.25309
0.0
0.483634
0.0
0.0
0.0
0.0
0.0
0.0
0.0
0.0
4.74871
0.0
0.0
0.0
0.0
0.0
0.0
1.14928
0.14043
0.0
0.0
0.868887
0.0
0.0
0.0
0.0
0.0
0.0
0.0
0.0
0.0
0.0
0.0
0.0
1.58193
0.0
0.0
0.0
0.0
0.0
0.0
3.94924
2.31789
0.0
0.0
0.0
0.00024204
0.0
2.0267
0.0
0.0
0.0
0.0
0.0
0.0
0.0
2.31517
3.4718
0.0
0.0
0.0
0.0
0.0
0.0
0.0
1.90757
0.0
0.0
0.0
4.77721
1.66208
0.0
0.0
0.0
0.0
0.0
0.0
2.80788
0.0
0.0
0.0
0.0
0.0
0.0
0.0
0.0
0.0
0.0
0.0
0.0
0.0
0.0
0.0
0.0
0.0
0.0
0.0
0.0
0.0
0.0
0.0
0.0
1.67979
0.0
0.0
0.0
0.0
0.0
2.02082
0.0
0.0
0.0
0.0
0.0
0.0
0.0
0.0
0.0
0.0
0.0
1.36046
1.79988
3.34107
1.45811
0.10673
0.0
0.0
0.0
0.0
0.0686694
0.0358631
3.03072
0.0
0.0
0.0
2.7205
0.0
0.478128
0.704341
0.0
1.00138
0.0
0.0
0.0
0.0
0.0
0.401134
0.0
0.0
0.0
0.149836
0.0
0.0
0.0
0.0
0.0
0.0
0.0
0.0
0.0
0.0
0.0
0.0
0.0
0.0
0.0
1.51768
2.95166
0.0
0.0
3.10226
0.0
0.0
0.0
0.598577
0.0
0.0
0.0
0.0
0.0
0.0
4.34803
0.0
1.16039
0.0
0.0
0.0
0.0
0.0
0.0
0.0
0.0
0.0
0.331052
0.0
0.0
0.0
0.0
2.13408
0.0
0.0
0.0
0.0
0.0
0.45058
2.00372
0.599371
0.68563
0.0
0.438145
1.04432
0.0
0.0
0.0
0.0
0.0
0.0
0.0
0.0
0.0
0.0
0.0
0.0
0.0
0.0
0.0
0.0
0.0
0.0
0.0
0.0
0.0
0.0
0.0
0.0
0.0
0.0
0.0
0.0
0.0
0.0
0.0
0.0
0.0
0.0
2.06206
0.0
0.0
0.422102
0.0
0.0
0.0
0.0
0.0
2.9418
0.0
0.779501
0.0
0.0
0.0
0.0
1.02738
0.0
0.0
0.0
0.0
0.0
0.0
0.0
0.0
1.68194
0.0
2.33293
2.25439
0.0
0.0
0.963656
0.0
0.0
0.0
0.0
0.0
4.07348
0.905978
2.29639
0.0
0.0
0.0
0.0
0.0
0.0
4.25558
0.950854
0.0
0.0
0.0
0.0
0.0
0.0
0.0
0.0
4.66767
0.0
0.0
2.55492
0.0
0.0
0.0
0.0
3.27201
0.0
0.0
0.0
0.0
0.0
0.146107
0.0
0.0
0.0
0.0
0.0
0.0
0.0
0.0
0.0
0.0
0.0
0.0
0.0
0.0
0.671356
0.0
0.0
0.0
0.0
0.0
1.1178
0.0
0.0
0.0
2.83317
0.0
0.0
0.0
0.0
0.0
0.0
0.0
2.00975
1.09092
0.0
0.0
0.0
0.0
0.0
0.0
0.0
0.0
0.0
0.0
0.0
0.0
0.0
1.11029
0.0
0.0
0.0
1.44036
2.12011
0.918581
0.0
0.0
0.0
0.0
0.0
0.0
0.0
0.0
0.0
0.0
0.0
0.854335
0.0
0.0
0.0
0.0
0.0
0.0
0.0
0.133707
0.0
0.0
0.0
0.0
0.0
0.0
0.0
0.0
0.0
0.0
0.0
0.0
0.0
2.34135
0.0
0.0
0.0
0.0
0.0
0.0
0.544709
3.13285
0.0
0.0
0.0
1.17651
0.0
0.0
0.0
0.0
0.0
0.0
1.75766
1.54124
0.0
0.0
0.0
0.0
1.05825
0.0
0.0
0.0
0.0
0.0
1.6633
0.0
0.0
1.51683
0.0
0.0
2.03383
2.55901
0.0
0.0
0.0
0.0
0.0
0.0
0.0
0.0
0.0
0.0
0.0
0.0
0.0
0.0
0.0
0.0
0.0
0.0
0.0
0.100619
0.0
0.0
0.0
0.0
0.0
0.0
0.870116
0.0
0.0
7.05055
0.0
0.0
1.6669
0.0
0.0
0.0
0.0
0.0
0.0
0.0
0.0
0.0919217
0.0
0.0
0.0343398
1.25616
0.0
0.0
0.0
0.767042
0.0
0.0
0.0
0.0
0.0
0.0
0.0
0.0
0.0
0.0
0.0
0.0
0.0
0.0
0.0
0.0
0.0
0.0
0.0
0.0
0.0
0.0
0.0
0.0
0.0
0.0
0.0
0.0
1.25352
2.55822
0.0
0.0
2.53701
0.0
0.0
1.06806
0.0
0.0
0.0
0.0
0.0
0.0
0.436757
0.0
1.93734
0.0
0.0
0.357335
0.0
0.0
0.0
2.14035
0.0
0.0
0.0
1.98231
0.0
0.0
0.0
0.0
0.294602
0.0
0.0
0.0
0.0
0.0350442
0.0
0.0
1.49801
0.0
0.0
0.0
1.8905
0.0
0.0
0.0
0.0
0.0
0.0
0.0
0.0
0.0
0.0
0.0
0.0
0.762496
0.0
0.0
0.0
1.02537
0.0
0.0
0.0
0.0
0.0
0.21485
2.03469
0.176439
3.30269
0.0
0.981573
1.0055
0.0
1.38769
0.0
3.90272
0.0
0.0
0.200155
0.0
0.0
0.0
1.35419
0.0
0.0
0.0
0.27089
1.1489
0.0
0.0
0.37263
0.0
0.0
0.0
0.0
0.0
0.0
0.0
0.0
0.0
0.0
0.0
0.0
0.0
0.0
0.0
0.452617
0.0
0.0
0.0
0.0
1.27842
0.0
0.0
0.0
0.0
0.0
0.0
0.0
0.0
0.0
0.0
0.0
2.54215
2.18078
0.216626
0.0
0.0
2.62069
0.0
0.0
0.0
1.27221
0.202862
0.0
0.0
0.0
0.0
0.0
0.0
0.0
0.0
0.0
0.0
0.0
0.0
0.0
0.0
0.164499
0.0
0.528918
0.0
0.679721
3.22144
0.0
0.0
0.0
0.0
0.0
0.0
0.0
1.09415
0.0
0.0
0.0
1.46798
0.0
0.0
0.0
0.0
0.0
0.0
0.0
0.0
0.0
0.0
0.432687
3.08859
0.0
0.0
0.0
0.0
0.0
1.84482
0.0
0.0
0.0
0.0
0.0
1.24057
0.0
0.0
0.0
0.0
0.0
0.0
0.0
0.0
0.0
0.0
0.0
0.0
0.0
0.0
4.97284
0.0
0.0
0.0
0.0
0.0
0.0
0.0
0.0
0.0
0.0
0.0
0.0
1.38663
0.0
0.0
0.0
0.0
0.0
0.0
3.28001
0.149403
0.401426
0.0
0.0896646
0.0
0.0
0.0
0.0
0.0
0.0
0.0
0.0
0.0
0.0
0.0
0.0
0.849619
0.0
0.0
0.0
3.07851
0.0
5.2662
0.0
0.0
0.0
0.0
0.0
0.0
1.89232
1.47221
0.0
0.0
0.0
0.0
0.0
2.01728
0.0
0.0
0.0
0.0
2.87025
0.0
0.0
0.0
0.28449
0.0
0.0
0.0
0.0
0.0
3.11937
0.0
0.0
0.0
0.0
0.0
0.0
0.0
0.0
0.674304
0.0
0.0
3.99837
0.0
0.0
0.0
0.0
0.0
0.0
0.0
0.0
0.0
0.0
0.0
0.0
0.0
0.0
0.0
0.0
0.0
0.0
0.0
0.0
3.21117
0.802484
0.0
0.0
0.0
0.0
1.09219
0.0
0.0
0.0
0.0
0.0
0.0
0.0
1.06155
0.0
0.0
0.0
0.0
0.0
0.0
0.0
0.0
0.0
0.770872
1.4264
0.0
0.0
0.0
0.0
0.0397424
0.0
0.0
2.0082
2.6652
0.0
3.21771
0.0
0.097107
1.07512
0.0
0.0
0.0
0.0
0.0
0.0
1.26514
0.0
0.0
0.0
4.12534
0.0
0.0
0.0
6.38478
0.0
0.0
0.0
0.0
0.467918
0.0
0.0
1.79494
0.294672
4.81405
0.0
0.0
0.0
0.0
1.78315
0.0
0.0
0.0
1.69848
0.0
0.0
0.0
0.0
0.0
0.0
0.0
0.0
0.0
0.102448
0.0
0.0
4.36672
0.0
0.0
0.842929
0.0
0.689921
0.0
0.0
0.0
0.0
1.70494
0.0
0.0
0.0
0.0
0.527116
0.0
0.0
0.0
1.49222
1.45723
4.27854
0.0
0.0
0.0
0.0
0.152826
0.0
0.0
0.0
0.0
4.7005
0.0
0.0
0.0
0.0
1.78882
0.0
0.0
0.0
0.0
7.10043
0.0
0.0
0.200103
0.0
0.0
0.0
0.0
2.76533
0.0
0.0
0.0
0.0
0.576579
1.60696
2.96948
0.0
0.0
0.0
0.0
0.0
0.0
0.0
0.0
0.0
0.0
0.0
0.0
0.0
0.0
0.0
0.0
0.0
0.0
0.0
0.0
3.00486
0.0
0.0
0.0
0.0
0.605189
5.57533
0.0
0.0
0.0
0.0
0.0
0.0
2.00929
0.0
0.0
0.875844
0.0
1.67194
1.37305
1.24326
0.0
0.0
0.0
1.74503
1.90502
0.0
0.0
0.0
0.0
0.0
0.580304
4.45639
0.0
0.0
0.527493
0.0
0.0
0.325656
0.0
0.0
0.0
0.0
0.0
0.0
0.0
0.0
0.0
0.0
0.0
0.0
0.975106
0.0
0.0
0.0
0.0
0.0
0.0
0.0
0.0
0.0
0.0
0.0
0.0
0.0
0.63118
0.0
0.0
0.0
0.0
0.0
3.33797
0.0
0.0
0.0
4.79048
0.0
0.478999
2.32774
0.0
0.0
0.0
0.0
0.162441
0.0
0.0
3.07172
2.50053
0.0
0.0
0.0
0.0
0.0741006
0.0
0.0
0.0
0.0
0.0
0.0
2.146
1.55043
3.11623
0.0
0.0
0.0
0.0
0.0
0.0
0.0
0.0
0.0
1.9921
0.0
0.0
0.0
0.0
0.0
0.0125635
0.893045
0.0
0.967859
0.548305
0.0
1.6924
0.0
0.0
0.749934
3.07296
0.0
0.0
0.0
0.0
2.15831
0.0
0.0
0.0
0.0
0.876493
0.0
0.0
0.0
0.0
0.0
6.41541
0.0
0.0
0.0
0.0
0.0
0.0
0.0
0.160085
0.0
0.0
0.0
0.0
0.699044
0.0
0.0
0.0
1.0784
0.0
0.0
2.67312
0.29978
0.0
0.0
0.0
0.0
0.758018
0.0
0.0
1.9395
0.0
0.0
0.0
0.645188
0.0
0.0
0.0
2.6935
0.0
4.89471
0.0
0.0
0.0227884
0.0
0.0
0.0
0.0
0.0
0.0
0.0
2.44881
0.0
0.0848457
0.0
0.0
0.0
0.816283
0.0
0.0
0.0
0.0
0.0
0.0
0.0
0.0
0.0
0.0
0.0
0.0
0.0
0.0
0.0
0.0
0.0
0.0
0.0
2.40408
0.0
0.0
0.0
0.0
0.0
0.0
0.0
3.49332
0.0
0.0
1.68097
0.0
0.0
0.0
0.0
0.0
0.0
1.60159
0.0
0.0
4.00703
0.59392
0.0
1.1305
0.0
0.0
0.0
0.0
0.0
3.52019
0.0
0.0
0.0
0.858601
0.0
0.0
0.893708
0.0
0.0
0.755511
0.0
0.0
0.0
0.0
0.0
0.0
0.0
0.0
0.0
0.140076
0.0
0.0
0.0
0.0
2.76229
0.0
0.0898446
0.0
3.09722
0.0
0.0
0.0
0.0
0.0
0.0
0.0
0.0
0.0
0.0
0.0
0.0
0.0
0.0
0.0
0.0
0.0
0.0
0.829578
0.0
0.0
0.4793
0.0
0.0
