0.0
0.0
5.27594
0.0
0.0
0.311406
0.0
0.0
0.0
0.0
0.0
0.0
0.0
0.0
0.0
0.0
0.0
0.0
0.0694243
0.0
0.0
0.928698
0.0858785
0.0
0.440098
0.0
0.0
0.0
0.0
0.0
0.0
0.430484
0.0
3.99513
0.0
0.0
0.0
0.0
0.0
0.0
0.0
0.0
3.083
0.0
0.0
4.70967
0.0
0.464605
0.0
0.0
0.0
0.0
0.0
0.0
0.49233
0.0
0.0
0.0
0.0
0.0
0.0
0.0
0.0
1.28544
0.0
0.0
0.0
0.0
0.0
0.0
0.0
0.0
0.0
0.0
0.0
0.0
1.15164
0.0
0.0
0.0
1.19725
0.0
0.0
0.0
0.208172
0.0
0.0
0.0
5.25528
0.0
0.0
0.0
0.0
0.0
0.0
0.0
0.0
0.0
1.3351
0.0
0.0
0.0
0.0
0.0
0.0
0.0394358
0.0
0.0
0.0
0.0
0.0
0.0
0.0
4.56528
0.0685593
0.0
0.0
4.7722
0.724217
0.0
0.0
0.0
0.0
0.0
0.0
0.0
0.0
1.95071
0.231652
0.0
0.0
0.0
0.0
0.0
6.58035
0.0
0.0
0.0
3.64283
0.0
0.0
0.0
0.0
0.0
0.0
0.0
0.0
0.0
0.870737
0.0
0.0
0.0
0.0
0.0
0.0
0.0
0.0
0.0
0.0
0.0
0.0
0.0866201
0.0
0.0
0.0
0.0
0.0
0.0
0.852434
0.948178
0.0
0.0
4.05951
0.0
0.0
0.0
0.0
0.0
0.0
0.180422
4.00974
0.0
0.0
0.0
0.0
0.0
0.0
0.0
0.0
0.0
0.783757
0.0
0.0373383
0.0
0.0
0.0
0.0
0.0
0.0
0.390241
0.0
1.23915
0.0
0.0
0.213463
0.0
0.0
0.0
0.0
0.0
0.0
0.0135526
0.0
0.0
0.0
3.10652
0.0
0.0
0.0
0.55089
0.0
1.88233
0.0
0.0
0.0
0.0
0.0
0.0
0.0
0.180616
0.0
0.0
0.0
0.998708
0.0
0.0
0.0
0.0
0.0
0.0
0.0
0.0
0.0
0.0
0.0
0.0
0.0
4.13409
0.0
0.0
0.993897
0.0
0.507191
0.0
0.0
3.0338
0.0
1.56621
0.0
0.0
0.0
0.0
1.02668
0.0
0.0
0.0
0.0
0.0
0.0
0.0
0.0
1.2975
1.4969
0.0
0.0
0.0
4.12486
0.0
0.478562
0.0
0.0
0.0
2.79723
1.5318
0.0
0.0
0.0
0.0
0.0
0.0
0.0
0.0
0.0
0.0
0.0
0.0
0.0
0.0
0.0
0.0
0.0
6.19423
4.53207
0.0
0.0
2.58505
0.0
0.0
1.80444
0.0
0.0
0.0
0.0
0.0
0.0
0.0
0.0
0.0
0.0
0.0
0.0953679
0.0
0.0
0.0
0.0
0.0
0.790776
0.0
0.0
0.0
0.0
0.0
0.0
0.0
0.0
0.0
0.0
0.0
0.0
0.0
0.0
0.0
0.0
0.0
0.0
0.0
0.0
0.0
0.0
0.0
0.0
0.0
0.0
0.0
0.0
0.0
0.0
0.0
0.0
1.77258
0.0
0.0
0.0
0.0
0.0
0.0
0.0
0.0
0.0
0.0
0.0
0.0
0.0
0.0
0.0
0.0
0.189145
0.0
0.0
0.0
0.0
0.0
0.0
0.0
0.0
0.0
0.0
6.14068
0.0
0.0
0.0
0.0
0.0
0.0980366
0.0
0.122938
5.44637
0.0
0.0
0.0
0.0
0.0
0.0
0.0
0.0
0.0
0.0
0.0
0.0
0.0
0.0
0.0
0.0
0.0
2.83984
0.0
0.0
0.0
0.0
1.49985
0.0
0.0
3.2854
0.0
0.0
0.0
0.00879323
0.0
0.0
0.0
4.95628
0.0
0.0
0.0
0.0
0.0
0.0
0.0
1.07947
0.0
0.0
0.0
0.0
0.0
1.67106
0.0
0.0
0.0
0.0
0.0
0.0
0.0
0.0
0.0
0.0
0.0
0.0
0.0
0.0
1.29615
0.0
0.0
0.0
0.0
0.0
0.0
0.0
0.0
3.82405
3.17249
0.0
0.0
0.0
0.0
0.0
1.56485
0.0
0.0
1.98116
0.0
1.15484
0.0
0.0
4.77738
0.0
0.0
0.0
0.0
0.0
0.0
0.0
0.0
0.0
0.0
0.0
0.0
3.52872
1.97606
2.4412
0.0
0.0
0.0
0.0
0.0
1.58048
0.0
0.0
0.0
0.0
0.0
0.0
2.11462
0.0
0.0
0.0
0.0
0.0
1.77431
0.0
0.0
0.0
0.0
0.0
0.0
0.0
0.0
0.0
0.0
0.0
0.0
0.0
0.0
2.64656
3.12661
0.0
0.0
0.265679
0.0
0.292334
0.62662
0.0
0.0
0.0
4.03099
0.0
0.0
0.0
0.00466788
0.0
0.0
0.0
0.0
0.0
0.0
0.0
0.0
0.0
0.0
0.0
0.0
0.0
0.0
0.0
0.0
0.0
0.0
0.0
0.0
0.7227
0.0
0.0
0.0
0.0
1.04717
0.0
0.880922
0.0
0.0
0.0
0.0
0.0
0.0
0.285635
1.01935
0.0
0.0
0.0
0.0
0.0
0.0
0.0
0.0
0.0
0.0
0.0
0.0
0.845919
0.0
0.0
0.0
0.0
0.0
0.0
0.0
0.0
0.0
0.450347
0.0
2.12379
0.0
0.0
0.0
0.0
0.0
0.0
0.598842
0.0
0.0
0.0
0.0
1.82738
0.0
0.0
0.0
0.0
0.0
0.0
0.0
0.0
0.0
0.0
0.0
0.0
0.0
0.0
0.0
0.0
0.0
0.0
0.0
0.0
0.0
0.0
0.0
0.0
0.0177705
0.0
0.0
0.0
0.0
0.0
1.23795
0.0
0.0
0.0
0.0
0.0
0.0
0.0
0.0
0.0342053
0.854841
0.0
0.0
0.0
0.0
0.0
0.0
0.0
0.0
0.0
0.0
0.0
0.0
0.0
0.0
0.0
0.0
0.0
0.0
0.0
0.0
0.0
2.38261
0.0
0.0
0.0
0.0
0.0
0.0
0.0
0.0
0.0
0.0
0.0
0.0
0.0
0.0
0.0
0.0
0.0
0.0
0.0
4.64221
0.0
0.0
0.0
0.0
0.0
0.0
0.0
0.0
4.06302
0.0
0.0
0.0
0.0
3.71589
0.0
0.0
0.0
0.0
0.0
0.0
0.988388
0.0
0.0
0.0
1.45653
0.0
0.0
3.20238
0.0
0.0
2.54882
0.0
0.0
0.0
0.835023
0.0
0.0
0.0
0.0
0.0
0.0
0.0
0.0
0.0
0.0
0.0
0.0
0.0
0.0
0.0
0.0
0.0
0.0
3.37877
0.0
0.0
4.28573
3.90128
0.0
0.74552
0.0
0.0
0.0
0.0
0.0
0.0
0.0
0.0
0.0
0.0
0.40087
2.93807
0.0
0.0
0.0
2.3307
0.0
0.0
0.0
0.0
0.0
0.0
0.319914
0.0
0.671254
0.0
0.0
0.0
0.0
0.0
0.0
0.0
6.43277
0.0
0.0
1.95895
0.0
0.0
0.0
2.95617
0.0
0.0
0.0
0.0
0.0
0.0
0.0
0.774778
0.0
0.0
0.0
0.0
2.76394
0.0
0.611314
0.0
0.0
0.0
0.0
0.0
0.0
0.083033
0.0
0.0
0.0
0.0
0.0
0.0
0.0
0.0
0.0
0.0
0.0
0.0
0.0
0.0
0.0
2.30709
1.39518
0.0
1.40264
0.0
0.0
0.0
0.329826
0.0
0.0
0.0
1.93593
0.0
0.0
0.0
0.694396
0.0
0.0
0.0
1.78559
0.544649
0.0
0.0
0.0
0.0
0.0
0.0
0.0
0.0
0.0
0.0
0.0
0.0
0.0
0.0
0.0
0.0
1.58809
2.59079
0.0
4.39396
0.0
0.0
0.757111
1.61721
0.0
0.0
0.0
0.0
0.463009
4.96268
0.0
0.0
2.75385
0.0
0.237051
0.0
0.0
0.0
1.48794
0.0
0.0
0.0
0.0
0.0
0.0
0.0
1.89362
0.0
0.0
0.0
0.0
0.0
0.0
0.0
0.0
0.0
0.664274
0.0
0.0
0.247378
0.0
1.23528
0.0
0.0
0.0
0.0
0.0
0.0
0.0
0.0
0.0
0.186028
0.0
0.0
0.0
0.0
0.0
0.0
0.0
0.0
0.0
2.02058
0.0
0.0
0.0
0.0
0.0
1.88918
0.0
2.98734
0.0
0.0
0.0
0.0
0.0
0.859922
0.0
1.55212
0.0
0.0
0.0
0.0
0.0
0.0
0.0
2.94203
0.0
0.0
0.416545
0.0
0.0
0.0
1.02943
0.0
0.0
0.0
0.0
1.65541
0.0
3.62362
0.0
0.0
2.87119
2.38616
0.0
0.0
0.0
0.0
0.0
0.0
0.0
0.0
0.0
0.663392
0.0
0.0
0.0
0.0
0.0
0.0
1.47493
0.0
0.0
0.0
0.0
0.0
0.0
0.0
0.0
0.0
0.0
0.0
0.0
0.0
0.0
1.65898
0.0
1.82983
0.0
0.0
0.0
1.79125
0.0
0.0
0.0
0.0
1.11344
0.0
0.0
0.0
0.0
0.0
0.742451
1.36164
0.0
0.0
0.0
0.0
0.0
0.0
0.0
1.02213
0.0
1.01784
0.497369
0.0
0.0
0.0
0.0
0.0
0.0
0.0
0.0
0.0
0.0
0.0
0.624687
0.0
0.0
0.0
0.0
0.237243
0.0
2.03882
1.29823
0.0
2.70439
0.0
0.0
0.0
0.0
0.240417
0.0
0.0
0.430513
0.0
0.0
0.0
0.0
0.0
0.0
0.0
0.0
0.0
0.0
0.0
0.0
0.0
0.0
0.0
1.18523
0.92525
0.0
0.0
0.0
4.27381
0.0
0.14184
0.0
0.0
0.714951
0.0
0.0
0.0
0.0
0.0
0.0
0.0
0.0
0.0
1.82995
0.0
0.0
0.0
0.0
0.0
2.34672
0.0
0.0
0.0
0.0
0.0
0.0
1.80317
0.0
0.0
0.0
0.033349
0.0
0.0
0.0
0.0
0.0
1.63956
0.0
0.0
0.0
1.09631
0.0
3.06066
0.0380269
2.14919
0.0
0.0
3.08021
0.0
0.0
1.15237
0.0
1.47416
0.0
0.0
4.57923
0.0
0.0
0.0
0.0
0.0
0.0
0.0
2.48017
0.0
2.13342
0.0
0.0
1.68258
0.0
0.0
0.0
0.0
6.32626
0.0
0.0
0.0
0.0
0.0
0.0
0.0
0.0
1.56221
0.0
0.0
0.0
0.0
0.0
0.0
0.0
0.0
0.0
0.0
0.0
0.0
0.0
0.0
0.0
0.0
0.0
0.0
0.0
0.0
0.0489329
0.0
0.0
0.0
0.0
0.0
0.0
0.0
0.0
0.0
0.0
0.0
0.0
0.0
1.67331
0.0
0.169116
5.48145
0.0
0.0
0.0
0.67112
0.870942
3.06176
0.0
0.0
0.0
0.0
0.0
1.04618
0.0492009
1.03235
0.0
0.0
0.0
0.0
0.0
0.0
0.0
0.0
0.0
0.0
0.0
0.0
0.0
0.0
0.458097
0.0
0.0
0.0521647
0.0
1.90122
0.0
0.0
0.0
0.0
0.620185
0.0
0.0
0.0
0.0
0.0
0.0
0.0
0.0
0.0
0.0
0.0
0.0
0.0
0.0
0.0
0.0
0.0
1.20078
0.827249
0.0
0.687943
0.0
0.0
0.0
0.0
0.0
0.0
0.0
0.0
0.0
0.0
0.0
2.4433
0.0
0.0
4.6893
0.0
0.0
0.0
0.0
0.0
0.142932
0.0
0.0
0.0
0.0
0.0
1.09813
0.0
0.0
2.37569
0.0
0.0
0.339895
0.0
0.0
0.0
0.0
0.0258614
0.0
0.0
0.0
3.22779
0.0
0.0
0.0
0.0
0.0
0.0
0.0
0.0
0.0
0.0
0.0
0.0
0.0
0.0
0.0
1.09871
0.539024
0.187321
0.0
2.18501
0.0
0.0
0.0
0.0
2.64817
0.0
0.0
0.825677
0.0
0.0
0.0
0.0
0.0
0.0
0.0
0.0
1.49271
0.0
0.0
0.0
0.0
0.0
0.0
0.0
0.0
0.0
0.0
0.0
0.0
1.34587
0.0
0.0
0.0
2.12116
3.42846
0.0
1.42683
1.58842
0.0
0.0
0.0
0.0
0.0
0.191588
0.0
0.826676
0.0
0.0
0.0
3.72085
0.0
0.0
0.0
0.0
1.13302
0.0
0.0
0.0
0.0
0.0
1.69578
2.0452
0.0
4.48958
0.0
1.67334
0.0
0.0
0.46884
0.0
0.0
0.0
0.0
0.0
0.0
0.0
0.297882
0.0
0.0
0.189459
0.0
0.0
0.0
0.0
0.0
0.0
0.0
2.34774
0.0
0.0
0.0
0.963111
0.0
0.0
0.0
0.0
1.10674
0.865021
0.0
0.0
0.0
0.0
0.0
0.0
0.0
0.0
0.0
4.33532
0.844938
0.0
0.0
0.0
0.0
0.394657
0.0
0.0
0.0
0.0
0.0
0.0
3.46527
0.0
0.0
0.0
6.49858
0.0
0.0
0.0
0.0
0.0
0.0
0.0
0.0
2.08104
0.303464
0.0
0.0
0.0
0.0
0.0
0.0
0.0
0.0
0.0
0.0
0.0
0.0
0.0
0.0
0.0
0.0
0.0
1.06008
0.0
1.50369
0.314213
0.0
0.0
0.0
0.00624184
0.0
0.0
0.0
4.21855
0.0
0.0
0.0
0.0
0.0
0.0
0.0
0.0
2.23155
0.0
2.96999
0.0
0.0
0.0
0.0
0.0
0.0
0.0
0.0
0.0
0.0
0.0
0.0
0.0
3.8677
0.0
1.23284
1.55921
4.7072
0.0
0.0
0.856135
0.0
0.0172487
0.0
0.0
0.0
3.78208
0.0
0.0
0.0
2.03681
0.0
0.923909
0.0
0.0
0.0
0.0
0.0
0.0
0.0
0.0
0.71051
0.0
1.08137
0.0
0.0
0.0
0.0
0.0
0.0
0.0
0.0
0.219241
0.681313
0.0
0.0
2.47444
0.0
0.399147
0.0
0.0
0.0
0.0
0.0
0.0
0.0
0.0
0.0
0.0
0.0
0.0
0.0
0.0
0.0
0.0
0.0
0.0
0.0
0.0
0.0
0.0
0.0
0.0
0.0
0.0
0.0
3.19084
0.0
1.67558
0.785432
0.0
0.0
2.16902
0.0
0.0
0.0
0.178596
1.20391
0.0
0.0
0.0
0.0
0.0
1.78072
0.0
0.0
0.0
0.0
0.0
0.471936
0.0
0.0
0.0
0.0
0.0
0.0
0.0
0.0
6.75291
0.0
0.0
6.09424
0.0
0.0
0.0
0.0
0.0
0.0
0.608772
0.0
0.0
0.976203
1.39126
0.0
0.0
0.0
0.70391
0.0
0.0
0.0
0.0
0.0
0.0
0.0
0.0
0.0
0.0
0.0
0.0
0.0
0.0
0.0
0.0
0.0
2.79753
0.0
4.19654
0.0
0.0
0.0
0.0
5.24215
0.0
0.662012
0.0
0.0
0.0
1.12817
0.0
0.0
0.0
0.0
0.0
0.0
1.03454
0.0
0.0
0.34189
0.0
0.0
0.0
0.0
0.0
0.0
0.0
0.0
0.0
0.0
0.0
2.54442
0.0
0.0
0.0
0.0
6.68365
0.0
0.0
0.0
0.0
0.0
1.15699
0.063936
0.0
0.0
0.0
0.0
0.0
0.0
0.0
0.0
0.0
0.0
0.0
0.0
0.0
0.0
0.0
0.0
0.0293453
0.0
0.0
0.0
0.0
0.0
0.0
0.0
0.0
3.96966
0.0
0.0
0.0
0.0
0.0
0.0
0.0
0.474108
0.0
0.0
0.0
0.814557
0.0
0.0
0.0
4.437
0.0
0.0
0.0
0.0
3.65747
3.82918
3.51638
0.0
0.0
0.0
0.0
0.0
0.0
2.51231
0.0
0.0
0.0
1.44196
2.17891
0.0
0.0
0.958551
0.0
0.0
0.0
0.0
0.0
0.0
0.0
0.0
0.0
0.0
0.0
0.0
0.0
0.0
0.0
0.0
0.0
0.0
0.0
0.0
0.0
0.0
0.0
0.0
0.0
0.0
0.0
0.0
0.0
0.0
0.0
1.46909
0.0
0.0
0.0
0.0
0.0
0.0
1.17393
0.0
0.0
0.0
0.0
2.69214
2.0281
0.0
0.0
2.40763
0.0
0.0
0.0
0.0
0.0
0.0
0.0
0.0
0.0
0.0
0.0
0.0
0.0
0.0
0.0
0.0
0.0
0.0
0.0
0.0
0.0
0.0
0.0
0.0
0.0
0.0
0.0
0.0
0.0
0.0
2.80516
0.0
0.0
0.793192
0.825562
0.0
0.0
0.0
0.0
0.0
0.0
1.75079
0.0
0.0
0.0
4.76085
0.0
0.0
0.0
0.0
0.0
1.81404
0.0
0.0
0.0
0.0
2.41825
0.0
0.380824
0.0
0.0
0.0
2.84512
0.0
3.47721
0.0
0.0
0.0
0.0
0.0
0.167295
0.970795
0.0
0.0
0.0
0.0
0.0
0.0
0.0
0.0
0.0
0.0
0.0
0.0
0.0
0.0
3.89279
0.0
0.0
0.0
0.0
0.0
0.0
0.0
0.0
0.0
2.56889
0.0763142
0.0
0.0
0.291527
0.0
0.0
0.0
0.0
0.0
0.0
0.0
0.0
0.0
0.0
0.0
0.0
0.0
0.0
0.0
0.0
0.0
2.45717
0.0
0.0
0.0
0.0
0.0
0.0
0.0
0.021739
0.0
0.0
0.0
0.0
0.0
1.38251
0.0
0.0
0.0
0.0
0.0
0.0
0.0
0.0
2.91663
0.0
3.91446
0.0
0.0
0.0
1.0388
0.0
0.0
0.0
0.0
0.0
3.22587
0.0
0.0
0.0
0.0
0.0
0.0
0.0
1.35886
0.0
1.44576
3.10571
0.0
2.8206
2.03517
0.0
2.60117
0.879024
0.0
0.0
0.0
0.0
0.0
0.0662954
0.0
0.0
0.0
4.03313
0.0
0.0
0.0
0.0
1.3156
0.0
0.0
0.0
0.0
0.0
0.0
0.0
0.0
0.0
0.0
0.0
0.0
2.35808
0.0
0.0
0.0
0.0
0.0
0.0
0.0
0.0
0.0
0.0
0.0
0.0
0.0
0.0
2.75841
0.0
0.0
0.0
0.0
2.03532
0.0
0.0
0.0
0.0
0.0
0.0
0.244702
0.0
0.0
0.0
0.0
0.0
0.0
1.3784
0.0
0.0132669
0.0
0.0
0.942777
0.0
0.0
0.0
0.00946897
7.72299
0.0
0.0
2.67276
0.0
0.0
0.0
0.0
2.14686
0.0
0.0
0.0
0.0
0.0
0.0
4.80578
0.0
0.0
0.0
0.0
0.0
5.17326
0.0
0.0
0.0
1.27169
0.0
0.0
0.0
0.0
0.0
0.0
0.0
0.0
0.0
0.0
0.0
2.02225
2.61067
0.28334
0.0
0.0
0.0
1.19247
0.0
0.0
0.708308
0.0
0.908849
0.0
0.0
0.591527
0.0
0.0
0.0
2.63886
1.18095
0.0
0.237593
0.0
0.0
0.0
0.0
2.99973
0.0
0.4475
0.0
0.0
0.0
0.0
0.0
0.0
0.0
5.11961
0.0
0.0
0.0
0.0
3.00468
0.0
0.0
0.0
0.0
0.0
0.0
0.0
0.0
0.0
0.0
0.0
8.47373
0.0
0.0
0.0
0.0
0.487502
0.0
0.0
2.75007
0.0
0.0
0.0
0.0
0.0
0.0
0.0
0.0
0.0
0.0
0.0
0.685232
1.81829
0.0
0.0
0.800135
0.0
0.827401
0.0
0.0
0.0
0.0
0.0
0.0
0.0
0.0
0.0
0.0
0.541727
0.0
0.0
0.0
0.0
0.0
0.0
0.0
0.0
0.0
0.492555
4.99139
0.0
0.0
0.0
0.0
2.06245
0.0
0.0
0.0
0.0
0.0
0.0
0.0
0.0
0.0
0.0
0.0
0.0
0.162045
0.0
1.2116
0.0
3.01132
0.0
0.0
0.0
0.397699
0.0
0.0
0.0
2.00379
0.0
0.0
0.0
1.52763
0.0
0.0
0.0
0.0
0.0
2.35543
0.0
0.0
0.0
0.0
0.0
0.0
1.16166
0.0
0.0
0.0
0.0
0.0126039
0.0
0.913936
0.0
0.0
0.0
0.0
3.32349
0.0
3.04464
0.0
0.0
0.0
0.0
0.0
0.0
0.0
0.0
0.0
0.0
0.0
0.0
0.0
0.0
0.917034
0.785121
0.0
0.0
0.0
0.0
5.72217
0.0
0.0
9.15762
0.0
0.134915
0.0
0.0
0.0
0.0
0.0
0.0
3.10056
0.734633
0.0
0.0
1.69592
0.0
0.0
2.24698
0.0
0.0
0.0
0.0
0.0
0.0
0.0
1.89731
0.0
0.798729
0.0
0.0
1.16906
0.0
0.0
0.0
0.0
0.0
0.0
0.0
0.0
0.0
2.72936
0.0
6.78782
0.0
0.0
0.0
0.0
0.0
0.0
0.0
0.0
2.0707
0.0
0.0
0.702535
0.0
2.57901
0.0
0.0
0.0
0.0
0.0
0.0
0.0
0.0
2.22382
0.778745
0.0
1.98606
0.0
0.228254
6.76396
0.0
0.0
0.0
0.0
0.0
0.0
0.0
0.0
0.0
0.943529
0.0
0.0
0.0
0.0
0.0
4.13121
0.0
0.0
1.0339
0.0
0.0
0.0
0.0
0.0
1.1773
0.0
0.0
3.34796
0.0
2.57174
0.0
0.0
0.0
0.0
0.0
0.0
0.0
0.0
1.36209
0.0
1.84499
0.0
0.0
0.0
4.41725
0.0
0.0
0.0
1.98768
0.0
0.0
0.0
0.0
1.87367
1.25015
0.0
0.0
0.648342
0.0
0.0
0.0
0.0
0.0
0.0
0.0
0.0
0.0
0.0
0.0
0.0
0.0
1.13113
0.0
0.0
0.0
0.0
0.0
0.0
0.0
0.0
0.0
0.304484
1.56131
0.0
2.88736
0.0
0.0
0.0
0.0
0.0
0.0
0.0
0.0
2.8072
0.0305849
0.0
0.0
0.603291
0.0
0.0
0.0
0.0
0.984033
0.0
0.465356
1.40784
1.27431
0.0
0.0
0.0
0.0
0.0
0.0
0.0
0.0
0.0
0.0
0.0
0.0
0.0
0.0
0.0
0.0
0.0
0.0
0.0
0.0
2.14366
0.0
0.0
0.0
0.0
0.0
0.0
0.0
0.0
0.0
0.0
0.0
0.0
0.420267
0.0
0.0
0.391059
0.0
0.0
0.0
0.0
0.0
0.0
1.16144
0.0
0.0
0.0
0.0
0.0
0.798288
0.0
0.0
0.0
0.0
0.0
0.0
0.0
2.99294
0.0
0.0
0.0
0.0
0.0
0.0
0.0
0.0
0.0
0.0
3.45829
0.0
0.0
6.47909
0.0
0.0
0.0
0.0
0.328222
0.0
0.0
0.0
0.0
0.0
0.0
0.0
0.0
0.0
0.0
0.0
0.0
0.0
0.0
0.0
0.0
0.0
0.0
0.0
0.0
0.0
0.0
0.0
0.0
1.38758
0.0
0.0
0.0
0.0
0.0
0.0
0.0
0.0
0.0
0.0
0.0
1.82672
0.0
0.0
0.972624
1.44315
0.0
0.0
0.0
0.0
0.0
0.0
0.0
0.0
0.0
0.0
0.0
0.0
0.0
0.0
0.0
0.0
0.0
0.0
0.0
0.0
0.0
0.0
0.0
0.0
0.0
0.0
0.0
0.0
0.0
0.0
0.0
0.0
0.0
0.0
0.0
0.0
0.0
0.0
0.0
0.0
0.0
0.0
0.0
0.0
0.0
0.0
0.0
1.52929
0.0
0.0
0.0
0.0
0.0
0.0
0.289869
0.0
0.0
0.0
0.0
0.0
0.0
0.0
0.0
0.0
0.0
0.435516
0.0
0.0
0.0
0.0
0.0
0.0
0.0
0.0
3.45749
0.61195
0.0
0.0
1.86707
0.0
0.23262
0.0
0.0
0.0
0.0
0.0
0.0
2.50836
0.0
0.0
0.0
0.0
0.0
0.0
1.00276
0.0
0.0
0.0
0.0
1.08911
0.0
0.0
0.0
0.0
0.0
0.0
0.0
0.969072
0.937174
5.01724
0.0
0.0
0.0
4.26353
0.0
0.0
0.0
0.0
0.0
0.0
1.24219
0.0
0.561647
0.0
0.0
0.0
0.0
0.0
0.0
0.0
0.0
0.203832
0.0
3.82987
0.0
0.0
0.0
0.0
0.0
0.791637
0.0
0.0
0.0
0.0
0.0
0.0
0.0
0.0
3.62263
0.0
0.0
0.0
0.0
0.0
0.584835
0.0
0.0
0.0
2.86082
0.0
0.0
0.0
0.0
1.9688
0.0
0.0
0.0
1.7771
0.0
0.0
0.0
0.0
0.0
0.0
0.0
0.0
0.0
0.0
0.0
0.0
0.0
0.0
0.0
0.0
0.0
3.25373
0.0
0.0
4.30994
1.89357
0.0
0.0
1.7073
0.0
0.0
1.59333
0.0
0.919008
0.0
0.0
0.0
0.0
0.0
0.0
0.0
0.0
0.0
0.0
0.0
0.0
0.0
0.0
0.0
0.0
0.0
0.0
0.0
2.656
0.0
0.0
0.0
0.0
0.0
0.0
0.0
1.90515
0.0
0.0
0.220832
0.0
0.0
0.0
0.0
0.0
0.0
0.0
0.150819
0.0
0.0
0.0
0.0
0.0
0.0
0.0
0.0
0.0
0.0
0.0
2.4012
5.006
0.0
0.0
0.0
0.0
0.0
0.0048369
0.0
0.0
4.34316
0.0
0.0
0.0
0.0
0.0
1.02768
0.0
0.0
0.34441
0.0
0.0
2.64988
1.32939
0.0
0.0
0.0
0.0
0.0
4.77601
0.0
0.0
0.757208
0.0
0.0
0.0
0.0
0.0
0.0
0.0
0.0
0.0
0.0
0.0
0.0
0.0
0.0
0.0
0.0
0.0
0.0
0.0
0.0
0.0
0.0
0.0
0.0
0.0
0.0
0.0
0.0
3.95446
0.0
0.0
0.0
0.0
0.0
0.0
0.0
0.0
0.0
0.0
0.0
0.0
0.0
0.0
0.0
0.0
0.0
0.0
2.50794
1.60202
0.0
0.0
0.0
0.0
0.0
0.0
0.0
0.0
0.0
0.0
0.0
0.0
0.0
0.0
0.0285394
0.0
0.0
2.59946
0.0
0.0
0.0
0.24884
0.0
0.0
0.0
0.0
0.0
0.0
0.0
0.0
0.0
0.0
0.0
0.0
1.16201
0.0
0.0
0.0
0.0
0.0
0.0
0.0
0.0
0.0
0.0
0.0
0.0
4.73798
1.30722
0.0
0.0
0.0
0.0
0.0
0.0
0.0
0.06164
0.0
3.84979
0.0
1.09653
0.0
0.0
0.0
0.0
0.0
1.35787
0.0
0.0
0.0
0.0
0.0
0.0
0.0
0.0
0.457299
0.0
0.0
0.0
0.0
0.0
1.35433
0.0
0.0
0.292725
0.429696
0.0
0.0
0.0
0.0
0.0
0.0
0.194413
0.0
0.0
0.0
0.0
0.0
0.0
0.0
0.0
0.0
0.0
0.0
0.268564
0.0
0.0
0.0
0.0
0.0
0.0
0.0
0.0
0.0
0.0
0.0
0.0
0.0
0.0
0.0
0.0
0.0
0.0
0.0
0.0
0.0
0.0
0.0
0.0
0.0
0.0
0.415674
0.0
1.38684
0.0
0.0
0.0
0.0
0.95132
0.954336
0.0
0.0
0.0
0.0
0.0
0.0
0.0
0.0
0.0
4.62051
0.0
0.0
0.0
0.840373
0.0
0.0
0.0
0.929179
0.0
3.8491
0.213662
0.0
0.0
0.0
0.43155
0.0
0.0
0.0
1.92486
0.0
0.0
0.0
0.0
0.0
0.0
0.607069
0.0
0.0
6.61573
0.0
0.0
0.0
0.0
0.0
0.0
0.0
1.17413
0.0
0.0
0.0
0.0
0.0
0.0
0.0
0.637622
0.0
0.0
0.0
0.0
0.0
0.0
0.0
0.0
1.5633
0.0
0.0
3.42248
0.0
1.56422
0.0
0.0
0.0
0.0
0.342381
0.0
0.0
0.0
0.0
0.0
0.0
0.0
0.0
0.0
0.0
1.22656
0.0
0.0
0.0
0.0
0.0
0.0
0.0
0.0
0.0
0.0
0.0
0.0
0.0
0.0
0.0
0.0
0.0
1.45801
0.0
0.0112154
0.0
2.00732
0.0
0.0
0.155393
0.0
0.0
0.0
0.0
0.0
0.0
0.0
0.0
4.9779
0.0
0.0
0.0
0.0
0.0
0.0
0.0
0.0
0.0
0.0
0.0
0.0
0.0
0.0
0.0
0.0
0.0
0.0
0.0
0.0
0.0
0.108056
0.0
0.0
3.68768
0.0
0.0
0.0
0.0
2.70123
0.0
0.0
0.0
0.62922
0.0
0.0
0.0
0.0
0.0
0.0
0.0
0.0
0.0
0.0
0.0
3.81928
0.0
2.85078
0.0
0.0
3.61573
0.294735
0.0
0.0
0.0
0.0
0.0
2.09354
3.20848
2.18516
0.0
0.0
0.0
0.0
0.0
0.0
0.0
0.0
0.0
3.954
0.0
0.0
0.0
1.06964
0.0
0.0
0.0
0.0
0.0
0.0
0.0
0.0
1.84531
0.0
0.0
0.0
0.0
0.0
0.0
2.94871
0.0
0.0
3.72429
0.0
0.0
0.0
0.0
0.0
0.0
0.0
0.0
0.645349
1.2448
0.0
0.0
3.8122
3.2215
0.0
0.0
2.04331
0.0
0.0
0.0
0.0
0.0
0.0
0.0
0.0
0.0
0.0807307
0.0
0.0
0.0
0.0
0.0
0.0759
0.0
0.0
1.5384
0.0
0.0
1.02556
0.0
0.0
0.0
0.0
0.0
0.0
3.01056
0.0
0.0
0.0
0.0
0.568748
0.0
1.16136
0.0
0.0
0.0
0.0
0.0
0.0
0.0
0.0
0.0
0.0
0.0
1.71883
0.0
0.0
0.0
0.0
2.79362
0.0
0.0
0.0
0.0
0.0
0.0
0.0
0.0
0.0
0.0
0.0
1.36809
0.0
0.0
0.0
0.0
0.0
0.0
0.0
0.0
0.0
1.65986
0.0
0.119109
0.0
0.314372
0.0
0.0
0.0
0.0
0.0
0.0
0.0
0.0
0.0
0.0
0.0
0.0
0.0
0.0
0.0
0.0
0.0
1.0482
0.0
1.58016
0.0
0.0
0.0
0.0
2.55102
0.00824763
10.2708
0.0
0.0
0.0
0.0
0.0
0.0
0.0
0.0
0.13244
0.0
0.0
0.0
0.0
0.0
0.232624
0.0
0.0
0.0
0.368079
0.0
0.0
0.0
0.0
0.0
1.6512
0.428601
0.0
0.0
0.0
0.0
0.0
0.0
0.0
0.0
0.0
0.0
0.0
0.0
0.0
0.0
0.0
0.0
2.22888
0.0
0.0
0.0
0.0
3.72818
2.71373
0.0
0.0
0.0
0.568977
0.0
0.0
0.0
0.0
0.0
0.0
0.0
0.0
0.0
0.0
0.0
0.674728
0.0
0.0
0.0
0.0
0.0
0.0
0.0
0.0
0.0
0.0
0.0
0.0
0.0
0.0
0.0
0.0
0.0
0.0
0.0
0.0
1.11592
0.0
0.387903
0.0
0.0
0.0
0.0
0.0
0.0
0.0
0.0
0.0
0.0
0.0
0.0
0.0
0.655223
0.0
0.0
0.0
0.0
0.0
2.05091
0.0
0.0
0.0
0.0
0.0
0.0
0.0
0.0
0.0
0.0
0.0
0.0
0.442699
0.0
0.0
0.0
1.0676
0.0
0.0
0.0
7.26938
0.0
0.0
0.0
0.0
0.573953
0.307098
0.935489
0.0
0.0
0.0
0.0
0.0
0.846403
0.0
0.0
0.0
0.0
0.0
0.0
0.0
1.88842
0.0
0.0
0.0
4.04437
0.0
0.0
0.0
1.89882
0.0
0.0
0.0
0.0
0.0
0.0
0.0
2.10864
3.19872
0.0
0.0
0.0
0.0
2.35944
0.432691
0.0
0.0
0.0
0.0
0.0
0.370262
1.66039
0.0
0.0746763
0.0
0.0
0.0
0.0
0.0
0.0
0.0
0.0
3.12653
3.50369
0.0
0.0
0.0
0.0
0.0
0.0
0.0
0.0
1.53327
0.0
0.0
0.0
0.0
0.0
0.0
0.0
0.0
0.0
0.0
0.0
4.66057
0.0
0.0
0.0
0.0
1.16638
0.0
0.0
0.0
3.45803
0.0
0.0
0.0
0.0
0.0
0.0
0.0
0.0
0.0
0.0
0.0
3.44249
0.0
0.0
0.0
0.0
0.0
3.01659
1.31311
0.0
0.0
0.0
0.0
0.0
0.0
0.0
0.0
0.0
0.0
0.0
0.0
0.0
0.0
0.0
0.0
0.0
0.515965
0.0
0.0
0.0
0.0
0.0
0.0
0.0
0.0
3.57723
3.74066
0.800825
0.0
0.0
0.0
0.0532187
0.0
0.0
0.0
0.0
0.0
0.0
0.0
0.0
0.0
0.0
0.0
0.767235
0.0
1.05778
0.0
0.0
0.0
0.0
0.0
0.0
0.0
1.82946
2.49269
4.22947
0.0
0.0
0.0
0.0
2.56305
2.29033
0.0
0.0
0.42215
0.0
4.18911
0.0
0.0
0.0
0.0
0.0
0.674003
0.0
3.93957
0.490157
0.0
3.19897
0.0
0.0
0.0
0.0
0.0
0.0
0.0
0.0
0.0
0.0
0.0
0.0
0.0773922
0.0
0.0
0.0
0.0
0.0
0.0
0.0
5.20692
0.0
0.0
0.0
0.0
0.0
0.393123
0.0
0.0
0.0
3.14154
1.39313
0.0
0.0
0.0
0.744971
0.0
0.140976
0.0
0.0
0.799475
0.0
0.0
4.6408
0.0
0.104907
0.0
0.0
0.377342
0.0
0.478751
0.0
0.0
0.0
0.0
0.693371
0.0
0.0
0.0
0.0
0.0
0.0
0.0
0.0
0.0
0.0
0.0
0.0
0.0
0.0
0.0
0.0
0.0
0.0
0.0
1.89403
0.217315
1.01666
0.0
0.0
0.0
0.0
1.47084
0.0
0.0
0.0
0.0
0.0
0.0
1.19484
0.138411
0.0
4.57854
0.0
3.57474
0.654202
1.55854
0.0
0.0
0.0
0.0
4.36923
0.0
0.0
0.0
0.0
0.0
0.0
1.94997
0.0
0.0
0.0780215
0.0
0.0
0.401879
0.0
0.0
0.0
0.0
0.0
0.0
0.0
2.8123
0.0
0.0
0.0
1.40779
0.0
0.0
0.0
0.412329
0.0
0.0
0.0
0.0
0.0
0.0
0.0
0.0
0.0
0.0
0.0
4.88643
0.129702
0.0
0.0
0.0
2.13406
0.0
0.0
0.0
0.0
0.0
0.0
3.55805
0.0
0.0
0.0
0.0
0.0
0.0
0.0
2.29563
2.28054
0.0
0.0
2.42483
0.0
0.0
0.0
0.0
0.0
0.0
0.0
0.0
0.0
3.55424
3.20856
0.0
0.0
0.0
0.0
0.0
0.0
0.0
0.905848
0.892439
0.0
0.0
0.0
0.0
0.0
0.0
0.0
2.70274
0.0
3.02007
0.914319
3.96538
2.96468
0.0
0.0
0.983552
3.28362
0.0
0.0
0.924092
0.0
1.34448
3.27578
4.66459
0.0
0.0
2.5098
0.0
0.0
0.0
0.0
0.0
1.75775
0.0
0.0
1.69746
0.0
0.0
1.93605
0.490188
0.0
0.0
0.0
0.0
0.0
0.222545
0.0
0.698638
0.0
0.0
2.89321
0.0
1.93338
0.0
0.234343
0.0
0.0
0.0
0.0
0.0
0.0
2.95976
0.0
0.0
0.0
0.0
0.0
2.52468
0.0
0.588741
0.0
1.33032
0.908914
0.0
0.0
0.0
0.0
2.51823
0.0
0.0
0.0
0.0
0.0
0.0
0.0
0.0
0.0
0.0
0.0
0.0
0.0
0.0
0.810627
0.0
0.0
0.0
0.0
0.0
0.729625
0.923958
0.0
0.0
0.719197
0.0
1.18281
0.0
0.0
0.0
3.25845
0.0
0.0
0.0
0.0
0.0
0.0
0.0
3.94831
0.0
0.194637
0.0
0.0
0.0
1.89011
0.0
0.0
0.0
2.90621
4.92661
0.0
1.625
0.0
0.441713
0.0
0.0
0.0
0.687979
0.0
0.0
3.47881
0.871183
0.0
0.0
0.0
1.26766
0.0
0.0
0.0
0.0
0.0
0.0
0.0
0.0
0.0
0.0
0.0
0.0
0.0
0.0
0.0
0.0
0.0
0.0
0.0
2.44497
0.0
0.0
0.0
0.0
0.0
0.0
3.65981
0.0
0.0
0.0
0.0
0.0
0.0
1.15944
0.0
0.0
0.444842
0.0
0.0
0.0
0.0
0.0
0.0
1.3337
0.0
0.136681
0.0
0.0
