0.0
0.0
0.0
0.0
0.0
0.0
0.0
0.0
0.0
0.0
0.0
0.0
0.0
0.0
0.0
0.0
0.0
0.589997
4.36222
0.0
0.0
1.79539
0.0
0.0
0.0
0.0
0.0
0.0
0.0
0.0
0.0
2.57105
0.0
4.7386
0.0
0.0
0.0
0.0
0.0
0.0
0.0
0.0
0.0
0.0
0.0
4.14091
4.22361
0.0
0.0
2.80939
0.993447
0.0
0.0
0.0
0.0
0.0
0.0
0.0
0.0
0.0
2.23454
0.0
0.0
3.08228
0.650501
0.0
0.0
0.0
3.2833
0.0
0.0
0.0
0.0
0.0
0.0
0.0
0.0
0.410834
0.0
0.0
1.21136
0.0
0.0
0.0
0.0
0.0
0.0
0.0
1.03837
0.0
0.0
0.0
0.0
0.0
0.0
0.0
0.0
0.0
0.0
0.0
0.0
0.0
0.0
0.0
0.0
0.0
0.313061
0.0
0.0
1.64172
0.0
0.0
0.0
2.96443
0.0730264
0.0
0.0
0.0
1.50695
0.0
0.615597
0.0
0.0
0.0
0.0
0.0
0.0
6.74358
0.0629746
0.0
0.0
0.771837
0.0
0.0
1.6716
0.0
0.0
0.0
0.0
0.0
0.0
0.642924
0.0
0.0
0.0
0.0
0.0
0.00185919
0.0
0.0
0.199328
0.0
0.0
1.24962
0.0
0.0
0.0
0.0
0.0
0.0
0.0
1.11101
0.0
0.0
0.0
0.0
0.0
0.0
0.0
0.0
0.407559
0.915202
2.2043
1.87234
0.0
0.0
0.0
0.0
0.0
0.0
3.16099
0.0
0.0
0.0
0.0
0.485819
0.584213
0.0
0.0
0.0
0.0
0.0
7.18073
0.0
0.0
0.0
0.0
0.0
0.0
4.07238
0.0
2.84481
0.0
0.0
0.0
0.0
0.0
0.0
0.0
0.0
0.0
0.843865
0.0
0.0
0.0
0.0
0.0
0.0
0.0
2.68738
0.0
4.78918
0.0
0.0
0.623512
0.0
1.57974
3.2321
0.0
0.249009
0.0
0.0
0.0
0.0
0.0
0.0
0.0
0.0
0.0
0.0
0.0
0.0
0.0
4.29162
0.764728
0.0
0.0
1.14275
0.0
0.0
0.0
0.0
0.0
0.0
0.0
0.0
0.0
0.0
0.0
0.0
0.0
0.0
2.91671
0.0
0.0
0.0
1.84871
0.0
0.0
0.0
0.0
1.17311
0.255867
1.76499
0.0
0.0
1.64539
0.137251
0.0
0.0
0.0
0.0
0.880759
3.14576
0.0
0.0
0.0
1.79588
0.0
0.0
0.0
0.0
0.0
0.0
0.0
0.0
0.0
0.0
0.0
0.0
0.0
4.56971
0.0
0.0
0.0
0.0
0.0
0.0
0.0
0.0
0.0
0.0
0.0
0.24449
0.0
0.0
0.0
0.0
0.0
0.0
0.0
0.0
0.0
0.0
0.0
0.0
1.52934
0.0
0.0
0.0
0.0
0.0
0.0
0.0
1.09371
0.0
0.0
0.0
0.0
0.0
1.31828
0.0
0.0
0.0
0.0
0.0
0.0
0.0
1.92145
0.0
0.0
0.0
0.0
0.0
0.0
0.0
0.0
0.0
0.0
0.0
0.0
0.0
0.0
0.0
0.0
0.0
0.0
0.0
0.0
0.0
0.0
0.0
0.0
0.0
0.0
0.0
0.0
0.0
0.0
0.735904
0.0
0.171183
0.0
0.0
0.403108
0.0
0.0
3.22065
0.0
0.0
0.0
0.0
0.0
0.0
0.0
0.796167
3.80132
0.0
0.0
0.0
0.0
0.0
0.0
0.0
0.0
0.0
2.10691
0.0
0.920087
0.0
0.0
0.0
0.0
0.0
0.240744
0.0
0.0
0.0
0.0
1.83228
0.0
0.0
0.91266
0.0
0.0
0.0
0.0
0.0
0.441548
0.0
4.21598
0.0
0.0
3.09047
0.0
0.0
0.0
0.0
4.93701
0.0
0.0
0.0
0.0
0.0
0.0
0.0
0.0
0.0
1.53837
0.0626869
0.0
0.0
0.0
3.63173
0.0
0.0
0.0
0.0
0.0
0.0
0.0
0.0
0.0
0.0
2.38906
0.0
0.0
0.0
0.857168
2.33438
0.0
0.0
0.0
0.0
0.0
0.0
0.432639
0.0
2.3969
0.0
0.0
0.0
0.0
0.0
0.0
0.0
0.0
0.0
0.0
0.0
0.0
0.0
0.0
0.0
0.0
0.0
0.818781
0.0
0.0
0.0
0.0
0.0
0.0
0.0
0.896228
0.75994
0.0
0.0
0.0
0.0
0.0
0.00218844
0.0
0.0
0.0
0.0
0.0
1.70724
0.0
0.0
0.0
0.0
0.0
0.0
0.0
0.0
0.0
0.0
0.0
0.0
0.0
0.0
1.98192
0.0
0.0
0.0
0.0
0.0
0.0
0.0
0.0
0.0
2.43747
2.41709
0.0
0.0
0.0
0.0
0.0
0.0
0.0
1.61405
0.0
0.0
1.47075
0.0
1.90943
0.0
0.0
0.0
0.0
0.0
0.0
0.0
0.0
0.0
0.0
0.0
0.0
0.0
0.0
0.0
0.505281
0.0421623
0.775205
0.0
0.0
0.0
0.0
0.0
0.0
0.0
0.0
0.0
2.50567
0.0
1.92509
0.0
0.0
0.0
0.0
0.0
0.378344
0.0
0.0
0.0
0.0
0.0
0.0
0.0
0.0
0.0
0.0
0.0
0.0
0.0
0.0
0.0
0.0
0.0
0.0
0.0
0.0
0.0
0.0
0.0
0.0
0.0
0.0
0.0
5.88999
0.0
0.0
0.0
2.87108
0.0
0.0
0.0
0.0
0.0
0.0
0.0
0.0
0.0
0.0
2.92038
0.0
0.0
0.0
0.0
0.0
0.0
0.0
3.87493
0.0
0.0
0.0
0.0
0.0
0.0
0.0
0.0
0.0
0.0
0.841187
0.0
0.0
0.0
0.0
0.0
0.0
4.77633
0.425462
0.0
0.0
0.0
0.0
0.0
0.0
0.0
0.0
0.0
0.0
0.0
2.08398
0.0
0.0
0.0
0.0
0.0
0.0
0.0
0.0
0.0
0.0
0.0
0.0
0.0
0.0
0.0
0.0
0.0
0.0
0.0
0.0
0.0
0.0
0.0
0.0
0.0
0.0
0.204917
0.0
0.0
0.0
0.0
0.0
0.0
0.0
0.0
0.0
0.0
1.52482
0.0
1.70735
0.0
0.0
0.0
0.0
0.0
0.0
0.0
0.0
0.0
0.0
0.0
1.30669
0.0
5.51349
0.0
0.0
0.0
0.0
0.0
0.81778
2.29359
0.0
0.0
0.628913
0.0
0.0
0.0
0.0
0.0
0.0
0.0
0.0
0.0
0.0
0.0
0.646303
0.0
0.0
0.0
0.0
0.0
0.0
0.0
0.0
0.0
1.76253
1.16206
0.0
0.0
0.0
0.0
0.0
0.0
0.0
0.0
0.0
0.86667
0.0
5.54133
0.0
0.0
0.0
0.348342
0.0
0.751991
0.0
0.0
0.0
0.675436
0.0
0.0
0.0
0.0
0.0
0.0
3.23769
0.0851181
0.0
0.0
0.0
0.0
3.63531
0.0
0.0
4.05254
0.0
0.0
0.0
2.04317
0.0
1.39323
0.0
0.0
0.0
0.0
0.0
0.0
0.0
0.0
0.0
0.0
4.57365
0.0
0.0
0.0
0.0
0.0
0.0
0.0
0.0
0.0
0.0
0.0
0.0
3.53382
0.0
1.00285
0.0
0.0
0.0
0.0
0.0
0.0
0.0
0.0
0.0
0.0
0.0
0.0
2.26258
0.0
0.0
0.0
2.22829
0.493628
0.0
0.0
2.03805
0.0
0.0
0.0
0.0
0.0
0.0
0.0
0.0
1.78062
0.0
0.0
0.490961
0.0
0.0
1.39884
0.0
0.0
0.0
0.0
0.0
0.0
0.0
0.0
0.0
0.0
0.0
1.03593
0.0
2.25677
0.0
0.0
0.0
0.0
0.0
0.0
0.0
0.0
0.171726
0.0
0.169711
0.0
1.05227
0.0
0.0
0.0
0.0
0.0
1.27445
0.0
0.0
0.0
0.0988217
0.0
0.0
0.0
6.31643
0.0
0.0
0.0
0.0
0.0
0.0
0.0
0.0
0.0
0.0
0.0
0.0
1.30623
0.0
0.0
0.0
0.0
0.0
0.0
0.0
0.0
0.0
0.0
0.0
0.0
0.0
0.0
0.0
0.0
0.0
0.0
0.0
0.0
0.0
0.0
0.0
0.0
0.0
0.0
0.0
1.40579
0.0
0.0
0.0
0.0
0.0
0.453226
0.0
4.03738
0.0
0.0
0.0
0.0
0.0
0.0
0.0
0.0
0.0
2.73901
0.933749
5.90092
0.0
0.0
0.506425
0.0
0.0
0.0
0.0
0.0
0.0
0.0
0.0
0.0
3.5716
0.0
0.0
2.20214
0.0
0.0
0.0
0.0
0.0
0.0
0.824017
0.0
0.0
0.0
0.360274
0.0
0.0
0.0
0.0
1.27597
0.0
0.0
0.0
0.0
0.0
0.0
0.0
0.0
0.0
0.0
0.0
0.0
4.77609
0.800192
0.0
2.745
0.0
0.0
0.0
0.0
0.0
0.0
0.0
0.0
0.0
0.0
0.0
0.0
0.0
0.0
0.0
0.0
1.25878
0.0
0.0
0.423063
0.0
0.0
0.0
0.0
0.0
0.0
0.0
0.0
2.2918
0.0
2.26648
0.0
0.0
0.0
0.0
0.0
0.0
2.23409
0.0
0.0
0.0
0.0
0.0
0.0
0.0
0.891013
0.0
3.09928
0.0
2.16858
3.09661
0.0
0.0
0.0
0.0
0.0
2.26749
0.0
0.0
0.0
0.0
0.0
0.112708
0.0
0.0
0.0
0.0
0.0
0.0
0.615492
0.0
0.0
0.0
0.0
0.0
2.07355
0.0
0.0
0.0
4.07485
0.0
0.128738
0.0
0.0
0.0
0.0
0.0
0.0
0.0
0.0
0.0
0.0
0.0
0.0
1.74366
0.0
0.0
0.0
0.0
0.0
1.50036
0.0
0.0
0.0
0.0
0.0
0.32574
0.0
0.0
4.75418
0.0
2.43513
0.0
0.0
0.0
0.0
0.0
0.0
0.0
0.0
0.0
0.0
0.0
0.0
0.0
4.20967
0.0
0.0
0.798282
1.34441
0.0
0.0
0.0
0.0301038
0.0
0.0
6.80269
0.0
0.0
0.0
0.0
0.0
0.0
0.0
0.677239
0.0
1.13057
0.0
0.0
2.82373
0.0
0.0
0.0
5.63745
4.47278
0.0
0.639197
0.0
0.0
0.0
0.0
2.02309
0.0
0.0
0.0
0.0
0.0
0.0
0.0
0.0
0.0
0.0
0.0
0.0
0.0
0.0
2.09662
0.0
0.0
0.155831
0.0
0.0
0.0
0.0
2.17986
0.0
0.0
0.0
0.394902
0.0
0.0
0.0
0.0
0.0
0.0
0.0
0.0
0.0
2.92743
0.0
1.03671
4.11732
0.0
2.1254
0.0
0.0
0.0
0.1362
0.0
0.0
0.866599
0.0
0.0
0.369977
1.32829
0.0
0.0
3.31915
0.0
0.0
0.196226
0.0
0.0
0.0
0.0
0.0
0.0
3.81455
0.0
0.0
0.0
0.0
0.0
0.0
0.0
0.679388
0.0
0.0
0.0
0.0
0.0
0.0
0.0
0.0
0.0
0.0
1.24425
3.4699
0.0
0.0
0.0
0.0
0.0
0.0
0.0
0.941002
0.0
0.0
0.171208
2.14409
0.0
0.782318
0.0
0.0
0.0
0.0
0.0
0.0
0.0
0.0
0.0
0.0
0.0
9.54887
0.0
0.0
2.97314
0.0
0.0
0.0
0.959499
0.0
3.15772
0.0
0.0
0.0
1.1915
0.298017
4.99577
0.0
0.0
2.01438
0.0
0.0
0.0
0.0
0.0
0.0
0.0
0.0
0.0
0.0
0.0
0.0
0.0
0.0
1.18055
0.0
0.0
0.0
0.0
0.0
0.0
0.0
0.0
0.0
0.0
0.0
0.0
0.0
1.59676
0.0
0.0
0.0
0.0
0.0
0.0
0.0
0.820895
0.0
0.0
0.0
0.0
0.0
0.0
0.0
0.0
0.0
0.0
0.0
1.88484
0.0
0.0
0.0
0.0
0.0
0.306727
0.0
0.0
0.0
0.0
0.0
0.0
0.188704
0.0
0.0
0.0
0.455089
0.784224
0.0
0.0
0.0
0.0
0.0
0.0
0.0
0.0
1.72971
0.0
0.0
0.0
0.0
0.0
0.141978
0.0
0.0
0.0
0.0
1.64951
0.0
0.0
0.0
0.0
0.0
0.705716
1.20704
0.0
2.37729
0.0
4.48184
1.94228
0.0
0.0
0.0
0.0
0.0
0.0
0.0
0.216817
3.2922
0.0
0.0
0.0
1.15717
0.0
0.0
0.0
0.0
0.984413
0.0
0.0
1.56118
0.0
0.0
2.12197
0.0
2.84051
0.0
0.0
0.0
0.0
0.0
0.0
0.0
0.0
0.0
0.21656
0.0
0.0
0.0
0.0
4.43391
0.0
0.0
1.58947
0.0
0.0
0.0
0.0
0.0
0.0
0.0
0.0
0.0
0.385777
0.0
0.0
0.0
2.16605
0.0
0.252226
0.0
2.03475
0.0
0.0
0.0
0.0
0.0
0.0
0.0
0.0
0.0
0.0
0.0
0.0
0.0
0.0
0.0
0.0
0.0
0.0
0.0
0.0
0.0
0.000834033
0.0
2.38812
0.0
0.734917
0.0
0.0
0.0
0.0
0.0
0.0
0.0
0.0
1.33898
0.0
0.0
0.0
0.0
0.254295
0.0
1.47692
0.0
0.0
0.0
1.77645
0.0
0.0
0.0
0.0
0.978082
0.0
0.0
0.0
0.0
0.0
0.0
0.0
0.0
4.12422
0.0
1.18208
0.0
0.0
0.0
0.0
1.79911
0.0
0.0
0.0
0.0
0.0
3.11234
1.82184
1.6176
0.0
0.0
0.0
0.0
0.0
0.0
0.0
1.15619
0.0
0.0
0.0
0.0
0.0
0.0
0.0
0.380897
0.0
1.25227
0.0
0.0
0.0
0.0
0.0
0.0
0.75069
1.70108
0.0
3.52883
0.0
0.0
0.0
0.0
0.0
0.0
0.0
0.0
0.0
0.0
0.0
0.0
0.0
0.0
0.0
0.0
0.0
0.0
0.0
0.0
4.88468
0.0
0.0
0.0
0.0
0.0
0.0
0.0
0.0
0.0
0.0
0.0
0.0
0.0758326
0.0
1.17987
0.0
0.0
0.0
0.0
0.0
0.0
0.0
0.0
0.0
0.0
1.49032
0.0
0.0
0.0
0.343024
0.0
0.530527
0.0
0.0
0.0
0.0
0.0
0.0
0.0
0.0
0.0
0.0
0.363641
3.12378
0.0
0.0
0.0
0.0
0.0
0.0
8.38827
0.0
0.0
0.0
0.165958
0.0
0.0
0.0
0.0
0.0
0.0
0.0
1.77035
0.0
0.0
0.0
0.0
0.0
0.0
0.0
0.0
0.0
0.772711
1.79897
2.69686
1.78004
0.346183
0.0
3.90284
0.0
0.0
0.0
0.0
2.41355
0.0
0.0
1.57963
0.0
0.0
0.317945
0.0
0.0
0.0
1.52095
0.0
0.0
0.0
0.0
0.0
0.0
0.0
0.0
0.0
0.0
0.0
0.0
0.0
0.0
0.0
0.0
0.0
0.0
0.155539
0.0
0.0
0.0
1.10639
0.0
0.0
0.0
0.0
0.0
0.0
0.0
0.0
0.0
0.0
0.0
0.0
0.0
0.0
3.27769
0.0
0.0
0.0
0.907612
0.0
0.0
0.0
0.0
0.0
0.0
0.0
0.0
0.0
0.0
0.0
0.0
0.0
0.0
0.0
0.0
0.0
1.66649
0.0
0.0
0.0
0.0
0.0
0.0
0.0
1.41151
0.0
0.0
2.35344
1.63927
0.0
0.0
0.0
0.0
2.99653
0.518099
7.1151
2.26924
0.0
0.0
0.0
0.0
0.0
0.0
0.0
0.0
0.0
0.0
0.0
0.558117
0.0
0.0
0.0
0.0
0.0
0.0
0.0
0.0
0.0
0.0
0.0
0.0
0.0
0.0
0.0
0.0
0.0
1.46174
0.0
0.0
0.0
0.0
0.0
0.0
0.0
0.0
0.0
0.0
0.0
0.0
0.0
0.0
0.0
1.55513
0.0
0.0
0.0
0.0
1.93014
0.0
1.86952
0.0
0.0
0.0
0.0
0.0
0.473408
0.0
0.0
0.0
0.0
0.0
0.0
0.0236547
0.0
0.0
0.675743
0.0
0.0
0.0
0.342436
0.0
0.0
0.0
0.0
0.0
0.0
0.0
0.0
0.0
0.0
0.0
0.0
0.0
0.0
0.0
0.0
1.64871
0.0
0.0
0.0
0.0
0.0
1.4214
0.0
0.0
0.0
0.117985
0.0
0.0
0.0
0.0
1.74136
0.0
0.0
0.0
0.0
1.7569
0.0
0.0
0.0
0.0
0.0
0.0
0.0
0.0
0.0
5.46919
0.0
0.0
0.0
0.0
0.0
1.05963
1.64076
0.0
0.0
0.0
0.0
0.0
0.0
0.0
0.0
0.0
0.0
0.0
0.0
0.0
2.87026
0.0
0.0
0.0
0.0
0.0
0.0
0.0
0.0
0.0
0.0
0.0
0.0
0.0
0.0
0.0
0.0
0.236415
0.0
3.20729
0.0
0.0
0.0
0.0
0.0
0.0
0.0
0.0
0.0
2.30144
0.0
0.0
0.0
0.0
0.0
0.0
0.0
0.0
0.0
0.0
1.15648
0.0
0.0
0.0
0.0
1.38819
0.0
0.0
0.0
0.0
0.0
0.0
0.0
0.0
0.0
0.0
0.0
0.0
0.0
0.0
0.0
0.0
0.0
0.575992
0.0
1.35616
2.80075
0.0
0.0
0.0
0.0
0.0
0.0
2.03648
0.0
0.0
0.0
0.0
0.0
0.0
0.534019
0.199227
0.0
5.47932
0.0
0.0
2.39979
3.02687
1.49515
0.0
0.0
3.96303
0.0
0.0
0.0
0.0
0.100915
0.0
0.0552419
0.0
0.0
0.692877
4.08351
1.36849
0.0
0.0
0.0
0.0
0.0
0.0
0.0
1.01396
0.0
0.0
0.707115
0.0
0.0
0.299289
0.0
0.0
0.0
0.0
4.14158
6.09883
0.0
1.42984
0.0
0.0
0.0
0.0
0.0
2.04305
0.0
0.0
0.0
0.876181
0.0
0.0
0.0
0.0
0.0
0.530842
0.0
0.0
0.0
0.0
0.0
1.99123
0.861827
0.0
0.0
0.0
0.0
0.0
0.0
2.25538
0.0
0.0
0.0
5.08433
0.0
0.0
0.0
1.77658
4.21456
0.0
0.0
0.0
0.0
0.0
0.0
0.0
1.71583
0.0
0.0
0.0
0.0
0.0
0.0
1.46168
0.0
0.0
0.0
0.0
0.0
3.49076
0.956976
0.0
0.0
0.0
0.0
0.0
0.0
0.0
0.575427
0.0
0.0
0.0
0.0
0.0
0.0
0.0
0.0
1.11479
0.0
0.0
0.724619
0.0
0.0
0.0
3.12429
0.0
0.0
0.0
0.0
0.0
0.0
0.0
0.0
2.0675
0.0
0.0
0.0
0.0
0.0
0.0
0.0
8.53392
0.0
0.0160521
0.0
0.0
0.72805
0.0
0.0
0.0
0.0
0.984926
0.0
0.0
0.0
0.0
0.0
0.0
0.0
0.0
0.0
0.0
0.0
0.0
0.0
0.0
2.44483
0.0
0.692195
0.0
0.0
0.0
3.89441
1.88321
0.0
0.0
1.00164
0.0
0.0
0.0
0.0
0.0
0.0
0.0
0.0
0.0
0.0
0.0
0.0
0.0
0.0
0.0
0.43527
0.0
0.0
0.72575
0.0
0.0
0.0
0.0
0.0
1.53983
0.0
0.0
0.0
0.0
0.0
0.0
0.0
0.0
0.0
0.0
0.0
0.0
0.0
0.0
1.62635
0.0
0.0
0.0
0.0
1.11271
0.0
0.0
0.0
0.0
0.00382382
0.0
0.0
0.0
0.0
0.0
0.741242
0.0
0.366581
0.0
0.0
0.0
0.499668
0.0
0.0
0.0
3.85124
0.0
0.0
0.0
0.0
0.0
0.0
0.0
0.0
0.0
0.0
0.0
0.0
0.0
0.0
0.0
0.0
0.0
0.0
0.0
2.22016
1.86434
0.0
0.0
0.0
0.0
0.0
0.0
0.0
0.0
0.0
1.41582
0.0
0.0
0.0597196
0.25926
0.0
0.0
0.0
0.0
0.0
0.0
0.0
0.0
0.0
0.0
0.0
0.0
0.0
0.0
0.0
0.0
0.0
0.0
0.0
0.0
4.32145
0.0
0.0
4.27808
0.0
1.23558
0.0
0.0
0.0
0.0
0.0
0.0
2.98402
0.0
0.0
0.0
3.75577
0.0
0.0
0.0
0.0
0.882153
0.0
0.0
0.0225272
1.18787
0.0
1.49768
0.0
0.0
0.0
0.0
1.06062
3.89022
0.0
2.89898
0.0
0.0
0.0
0.0
0.0
0.0
0.834268
0.403543
0.383806
0.212013
0.0
0.0
0.0
0.0
0.0
0.0
0.0
0.0
0.0
0.0
0.0
0.0
0.578378
0.604305
0.0
0.0
0.0
0.0
0.0
0.0
0.0
0.0
0.0
0.0
0.0
0.0
0.0
1.4247
0.0
0.0
0.0
0.0
0.0
0.0
0.0
0.0
0.0
0.915944
0.0
0.0
0.0
0.0
0.0
0.0
0.504318
0.645815
1.29726
0.0
0.0
0.0
0.0
3.94632
0.0
0.0
0.0
4.39345
0.0
0.0
4.49064
0.0
0.0
0.0
2.27085
0.0
0.0
0.0
0.145626
0.0
0.0
0.0
0.0
0.0
5.4018
0.0
0.0
0.0
0.0
0.0
0.0
0.0
0.0
2.66294
0.0
2.27282
0.0
0.0
1.96239
0.0
0.0
0.0
0.548347
4.60411
0.0
0.0
0.0
0.0
0.0
0.0
0.305599
0.0
0.0
0.0
0.0
0.221437
0.0
0.0
0.0
0.0
0.0
0.0
1.51793
0.0
0.0
0.0
0.0
0.0
0.0
0.0
0.0
0.0
0.0
0.0
5.80646
0.0
0.0
0.0
0.0
0.0
0.0
0.0
1.65856
0.0
0.0
0.0
0.0
0.0
0.0
0.0
0.0
0.0
0.0
0.0
0.0
0.0
0.0
0.0
0.0
0.0
0.0
0.0
0.0
0.0
0.0
0.0
0.0
1.58874
0.0
0.0
1.91449
0.0
0.0
0.0
0.0
0.0
0.0
0.0
0.0
0.0
0.0
0.281885
0.0
2.77565
0.0
0.0
0.0
0.0
0.0
0.0
1.26072
0.0
0.0
0.0
0.0
0.0
0.0
1.92732
0.0
0.0
0.0
0.0
4.40337
0.0
3.57376
0.0
0.0
0.0
1.73566
0.0
0.0
0.0
0.0
0.0
0.0
1.64612
0.0
0.0
0.0
0.0
1.55207
0.0
0.0
0.0
0.0
0.0
0.0
0.0
1.44851
0.0
0.0
0.0
0.0
0.0
2.1248
0.447272
0.0
0.0
0.0
0.0
0.0
0.172371
0.0
0.0
0.0
0.0
0.0
0.0
0.0
0.608184
0.0
0.0
0.0
0.0
4.53388
0.0
0.0
0.0
0.0
0.0
0.0
0.0
0.0
0.0
0.0
0.0
0.0
0.0
0.0
0.0
0.0
0.0
0.0
0.0
0.0
0.0
0.0
1.3456
0.0
0.0
0.0
0.0
0.0
0.0
0.0
0.0
0.0
0.0
0.913245
0.0
0.0
0.0
0.0
0.0
0.78356
0.0
3.73811
4.0192
0.0
0.0
0.0
0.0
0.0
0.0
0.0
0.0
2.273
0.0
0.0
0.0
0.0
0.56885
0.0
0.0
0.0
0.0
0.0
0.0
0.0
0.0
0.0
0.0
0.0
0.71556
1.30365
0.0
0.0
0.0
0.0
0.0
2.23178
0.0
0.0
0.0
0.0
0.0
0.0
0.0
0.0
1.09565
0.0
2.35559
0.0
2.39606
0.0
1.88688
0.0
0.0
0.0
0.0
0.144047
0.0
0.587473
0.0
0.0
0.0
0.0
0.0
0.0
0.0
0.0
0.0
0.12758
0.0
0.0
0.0
0.0
0.0
0.0
0.0
1.82812
0.0
0.0
2.79734
1.94278
0.0
0.0
0.0
3.2427
0.0
0.0
0.0
2.55999
0.0
0.0
0.269004
0.0
0.88223
0.0
0.0
0.0
0.0
0.0
0.0
0.0
0.0
0.0
0.0
0.532395
0.0
0.0
0.0
0.0
0.0
0.0
0.0
0.0
0.0
0.0
0.0
0.453396
0.0
0.0
1.07536
0.0
0.0
0.0
0.0
0.0
0.990532
0.0
3.53556
0.843817
0.0
0.0
0.0
0.0
0.0
2.08619
0.101106
0.0
0.0
1.97054
0.0
0.0
0.0
0.0
0.0
0.0
0.0
0.0
0.0
0.0
0.0
0.0
0.0
0.0
0.0
0.0
0.0
3.03677
2.64652
0.0
0.0
0.0
0.0
0.0
3.33115
0.0
0.0
1.03192
0.0
0.0
0.0
0.0
0.0
0.278878
0.0
0.0
0.0
0.636405
0.0
0.0
0.0
0.0
0.0
0.0
0.0
0.0
0.0
0.0
0.0
0.0
0.0
0.0
0.0
0.0
0.0
0.0
0.0
0.0
0.0
0.0
1.2621
0.0
0.0
0.0
0.0
0.0
0.0
1.64157
1.76437
0.0733163
0.0
0.0
0.0
0.0
0.0
0.0
0.0
0.0
3.90044
0.0
0.0724633
3.02668
0.0
0.0
2.7023
0.0
0.0
1.19464
0.0
0.0
0.0
0.0
0.0
0.0
0.0
0.0
0.0
0.0
0.0
0.0
0.0
0.0
1.47452
0.0
0.0
0.0
0.0
0.0
0.0
5.90275
0.0
0.0
0.0
0.0
0.0
0.0
5.77685
0.0
0.0
0.0
0.0
0.0
0.0
0.0
0.0
0.0
0.142644
0.0
0.0
0.0
0.0
0.0
0.0
0.0
0.0
0.0
0.0
0.0
0.0
0.0
0.0
1.25955
0.0
0.0
0.0
0.0
0.0
0.0
0.0
0.0
0.0
0.0
0.0
0.0
0.0
0.0
0.0
0.0
0.0
0.0
3.47873
0.0
0.0
0.0
0.0
0.0
0.0
0.0
1.63313
0.0
0.719015
0.0
0.0
0.0
0.0
0.0
0.0987328
0.0
0.0
0.0
0.0
0.0
0.0
0.0
0.0
2.95245
0.0
0.0
0.0
0.0
0.0
0.0
0.0
0.0
0.0
0.0
0.0
0.0
0.0
0.0
0.0
0.0
0.0
0.0
0.0
0.0
0.0
0.0
0.0
0.0
0.0
0.0
0.0
2.08663
0.0
0.0
0.0
0.0
2.09229
0.0
1.58048
0.0
0.0
0.0
0.0
0.0
0.0
1.06591
0.0
2.93993
0.0
0.0
0.0
0.0
0.0
0.0
0.0
1.58648
0.0
0.0
0.0
0.0
0.0
0.0
0.0
0.0
0.623242
0.416268
0.0
0.0
0.0
0.0
0.0
0.0
1.20408
0.0
0.0
0.0
0.0
0.0
0.0
0.0
0.0
0.0
0.0
0.0
0.0
0.0
0.0
0.230748
0.0
1.71103
0.0
0.0
0.0
0.0
0.0
0.0
0.0
0.0
0.613318
2.1392
0.0
0.0
1.86849
2.9038
0.0
0.0
0.0
0.0
0.0
0.0
0.0
1.24163
0.0
1.38847
0.0
0.602337
0.0
2.85513
0.0
0.0
0.0
0.0
0.0
0.0
0.0
0.0
0.0
0.0
0.0
0.0
1.70483
0.0
0.0
0.521145
0.0
0.0
1.29945
0.0
0.0
1.22607
2.07765
0.0
0.0
0.0
0.0
0.0
0.0
0.0
0.0
0.0
0.0
0.0
0.0
0.0
0.0
0.0
0.0
0.0
4.18984
0.0
0.0
0.372675
0.0
0.0
0.0
0.0
2.22723
0.0
0.0
0.0
0.0
0.0
0.0
0.0
0.13467
0.0
0.0
0.0
2.05263
0.0
0.0
0.0
0.0
0.0
0.0
0.0
0.0753958
0.0
0.0
0.0
0.0
0.0
0.0
0.0
0.0
0.0
0.837528
0.0
0.0
0.0
0.0
0.0
0.0
0.0
0.0
1.04251
0.0
0.0
0.0
0.0
0.0
0.0
0.0
0.750389
0.0
0.0
0.0
0.0
0.0
0.0
0.0
0.0
0.0
3.40543
0.0
0.0
2.70842
0.0
0.0
0.0
0.0
0.0
0.0
0.0
0.0
0.0
0.0
0.0
0.207667
0.0
0.0
0.0
0.0
0.0
0.0
0.0
0.0
0.0
0.0
0.0
0.0
0.0
0.0
0.0
0.0
0.0
0.0
0.0
0.0
0.0
3.69475
0.0
0.0
2.68464
0.0
0.0
0.0
0.25247
0.0
0.0
0.0
0.0
1.48859
0.0
0.0
0.0
0.0
0.0
0.0
0.0
0.0
0.0
0.0
0.0
0.0
0.867494
2.98706
0.0
0.0
2.3005
0.0
0.0
0.0
0.0
0.147237
0.0
0.141217
0.0
0.0
0.0
0.0
0.0
0.0
0.0
0.0
0.0
0.0
0.0
0.0
0.0
0.0
0.0
0.0
0.0
0.0
0.0
0.0
0.0
0.0
0.0
0.0
0.0
0.0
0.0
0.0
0.0
0.0
0.0
1.62734
0.0
0.0
0.0
0.0
0.584483
0.0
0.0
0.0
0.0
0.0
0.0
0.19662
0.0
0.0
0.0
0.0
0.0
0.0
0.0
2.57472
0.0
0.0
0.0
0.0
0.67705
0.0
0.0
0.0
0.0
0.0
0.0
0.0
0.0
0.0
0.0
0.607574
0.0
0.0
0.0
0.0
0.0
0.0
4.87567
0.0
0.0
0.0
0.0
0.0
0.78935
2.9455
1.28638
3.83698
0.0
0.0
0.0
2.13691
0.0
0.776628
0.0
0.0
0.0
0.0
0.0
0.0
3.16669
0.0
0.0
1.75712
0.0
0.0
0.0
0.0
1.48062
0.0
0.0
1.87674
0.0
0.0
0.0
0.0
1.98654
0.0
0.0
0.0
0.0
0.0
0.0
0.0
0.0
0.0
0.0
0.0
0.0
0.86111
0.0
0.0
0.0
0.0
0.0
0.0
0.0
0.0
0.0
0.0
0.0
0.0
0.0
0.0
0.0
0.548237
0.0
0.0753283
0.0
0.0
0.0
0.0
0.0
0.0
3.18433
0.0
0.0
0.0
0.0
0.0
0.0
6.54921
0.0
0.0
0.0
0.0
0.0
0.459243
0.0
0.0
0.0
0.0
0.0
0.0
0.594298
0.0
0.0
0.0
0.0
0.0
0.0
0.0
0.0
0.0
0.0
0.0
0.47494
0.732581
0.0
0.0
0.0
0.0
0.0
0.0
0.802266
0.0
0.0
0.0
0.0
0.983922
0.0
0.0
0.0
0.0
0.0
0.0
0.0
0.0
0.0
3.22948
0.0
0.0
0.0
0.0
0.0
0.0
0.0
0.0
1.35835
0.0
0.0
0.0
0.0
0.0
0.0
0.0
0.0
1.56551
0.0
0.0
0.0
0.0
0.0
0.0
0.0
0.0
0.154136
0.0
0.0
1.34433
0.0
0.0
0.0
0.0
0.0
0.0
0.0
0.0
0.0
1.87331
0.0
0.0
0.0
0.0
0.0
0.0
1.7319
0.0
0.0
0.0
0.0
0.0
0.0
1.12922
0.0
0.0
0.0
0.0
0.0
6.17469
0.0
0.0
0.0
0.0
0.0
0.0
0.0
0.0
0.0
0.0
0.923681
0.0
0.0
0.0
0.0
0.0
0.0
2.18063
0.0
0.0
1.14222
0.315704
0.0
0.0
0.0
0.0
0.0
0.0
0.0
0.0
0.0
0.0
0.0
0.0
0.0
0.0
0.0
1.53324
0.0
0.0
4.95793
0.0
0.0
0.0
0.0
0.0
0.0
0.0
0.0
0.0
0.0
0.0
0.0
0.0
0.0
0.0
0.0
6.26296
0.0
0.0
0.0
0.0
0.0
0.0
0.0
0.0
0.0
0.0
0.0
0.0
0.0
0.890712
0.0
0.0
0.0
0.0
0.0
3.06819
0.0
1.40845
0.0
0.0
2.18585
1.48255
0.0
0.0
0.847607
0.0
0.0
0.0
0.0
0.0
0.0
0.0
0.0
0.0
0.0
0.0
0.0
0.0
0.0
1.50208
0.0
0.0
2.78606
0.0
0.0
0.0
0.0
0.0
0.0
0.0
0.0
0.894337
0.0
0.0
0.0
4.79568
0.0
0.0
2.52532
0.0
0.0
0.0
0.0
2.20786
0.0
0.0
0.0
0.0
0.0
0.0
0.0
0.0
0.0
0.0
0.0
3.93804
0.0
0.61193
0.0
0.0
0.0
1.57372
0.0
0.0
0.0
0.0
0.0
0.0
2.28928
0.0
0.0
0.0
0.0
0.0
0.0
0.0
0.357553
7.23673
0.0
2.99684
0.0
0.0200467
0.0
0.0
0.0
0.0
0.0
0.0
0.0
1.69892
0.0
0.0
0.0
0.0
0.0
0.0
0.0
2.95843
0.0
0.0
0.366732
0.0
0.0
0.0
0.0
0.0
2.14534
4.74094
0.200359
0.0
0.0
0.0
0.0
0.0
0.0
0.264988
0.0
0.0
0.455183
0.0
0.0
0.0
0.0
0.0
1.42477
0.0
0.933802
0.0
0.0
3.95086
0.0
0.0
0.0
0.0
0.184735
0.0
0.0
0.0
0.0
0.330014
0.0
0.0
0.0
0.0
0.0
0.0
0.0
0.0
0.0
0.0
8.38068
0.0
0.0
0.0
0.0
0.0
0.0
0.554286
0.0
0.0
6.49929
3.37291
0.0
0.0
1.41884
0.0
0.0
0.0
0.0
0.0
0.639336
0.0
0.0
1.05657
0.0
0.0
0.0
0.0
4.65166
0.0
0.0
0.0
0.0
0.0
1.24166
1.24362
0.0
0.0
0.0
0.0
0.0
0.0
0.191768
0.0
0.0
0.0
0.0
0.0
0.0
0.0
1.67239
0.0
0.0
0.0
0.0
0.0
2.09919
0.0
0.0
0.0
0.0
0.0
0.0
0.0
2.57492e-05
0.0
0.0
0.0
0.0
1.07165
0.623863
0.0
0.0
0.0
4.1855
0.0
0.0
0.0
0.0
0.0
0.0
0.183185
0.0
0.0
0.0
0.0
0.0
0.797114
0.0
0.0
0.0
0.0
0.0
0.0
0.935377
0.0
0.0
0.0
0.0
0.0
0.0
0.0
0.0
0.0
0.0
0.0
0.730634
0.0
0.0
0.0
2.38338
0.0
0.0
0.0
0.0
0.0
0.526884
0.0
0.0
0.0
0.0
0.0
0.0
0.0
0.0
0.945223
0.0
0.0
0.0
2.19094
0.0
6.7889
0.0
0.0
4.59915
0.0
0.0
0.0
0.0
0.0
0.0
0.0
4.12001
0.0
0.0
0.0
0.0
0.0
0.0
0.0
0.0
0.456362
0.0
0.0
0.0
0.701679
0.0
0.0
0.0
0.0
0.0
0.0
0.0
0.0
0.0
0.0
0.0
0.0
0.0
0.0
0.0
0.0
0.187659
0.0
4.35849
0.0
3.06121
0.211128
0.0
3.13214
0.0
0.0
0.0
1.91731
0.0
0.0
0.0
0.0
1.31638
0.0
2.60155
0.0
0.0
0.0
0.0
0.0
0.0
0.0
0.0
5.47048
0.0
0.0
2.85953
0.584573
0.0
0.0
0.0
0.607672
0.0
0.0
0.0
0.0
0.945894
0.0
0.0
0.0
0.0
0.0
0.0
3.73363
0.0
0.0
0.0
0.0
0.0
0.0
0.0
0.0
0.0
0.0
0.0
0.392378
0.650355
0.0
0.101287
0.0
0.0
0.0
3.35224
0.0
0.0
0.0
0.0
0.0
0.0
0.0
0.0
0.0
0.0
0.516625
0.0
0.353667
0.0
0.0
0.0
0.0
0.0
0.0
0.0
0.0
0.0
0.0
0.0
0.0
0.0
0.0
0.0
0.0
0.0
0.0
0.0
0.0
0.0
0.0
0.0
2.12592
0.0
0.0
0.0
0.0
0.0560277
0.0
0.0
1.50502
3.52637
0.0
0.0
0.0
0.0
0.0
0.0
0.0
0.0
1.55431
0.0
0.0
3.06673
0.0
0.0
0.850234
0.0
0.0
0.0
0.0
0.0
2.47367
0.0
0.0
0.0
0.0
0.0
0.0
0.771993
0.0
0.0
0.0
0.0
0.0
0.0
0.0
0.0
0.0
0.0
0.0
0.0
0.0
0.0
0.0
0.0
0.818435
0.0
0.0
0.888948
0.0
0.0
0.0
0.0
4.23146
0.0
0.0
0.0
0.0
0.0
0.0
0.815589
0.0
0.0
0.0
0.0
0.0
0.0
0.0
0.0
0.0
0.0
0.0
0.0
0.0
0.0
