0.0
0.0
4.11007
0.0
1.88992
0.0
0.0
0.0
0.0
0.0
0.0
0.0
0.0
0.0
0.606865
0.0
0.0
0.0
0.0
0.0
0.0
0.20786
0.0
0.0
0.195376
0.0
0.0
0.0
0.0
0.0
0.0
0.664521
0.0
2.83668
0.0
0.0
0.0
0.0
0.0
0.0
0.0
0.0
0.0
0.230609
0.0
0.473843
0.688591
2.38074
0.0
0.0
0.0
0.0
0.0
0.0
0.0
0.188907
0.0
0.0
0.0
0.0
0.0
0.0
0.0
0.559938
0.0
0.0
0.0
0.0
0.0
0.0
0.0
0.0
0.0
0.0
0.0
0.0
0.0
0.0
0.0
0.0
0.229282
0.0
0.0
1.28124
0.0
0.0
0.0
0.0
0.905599
0.0
0.0
0.0
0.0
0.0
0.0
0.327407
0.0
0.0
0.0
0.487485
0.0
0.0
0.0
0.0
0.0
0.481682
0.0428685
0.0
0.0
0.0
0.0
0.0
0.0
0.0
0.0
0.0
0.0
0.0
1.93816
0.0
2.66993
0.0
0.0
0.0
0.0
1.03342
0.802554
0.151789
0.0
0.0
0.0
0.0
0.0
0.0
1.73106
0.0
0.0
0.0
0.0
0.0
0.0
1.5453
0.0
0.0
0.18938
0.0
0.96825
0.0
4.87396
0.0
0.0
0.0
0.0
0.0
0.0
0.0
0.0
0.0
0.0
0.0
0.0
0.0
0.0
0.0
0.0
0.0
0.0
0.0
0.0
0.0
0.0
0.397514
0.0
0.0
0.0
0.0
2.62394
0.0
0.0
0.855795
1.48848
0.0
0.0
0.0
0.0
0.0
0.0
1.46355
0.0
0.0
0.0
0.0
3.21791
1.65737
0.0
0.0
0.0
0.0
0.0
6.17497
0.0
4.46898
0.0
0.0
0.0
0.0
0.0
0.0
0.0
0.0
0.0
0.0
0.0
0.0
0.0
4.15957
0.0
0.0
0.0
3.446
0.0
0.0
0.0
0.0
2.65896
1.22796
0.908924
0.0
1.21134
0.0
0.0
0.0
0.0
1.22202
0.0
0.0
0.0
0.0
0.406854
0.746255
0.0
0.0
0.0
1.1839
0.0
0.0
0.0
4.34404
0.0
0.0
0.0
1.45349
1.3135
0.0
0.0
0.0
0.0
0.0
0.0
0.0
0.0
0.0
0.584863
0.0
0.0
0.0
0.0
0.0
1.9339
1.2141
0.0
0.0
0.0
0.0
0.0
0.0
0.047682
0.0
0.0
0.0
0.0
0.000765204
1.77604
0.0
0.0
0.0
0.0
3.67393
0.0
0.0
0.0
0.0
0.0
0.0
0.328661
0.0365498
0.0
0.369333
0.0
0.799892
0.0
3.89567
1.95688
0.0
0.0
0.858789
0.0
0.0
1.91629
0.0
0.0
0.0
0.0
0.193059
0.0
0.0
0.0
0.0
0.0
1.38467
0.0
0.0
0.0
0.0
0.288854
0.0
1.64666
0.0
0.0
0.769492
0.0
0.0
0.0
0.0
0.0
0.0
0.0
0.0
0.0
0.0
0.0
0.0
0.0
0.0
0.0
0.0
0.0
0.0
0.93129
0.0
0.0
0.0
0.0
0.0
0.0
0.0
0.0
0.413366
0.0
1.49406
0.757496
0.0
0.0
0.0
0.0
0.0
0.0
0.0
0.0
0.0
0.0
0.0
0.0
0.0
0.0
0.899266
0.0
0.0
0.0
0.647725
0.169996
0.0
0.0
0.0
0.0
0.0
0.0
2.02719
0.599858
1.94268
0.0
0.0
0.0
3.44088
0.0
3.46847
2.81654
0.0
0.0
0.0
0.0
0.0
0.0
0.0
0.0
0.0
0.0
0.0
0.0
0.0
0.0
0.0
0.0
0.0
0.126619
0.0
0.0
0.0
0.0
1.27792
0.0
0.0
4.19331
0.0
0.0
0.0
0.0
0.0
0.0
0.0
2.37967
0.0
0.0
0.0
0.0
0.0
0.0
0.0
4.69769
0.0
0.0
0.0
0.0
0.0
0.0
0.0
0.0
0.0
0.0
0.0
0.0
0.0
0.0
3.28705
0.0
2.69674
0.0
0.314961
0.0
1.51642
0.0
0.0
0.0
0.0
0.0
0.0
0.0
0.0
0.153284
1.14617
0.0
0.0
0.0
0.0
0.0
0.275042
0.0
0.0
4.92046
0.0
0.0
0.0
0.0
2.37764
0.0
0.0
0.0
0.0
0.0
0.0
0.0
0.0
0.0
0.0
0.0
3.57884
0.0
2.95697
1.45081
0.00706837
0.0
1.05154
0.0
0.0
0.0
0.0339973
0.0
0.0
0.0
0.0
0.0
0.0
0.0
0.0
0.0
0.0
0.0
1.42266
0.0
0.0
0.0
0.0
0.0
0.118719
0.0
0.476142
0.0
0.0
0.0
0.0
0.0
0.0
3.05504
0.949669
0.0
0.0
0.0954915
0.0
0.0
0.0
0.0
0.0
0.0
0.0
0.0
0.0
0.0
0.768833
0.0
0.0
0.0
0.0
0.0
0.0
2.28778
0.0
0.274424
0.0
0.0
0.0
0.0
0.0
0.0
0.0249446
0.0
0.0
4.15262
2.12583
0.0
0.0
0.0
0.0
0.145659
4.85581
0.0
0.0
0.0
0.0
0.139998
0.0
0.0
0.0
1.09665
3.09731
0.0
0.0
0.0
0.0
0.0
0.0
0.0
0.0
0.445807
0.0
0.0
0.0
3.8643
0.0406908
0.0
0.0
1.50396
0.0
0.0
1.40643
0.115622
0.0
0.0
0.0
0.942254
0.0
0.0
0.0
0.0
0.0
0.0
0.544408
0.859552
0.0
0.0
0.0
0.0
0.0
0.0
0.0
0.0
0.0
0.0
0.0
0.0
0.0
0.0
0.0
0.0
0.0
0.0
0.105802
0.236419
0.461219
0.0
0.0
1.00415
0.0
0.0
0.0
0.0
0.0
0.145251
0.0
2.35697
0.0
0.0
0.0
0.0
0.0
0.0
0.0
0.0
2.79291
0.0
0.0
0.0015471
0.0
0.0
0.0
0.0
0.0
0.0
0.0
0.0
0.0
0.0
0.0
0.0
0.0
1.98354
0.661255
0.0
0.0
1.90378
0.0
0.0
0.0
0.0
2.61829
0.0
0.0
0.0
0.0
0.0
0.0
0.0
0.0
0.0
0.0
0.0
0.220933
0.0
0.0
0.0
0.0
0.0
0.252165
0.0
0.0
2.49299
0.0
0.0
0.0
0.0
0.0
0.0
1.74396
3.86357
0.0
0.0
0.0
0.0
0.0
0.0
0.0
0.0
0.304327
0.0
0.660626
0.140347
0.530665
0.0
0.0
0.0
0.0
0.0
2.59659
0.0
0.0
1.8852
0.638942
0.0
0.0
1.24451
0.0
0.0
0.0
0.0
0.0
0.0
0.0
0.0
0.0
0.0
0.0
1.02001
2.51363
0.0
0.0
0.249002
0.0
0.0
0.0
2.11435
0.0
0.0
0.469932
0.0
0.0
0.0
0.0
0.0
0.0
0.0
2.12184
0.0
0.0
0.0
0.0
0.0
0.0
0.390862
1.14199
0.0
0.0
0.0
0.0
0.0
1.95966
0.0
0.0
0.0
0.0
0.0
0.0
0.0
0.111273
0.0
0.0
0.0
0.0
4.23155
0.0
0.0
1.2748
0.0
0.0
2.73697
0.894394
0.0
0.0
2.76858
0.0
0.0
0.0
0.0
0.0
0.0
0.0
2.08012
0.0
5.82597
0.0
0.0
0.0
0.0
0.0
0.0
0.0
0.0
0.0
0.0
0.0
0.0
1.62125
0.0
0.0
0.0
0.0
0.0
0.0
0.0
0.0
0.0
0.0
0.0
0.0
0.0
0.0
0.274047
0.0
0.0
4.38314
2.65765
0.685631
0.0
0.0
2.54189
0.0
2.18209
0.0
0.794332
0.0
0.0
0.0
2.7978
0.347895
0.0
0.0
0.0
0.0
0.0
1.61013
0.579086
0.0
1.21325
0.0
0.0
0.0
0.0
0.0
0.0
0.0
0.306658
0.0
0.0
4.43396
0.0
0.0
0.0
0.0
0.0
0.0
0.0
0.0
0.0
1.9799
1.56304
0.0
1.08084
0.0
0.594139
0.0
0.0
0.0
0.0
0.0
0.0
0.0
0.0
0.0
0.0
0.0
0.963453
1.20801
0.0
0.0
0.0
0.0
0.0
0.0
1.5248
0.0
0.546429
0.0
0.0
0.0
0.0
0.0
0.191776
0.0
0.0
0.454415
0.0
0.0
0.0
0.0
0.191582
0.0
0.0
1.7386
0.0
0.0
0.0
0.0
0.0
0.0
0.0
1.18554
0.0
0.0
0.0
0.0
0.0
0.941974
0.0
0.163031
0.0
1.61685
0.0
0.0
0.0
2.01771
0.0
0.0
0.0
0.0
0.0
0.0
1.18975
0.0
0.0
3.27582
0.0
1.81063
0.973965
0.0
0.0
0.0
0.0
1.0792
0.0
0.588188
0.0
0.0
0.0
0.0
1.65826
0.0
0.638462
0.155989
0.0
0.0
0.0
0.0
0.0
0.0
0.0
0.0
0.0603504
0.0
0.0
0.0
0.0
0.0
0.0231782
0.0
0.0
0.0
0.0
0.296653
0.0
0.0
0.0
0.0
0.636153
0.0
0.0
0.0
1.15736
0.0
0.0
1.26063
0.0
2.00102
0.0
0.881546
0.0
0.080371
0.0
0.0
0.0
0.0
0.297452
0.0
1.0006
0.0
0.0
0.0141246
0.185409
0.385343
0.0
0.0
0.588133
0.0
0.0
0.0
0.0
0.591332
0.0
0.0
1.00585
0.0
0.0
0.0
0.0
0.0
0.0
4.78407
0.0
0.0
0.0
1.8564
0.0
0.0
0.0
0.0
0.0
0.0
0.0
0.0
0.479965
2.18755
0.129425
0.0
0.0
0.0
0.0
1.50527
0.0
0.0
0.833869
0.0
0.0
0.0
1.00864
0.0
0.0
0.882209
0.0
0.0
0.0
1.48103
0.0
0.0
0.0
0.0
0.315227
0.941319
0.0
0.0
0.0
2.82054
0.0
0.799022
0.0
0.0
0.0
0.0
1.05096
0.0
0.0
0.0
0.0
0.0
0.856921
0.0
1.29755
0.0
0.0
1.24084
0.0
0.0
0.247695
0.0
0.0
0.0
0.0
0.0
0.0
2.0286
0.304914
2.41696
1.85516
0.0
0.0
0.0
0.0
0.0
0.0
1.41165
0.0
0.0
0.34642
0.0
0.0
0.0381413
0.834427
0.845033
0.0
0.0
0.432001
1.82841
0.0
0.0
2.14691
0.850894
0.0
0.0
1.62092
0.0
0.0
0.0
0.0
0.0
0.0
0.0
0.841193
0.0
0.0
0.0
0.0
0.0
1.06898
0.0
0.342356
0.0
0.0
0.0
1.4684
0.0
0.0
0.0
0.0
3.04335
0.0
0.0
0.0
0.0
0.0
0.0
0.0
0.0
2.99621
0.0
0.0
0.0
0.0
0.963348
0.0
0.0
0.0
0.0
0.0
0.0
0.0
0.0
1.48053
0.0
0.0
0.0
4.14539
0.0
0.0
0.0
0.0
0.0
0.255324
0.0
0.0
0.0
0.0
0.0
0.0
4.77367
0.0
0.749494
0.0
0.0
0.0
0.0
0.0
0.0
0.0
0.0
0.0
2.25427
0.0
0.0
0.0
0.518944
0.0
0.0
0.849535
2.15438
0.0
0.0
0.0
0.0
0.0
3.11731
0.0
0.0
0.790071
0.0
0.0
0.0
0.0
0.881785
0.0
0.0
0.0
0.0
0.0
0.0
0.0
0.0
0.0
0.962178
0.0
0.0
0.0
0.0
0.0
0.0
0.0
1.7864
1.98789
0.397551
0.0
0.0
5.69198
1.11813
0.0
2.2023
0.0
0.0
0.0
0.0
0.0
0.0
0.0
0.0
0.0
0.0
0.0
6.21646
0.0
0.0
5.23857
0.0
0.0
0.521474
0.497724
0.0
0.0
0.0
0.0
0.0
1.39927
0.0
5.4515
0.0
0.0
0.596457
0.0
0.0
0.0
1.69282
0.0
0.0
0.0
0.0
0.0
0.831984
0.0
0.0
0.0
2.55668
1.06416
0.298082
0.0
0.0
0.0
0.0
0.0
0.0
0.0
0.0
0.0
0.0
0.0
0.0
0.96783
0.0
0.0
0.0
0.0
0.0692007
0.0
0.0
2.42903
0.0
0.950485
0.130151
0.0
0.0
0.0
0.0
0.0826281
0.0
1.36492
0.0
2.23689
0.0
0.0
0.0
0.0
0.0
0.0
0.0975741
0.0
2.14668
0.0
0.0154224
0.0
0.231793
0.0
0.0
0.0
0.124263
1.26233
0.295294
0.0
2.02075
0.0
0.0
0.0
0.0
0.0
0.0
0.0
2.88242
0.0
0.0
0.0
0.0
0.0
0.0
0.0
0.0
0.0
0.0
0.0
0.0
0.0
0.0
0.0
0.0
0.0
2.0699
0.0
1.00055
2.09452
0.0
0.0
0.0
0.0
1.02926
0.0
0.0
0.0
0.0
0.0
0.969277
0.0
0.0
0.770045
0.0
0.0
0.0
0.0
1.81323
0.0509237
2.49856
0.0
0.0
0.28753
0.0
0.7275
0.0
0.0
0.146827
0.0
0.0
0.0
0.0
0.0
0.0
0.0
0.0
0.0
0.0
0.379526
0.888662
0.0
0.0
1.25913
0.0
0.0
0.0
0.0
0.518468
0.0
2.36993
0.0
0.0
0.514831
0.380006
1.00747
0.0
2.08349
0.0
2.03623
0.0
2.67443
0.0
0.0
0.0
0.0
0.0
0.0
0.0
0.0
0.0
0.0
0.0
0.0
0.0
3.13587
0.0
0.0
0.0
0.0
0.0
0.0
0.0
1.48822
0.0
0.789645
0.0
1.31333
0.0
0.0
3.70825
0.0
0.0
0.0
0.0
0.0
1.41515
0.0
0.0
0.0
3.11243
0.0
0.0
0.0
0.0
0.0
0.0
1.52663
1.12694
0.0
0.0
0.0
0.0
1.11008
0.0
0.0
0.0
0.0
0.0
0.0
0.0
1.57758
0.0
0.0
0.504703
0.0
0.0
0.169427
0.0
0.0
0.0
0.0
0.9717
0.0
1.21095
0.641243
0.0
0.0
0.0
0.607084
0.0
0.0
0.0
0.0
0.0
0.0
0.0
0.0
0.0
0.0
0.0
0.387244
3.1868
0.0
0.0
0.0
0.0
0.0
0.0
0.0
0.0
0.0
0.834823
0.0
0.698267
0.0
0.0
0.0
0.0
0.0
0.0
0.0
0.0
0.0
0.0
0.0
0.0
0.0
0.0
0.0
0.0
0.0
0.0
0.0
0.0
0.0
0.0
1.01945
0.0
0.0
1.10358
0.0
0.0
0.0
1.02744
0.0
0.0
0.0
0.0
0.44105
2.45832
0.0
0.0
0.0
0.0
0.0
0.0
1.87197
0.0
0.0
0.0
1.00316
0.0
0.0
0.0
0.157509
0.0
0.719845
0.0
0.0
0.0
0.0
0.0
0.0
0.0
0.0
0.355955
0.0
0.0
0.0625774
0.0
0.0
0.0
0.0
0.0
0.0
1.59266
0.0
0.0
0.0
0.0
0.54962
0.762123
0.0
0.0
0.0
0.0
0.0
0.0
0.0
0.0
0.0
0.0
0.0
0.0
0.0
0.0
4.54301
0.0
0.0
1.54283
0.0998503
1.58002
0.0
1.14044
1.57641
0.0
0.0
0.0
3.16874
0.0
0.0
0.0
0.0
0.0
0.0
0.0
0.0
0.0
0.437559
0.0
0.0
0.989127
0.0
0.0
0.0
1.045
0.0
0.0
0.0
2.63089
0.0
0.0
0.0
0.0
0.0
0.0
0.158158
1.24214
0.0
0.0
0.0
0.908595
0.0
0.0
0.66726
0.0
0.0
1.43951
0.0
0.0
0.0
0.0
0.0
0.0
0.0
0.0
0.230905
0.0
0.463438
1.2707
0.0
0.0
0.0
1.28609
0.0
0.0
0.0
0.0
0.0
0.0
0.0
1.72789
0.0
0.0
0.0
0.0
0.0
0.0
1.15628
0.0
0.0
0.0
0.0
0.0
0.17398
0.0
0.0
0.0
0.969385
0.0
2.54384
0.0
0.0
0.0
0.0
1.10182
0.284734
2.26296
2.09765
0.0
0.0
0.0
0.0
0.0
0.0
0.0
0.0
0.0
1.37668
0.0
0.782356
0.0
0.0
0.0
0.0
0.0
0.0
0.0
0.0
0.0
0.0
1.76797
0.0
0.0
0.0
0.0
0.0
0.0
0.0
0.0
0.0
0.0
0.00691724
0.0
0.0
0.0
0.0
0.0
0.0
0.0
0.0
0.0
0.0
0.0641615
4.4326
0.0
0.00839601
0.0
0.0
0.0
0.0
0.459398
0.0
0.0
0.0
0.0
4.26904
1.37993
0.0
0.0
0.0
0.0
0.0
0.0
0.0
0.0
0.0
0.0
0.620612
0.0
0.0
0.0
2.30434
0.0
1.57123
0.0
0.659163
0.0
0.0
1.5071
0.0
0.12734
0.0
0.0
0.0
0.0
0.306562
0.0
2.72103
0.0625818
0.0
0.0
0.0
0.0
0.0
0.0
0.0
0.0
0.440879
0.0
0.0
0.0
0.261474
1.16001
0.0
0.0
2.91786
0.0
0.144705
0.0
0.0
0.0
0.187454
0.0
0.0
0.0
0.0
0.0195655
0.0
0.0
0.0
0.0
0.0
0.0621401
0.0
1.42806
0.0
0.0
0.0
0.0
0.0
0.0810645
0.0
0.325023
0.0594898
0.0
0.0
0.0
0.0
0.68701
0.0
0.0
0.0
0.0
0.0
0.0
0.0
2.42616
0.0
0.0
0.0
0.0
0.0420679
0.0
0.0
0.0
0.0
0.0
2.10168
0.0
0.0
0.0
0.0
0.0
0.0
0.0
1.01711
0.0
2.30551
1.1311
0.0
0.0
0.0
0.0
0.0
0.0
0.0
0.0
0.0
1.62361
0.0
0.0
0.0
0.0
0.0
0.0
0.0
0.0
0.0
0.0
0.0
0.0
0.0
0.0
0.0
0.0
0.0
0.0
0.0
0.0
0.0
0.435094
2.19516
0.0
1.0564
0.0
0.0
0.0
0.0
0.0
0.0
0.0
0.0
0.0
3.98779
3.13806
0.0
0.0
0.0
0.0
0.0
0.0
3.37483
0.0
0.399061
2.0008
0.0
2.41697
0.0
0.0
5.03154
1.21143
0.0
0.0
0.0
0.0
0.0
2.68673
2.83496
0.0
0.0
0.961314
0.0
0.0
0.0
0.363179
2.55516
0.931116
0.0
1.08278
0.0
1.22134
0.0
0.0
0.712105
0.0
0.0
0.0
0.0
0.0
0.0
4.49225
0.0
0.0
0.654859
0.0
0.0
0.0
0.0
0.0
0.0
0.0
0.0
0.0
1.45223
0.0
0.0
0.0
0.0
0.0
0.0
0.0
0.0
0.0
0.0
0.0
0.507064
0.0
0.0
0.0
0.0
0.0
0.0
0.0
0.0
0.0
0.0
0.0
2.42257
0.0
0.0
1.50026
0.0
4.96027
0.0
0.0
0.0
0.0
0.0
0.544363
0.0
3.77249
0.0
0.0
0.0
0.0
0.0
0.0
2.95781
0.0
0.0
0.842115
0.0
0.0
2.09697
0.0
0.0
0.0
0.0
0.0
0.0
0.0
0.0
0.0
0.0
1.13025
0.0
0.0
0.0
0.0
2.73687
0.647719
0.0
0.0
0.601844
0.0
1.08441
0.0
0.0
0.0
0.0
0.890321
1.07662
0.637638
0.355898
0.0
0.0
0.0
4.25908
2.53154
0.0
0.0
0.0
0.0
0.0
0.0
0.0
0.0
0.511332
0.0
0.0
0.0
0.0
0.0
1.17351
0.0
0.914712
0.0
0.0
0.0
0.167662
0.644479
0.0
0.0
0.0
0.0
0.0
0.0
0.0
0.0
0.0
0.0
0.0
2.50966
1.11135
0.0
0.0
2.32772
1.44591
0.0
0.0
1.7964
0.0
0.0
0.0
0.0
0.438767
0.0
0.0
0.0
0.0
0.0
0.0
0.533669
0.0
0.0
0.0
2.51649
0.0
1.39121
0.0
0.0
0.0
0.0
0.0
0.0
0.0
0.0
0.0
0.419003
0.0
0.0
0.0
0.0
0.759662
0.0
0.339386
0.0
0.0
0.0
0.0
2.30679
1.56519
0.0
0.0
0.0
2.38638
0.0
0.0
0.0
0.0
0.0
0.0
0.440976
0.0
1.22429
0.0
0.0
0.134754
2.02513
0.0
1.74914
0.0
0.0
0.0
0.0
0.0
1.09316
0.0
0.0
0.0
0.736964
0.0
0.0
0.0
0.0536057
0.0
0.0
0.0
0.0
0.0
0.0
0.0
0.0
0.0
2.93309
0.0879969
0.0
0.0
0.0
0.0
0.0
0.0
1.75895
0.0
0.736109
0.0
0.0
2.82891
0.0
2.41783
0.0
5.0598
0.329382
0.0
0.0
0.0
0.0
1.4471
0.0
0.0
0.0
0.0
0.0
0.0
0.0
0.0
0.0
0.0
0.0
0.0
0.0
0.0
4.48923
0.0
0.0
3.44596
0.0
2.83017
1.15116
0.0
0.0
0.0
0.0
0.0
0.453683
0.0
0.0
0.0
3.67748
0.0
0.0
2.23017
0.0
0.0
0.134484
0.0
5.89843
1.30501
0.0
0.0
0.0
0.0
0.0
0.0
0.0
2.67382
0.0
0.0
0.0
0.0
1.68752
0.0
0.0
0.0
1.92579
0.0
2.24172
0.0
0.0
0.0
0.0
0.0
0.0
0.0
0.0
0.0
0.0
0.0
0.0
0.0
1.38944
0.0
0.0
0.0
0.0
0.0
0.0
0.0
0.0
0.976913
2.0252
1.0641
0.0
0.0
0.789228
3.56002
0.0
0.309304
0.0
0.0
0.0
0.0
0.0
0.0
0.0
0.176468
0.0
0.0
0.0
0.0
0.0
0.904844
0.0
0.0
1.54194
0.0
0.0
0.0
0.831867
0.0
0.491238
1.1254
0.0
3.94443
0.762127
0.0
0.0
0.0
0.0
0.0
2.18485
0.213557
0.0
0.0
0.0
0.0
0.0
0.878283
0.0
0.0
2.61279
0.0
0.0
0.0
0.835979
0.0
0.0
0.0
0.599122
4.9027
0.0
0.510869
0.0
0.0
0.0
0.0
0.0
0.00639822
0.0
0.136326
0.0
0.0
0.0
0.0
0.488244
0.0
0.0
0.0
0.0
0.0
0.0
0.0
0.0
0.0
0.0
0.0
0.0
0.0
4.3132
0.0
0.0
0.0
0.0
0.0
0.430978
0.0
0.0
0.0
0.0
3.03865
4.75751
0.0
0.0
0.0
0.0
0.108205
0.0
0.0
2.12109
0.0
0.0
1.21835
0.18366
0.0
0.0
0.0
0.0
1.63321
0.0
0.0
0.0
0.0
0.0
0.820556
0.0
0.0
0.0
0.0
0.0
0.0
0.0
0.0
0.0
0.389935
0.0
0.0
0.0
0.0
0.0
0.0
0.0
0.0
0.0
0.0
0.44787
0.36025
0.0
0.0
0.0
3.30008
0.0
0.0
0.0
0.0
0.0
0.0
0.0
0.0
0.0
0.0
0.0
0.0
0.188398
0.0
0.0
0.0
0.0
0.0882915
1.67555
0.0
1.19676
0.0
0.0
0.0
0.0
0.0
0.0
0.0
0.204188
0.845116
0.0
0.0
0.506715
0.553867
2.49865
0.0
0.0
0.0
0.0
0.358299
0.0
0.0
0.0
0.0
0.0
0.0
0.0
0.0
0.0
0.0
0.0
1.46004
0.0
0.0
0.0
0.0
0.0
0.0
0.0
0.0
0.0
0.0
0.0
0.0
0.0
0.0
0.0
0.0
0.0
0.0
0.0
0.0
0.0
0.0
1.15323
0.0
2.99333
0.0
0.0
0.0
0.870977
0.0
0.0
0.0
0.0
0.0
0.0
0.0
0.0
0.0
0.0
0.0
0.0
0.57362
1.78974
2.14094
0.0
0.0
0.0
0.0
0.0
0.0
0.0
0.478591
0.0
0.0
0.0
0.0
0.0
0.0
0.0
0.0
0.0
0.0
0.0
0.0
0.0
0.0
0.0
0.0
0.0
0.0
0.0809792
0.0
0.0
2.66852
0.0
0.392814
2.08621
0.0
0.0
0.0
0.0
0.0
0.0
0.0
0.0
0.0
0.0
0.0
0.0
0.0
0.0
0.0
0.0
0.0
0.338389
0.0
0.0
0.652395
0.0
0.0
0.76453
0.0
0.0
4.19079
0.0
0.0
0.0
0.0
0.0
0.0
0.0
2.15183
0.0
0.0
0.0
0.0
0.0
0.0
0.171683
0.0
0.0
0.0
0.0
2.54679
0.0
0.0
0.0
0.0
0.0
0.218525
0.569584
0.0
0.0
0.0
0.0
0.0
0.396246
1.62324
0.0
0.0
0.0
0.0
1.78411
0.0
0.0
0.0
1.00896
0.0
0.0
1.9328
0.0
4.00756
0.0
0.0
0.0
0.0
0.160791
0.0
0.0
0.0
1.82655
0.0
0.0
5.73052
0.0
0.0
0.0
1.64462
0.0
0.0
0.0
0.0
0.0
0.0
1.12597
0.0
0.0
0.170242
0.0
0.0
0.0
0.0
0.0
2.40759
0.0
1.72294
0.702935
2.50763
0.0
1.20632
0.0
0.0
0.0
0.0
0.0
0.0
0.0
2.60591
0.0
0.0
0.0
1.12673
1.61305
0.0
0.0
0.0
0.0
0.0
0.398311
0.0
0.0
0.0
0.0
0.0
0.262371
3.41907
0.0
0.0
0.65853
0.0
0.0
3.22331
0.0
0.0
2.24256
0.0
0.0
0.0
0.0
0.136941
2.35008
0.0
0.188692
0.0
0.0978274
1.77793
0.0
0.0
0.0
0.0
0.0
0.0
0.0
0.0
0.0
0.954495
0.0
0.0
0.0
0.0
0.0
0.0
0.0
0.0
3.55553
0.0
0.659338
0.0
0.0
0.186273
0.0
0.0
0.0
0.0
0.0
1.50506
0.0
0.0
0.0
0.0
0.963637
0.0
0.0
0.0
0.306939
1.21765
0.104832
0.277456
2.37109
0.0
0.0
0.0
0.324882
0.0
0.221428
0.0
0.0
0.0
0.116592
0.0
0.0
0.0
0.0
0.268841
0.0
0.0
0.0
0.0
0.0
2.38591
0.0
0.0
0.0
0.0
0.0
0.27927
1.21894
0.0
0.0
0.0
0.0
0.0
0.0
0.427372
0.0
0.0
0.0
0.0
1.09087
0.0
0.0
0.0
0.0
0.0
0.0317098
0.0
0.0
0.0
0.596989
0.0
0.0
0.0
0.0
0.0
0.0
0.0
0.0
0.0
1.82144
0.0
0.0
0.0
0.0
1.29024
1.20874
0.0
0.0
0.0
0.0
0.0
0.79942
0.0
0.0
0.720279
0.0
0.0
0.0
2.62076
0.0
0.611249
0.0511054
0.0
0.0186529
0.0
0.0
0.568421
1.51942
0.0
0.130164
0.0
0.0
0.0
0.0
0.0
1.47217
0.0
0.817825
0.0
0.0
0.0
0.0
0.0
0.0
0.0
0.0
0.0
0.538841
0.0
0.0
0.0
0.0
0.0
0.0
3.70267
0.0
0.0
3.30189
0.0
0.0
0.0
0.0
0.0
3.03363
0.0
0.0
0.985941
0.0
0.0
0.0
0.0
0.0
0.0
0.0
0.0
0.0
4.3673
0.0652828
0.986087
0.861958
2.09283
0.0
0.0
0.0
2.25608
0.0
0.810542
0.0
0.0
0.858598
2.04167
0.0
0.0
0.0
0.0
0.0
0.0
0.0
0.0
0.0
0.0
0.0
0.0
0.0
0.0
0.604884
0.0
0.0
0.0
0.0
0.0
0.271543
2.49715
0.0
0.0
0.0
0.115345
1.613
0.0
0.0
0.0
0.0
0.0
0.0
0.0
0.0
0.47567
0.0
0.0
1.09216
0.0
0.0
0.0
0.0
0.0
0.52062
0.0
0.0
0.0
0.200763
0.0
0.0
3.05595
0.0
0.0
0.933621
0.0
0.0
0.0
0.0
0.0
0.282827
0.0
2.61089
0.0
0.0
0.0
0.0
0.0
1.24579
0.0
0.0
0.0
0.0
0.0
0.0
0.0
0.0
0.0
3.56363
3.60168
0.0
0.0
0.0
0.135025
0.0
0.0
0.197759
0.0
0.0
0.0
0.0
0.0
0.0
0.0
0.0
0.0
0.0
1.7877
0.0
0.854098
0.0
0.0
0.0
0.0
0.470218
0.0
0.0
2.32646
0.0
0.0
0.70156
0.0
0.0
0.0
0.0
1.68747
0.0
0.0
0.0
0.0
0.0
0.0
0.0
0.0
0.0
0.0
0.0
0.0
1.05611
0.0
0.0
0.0
0.641508
2.46035
0.0
0.0
0.791766
0.0
0.0
0.0
0.138688
0.0
2.38039
0.0
0.0
0.0
0.0
0.0
0.0
0.0
0.0
0.0
0.0
0.0
0.396154
0.770189
0.0
0.0
0.0
0.0
0.0
0.0
2.31898
0.0
0.0
0.0
0.0
0.0
0.0
0.772151
0.0
0.0
0.0
0.278421
0.0
0.530533
0.0
0.0
0.785777
0.0
0.0
0.0
0.0
0.0
0.0
0.0
0.0
0.805046
0.785557
0.714828
0.0
0.0
0.0
0.0
0.0
0.0
0.0
0.0
0.0
0.0
0.0
0.0
0.0
0.0
0.0
0.0
0.0
0.0
0.0
0.501981
0.0
0.0
2.38782
1.64849
0.333276
0.0
0.0
0.694117
0.0135265
0.0
0.0
3.91559
0.430087
0.0
0.0
0.0
0.0
0.0
0.0
2.3153
0.0
0.0
0.0
0.0
0.92193
0.548694
0.0
0.0
0.0
0.0
0.0
0.0
0.0
0.0
0.0
1.61428
0.857984
0.0
0.0
0.0
0.969022
0.0
0.0
0.0
0.435019
0.0
0.0
3.20166
0.0
0.0
0.0
0.295134
0.0
0.0
0.0
2.30724
0.0
0.972508
0.0
0.0
0.0
0.0
0.0
0.0
0.0
0.0
0.101447
0.0
0.0972816
1.03416
0.0804506
0.0
0.0
0.0
0.0
0.0
0.370434
0.0
0.0
0.37243
0.0
0.0
0.0
0.0106258
0.0
0.0
0.0
0.0
0.0
0.0
0.0
1.72552
0.0
0.0
0.0
0.0
0.0
1.41686
0.0
0.0
0.0
0.0
0.0
0.0
0.0
0.0
0.0
0.0
0.0
0.0
0.414359
0.0
0.0
0.0
0.0
0.0
1.46045
0.0
0.0
2.33417
0.0
0.0
0.0
2.31851
0.0
0.0
0.0
0.0
0.0
0.0
0.0
0.0
0.0
0.0
0.0
1.97852
0.0
0.0
0.0
1.92052
0.0
0.0
0.0
0.0
0.0
0.0
0.0
0.0
2.15655
0.0
0.285366
0.0
0.0
0.0
0.0
0.0
0.0353016
0.85743
0.0
0.0
0.0
0.0
1.13205
0.0
0.0
0.0
0.0
0.0
0.0
0.0
0.0
0.0
0.0
1.93752
0.0
0.0
0.0
3.7556
0.0
0.0
0.0
0.0
0.0
0.0
2.8556
0.0
0.964895
1.28902
0.0
0.0
0.0
0.0
0.0
3.80213
0.0
0.0
0.0
0.0
0.0
0.0
0.0
0.0
0.0
0.0
0.0
0.0
1.07472
0.0
0.0
0.249836
0.0
0.0
0.0
0.189365
0.0
1.0434
0.0
0.0
0.0
2.09119
0.918689
0.0
0.0
0.0275176
0.0
0.314802
0.0
0.0
0.0
1.97317
0.0
0.873781
0.0
0.0
0.0
0.0406853
0.427362
0.0
0.0
0.0
0.0
0.354883
1.92811
2.98734
0.0
0.0
0.949431
0.0
0.0
0.0
0.0
0.0
0.0
0.0
0.0
0.0
0.0
0.0
0.0
0.0
0.0
0.0
0.0
2.15044
0.0
0.0
0.0
0.0
1.50868
0.0
0.0
0.101078
0.0
0.0
0.0
0.0
0.0
0.0
1.71952
0.892919
0.0
0.0
0.0
0.0
0.0
0.0
0.0
0.0
0.0
0.0
0.0
0.0
0.0
0.0
1.75626
1.69812
0.0
0.0
0.0
0.0
0.0
1.03108
0.229552
0.0
0.0
0.0
0.0
0.0
0.0
0.0
0.0
0.0
0.0
0.0
0.210489
0.0
0.0
0.0
0.858642
0.0
0.0
0.0
2.22297
0.813115
0.0
0.0
0.0
0.0
0.0
0.0
0.0
0.0
0.0
0.0
0.0
0.0
0.0
0.0
0.0
0.0
0.0
0.0
0.0
0.0
0.0
0.0
0.0
0.0
0.0
0.0
0.0
0.0
0.0
0.0
0.0
0.0
0.0
0.0
0.0
1.67557
1.30108
0.0
0.0
0.0
0.0
2.38799
0.0
0.0
0.0
0.0
0.0
0.0
0.0
3.67449
0.0
1.10777
0.0
0.0
0.0
4.94287
0.0
0.0
0.0
0.0
4.52464
1.54609
0.0
0.0
0.0
0.0
0.0
0.0
0.0
0.0
4.75523
0.0
0.0
3.06658
0.0
2.0327
0.0
0.0
0.0
0.484713
0.0
0.0
0.311134
0.0
0.0
0.0
0.0
1.03104
0.0
0.0
0.0
1.30166
0.0
0.0
0.0
2.30287
0.0
0.0
0.0
0.0
0.0
0.0
0.0
0.0
0.0
0.725113
0.0
0.0
0.0
0.679416
2.72794
0.0
0.0
0.0
0.729164
0.0
0.0
2.52148
0.0
0.0
0.0
0.0
0.0
0.0
0.0
0.0
0.0
0.0
2.31588
0.0
0.0
0.0
0.0
0.986671
0.0
0.0
0.322007
2.24079
0.0
1.25316
0.0
2.38673
0.0
0.218807
0.0
0.0
0.0
0.0
0.0
0.0
0.0
0.0
0.0
1.20329
0.0
2.23122
0.0
2.06251
0.0
0.0
0.0
0.0
0.0
0.0
0.0
0.0
1.52288
3.64334
0.0
0.0
0.0
0.0
0.0
1.4143
0.0
0.0
0.0
0.0995889
0.0
0.0
0.0
0.0
0.0
0.0
0.0
0.0
1.85382
0.456828
0.0
3.56437
0.0
0.0
0.0
0.0
1.18963
0.694283
0.0
0.0
0.0
0.0859876
0.0
0.0
0.0
0.0
0.350694
0.0
0.0
0.0
0.0
0.0
4.16144
0.0
0.0
0.0
0.0
0.0
0.0
0.0
0.0
0.0
3.69481
3.22857
1.55234
0.0
0.0
0.549239
0.0
0.699396
0.0
0.0
0.295566
0.0
0.0
2.31676
0.0
0.0
0.0
0.0
3.22835
1.11992
0.0
0.0
0.0
0.0
0.843416
0.699257
0.0
0.0
0.0
0.0
0.0
0.0
4.04056
0.563908
0.0
0.0
0.176357
0.0
0.0
0.0
0.0362143
0.0
0.0
0.0
0.0
2.18157
2.91477
0.0
0.0
0.0
0.0
0.0
0.0
0.0
2.64558
0.0
0.0
0.0
0.0
0.00749105
1.02788
0.0
0.0
0.0
1.6166
1.02438
1.0572
0.0
0.0
0.0
0.0
0.0
0.0
0.0
0.0
0.0
0.0
0.292253
1.04354
0.0748219
0.0
1.86451
0.200322
0.0
0.0
0.0
0.0
0.0
0.0
0.0
0.0
0.0
0.184544
0.0
0.0
0.0
0.605999
0.0
0.0
0.0
0.0
0.0
0.0
0.0
0.0
0.0
0.0
0.0
0.0
0.0
0.0
0.0
0.517482
0.0
0.0
0.0
0.0
3.39429
0.0
0.0
0.0
5.22675
0.0
0.0
0.0
0.0
1.53205
0.0
0.0
3.36941
0.0
1.93767
1.56382
0.776944
0.0
0.0
1.61237
0.0
0.0
2.0714
0.0
0.0
0.0
0.0
1.64589
0.0
0.0
0.397393
0.0
0.0
0.0
0.0
0.232614
0.0
0.0
2.95682
0.193743
4.5958
0.0
0.0
0.0
0.0
0.0
0.0
0.238407
0.0
1.86575
0.544488
0.0
0.467471
0.0
0.0
0.0
1.37477
0.0
0.0
0.140082
0.0
0.0
0.761155
6.34837
0.0
0.0
1.1934
0.0
0.0
0.0
0.0
0.286011
0.75406
0.0
0.0
0.733995
0.0
0.0
0.0
0.0
0.0
0.0
0.0
0.0
0.0
0.0
0.0
0.0
0.0
0.0
2.44346
0.808779
5.03031
0.0
0.0
0.0
0.0
0.0
0.576571
0.0
0.0
0.0
0.0
0.0
2.28009
1.55112
0.0
3.24524
0.0
0.0
0.0
0.271769
0.534052
0.0
0.0
0.0
0.0
0.0
0.0
0.0
0.0
0.0
0.0
0.0
0.0
0.0
0.0
0.0
3.00969
0.0
0.0
0.0
0.0
0.0
0.0
0.0
0.0
0.0
0.0
0.0
0.0
0.0
0.0
0.0
1.68777
0.0
0.0
0.0
3.93184
0.0
0.0
0.0
0.0
0.0
0.0
0.0
1.05615
0.0
0.0
0.0
0.0
0.0
0.0
0.0
0.0
0.0
0.955706
0.0
0.0
2.78324
0.0
0.0
0.0
0.0
1.12031
0.0
0.0
0.0
3.67348
0.0
0.0
0.0
0.597792
0.0
0.0
0.0
0.0
0.0
0.0
0.0
0.0
0.0
0.0
0.0
0.0
0.0
0.0
0.0
1.12857
0.0
0.0
0.0
0.0
0.814013
0.0
0.0
0.0
0.268224
0.0
0.0
3.35119
0.0
0.0
0.0
0.0
0.0
0.0
0.0
0.0
0.0
1.87774
0.0
3.7399
0.0
0.0
0.0
0.0
0.0
0.0
0.502425
0.0
0.0
