0.0
0.0
3.79218
0.0
3.93669
0.0
0.0
0.0
0.0
0.0
0.858012
0.0
0.0
0.237027
1.55727
0.0
0.0
0.0
0.0333496
0.0
0.0
0.0
0.0
0.0
0.0
0.0
0.0
0.0
0.0
0.0
0.0
1.21187
0.0
3.56257
0.0
0.0
0.0
0.0
0.0
0.0
0.0
0.0
1.91198
0.0
0.0
3.58332
0.0
0.0
0.424338
7.53484
0.0
0.0
0.0
0.0
0.0
0.0
0.0
0.0
0.0
0.0
0.0
0.0
0.0
1.92632
0.0
0.0
0.0
0.0
0.0
0.0
0.0
0.0
0.0
0.0
0.0
0.0
0.0
0.992022
0.0
0.0
0.0
0.0
0.0
0.0
0.0
0.0
0.0
2.17508
0.0
0.0
0.0
0.0
0.0
0.0
0.0
0.0
0.0
0.0
4.85248
0.0
0.0
0.0
0.0
0.0
0.0
0.0
0.0
0.0
0.0
1.89975
0.0
0.0
0.0
0.6808
0.0
0.0
0.0
0.0
1.83008
0.0
0.0
0.0
0.0
0.0
0.0
0.0
0.0
3.92317
0.0
0.0
0.0
0.0
0.0
0.0
0.0
0.0
0.0
0.0
0.534458
0.0
0.0
0.669873
0.0
0.0
0.0
0.0
0.0
0.0
0.0
0.0
0.307307
0.0
0.0
0.0
0.0
0.0
0.0
2.07187
0.0
0.0
0.0
0.0
0.0
0.0
0.0
0.0
0.0
0.0
0.986271
0.0
0.0
0.0
3.01656
0.0
0.0
0.0
0.871557
0.0
0.0
0.0
5.06822
0.0
2.28182
0.0
0.0
0.0
0.0
0.0
0.0
0.0
0.0
0.0
0.0
0.0
0.0
0.0
0.0
0.0
0.0
5.25555
0.0
1.10029
0.0
0.0
0.0
0.0
0.0
0.0
0.0
0.0
0.0
0.0
0.0
0.0
0.0
1.09805
0.0
0.0
0.0
0.308007
0.0
0.0
0.0
0.0
1.04102
0.0
0.249611
0.0
0.0
0.0
0.0
0.0
0.0
0.0
0.0
0.0
0.0
0.0
0.0
0.0
0.0
0.0
0.0
0.428845
0.0
0.0
0.0
2.20325
0.0
0.0
0.0
0.0
0.0
0.0
0.0
0.0
0.0
0.0
0.0
0.0
0.0
0.0
2.83442
0.0
0.0
0.0
0.0
0.0
0.547696
0.527734
0.0
0.922888
0.0
0.0
0.0
0.093098
0.61842
0.0
0.0
0.0
0.0
0.0607283
0.0
0.828015
0.0
0.0
0.0
0.0675229
0.0
0.0
0.0
0.0
2.65173
0.0
1.66693
0.0
0.0
0.0
0.0
0.0
0.0
1.39652
0.015747
0.0
0.0
2.35565
0.0
0.0
1.2283
0.0
0.0
0.0
0.0
0.0
0.0
0.0
0.0
0.0
1.62936
0.0
0.0
0.0
0.0
0.0
0.0
0.0
0.0
0.0
0.0
1.26625
0.0
0.0
0.0
0.0
0.0
0.0
0.0
0.0
0.0
0.0
0.0
0.0
0.0
0.0
0.0
0.942818
0.0
0.0
0.0
0.0
0.0
0.0
0.221613
0.0
0.0
0.0
0.0
0.0
0.0
0.458384
0.0
0.0
0.0
0.0
0.0
1.01196
0.0
0.0
0.0
0.0
0.0
0.0
0.0
0.0
0.0
0.232295
0.0
0.0
0.0
0.0
0.0
0.0
0.0
0.0
1.05666
0.0
0.0
2.1234
0.0
0.0
0.0
0.0
0.0
1.46199
0.0
2.85606
1.87528
0.0
0.0
0.405349
0.0
0.0
0.0
0.0
0.0
0.0
0.417618
0.0
0.0
0.0
0.0
0.0
0.0
0.0
0.0
0.0
0.0
0.0
0.0
2.39345
0.0
0.0
0.0
0.0
0.0
0.0
0.0
0.0
0.0
0.0
1.19499
0.0
0.0
0.0
0.0
0.0
0.0
0.0
0.0
0.0
0.0
0.906328
0.0
0.0
0.113314
0.0
0.0
0.0
0.0
0.0
0.0
0.0
0.0
1.69753
0.0
0.0
0.0
0.0
0.0
0.0
0.0
0.0
0.0
0.0
0.0
0.0
0.0
0.0
0.0
0.687078
0.0
0.0
0.0
0.0
0.0
0.0
0.0
0.0
1.32011
0.0
0.0
0.0
0.0
4.2358
0.0
0.0
0.0
0.0
0.0
0.0
0.0
0.600198
0.0
0.0
0.0
1.8596
3.04259
0.0
0.0
0.0
0.0
0.0
0.0
0.0
0.0
0.0
0.0
0.0
0.0
0.0
0.0
3.298
0.0
0.0
0.0
0.0
0.0
0.496363
0.0
0.0
0.0
0.0
0.0
1.47727
0.0
0.0
0.0
0.0
0.0
0.0
0.0
0.0
0.0
3.4443
0.0
0.0
0.0
0.0
0.0
0.0
0.0
0.0
0.383451
0.0
0.0
0.0
0.0
0.0
0.0
0.0
0.0
0.0
0.0
0.0
0.0
0.891893
0.0
0.0
0.0
0.0
0.0
0.0
0.0
0.0
0.0
0.0
0.0
0.0
0.0
0.0
0.0
0.0
0.0
0.0
0.0
0.928876
0.0
0.0
0.0
0.0
0.0
0.0
0.0
0.0
0.0
0.0
5.52575
0.0
0.0
0.0
0.0
0.0
0.0
0.0
0.0
0.0
0.0
0.0
0.0
0.0
0.0
0.0
0.0
0.0
0.980028
0.0
0.0
0.0
0.0
0.0
0.0
0.0
0.0
0.0
0.0
0.0
0.0
0.0
0.0
0.0
4.25682
0.0
0.51088
0.0
3.44139
0.0
0.0
0.0
0.0
0.0
0.0
0.0
0.0
0.0
0.0
0.0
0.3276
0.0
0.0
0.0
0.0
0.0
0.0
0.0
0.0
0.0
0.0
0.0
0.0
0.0
0.0
0.0
0.0
0.0
0.0
0.644848
0.0
0.0
0.0
0.0
2.06884
3.6905
0.0
0.0
0.0
0.0
1.04493
0.0
0.0
0.0
0.0
0.0
0.0
0.0
0.0
0.0
1.85365
0.0
0.0
0.0
0.0
0.0
0.0
2.13238
0.0
0.0
0.0
0.0
0.0
0.0
0.0
0.0
0.0
0.0
0.0
0.0
0.0
0.0
0.0
0.0
0.0
0.0
0.0
0.0334827
0.555288
0.0
0.0
0.0
0.0
0.0
0.0
0.0
1.76523
0.0
0.0
0.0
0.0
0.0
0.0
0.0
0.0
0.0
0.0
0.0
0.0
0.0
0.0
0.0
1.87695
0.0
0.0
0.0
0.0
0.0
0.0
0.803429
0.0
0.0
0.0
0.0
0.403126
0.0
0.0
0.0
0.0
0.0
0.0
0.0
0.0
0.0
0.0
0.275008
0.0
0.315308
0.0
0.0
0.0
0.0
1.48059
0.340727
0.833489
1.99589
1.4684
0.0
0.0
0.0
0.0
0.0
0.0
0.0
0.0
0.0
0.0
0.0
0.0
0.0
1.54016
0.0
0.0
0.0
0.0
0.000518769
0.0
5.08175
0.0
0.0
0.992487
0.0
0.0
0.0
0.0
0.0
0.0
0.0
0.0
0.0
3.52489
0.0
0.0
1.42957
0.0
0.0
0.0
0.0
0.0
0.956305
0.0
0.0
0.0
0.0
0.191942
0.0
0.0
0.0
0.0
0.298892
0.0
0.0
0.0
0.0
0.266192
0.0
0.0
0.0
0.0
1.64404
0.0
0.0
0.0
0.0
0.0
0.0
0.0
0.0
0.0
0.0
0.0
0.0
0.0
0.0
0.0
0.0
0.0
0.0
0.0
1.32129
0.0
0.226227
0.0
2.83734
0.0
0.0
0.516955
0.0
1.17043
0.0
0.0
0.0
0.0
0.0
1.55453
0.447091
0.0
0.0
0.0
0.0
0.0
0.0
0.0
0.0
0.0
0.0
0.0
0.0
0.0
0.0
0.0
0.0
0.0
0.0
0.0
0.0
0.0
0.0
0.0
0.0
0.0
0.0
0.0
0.0
0.0
0.0
0.0
0.0
0.202913
0.0
0.0
0.0
0.0
0.0
0.0
0.0
0.0
0.0
0.0
0.0
0.0
0.0
0.10753
0.302626
0.0
0.0
0.0
0.0
0.0
0.0
0.0
0.0
0.0
0.0
0.0
0.0
0.0
0.0
0.0
0.0
0.0
0.0
0.0
0.0
0.115122
0.0
0.0
0.0
0.0
0.0
0.0
0.0
0.0
0.0
0.0
0.0
0.0
1.05191
0.652264
0.0
0.437373
0.0
0.0
0.0
0.0
0.0
0.0
0.0
0.0
0.0
0.0
0.0
0.0
0.0
0.0
0.0
0.0
0.0
0.0
0.0
0.0
4.8523
0.0
0.0
0.659983
0.0
0.0
0.0
0.0
0.0
0.0
0.0
0.0
0.0
0.0
0.0
0.0
0.0
5.96426
0.533125
0.0
0.0
0.0
0.0
0.0
0.0
0.296311
0.955413
0.0
0.0
0.0
0.0
0.0
0.0
0.0
0.0
0.0
0.0
0.0
0.0
0.0
0.740129
0.0
0.0
0.0
0.0
0.0
0.0
1.22202
0.0
0.0
0.0
0.0
0.0
0.0
0.0
0.0
0.0
0.0
0.0
0.0
0.0
0.0
0.0
0.0
0.0
0.0
0.0
0.414501
2.48158
0.0
0.0
0.0
0.0
0.0
0.0
0.0
3.74024
1.41192
0.0
0.0
0.0
0.0
0.0
0.0
0.0
0.0
3.99565
0.0
0.0
0.0
0.0
0.606245
0.0
0.0
0.0
0.0
0.0
0.0
0.0
0.0
1.8757
1.5215
0.0
0.0740774
0.0
0.0
0.0
0.0
0.0
2.33286
0.0
0.0
0.0
0.0
2.02097
0.0
0.0
1.66926
0.0
0.0
2.18337
0.0
0.0
0.0
0.0
0.0
0.0
0.0
0.0
0.0
1.17158
0.0
0.741442
0.0
0.0
0.0
0.0
0.0
0.0
0.0
0.0
0.0
0.0
0.0
0.0
3.49759
0.0
0.0
0.94548
0.0
0.0
0.0
0.0
0.0
0.0
0.0
0.0
0.0
1.25771
0.0
0.0
1.52524
0.830092
0.0
0.0
0.0
0.0
0.0
1.58222
0.0
0.0
0.0
0.0
0.0
0.0
0.0
4.44775
0.0
0.0564575
0.0
0.0
0.0
0.0
0.0
0.0
0.0
0.0
0.495998
0.0
0.0
0.0
0.0
0.0
0.0
0.0
1.04821
0.0
0.228005
0.0
0.0
1.78092
0.0
0.0
0.0
3.1492
2.0538
0.0
0.0
0.0
0.0
0.0
0.0
0.0
0.0
0.0
0.763424
0.0
0.0
0.0
0.0
0.0
2.04413
0.0
0.0
0.0
0.0
0.0
0.0
0.0
0.0
0.0
0.0
0.0
0.0
0.0
0.85516
0.0
0.0
0.0
1.69709
0.0
0.0
0.0
0.0
0.0
0.0
0.0
0.0
0.0
0.0
0.0
0.0
7.60688
0.0
1.50088
0.0
0.0
1.29167
1.54163
0.0
0.0
0.0
0.0
0.0
0.0
0.0
0.0
0.0
0.0
0.0
0.0
1.02242
0.0
0.0
0.0
0.0
0.0
3.2442
0.0287311
0.0
0.0
0.0
0.0
0.0
0.0
0.0
0.438541
0.0
0.0
0.0
0.0
0.717179
0.0
0.690884
0.0
0.0
0.0
0.0
0.0
0.0
0.0
0.0
1.04288
0.0
0.0
0.0
0.0
0.0
0.0
0.0
2.02094
0.0
2.2706
0.0
0.0
0.0
0.0
0.0
0.0
0.0
0.0
0.0
0.0
0.0
2.41349
0.0
0.371193
0.539085
0.0
0.0
0.0
0.0
0.0
0.0
0.0
0.0
0.0
0.201992
0.848962
3.05188
0.0
0.0
2.33829
0.0
0.112458
0.0
0.0
0.0
0.0
0.0
0.0
0.0
0.624447
0.0
0.0
0.0
0.0
0.0
0.0
0.0
0.0
0.0
0.0
0.0
0.0
0.0
0.0
0.0
0.0
0.0
0.782024
3.16699
0.0
0.0
0.0
0.0
0.0
1.28025
0.0
0.0
0.0
0.0
0.0
0.0
0.0
0.386143
0.0
0.0
0.0
0.0
0.0
0.0
0.0
0.0
0.0
0.0
0.0
0.0
0.0
0.0
0.0
0.0
0.402024
0.0
5.22915
0.0
0.0
0.0
0.0
0.0
0.0
0.98663
0.0
0.0
0.0
0.0
1.18082
0.647474
0.0
0.545621
0.0
0.0
0.0
0.0
0.0
0.0
0.0
0.0
0.0
2.78961
1.51959
0.0
0.0
0.0
0.0
0.108415
0.0
0.0
0.0
0.0
1.15858
0.0
0.0
0.0
0.0
0.0
0.0
0.0
0.795179
0.0
0.0
0.0
3.05548
0.0
0.586192
0.0
0.0
0.0
0.0
0.0
0.0
0.0
1.33981
0.0
0.0
0.404396
0.0
0.0
0.0
0.0
0.0
0.0
0.0
0.0
0.0
0.0
0.0
0.328464
0.0
0.0
0.0
0.0
5.30014
0.0
0.265468
0.0
0.0
0.0
0.0
0.0
0.0
0.0
0.0
0.0
0.0
0.0
0.0
0.0
0.0
0.48391
0.0
0.0
0.0
0.609033
0.0
0.0
0.0
0.0
0.0
0.0
0.0
0.0
0.0
0.0
0.0
0.0
0.0
0.0
0.0
0.0
0.0
0.0
0.0
0.0
0.0
0.0
0.0
0.400297
0.0
1.44139
0.0
0.0
0.0
0.0
0.0
0.0
0.0
0.0
0.0
0.755664
0.0
0.660421
0.0
0.0
0.0
0.0
0.0
0.0
0.0
0.0
0.0
0.0
0.0
0.0
0.0
0.0
0.0
0.0
0.0
0.0
0.0
0.0
0.0
3.40403
0.0
0.0
0.0
0.0
0.0
0.0
0.0
0.0
0.0
0.0
0.944669
0.0
0.0
0.0
0.0
0.0
0.0
0.0
0.0
0.0
0.0
0.0
0.0
0.0
0.0
0.0
0.0
0.943884
0.0
0.0
0.612508
0.0
0.0
0.0
0.0
0.0
0.0
0.0
0.0
0.0
0.0771772
0.0
0.101287
0.0
0.0
0.0
0.0
0.0
0.0
0.0
0.0
0.0
0.0494539
0.0
0.0
0.0
0.0
0.0
0.0
0.0
0.0
0.0
0.0
0.0
0.0
0.0
0.0
0.0
1.05557
0.0
0.905865
0.0
0.479782
0.0
0.165717
0.0
0.0
1.37245
0.0
0.0
0.0
0.0
0.0
0.0
0.0
0.0
0.0
0.0
0.0
3.54695
0.0
0.0
0.0
0.0
0.0
0.0
0.0
0.0
0.0
0.0
0.0
0.0
0.0
0.0
4.13062
0.0
0.187402
0.396612
0.0
0.0
0.0
0.0
0.0
0.0
3.9581
0.0
0.0
0.0
0.0
0.0
0.594705
0.0
0.0
0.0
0.0
0.0
0.0
0.0
0.0
0.0
0.628815
0.0
0.0
0.0
0.0
0.0
0.105215
0.0
0.906466
1.86193
2.62354
0.0
1.87546
3.52881
0.0
0.0
0.0
0.0
0.0
0.0
0.0
0.0
0.0
0.0
0.0
0.0
0.0
0.0
0.0
0.0
0.636763
0.0
0.499136
0.0
0.0
0.0
0.0
0.0
0.0
0.0
0.0
0.0
0.0
0.0
0.0938134
0.0
0.0
0.0
0.0
0.0
1.05572
0.0
0.0
0.0
0.0
0.0
2.48315
1.57535
0.0
0.0
0.0
0.0
0.0
0.0
0.0
0.0
0.0
0.0
0.0
0.399988
0.0
0.0
0.0
0.0
0.58489
0.0
0.0
0.0
0.0
0.0
0.0
0.0
0.0
0.0
0.0
0.0
0.0
0.0
0.0
0.0
0.0
0.0
0.0
0.0
0.0
0.0
0.0
0.0
0.0
2.34572
0.0
0.0
0.0
0.0
0.0885326
0.0
1.79163
0.0
0.0
0.0
0.0
0.0
0.0
1.06013
0.0
0.0
0.0
2.57533
0.0
1.43487
0.0
0.0
0.0
0.0
0.0
0.0
0.0
0.0
0.0
0.0
1.78899
0.0
0.925986
0.0
0.0
0.0
0.0
0.0
0.0
0.0
0.0
0.0
0.0
0.0
1.10585
0.0
0.0
0.0
0.0
0.0
0.0
0.0
0.354703
1.89684
0.0
0.0
0.0
0.0
0.0
0.0
0.0
0.0
0.0
0.0
0.0
0.0
0.0276999
0.0
0.0
0.212152
0.0
0.0
0.0
2.39576
0.0
0.0
0.0
0.0
0.0
1.47046
0.0
0.0
0.446049
0.985772
0.0
0.0
0.0
0.0
0.176291
0.0
0.0
0.0
0.0
0.0
0.0
0.0
0.0
1.78145
0.0
0.0
0.0
0.0
0.0
4.88656
1.51943
0.0
0.0
0.0
1.15928
0.0
0.0
0.96298
0.44513
0.0
0.0
0.0
0.0
0.0
0.0
0.0
0.0
0.0
0.0
0.0
0.0
0.0
0.189497
0.0450284
0.0
0.0
0.0
0.0
0.0
0.0
0.0
0.0
0.0
0.0
0.0
0.0
0.0
0.0
1.43018
0.0
0.0
0.0
0.0
0.0
0.0
0.0
0.0
0.0
0.0
0.0
0.0
0.0
0.0
0.0
0.0
0.0
0.0
0.0
0.0
0.0
0.0
0.0
0.0
0.0
0.0
0.0
0.0
0.0
1.54512
0.0
0.0
1.01123
0.0
0.0
0.0
0.0
0.0
0.0
0.0
0.0
0.0
0.0
0.0
0.0
0.172355
0.0
0.0
0.0
0.0
1.43678
0.0
0.0
0.0
0.334123
0.0
0.0
0.0
0.0
0.0
0.0
0.0
0.0
0.0
0.0
0.0
0.0
0.0
1.51585
0.0
0.218293
0.0
0.706885
0.0
0.0
2.36127
0.0
0.0
0.0
0.0
0.0
0.0
0.0
0.0
0.0
0.0
0.0
0.0
0.0
0.0
3.37363
2.13629
0.0
0.502437
0.0
0.0
2.92283
1.82488
0.0
0.0
0.0
0.0
0.0
3.83917
1.90427
0.0
0.0
0.0
0.0
0.0
0.0
0.0
3.11693
0.0
0.0
0.0
0.0
0.156614
0.0
0.0
0.0
0.0
0.0
0.0
0.0
0.0
0.0
1.09766
0.0
0.0
0.0
0.0
0.0
0.0
0.0
0.0
0.0
0.0
0.0
0.0
4.23885
0.0
0.0
0.0
0.0
0.0
0.0
0.0
0.0
0.0
0.0
0.0
0.0
0.0
0.0
0.0
0.0
0.0
0.0
0.0
0.0
0.0
0.0
0.0
1.65695
0.0
0.0
0.0
0.0
5.32795
0.0
0.0
0.0
0.0
0.0
0.0
0.0
1.90155
0.0
0.0
0.0
0.0
0.0
0.0
3.01009
0.0
0.0
0.0
0.0
0.0
4.5488
0.0
0.0
0.0
0.0
0.0
0.0
0.0
0.0
2.84519
0.0
0.0
0.0
0.0
0.0
0.0
0.0
0.0
0.0
0.0
0.0
0.0
0.0
0.348301
0.0
0.0
0.0
0.0
0.0
0.0
0.0
0.0
1.97166
0.0
6.40467
0.0
0.0
0.0
0.0
2.20404
0.0
0.0
5.54388
0.0
0.279139
0.0
0.0
0.0
0.0
0.0
0.0
0.0
0.0
0.0
0.0
0.0
0.0
2.96065
0.0
0.0
0.0
0.0
0.0
0.0
0.0
0.0
0.0
0.0
0.0
0.0
0.0
0.0
0.0
4.16576
0.0
0.491009
0.0
0.945077
0.0
0.0
0.0
0.0
0.0
0.0
0.0
0.0
0.0
0.0
0.20012
0.0
0.0
0.0
0.0
0.0
0.0
0.0
0.0
0.0
0.0
0.0
0.914371
0.0
1.97363
0.0
0.0
0.0
0.677251
0.0
0.0
0.0
0.0
0.0
0.0
0.0
0.0
0.0
0.0
3.18184
0.0
0.0
0.0
0.0
0.0
0.0
0.0
0.0
0.0
0.0
0.0
0.0
0.0
0.0
0.0
0.0
0.0
0.0
0.0
0.0
0.233841
4.14542
0.0
0.0
0.0
0.514434
0.0
0.0
0.968202
1.84414
0.0
0.0
0.0
0.0
0.0
0.0
0.0
0.0
0.0
0.0
0.0
0.0
0.0
0.0
0.0
0.0
0.0
0.0
0.0
0.0
0.0
2.00467
0.0
0.0
0.0
0.0
0.0
0.0
1.01909
0.0
1.73378
0.0
0.0
0.0
1.07767
0.0
0.0
0.0
0.0
0.0
0.0
0.0
0.0
0.0
0.0
0.0
0.275216
0.105096
0.0
0.645083
0.0
0.84744
0.0
0.0
0.0
0.0
0.0
0.0
0.0
0.0
0.0
0.0
0.0
2.89571
0.0
0.0
0.0
0.0
0.0
0.0
0.0
0.0
0.0
0.0
0.0
0.146573
0.0
0.0
0.0
2.48355
0.0
0.0
0.0985011
0.0
4.35817
0.0
0.0
0.0
0.0
0.0
0.0515391
0.0
0.0
2.84147
0.0
0.0
0.0
0.0
0.0
0.0
0.0
0.0
0.0
0.0
0.0
0.0
0.0
0.0
0.0
1.06234
0.0
0.0
0.0
0.0
0.0
0.0
0.0
0.807531
3.00795
0.0
0.0
0.0
0.513345
0.0
0.0
0.0
0.0
0.0
0.0
0.0
0.0
0.0
0.0
0.0
0.0
0.0
0.0
1.60798
0.0
0.0
0.708094
0.0
0.0
0.0
0.0
0.0
0.0
0.0
0.0
0.0
0.0
0.0
3.0435
0.0
0.0
0.0
0.0
0.0
0.0
1.94721
0.0
0.0
0.0
0.0
0.0
0.541821
0.0
0.0
0.0
0.0598717
0.0
0.0
0.208923
1.04457
0.0
0.0
0.0
0.552305
4.59778
2.30107
1.46812
0.0
0.0
0.0
0.0
0.0
0.0
0.0
0.0
0.0
0.0
0.0
0.0
0.0
0.0
0.208163
0.0
0.0
0.0
0.0
0.0
0.0
0.0
0.0
0.0
0.0
0.0
3.52853
0.0
0.0
0.0
0.0
0.0
0.0
0.0
0.0
0.0
0.0
0.172459
5.70072
0.0
0.0
0.0
0.0
0.0
0.0
0.0
0.0
0.0
0.0
0.756081
0.0
0.0
0.0
0.0
0.0
0.0
0.0
0.0
0.0
0.0
0.0
0.0
0.0
0.0
0.0
0.0
0.0
0.0
0.0
0.0
0.0
2.39916
0.0
0.0
0.0
0.0
0.482457
0.0
0.0
0.0
0.0
0.0
0.0
0.0
0.0
0.0
0.0
1.22626
1.455
0.0
0.0
0.0
0.0
0.0
0.0
0.0
0.0
0.0
0.0
0.0
0.0
0.0
0.0
0.0
0.0
0.0
3.32093
0.0
0.440425
0.0
0.0
0.0
0.0
0.0
0.0
0.0
0.0
0.702707
0.0
0.0
0.0
0.0
0.0
0.0
0.0
0.0
0.0
0.748131
0.0
0.0
0.0
0.0
0.0
0.0
0.0
0.0
0.0
0.0
1.02532
0.0
0.0
0.0
0.0
0.0
0.0
0.0
0.0
0.0
0.0
0.0
0.0
0.0
0.56356
0.0
0.0
0.0
0.0
0.0
0.0
0.0
0.0
0.0
0.0
0.0
1.0627
0.0
0.0
0.0
0.0
0.0
0.0
0.0
0.0
0.0
0.0
0.0
0.0
0.0
0.0
0.0
0.0
0.0
0.0
0.0
0.0
0.0
0.0
0.0
0.0
0.0
0.0
0.0
0.0
0.0
0.0
0.0
0.0
0.0
0.0
0.0
0.0
0.0
0.0
0.0
0.0
1.77176
0.0
0.0
0.0
0.0
0.0
0.0
0.0
2.63929
0.0
0.0
0.0
0.0
0.0
0.0
0.432611
0.0
0.0
0.0
0.0
0.0
0.750662
0.0
0.0
0.0
0.0
0.0
0.0
0.0
0.23455
0.0
0.0
0.0
0.0
0.0
0.0
0.0
0.0
0.294576
0.0
0.490586
0.0
2.35053
0.0
0.0
0.0
0.0
0.0
0.0
0.0
0.0
0.0
0.0
0.0
0.0
0.0
0.0
0.0
0.0
0.0
0.0
0.0
0.138188
0.566919
0.0
0.040995
0.0
0.0
0.0
0.934074
0.0
0.0
4.69402
2.62243
0.0
0.0
0.0
2.92542
0.0
0.0
0.0
0.10455
0.0
0.0
2.47303
0.0
0.0
0.0
0.0
0.0
0.0
0.0
0.0
0.0
0.0
0.0
0.0
0.0
2.16017
0.0
0.0
0.0
0.0
0.0
0.0
0.0
0.0
0.251751
0.0
0.0
0.0
0.0
0.0
0.0
0.0
1.15571
0.0
0.0
0.0
0.0
0.0
0.0
0.0
0.0
0.0
0.0
0.0
0.0170973
0.0
0.0
0.0
0.272445
0.0
0.0
0.0
0.0
0.0
0.228931
0.0
0.0
0.0
0.0
0.0
0.0
0.0
0.0
0.0
0.0
0.0
2.43891
0.269439
0.0
0.0
0.668843
0.817195
0.0
0.0
0.0
0.0
1.15157
0.0
0.483879
0.0
2.11628
0.0
0.0
0.0
0.0
0.0
0.0
0.0
0.0
0.0
0.0
0.0
0.0
0.0
0.0
0.0
0.0
0.0
0.0
0.0
0.0
0.0
0.0
0.0
0.0
1.04515
0.0
0.0
0.0
3.49206
0.766174
0.0
0.0
0.0
0.0
0.0
0.0
0.0
0.0
0.0
0.0
1.76243
0.0
0.0
0.0
0.0
0.0
0.0
0.0
1.34594
2.9722
0.0
0.0
0.0
0.379706
0.0
0.328316
0.0
0.0
2.45012
0.0
0.118671
0.0
0.0
0.107648
0.0
0.0
0.0
0.0
0.0
0.0
0.0
0.0
0.0585835
0.0
0.0
0.0
0.277116
1.91891
0.0
0.0
0.503512
0.0
0.0
0.0
1.64662
0.0
0.0
0.0
0.0
0.0
0.0
0.0
0.0
0.0
0.0
0.0
0.0
0.0
0.0
0.0
0.0
0.0
0.0
0.0
0.0
0.0
1.50741
0.0
0.0
0.0
0.0
0.0
0.0
0.0
0.0
0.0
0.0
0.0
0.0
0.0
0.0
0.0
0.0
0.0
1.44492
0.0
0.0
0.672967
0.0
0.0
0.39472
0.0
0.0
0.0
0.0
0.0
1.01282
0.0
0.0
0.0
0.0
0.0
0.0
0.0
0.0
0.0
0.0
2.3341
0.0
0.0
0.0
0.0
0.0
0.0
0.0
0.0
0.0
0.338888
0.0
0.0
0.0
0.0
0.0
0.0
0.965989
0.0
0.0
0.0
0.0
0.0
0.0
0.0
0.0
0.0
1.8813
0.0
2.74832
0.0
0.0
0.0
0.0
0.0
0.0
0.0
0.0
0.0
0.0
0.0
1.62307
0.0
2.03283
0.0
0.0
0.0
0.0
0.0
0.0
0.0
0.0
0.0
0.0
0.0
0.0
0.0
0.0
1.45625
0.0
0.0
0.0
0.0
0.0
0.0
0.0
1.7793
0.0178081
0.0
0.0
0.0
0.0
0.0
0.0
0.0
3.07912
0.0
0.0
0.0
0.297533
0.0
0.0
0.485961
0.0
0.0
0.0
0.0
0.0
0.0
0.0
0.0521831
0.0
0.0
0.0
0.0
0.0
0.0
0.0
0.0
0.0
0.0
1.40301
0.0
0.0
0.0
4.4399
0.0
0.0
0.0
0.0
0.0
0.0
0.0
0.0
0.0
0.0
1.27018
0.0
0.0
0.0
0.0361859
0.0
1.17057
0.0
0.0
0.0
0.0
0.0
0.0
0.0
0.0
0.0
0.0
1.80041
0.0
0.0
0.612315
0.0
0.0
0.0
0.693292
0.0
0.0
0.946673
0.0
0.0
0.0
0.0
0.0
0.0
0.0
0.15036
0.0
0.0
0.0
0.0
0.0
0.0
0.0
0.0
0.0
0.0
0.0
0.0
0.319964
0.0
0.0
0.0
0.0
2.72473
0.0
0.0
0.0
0.0
0.0
0.0
0.0
0.0
0.0
0.0
0.0
0.0
0.0
0.0
0.0
0.0
0.0
0.950397
0.0
1.16078
0.0
2.8652
0.0
0.0
0.65812
0.0
1.11298
0.0
0.0
0.0
0.0
0.0
0.0
0.0
0.0
0.0
0.0
0.0
0.0
0.0
0.0
0.0
0.0
0.0
0.0
0.0
0.0
0.0
0.0
0.0
0.0
0.0
0.0229131
0.685641
0.0
0.0
0.0
0.0
0.0
0.0
0.0
0.0
0.0
0.0
0.0
0.0
0.0
0.0
0.0
0.0
0.0
0.585011
0.0507824
0.444051
0.0
0.0
0.0
0.0
0.0
0.469505
0.0
0.0
0.0
0.0
0.0
0.0
0.0
0.0
0.0
0.0
0.0
0.0
0.0
0.0
0.0
0.0
0.626781
0.0
0.0
0.0
0.0
0.0
0.0
0.0
0.0
2.93142
0.0
0.0
0.0
0.0
0.0
0.0
0.0
0.997589
0.0
0.0
0.0
3.00123
0.0
1.71277
0.0
0.0
0.0
0.0
0.0
0.0
0.0
0.0
0.0
2.22694
0.0
0.0
0.0
0.0
0.0419832
0.0
0.0
0.0
0.0
0.0
0.0
3.92221
0.0
0.0
0.0
0.0
0.0
0.0
0.0
0.0
0.0
0.0
0.0
0.0
1.84764
0.0
0.0
0.0
0.0
0.0
0.0
1.20918
0.0
0.0
0.0
0.0
0.0
0.0
1.34457
0.0
0.0
0.0
0.0
1.25452
0.0
0.0
0.0
1.23932
0.0
0.0
0.665928
0.0
0.0
0.0
0.0
0.0
0.0
0.0
0.0
0.0
0.0
0.0
0.0
0.355114
0.0
0.0
0.0
0.0
0.0
0.0
0.0
0.0
0.0
0.366978
0.126994
0.0
0.0
0.0
0.0
0.0
2.61942
0.0
0.0
0.0
0.0
0.0
0.0
0.0
0.0
0.0
0.0
0.0
0.0
0.0
0.0
0.0
0.0
0.0
0.0
0.0
0.0
0.0
0.0
0.0554545
0.842967
0.0
0.0
0.0
0.0
0.0
0.0
0.0
1.3286
0.0
0.60635
0.0
0.0
0.0
0.0122834
0.0
0.0
0.0
0.0
0.0
0.0
0.0
0.0
0.0
0.0
0.0
0.0
0.0
0.0
3.30131
0.0
0.630571
0.0
2.13862
0.0
0.0
0.0
1.9291
0.0
0.0
0.0
0.0
0.0
0.0
0.0
0.0
0.0
0.0
0.0
0.0
0.0
2.40712
0.0
5.56847
0.0
0.0
0.0
0.0
0.0
0.0
0.0
0.0
0.0
0.0
4.28822
0.0
0.0
0.0
0.0
0.0
0.0
0.0
0.0
0.0
0.0
0.0
0.0
0.0
0.0
0.861902
0.0
0.0
0.0
0.0
0.0
0.0
0.0
0.0
0.0
0.0
0.0
0.0
0.0
0.0
0.0
0.0
2.70488
0.0
0.0
0.0677331
0.0
5.06769
1.25664
0.0
0.0
0.0
0.0
0.0
0.0
0.0
0.0871235
0.0
0.0
0.0
0.0
0.0
0.0
0.0
0.0
0.0
0.0
0.0
0.0
0.0
0.0
0.0
0.0
0.0
4.5034
0.0
3.48163
0.0
0.0
0.0
0.0
0.0
0.0
0.0
0.0
0.0
0.0
0.0
0.0
0.0
0.0
0.0
0.0
0.0
0.0
0.0
0.0
0.0
0.0
0.0
0.0
0.548703
0.0
0.0
0.0
0.0
0.0
0.0
0.0
0.0
0.0
0.0
0.0
0.0
0.0
0.0
0.0
0.0
0.0
0.0
0.0
0.0
0.0
0.0
0.0
0.0
0.0
0.0
0.0
0.0
0.0
0.0
0.0
0.0
0.698007
0.0
0.0
0.0
0.0
0.0
0.0
0.0
0.0
0.0
0.0
0.0
0.0
0.0
2.47053
0.0
0.0
0.0
0.0
0.0
0.0
0.0
0.0
0.768054
0.0
0.0
0.0
0.0
0.0
0.0
0.0
0.0
0.0
0.0
0.0
0.686044
0.0
1.78176
0.0
0.0
0.0
0.0
0.0
0.0
0.381747
0.0
0.0
0.0
0.0
0.100339
0.0
4.63824
0.0
0.0
0.0
0.0
4.03583
0.0
0.0
0.0
0.30078
0.0
0.0
0.0
0.0
0.0
1.80571
0.0
0.0
0.0
0.0
1.2354
0.0
0.0
0.0
0.137869
0.0
0.0
0.379552
0.0
0.0
0.0
0.398742
0.691493
0.0
0.0
0.0
2.64547
0.0
0.0
0.0
0.0
0.0
0.0
0.0
0.0
0.0
0.0
0.0
2.4583
0.0
0.0
0.0
0.0
0.0
0.791345
0.0
0.0
0.0
0.0
1.79376
0.0
0.0
0.0
0.0
0.0
0.0
0.0
0.0
0.0
0.0
0.0
0.0
0.0
0.0
0.0
0.0
0.0
0.0
0.0
0.0
0.0
0.0
1.93895
1.85161
0.0
0.0
0.0
0.0
0.947873
0.0
0.0
0.0
0.0
0.0
0.0
0.0
0.0
0.0
0.0
0.0
2.24274
0.0
0.0
0.0
0.0
0.0
0.0
0.0
0.0
0.0
1.34336
0.377204
4.42996
0.540005
0.0
0.0
0.0
0.0
0.0
0.0
0.0
1.00956
0.0
0.0
0.0
0.0
0.0
0.0
0.0
0.0
0.0
0.0
0.0
0.0
1.05416
0.920612
0.0
0.0
0.0
0.0
0.0
0.0
0.0
0.0
0.0
0.0
0.0
0.0
0.0
2.14263
0.0
0.0
0.0
0.0
0.0
1.44469
0.0
0.0
0.0
0.763063
0.0
0.0
0.0
0.0
0.0
3.63944
0.0
0.0
0.182393
0.0
0.57926
0.0
0.466843
0.0
0.0
4.91877
0.0
0.0
0.0
0.0
0.0
0.0
0.0
0.0
0.0
0.0
0.0
0.0
0.0
0.0
0.0
0.0
0.0
0.0
0.0
0.101461
0.0
3.60615
0.0
0.0
0.0
0.0
0.0
0.0
0.0
1.1004
0.0
0.0
0.0
0.0
0.781147
0.0
0.0
0.0
0.0
0.0
0.0
0.0
0.0
0.0
0.0
0.0
0.0
0.0
3.46092
0.389233
0.0
6.29847
0.0
0.0
0.0
0.0
0.0
0.0
0.290282
0.0
0.0
0.0
0.0
0.0
0.0
0.0
2.46752
0.0
0.0
0.0
0.0
0.0
0.0
0.0
0.0
0.0
0.0
0.0
0.0
0.0
0.0
0.0
0.0
0.0
0.0
1.94421
0.805636
0.0
0.0
0.0
0.0
0.0
0.0
0.0
0.0
0.0
0.0
0.0
0.0
0.0
0.0
0.0
0.0
0.0
0.0
0.0
0.0
0.0
0.0
0.0
0.0
0.0
0.0
0.0
0.0
0.862312
0.0
0.0
1.10051
0.0
2.89628
1.7265
0.0
0.0
0.0
3.72182
0.0
0.0
0.0
0.0
0.0
0.0
0.0
0.0
0.0
0.0
3.16344
0.0
0.0
0.0
0.0
0.0
0.0
0.0
0.0
0.0
0.609345
0.0
0.0
0.0
0.0
0.0
0.0
0.0
0.0
2.06848
0.0
0.0
0.339199
0.0
0.0
0.0
1.13838
0.0
0.0
0.0
0.0
2.11968
0.0
3.26585
0.0
0.758592
0.0
0.0
0.0
0.355948
0.0
0.0
0.357485
0.0
0.0
2.01242
0.0
0.0
0.0
0.0
0.0
0.0
0.0
0.0
0.0
0.504719
0.0
0.0
0.0
0.0
0.0
0.0
2.81494
0.0
0.0
0.0
0.0
0.0
0.0444216
0.0
0.0
0.0
0.0
0.0
0.0
0.0
0.0577338
0.0
0.0
0.042496
0.0
4.13032
2.59876
0.0
0.0
0.0
0.0
0.0
0.0
0.0
0.0
0.0
0.0
0.0
0.0
0.0
0.0
0.0
0.0
0.366206
0.0
0.0
0.0
0.0
0.0
0.0
0.0
0.0
1.65024
0.701635
0.0
0.0
0.0
0.0
0.0251197
0.0
0.0
0.0
4.82661
0.0
0.0
0.0
0.0
0.0
0.0
0.0
0.0
0.0
0.0
0.0
0.0
0.0
0.0
0.0
0.0
0.0
0.0
0.0
0.14312
0.535271
0.0
0.0
3.86934
0.0
0.0
0.0
0.0
2.07232
3.14895
0.0
0.0
0.0
0.141076
2.45382
0.0
0.0
0.0
0.0
0.0
0.0
0.0
0.0
0.0
0.0
0.0
0.0
0.0
0.0
0.0
0.0
0.0
0.0
0.0
1.88157
0.0
0.0
0.0
0.230579
0.588901
0.0
5.28344
0.0
0.0
0.0
0.0
0.0
0.0
0.0
0.0
0.0
0.0
0.0
0.0
0.0
0.0
0.0
0.0
0.0
0.0
0.0
0.0
0.0
