0.0
0.0
1.19751
0.0
0.0
0.0
0.0
0.0
0.0
0.0
0.0
0.0
0.0
0.50736
0.0
0.0
0.0
0.0
0.0272677
0.0
0.0
2.06526
0.0
0.0
0.0
0.0
0.0
0.0
0.0
0.0
0.0
1.78845
0.0
5.65618
0.0
0.0
0.0
0.0
0.0
0.0
0.0
0.0
3.84142
0.0
0.0
0.426804
0.0
0.875807
0.0
2.4804
0.0
0.0
0.0
0.0
0.0
0.0
0.0
0.0
0.0
0.0
0.0
0.0
0.0
3.68526
0.0
0.0
0.0
0.0
0.000719011
0.0
0.0
0.0
0.0
0.0
0.0
0.0
0.0
1.43301
0.0
0.0
2.0471
0.0
0.0
0.0
0.0
0.0
0.0
0.0
0.0
0.0
0.0
0.0
0.0
0.0
0.0
0.0
0.0
0.0
3.52737
0.0
0.0
0.0
0.0
0.0
0.0
0.0
0.0
0.0
0.0
0.0
0.0
0.0
0.0
2.93092
1.31076
0.0
0.0
0.489864
2.94201
0.0
0.0
0.0
0.0
0.0
0.0
0.0
0.0
5.11308
0.0
0.0
0.0
1.02108
0.0
0.0
0.0
0.0
0.73664
0.0
0.108856
0.0
0.0
0.0
0.0
0.0
0.0
0.0
0.0
0.0
0.0
0.0
0.0
0.0
0.0
0.0
0.0
0.0
0.0
0.0
0.0
0.0
4.02255
0.277646
0.0
0.0
0.0
0.0
0.0
0.0
0.0
0.0
0.0
0.0
1.58507
0.0
0.0
0.0
0.0
0.0
0.5254
0.0
3.88479
0.0
0.0
0.0
0.0
0.0
0.0
0.0
0.0
0.0
0.0
0.0
1.50428
2.48715
0.0
0.0
0.0
0.0
0.0
3.23206
0.0
0.0
0.0
0.880776
0.0
0.258493
0.0
0.0
0.0
0.0
0.0
0.0
0.0
0.0
0.983465
2.19357
0.0
0.0
0.0
0.0
0.0
0.0
0.0
0.0
1.29292
0.0
0.0
2.23213
0.0
0.0
0.0
0.0
0.0
0.0
0.0
0.0
0.0
0.0
0.0
0.0
0.0
0.0
0.0
2.62683
0.0
0.0
0.0
5.44487
0.0
0.0
0.0
0.0
0.0
0.0
0.0
0.0
0.0
1.22769
0.0
0.0
0.0
0.0
4.18256
0.0
0.0
0.0
0.0
0.0
0.0
0.882931
0.0
0.717865
0.0
0.0
0.0
0.0
1.59416
0.0
0.0
0.0
0.0
0.0
0.666781
0.0
0.0
0.0
0.0
0.0
0.0
0.0
0.0
0.0
1.20496
0.0
0.0
0.0
0.0
0.0
0.0
0.0
0.0
5.65005
4.41096
0.0
0.0
0.0
0.0
0.0
0.092537
0.0
0.0
0.0
0.0
0.0
0.0
0.0
0.0
0.0
0.0
0.0
0.0
0.0
0.0
0.0
0.0
0.0
0.168712
0.0
0.0
0.00737429
0.268311
0.0
0.0
0.0
0.0
0.0
0.0
0.0
0.0
0.0
0.0
0.0
0.0
0.0
0.0
0.0
0.0
0.0
0.0
0.0
0.0
0.0
0.0
0.0
0.0
0.0
0.0
0.0
0.0
0.534557
0.0
0.0
0.0
0.0
0.0
0.0
0.0
0.0
0.0
0.0
0.0
0.0
0.0
0.0
0.0
0.0
0.0
0.0
0.0
0.0
0.0
0.0
0.0
0.363674
0.120076
0.0
0.0
3.29124
0.0
1.54719
0.0
0.846828
0.0
0.0
0.0
6.96233
2.69093
0.0
0.0
3.59083
0.0
0.0
1.56735
0.0
0.0
0.0
0.0
0.0
0.0
0.0
0.0
0.0
0.0
0.0
0.0
0.0
0.0
0.0
0.0
0.0
0.0
0.0
0.0
0.0
0.0
0.0
0.0
0.0
0.0
0.294346
1.07381
0.0
0.0
0.0113755
0.0
0.0
0.0
0.0
0.0802157
0.0
0.0
0.0
0.0
0.0
0.0
0.0
0.0
0.0
0.0
0.0
0.0
0.0
0.0
4.20854
0.0
0.0
0.0
0.0
0.0
0.0
0.0
0.0
0.0
0.0
0.0
0.0
0.0
0.0
0.791339
7.26019
0.0
0.0
0.0
0.0
0.0
0.0
0.0
0.0
2.60814
0.0
0.206514
0.0
0.0
0.325874
0.0
0.0
0.0
0.0
0.0
0.0
0.0
0.0
0.0
0.0
0.0
0.0
0.0
0.0
0.0
0.0
0.0
0.59964
0.0
0.0
0.0
0.0
0.0
0.0
0.0
0.0
0.0
0.0
0.0
0.0
0.0
0.0
0.0
2.10836
0.0
0.0
0.0
0.0
0.0
2.25429
0.0
0.0
0.0
0.0
0.0
0.0
0.0
0.0
0.0
1.18242
0.0
0.0
2.67984
0.0
1.19644
0.0
0.0
0.0
0.952183
0.0
0.0
0.0
0.0
0.0
0.0
0.0
0.0
0.0
0.0
0.0
0.0
0.0
0.0
0.0
0.0
0.0
0.0
0.0
0.0
0.0
0.0
0.0
0.0
0.0
0.0
0.0
0.590856
0.0
0.0
0.0
0.634324
0.96975
0.0
0.0
0.0
0.0
0.0
0.0
0.0
0.0
0.0
0.0
3.27383
0.0
0.0
0.0
0.0
0.0
1.19355
0.0
0.0
0.0
0.0
0.0
0.0
0.0
0.0
0.0
0.0
0.0
0.0
0.0
0.0
0.0
0.229064
0.0
0.0
0.0
2.16207
0.0
0.0
0.0
0.0
0.0
0.0
0.0
2.319
0.0
0.0666637
0.0
0.97353
0.0
0.0
0.0
0.0
0.0
0.0
0.0
0.0
0.0
0.0
0.0462289
0.0
0.0
0.0
0.0
0.46211
0.0
0.0
3.38834
0.0
0.0
0.0
0.0
0.0
0.0
0.0
2.12574
0.0
0.0
0.0
0.0
0.0
0.0
0.0
0.0
2.11972
4.46344
0.0
0.0
0.0
0.0
0.0
0.0
0.0
0.0
0.0
0.0
0.0
0.0
3.06864
0.0
0.0
0.0
0.0
0.0
0.0
0.0
0.0
2.48861
0.0
0.0
0.0
0.0
0.0
0.0
0.0
0.0
0.0
0.0
0.0
0.0
0.0
0.0
0.0
0.0
0.0
0.0
0.0
1.79829
0.0
0.0
0.0
0.0
0.0
0.0
0.0
0.0
4.7618
0.0
0.0
0.0
0.0
0.0
0.0
0.0
0.0
0.779872
0.0
0.0
0.0
0.0
0.0
0.0
4.79259
0.0
0.0
2.23955
0.0
0.0
5.73139
3.02072
0.0
0.0
1.77271
0.0
1.69258
0.0
0.0
0.0
0.0
1.55997
0.0
0.0
0.0
0.0
0.0
0.0
0.0
0.0
0.0
0.0
0.0
0.0
0.0
0.0
1.35151
0.0
0.0
0.0
0.0
0.0
0.0
0.0
0.0
0.0
0.0
0.0
0.0
0.935466
0.0
0.0
2.28656
0.0
0.0
0.0
0.0
0.0
0.0
0.0
0.0
0.0
0.0
0.0
0.0
0.0
0.0
2.15558
0.0
0.0
0.0
0.0
2.31969
0.0
0.0
1.87543
0.0
0.0
0.0
0.0
0.0
0.0
0.0
0.0
0.0
0.0
0.0
0.0
0.0
0.0
0.0
0.0
0.0
0.0
0.0
1.19714
0.0
0.132439
0.0
0.0
0.0
2.89361
0.0
0.0
0.0
0.0
0.0
0.0
0.0
0.0
0.0
0.0
0.0
0.0
0.0
0.0
0.0
0.0
2.26635
0.0
0.0
0.0
0.0
0.0
0.0
0.0
0.0
0.988485
0.0
0.0
1.16137
0.0
0.0204684
0.0
0.0
0.0
0.944129
4.53602
0.0
0.0
0.0
0.0
0.0
0.0
0.0
0.0
0.0
0.0
0.0
0.0
0.0
0.0
0.0
0.0
0.0
0.0
0.0
0.0
0.0
0.0
0.0
0.0
0.0
0.0
0.0
0.0
0.0
0.0
1.58032
0.0
3.705
1.52254
0.0
0.0
0.0
0.0
1.49536
0.0
0.0
0.0
0.0
0.0
0.0
0.0
3.02658
0.0
0.0
0.0
0.0
0.0
0.0
0.0
0.0
0.0
0.756244
0.0
0.0
0.0
0.0
0.888318
0.0
0.0
0.0
0.0
0.0
0.0
0.0
0.0
0.0
0.0
0.0
0.0
0.0
0.0
0.0
0.352363
0.0
0.0
0.0
4.22666
0.0
0.0
0.0
0.0
0.0
0.0
0.0
0.636916
0.0
0.0
0.0
2.94373
0.0
2.08626
0.0
0.0
0.0
0.0
0.0
1.04749
2.98735
0.0
0.0
4.60142
0.0
0.0
0.0
0.0
0.0
0.0
0.339863
0.0
0.0
0.0
0.0
0.0
0.0
0.0
2.5767
0.0
2.8445
0.0
0.0
0.0
0.0
0.0
0.0
0.0
0.0
0.0
0.0
0.0
0.0
0.0
0.0
0.0
0.0
0.0
0.0
0.0
0.0
0.879965
0.0
0.0
0.0
0.0
0.0
0.0
0.0
0.0
0.0
0.0
0.0
0.0
0.0
0.0
0.0318812
0.0
0.0
0.707369
0.0
0.0
0.0290848
0.0
0.0
0.0
0.0
0.0
0.0
0.0
1.84898
3.2009
0.0
0.0
0.0
0.0
0.0
0.0
0.0
0.0
0.0
0.0
0.0
0.0
0.0
0.0
0.0
0.0
0.0
0.0
0.0
0.0
0.0
0.0
0.0
0.0
0.0
0.0
0.0
0.0
0.0
0.200462
0.0
0.429553
0.0
0.0
0.0
0.0
0.0
1.59521
1.67372
0.0
0.0
0.0
0.0
0.0
0.0
0.0
0.0
0.0
0.0
0.0
0.0
0.0
0.0
0.0
0.0
0.0
0.0
0.0
0.0
0.0
0.0
2.01726
0.0
0.0
0.0
0.0
4.58794
1.88197
0.0
0.0
0.0
0.0
0.0
0.0
0.0
0.0
3.40168
0.0
0.0
1.39189
0.0
0.0
0.62518
0.0
0.0
0.0
0.0
0.0
0.0
0.0
1.32156
0.0
0.0
1.11642
0.0
0.0
0.0
0.0
0.0
1.39503
0.0
0.0
0.0
0.0
0.0
0.0
0.0
0.0
0.0
0.0
0.0
0.0
0.0
0.0
0.0
0.0
0.0
0.0
2.89647
0.0
0.0
0.0
0.0
0.0
0.0
0.899792
0.767195
0.0
0.0
0.0
0.0
0.303519
0.0
0.0
0.0
0.0
1.58432
0.0
0.0
0.0
0.0
0.0
0.0
0.0
0.507483
1.64669
0.0
0.0
0.0
0.0
0.0
0.0
0.0
0.0
0.0
0.0
0.0
0.0
0.0816526
0.0
0.274542
0.0
0.0
0.0
0.0
0.0
3.31214
0.0
0.0
0.0
0.0
0.0
0.0
0.0
0.0
0.0
0.0
1.03311
0.0
0.0
0.0
0.0
0.0
10.8573
0.109974
0.0
0.0
0.0
1.22584
1.46946
0.0
0.0
0.884237
0.0
0.0
0.0
0.0
0.0
0.0
0.33237
0.0
0.0
0.0
0.0
0.0
0.0
0.0
0.0
0.299034
0.0
0.0
0.0
0.0
0.0
0.0
1.5596
0.0
0.0
0.0
0.0
0.0
0.0
0.0
0.606592
0.0
0.0
0.0
0.0
0.0
0.421425
0.0
0.0
0.0
0.0
0.0
0.0
0.0
0.0
0.0
0.0
0.102999
0.0
0.0
2.09447
0.0
0.0
0.0
0.0
0.0
0.0
0.0
0.0
0.0
0.592258
0.0
3.43759
0.0
1.94826
1.56216
0.0
0.0
0.0
0.0
0.0
0.0
0.0
0.0
0.0
1.7472
0.0
3.90777
0.15881
0.0
0.0
0.0
0.0
0.0
0.0
0.0
0.0
0.0
0.0
0.0
0.0
0.0
0.0
0.0
0.0
0.0
0.0
0.0
0.0
0.0
0.0
0.0
0.0
0.0
0.0
0.0
0.0
0.0
0.0
3.09638
0.974891
0.0
0.0
0.0
1.32735
0.0
0.0
0.993041
0.0
0.0
0.0
0.0
0.0
0.0
0.0
0.0
0.0
0.0
0.0
5.68535
0.0
0.0
0.0
0.0
0.0
0.0
0.0
0.0
0.0
0.0
0.0
0.866434
0.0
0.0
0.0
0.0
0.0
0.0
0.0
0.0
0.820259
0.0
2.34687
0.0
0.0
0.0
0.0
0.0
0.0
0.0
0.0
0.0
0.0
0.0
0.0
0.0
0.0
2.72865
0.0
0.0
0.0
0.0
0.0
0.247525
0.0
0.0
0.212273
0.0
0.0
0.0
0.0
0.0
0.0
0.0
0.0
0.0
0.0
2.0556
0.0
0.0
0.0
0.0
0.0
0.0
0.0
0.0
0.0
1.64288
0.0
0.0
1.00839
0.0
0.0
4.2901
2.36498
0.0
0.0
0.0
0.0
0.0
0.0
0.434126
0.0
0.0
0.0
0.0
0.0
0.0
0.0
0.0
1.51013
0.0
0.0
0.539662
0.0
0.0
0.0
0.0
0.0
0.0
0.0
0.0
0.0
1.6516
0.0
0.0
0.0
1.78773
0.0
0.0
2.08856
0.0
0.0
0.0
0.0
0.0
0.0
0.0
0.0
0.0
0.0
0.0
0.0
0.0
0.0
0.0
0.0
0.0
0.0
0.507753
0.0
0.0
0.0
0.0
0.0
3.96648
0.0
0.0
0.0
0.0
0.0
0.0
0.0
0.0
0.0
0.0
1.12205
0.0
0.0
2.48242
0.0
0.942329
0.0
0.0
0.0
0.0
0.0
0.0
0.0
0.0
0.0
0.0
0.0
0.869746
0.0
0.0
0.0
0.0
0.0
0.0
0.0
1.38685
0.0
0.480464
3.27095
0.0
0.0
0.0
0.0
0.0
0.0
0.40085
0.0
0.0
1.66785
0.0
0.0
0.0
0.0
0.0
0.0
0.0
1.26643
0.0
0.0
0.0
0.0
0.0
0.0
0.0
0.0
0.0
0.136356
0.0
0.0
0.0
0.0
0.0
0.0
0.0
0.0
1.6233
0.0
0.0
0.0
0.0
0.0
0.0
0.0
0.0
0.0
0.0
0.0
0.0
0.0
0.0
0.0
0.0
0.0
0.0
0.0
0.0
0.0
0.0
0.0
0.0
0.0
0.0
0.0
1.59221
1.17261
0.0
1.01621
0.0
0.0
0.0
0.0
0.0
0.0
1.66825
0.0
0.0
0.0
0.0
0.0
0.0
0.0
0.0
0.0
0.0
0.0
1.65826
0.0
0.0
0.0
0.222084
0.0
0.0
0.0
0.0
0.0
0.0
0.0
0.0
0.0
0.0
0.0
0.0
0.0
0.0
0.0
0.0
0.0
0.0
0.0
0.0
8.00185
0.0
0.0
0.0
0.0
0.0
0.0
0.0
0.0
0.0
0.0
0.0
0.0
0.0
0.0
0.0
0.114067
0.0
0.0
0.0
0.0
0.0
0.204755
0.948999
0.0
0.0
2.79235
0.0
3.28572
0.286435
0.0
0.0
0.631405
0.0
0.0
0.0
0.0
0.0
0.0
1.04268
0.0
0.0
0.0
0.0
0.0
0.0
0.0
0.0
0.0
0.0
0.0
0.0
0.0
0.0789369
0.0
0.0
0.0
0.0
0.0
0.0
0.0
0.840444
0.0
0.0
0.0
0.0
2.65006
0.0
0.0
0.0
0.0
0.0
0.706664
0.306142
0.0
0.0
0.0
0.0
0.0
0.0
0.0
0.0
0.0
0.0
0.0
0.0
0.0
0.0
0.0457927
2.50938
0.0
0.0
0.0
0.0
0.0
0.0
0.0
0.0
0.0
0.0
0.0
0.0
0.0
0.0
0.0
0.0
0.0
0.0
0.0
0.0
0.0
0.950526
0.0
0.0
0.0
0.672299
0.0
0.0
0.0
0.0
1.81714
0.0627053
1.49229
0.0
0.0
0.0
0.0
0.0
0.0
0.0
0.0
0.761635
0.0
0.0
0.0
1.25716
0.0
0.58686
0.0
0.0
0.0
0.0
0.0
0.0
0.0
0.0
0.0
0.0
0.0
0.0
0.0
0.0
0.0
0.0
0.0
0.0
0.0
0.0
0.0
0.0
0.0
0.0
0.0
0.0
0.0
0.0
0.0
0.0
0.843198
3.05217
0.0
0.0
0.0
0.0
0.0
0.0
0.0
0.0
0.0
0.0
0.0
0.0
0.0
0.0
0.0
0.0
0.0
0.0
0.0
0.0
0.0
0.0
0.0
0.0
0.0
0.0
0.0
0.0
0.0923293
0.0
0.0
0.0
0.0
0.0
1.29845
0.0
0.0
0.0
0.0
0.0
0.0
0.0
0.0
0.0
0.0
0.0
0.0
0.0
0.0
0.0
0.0
0.0
0.0
0.0
1.08195
0.0
1.12135
0.0
0.0
0.0
0.0
1.91949
0.0
0.0
0.0
0.0
0.0
0.0
0.0
0.0
0.0
0.0
0.0
0.0
0.0
0.0
0.0
0.0
0.0
1.06943
0.0
0.0
0.0
0.0
0.0
0.0
0.0
0.0
0.0
0.0
0.0
0.0
0.0
0.0
0.0
0.0
0.0
0.0
0.0
0.0
0.0
0.0
1.60856
0.0
0.0
0.0
0.0
3.25172
0.0
0.0
0.0
0.0
0.0
0.0
0.920425
0.0
0.0
0.0
2.22855
0.0
0.0
0.578664
0.0
0.603037
0.0
0.0
0.0
0.0
0.0
0.0
0.0
0.0
0.0
4.18261
4.80835
0.0
0.0
0.0
0.0
0.0
0.0
0.0
0.0
0.0
0.0
0.0
0.0
0.0
0.0864168
0.0
0.0664428
0.0
0.0
0.0
0.0
0.0
0.0
3.36486
0.0
3.06295
1.821
0.0
0.0
0.0
0.967401
0.0
0.0
1.40916
0.0
1.04186
0.0
0.0
0.0
0.0
0.0
0.0
0.0
3.02983
0.0
1.15233
0.0
0.0
0.0
0.0
0.872274
3.33906
0.313337
0.0
0.0
0.0
0.0
0.0
0.0
0.0
0.0
0.0
1.16577
0.123896
0.0
0.0
0.0
0.0
1.25703
0.0
0.0
0.0
0.0
0.0
0.0
0.0
0.0
0.0
0.0
0.0
0.0
0.0
5.90105
0.0
1.69995
0.627002
0.0
0.0
0.0
0.0
0.0
0.484821
0.0
0.0
0.335429
0.076557
0.0
0.0
0.0
0.0
1.10099
0.0
0.0
0.0
0.0
0.0
0.0
0.101229
0.0
0.0
0.0
0.0
0.0
0.0
0.0
0.0
0.0
0.0
0.0
0.0
0.0
0.0
0.0
0.0
9.58755
0.0
0.0
0.0
0.0
0.0
0.0
0.0
3.19262
0.0
0.0
0.0
0.0
0.0
0.0
6.08993
0.0
0.0
0.0
0.0
0.0
4.06934
0.0
0.0
0.0
0.0
0.0
0.0
0.0
0.0
1.11505
0.0
0.0561827
0.0
0.0
0.0
0.0
3.49198
0.0
0.0
0.0
0.0
0.0
0.0
4.13139
0.0
3.88666
0.0
0.0
0.0
0.0
0.276337
0.0
0.420473
0.0
7.85872
0.381077
0.0
0.0
0.0
0.0
0.0
0.0
5.10878
0.0
0.0
0.0
0.0
0.0
0.0
0.0
0.0
0.0
2.40737
0.0
0.0
0.0
0.0
5.15315
0.0
0.0
0.0
0.0
0.0
0.0
0.0
0.0
0.0
1.26812
0.0
0.0
0.0
0.0
0.0
0.159975
0.783365
0.0
0.0
3.48033
0.357513
0.0
0.0
0.0
0.0
0.0
0.0
0.0
0.0
0.0
0.0
0.0
0.0
0.704932
1.45659
0.0
0.0
0.0
1.67203
0.0
0.0
0.0
0.0
0.0
0.0
0.0
0.0
0.0
0.0
0.0
0.0
0.0
0.0
0.0
0.0
0.0
0.0
0.0
0.0
3.73
0.580808
0.0
0.0
0.0
3.2482
0.0
0.0
0.0
0.0
0.0
0.0
0.0
0.0
0.0
0.0
0.0
0.0
0.0
0.0
0.0
0.0
1.43474
0.0
0.0
0.0
2.37438
0.0
0.0
0.0
0.0
0.0
0.0
0.0
0.0
0.0
0.0
0.0
0.0
0.0
0.0
0.0
0.0
0.0
0.0
0.0
0.0
3.34529
0.0
0.0
0.0
0.453547
2.16387
0.0
0.0
0.0
0.0
0.0
0.0
1.57089
0.0
4.78306
0.0
0.0
0.0
0.0
0.0
0.248923
0.0
0.0
0.0
0.0
0.0
0.0
0.0
0.0
0.0
2.06766
0.0
0.0
0.0
0.0
5.14396
0.0
0.0
2.51375
0.0
5.12141
0.0
0.0
0.0
0.0
0.0
0.0
0.202175
0.0
0.0
0.0
0.245583
0.0
0.0
0.0
0.0
0.0
0.0
0.0
0.0
0.0
0.0
0.0
0.0
1.85525
0.0
0.0
0.0
4.31859
0.0
0.0
0.0
0.0
0.0
0.0
0.740124
0.0
1.58472
0.0
0.0
0.0
0.0
0.0
0.0
0.0
0.0
0.0
0.0
0.0
0.0
0.0
0.0
0.0
1.04835
0.0
0.0
0.0
0.0
0.0
0.0
0.0
0.0
1.34358
0.0
0.0
0.0
0.0
0.67731
0.0
0.0
0.0
0.0
0.0
0.0
0.0
0.0
0.0
0.0
0.0
0.0
0.0
0.996883
0.0
0.0
1.12367
0.0
0.0
0.0
0.0
0.0
0.0
0.0
2.88359
0.0
0.0
0.0
2.97305
0.0
0.0
3.23186
0.0
0.0
0.0
0.0503241
0.0
0.0
0.0289932
0.0
0.0
2.74877
0.0
0.0
0.0
0.957562
0.0
0.0
0.0
1.30755
0.0
0.0
0.672261
0.0
6.07323
2.20406
0.0
0.0
0.0
0.0
0.0
0.0
0.0
0.0
0.0
0.0
0.0
0.0
0.0
0.0
0.0
0.0
0.0
0.0
0.0
0.0
0.535123
0.0
0.0
0.0
0.0
0.0
0.0
0.409343
0.0
0.0
0.0
0.0
0.585755
0.0
0.0
0.0
0.0
0.0
0.0
3.74859
0.0
0.0
0.0
0.0
0.0
0.0
0.0
0.0
0.0
0.0
0.0
0.0
0.493396
0.0
0.0
0.0
4.10692
0.0
1.95798
0.0
0.0
0.0
0.0
0.0
0.0
0.0
0.0
0.0
0.0
0.0
0.0
0.0
2.75585
0.0
0.0
0.0
0.0
2.85474
0.0
0.0
0.0
0.0
0.0
0.0
0.0
0.0
0.0
0.0
1.53875
0.0
0.0
0.0
0.0
0.0
0.0
0.0
0.0
0.0
0.0
0.0
0.0
0.0
0.0
0.217742
0.0
0.150374
0.0
3.02231
0.0
0.0
0.0
0.0
0.0
0.0
0.0
0.0
0.0
1.52809
0.0
0.0
0.0
0.0
0.0
0.0
0.0
0.0
0.0
0.0
0.0
0.0
0.0
0.0
0.0
0.0
0.0
0.0
0.0
0.0
0.0
0.0
0.0
0.0
0.0
0.0
0.0
0.0
0.0
0.0
0.0
0.0
0.0
0.0
0.0
0.0940248
0.0
0.0
0.0
0.0
0.0
0.0
0.0
0.0
0.0
0.0
0.0
0.0
0.804177
0.0
0.0
0.0
0.0
0.0
0.0
0.0
0.0
0.0
0.0
0.0
0.0
0.0
0.0
0.0
0.0
0.0
0.0
0.0
0.0
0.0
0.0
0.0
0.0
0.0
0.0
1.64971
0.0
0.0
0.0
0.0
0.0
0.0
0.0
0.0
1.2625
0.0
0.0
0.0
0.0
0.0
0.0
0.0
0.948144
0.314573
0.0
0.479342
0.0
0.0
0.0
0.0
0.0
0.0
0.0
0.0
0.0
1.42689
0.034384
1.6524
0.0
0.0
0.0
0.0
0.0
0.0
0.0
0.0
0.0
1.40877
0.0
0.0
0.0
0.0
0.0
0.0
0.0
0.0
1.11302
0.0
0.0
0.060435
0.0
0.0
0.0
0.0
0.0
0.0
0.0
0.0
0.0
3.40584
0.0
0.0
0.0
0.0
0.0
0.0
0.157851
0.0
0.0
0.0
0.0
0.0
0.0
0.0
0.0
0.0
0.0
0.0
0.0
0.0
5.23692
5.23652
0.0
0.0
0.0
3.33216
0.0
0.0
0.0
0.0
0.0
0.0
6.13131
0.0
2.88762
0.0
0.0
0.0
0.0
0.0
0.0
0.0
0.0
0.0
0.0
1.60943
0.0
0.0
0.0
2.50504
0.0
0.0
0.0
0.0
0.0
0.16762
0.0
0.0
0.0
0.0
0.0
0.0
0.0
0.0
0.0
0.0
0.0
0.0
0.0
0.485103
4.46873
0.0
0.0
0.0
0.0
1.24351
0.0
0.0
0.0
3.44624
0.0
0.0
0.0
2.13705
0.0
0.0
0.0
0.0
0.0
0.0
0.0
0.0
0.0
0.0
0.0
0.9727
0.0
2.86311
3.57743
0.0
0.567177
3.23016
0.0
0.0
1.88413
0.0
0.0
0.0
0.0
0.183023
0.0
0.0
0.0
0.0
0.0
0.0
0.0
0.219801
0.0
0.0
0.0
0.0
0.0
0.0
0.0
0.0
0.0
0.0
0.468749
0.0
0.0
0.0
0.0
0.0
0.0
0.0
0.0
0.0
0.0
0.0
0.551146
0.0
0.0
0.0
0.0
0.0
0.0
0.810791
0.0
0.0
0.0
0.0
0.0
0.0
0.0
0.0
0.0
0.0
0.0
0.0
5.77945
3.02467
0.0
0.0
0.363559
0.0
0.0
5.28639
0.0
0.0
0.0
0.0
0.0
0.0
0.0
0.0
0.730709
0.0
0.0
0.0
0.0
0.0
2.73883
0.0
0.0
0.0
0.0
1.93324
0.0
2.67495
0.0
0.0
0.0
0.0
0.0
0.0
4.17772
0.0
0.0
0.0
0.0
0.0
0.0
0.0
0.0
0.0
0.0
0.0
0.0
0.182994
0.0
0.0
0.0
0.0
0.0
0.0
0.0
0.0
0.0
0.0
0.0
0.0
0.0
0.0
0.0
0.0
0.0
0.0
0.0
0.0
0.0
0.0
0.0
0.0
0.0
0.0
3.09337
0.0
0.0
0.0509215
6.41686
0.0
0.0
0.0
1.45271
0.0
0.0
0.0
0.0
0.0
0.0
0.0
0.0
0.0
0.0
0.0
0.0
0.0
0.0
0.434851
0.0
0.0
0.0
0.0
0.0
0.0
0.676103
0.0
0.0
0.0
0.0
0.0
0.0
0.0
0.0
0.0
2.15545
0.0
0.415172
0.0
0.0
0.0
0.0
0.0
0.0
0.0
0.0
0.0
0.0
0.0
1.95695
0.0
0.0
0.0
0.0
0.0
0.0
0.0
1.76277
0.0630966
0.256152
0.0
0.0
0.0
0.0
0.0
0.0
0.74402
0.0
0.0
0.0
0.0
0.0
0.0
0.0
0.0
0.0
3.63822
0.0
0.0
0.0
0.0
0.0
0.0
0.0
0.0
0.0
0.0
0.0612818
0.0
0.0
0.0
0.0
0.0
4.37865
0.0
0.0
0.0
0.0
0.0
0.0
0.0
0.0
0.0
0.0
0.0
0.0
0.0
0.0
0.0
0.0
0.0
0.0
0.0
0.0
0.0
0.0
0.0
0.0
0.0
0.0
0.0
0.0
0.0
0.0745661
0.0
0.0
0.0
0.0
0.0
0.894172
0.0
0.0
0.0
0.0
3.05974
0.0
1.52044
0.0
0.0
0.668556
0.0
0.0
0.0
0.0
0.0
0.0
0.0
0.0
0.0
0.0
0.0
6.053
0.0
0.0
0.0
0.0
0.0
0.0
0.0
0.0
0.619852
0.0
0.0
0.0
0.0
0.0
0.0
0.0
0.0
1.11651
0.0
0.0
0.0
0.0
0.0
0.0
0.0
0.0
0.0
0.0
0.0
0.0
0.0
0.0
0.0
0.0
0.0
2.34664
0.0
0.0
0.0
0.0
0.0
0.0
0.0
0.0
0.0
0.0
0.0
1.27014
0.0
0.0
0.0
0.0
0.0676468
0.0
0.0
0.127171
0.0
0.0
0.0
0.0
0.0
0.0
0.134462
0.0
0.0
0.0
0.0
0.0
0.0
0.0
0.0
0.0
0.0
0.0
0.0
0.0
0.0
0.0
0.0
0.0
0.0
0.0
1.16776
0.0
0.0
0.0
0.0
0.0
0.0
2.68958
0.0
0.0
0.0
1.51817
0.0
0.0
0.0
0.0
0.0
0.0
0.0
0.0
0.0
0.0
0.0
0.0
0.0
0.0
1.41235
0.0
0.0
0.0
0.0
0.0
0.0
0.0
0.0
0.0
0.0
0.0
0.0
0.0
1.71663
0.0
0.0
0.0
0.0
0.0
0.0
1.74417
0.0
0.0
0.0
0.0
0.0
0.0
2.13827
3.65607
0.0
0.0
0.0
4.30046
0.0
0.0
0.0
0.0
0.0
0.0
0.0
0.849001
0.0
0.0
0.0
2.53725
1.74996
2.13267
0.0
0.0
0.0
0.0
0.0
0.0
0.0
0.0
0.0
0.0
0.0
0.0
0.639598
0.0
0.339304
0.0
0.0
0.0
0.0
0.0
0.0
0.0
0.0
0.0
0.0
0.0
0.0
0.0
0.0
0.0
0.0
0.0
0.0
0.0
0.0
0.0
0.0
0.0
0.0
0.0
0.389128
0.0
0.0
0.0
0.0
0.0
0.0
0.0
0.0944063
0.0
0.0
0.0
0.0
0.128944
0.0
0.0
0.0
1.3851
0.0
0.0
0.0
1.50098
1.72741
0.0
0.0
0.0
0.0
0.0
0.0
0.0
0.0
0.0
0.0
0.0
0.0
0.0
0.0
0.139164
0.0
0.0
0.0
0.0
0.0
0.0
0.745331
0.0
0.0
0.0
0.0
0.0
0.0
0.0
0.0
3.81274
0.0
0.0
0.0
3.11648
0.0
0.0
0.0
0.0
0.0
0.0
0.0
0.0
0.0
0.0
0.0
0.0
0.0
0.0
0.0
0.0
0.0
0.0
0.0987986
0.0
0.0
0.0
0.0
0.0
0.848791
0.0
0.0
0.0
0.0
0.0
0.0
0.0
0.0
0.0
0.0
0.0
0.0
0.770382
0.0
0.0
0.0
0.0
0.0
0.0
0.0
0.0
0.0
0.0
0.0
0.0
0.0
0.0
0.0
0.25521
0.0
0.0
0.0
0.0
0.0
0.0
1.02746
0.0
0.0
0.0
0.0
0.0
0.0
0.817835
0.0
7.07348
0.0
0.0
0.0
0.0
0.0
0.428464
0.237241
0.0
0.0
0.0
0.0
0.531369
0.590225
0.0
0.0
0.0
0.0
0.0
0.0
0.0
0.0
0.0
0.0
0.0
0.0
0.0
0.0
0.0
0.0
0.0
0.0
0.0
0.0
0.0
0.0
0.0
0.0
0.0
0.0
0.0
0.0
0.0
2.67205
0.0
0.0
0.0
0.0
0.0
0.0
0.0
0.0
0.0
0.0
0.0
0.0
0.0
0.0
0.0
0.0
0.0
0.0
0.0
0.0
0.0
0.0
0.0
0.0
0.0
0.0
0.0
0.0
0.0
0.0
0.0
3.63919
0.0
0.341085
0.239199
0.0
0.0
0.0
0.0
0.0
0.0
0.0
0.0
0.254812
0.0
0.0
0.0
0.0
0.0
0.0
0.0
0.0
0.0
0.0
0.0
0.0
0.0
0.0
0.846745
0.0
0.374013
0.0
0.0
0.0
0.0
0.0
0.0
0.0
0.0
0.0
0.0
0.0
0.0
0.0
1.02196
0.0
0.0
0.725378
0.0
0.0
0.0
0.0
0.0
0.0
0.0
0.0
0.0
0.0
0.0
0.0
0.0
0.0
1.08066
0.0
0.0
0.0
0.0
0.0
0.0
0.0
0.0
1.22788
0.534674
0.0
0.0
2.33804
0.0
0.0
0.0
0.0
0.0
0.0
0.0
0.0
0.0
0.0
0.0
0.0
0.0
0.0
0.0
0.0
0.0
0.0
0.0
0.0
0.0
0.0
0.757351
0.0
0.0
0.0
0.0
0.0
0.0
0.0
0.0
0.0
0.0
0.0
0.0
0.0
2.89286
0.0
0.0
0.0
0.0
4.67159
3.86378
0.0
0.0
0.0
0.0
0.0
0.0
0.0
0.0
1.50901
0.0
0.0
4.06926
0.0
0.405988
0.0
0.0
0.0
0.0
0.0
0.0
2.85572
0.0
0.0
0.0
0.0
1.77477
0.0
0.0
0.0
0.0
0.0
0.0
0.0
0.0
0.0
0.0
0.0
0.0
0.0
0.0
0.0
1.67033
0.0
0.0
0.0
0.0
0.0
0.0
0.0
0.0
0.0
0.0
0.0
3.30923
0.0
0.0
0.0
0.0
0.0
0.0
0.0
0.0
0.0
0.0
0.0
0.0
0.687367
0.0
0.0
0.0
0.0
0.0
0.0
0.0
0.0
3.00214
0.0
0.551842
0.0
0.970176
0.0
0.170499
0.0
0.0
0.0
1.4774
0.0
0.0
2.06823
0.0
0.0
0.0
0.0
0.0
0.0
2.50245
0.0
0.0
0.0
0.0
0.0
0.0
0.0
0.0
0.0
3.39493
1.91106
0.0
0.0
0.0
0.0
0.0
0.0
0.0
0.0
0.0
0.0
0.0
0.0
0.0
0.0
0.0
1.27417
0.0
0.0
0.0
0.0
0.0
0.0
0.0
0.0
0.0
0.548836
0.0
1.66995
0.0
0.0
0.0
0.0
0.0
0.0
0.0
0.0
0.0
0.0
0.0
0.0
0.0
1.39435
0.0
0.0
0.0
0.0
1.00249
0.0
0.0
0.0
0.0
3.93536
0.0
0.0
0.0
0.0
0.0
0.0
0.0
0.0
0.0
3.71235
0.0
0.0
0.0
0.0
0.0
0.0
0.0
0.245679
1.86336
0.0
0.0
0.0
0.0
0.0
0.0
0.0
0.0
0.0
0.0
0.0
0.0
1.43461
0.0
0.0
0.0
0.0
0.0
0.0
0.0
0.518087
0.0
0.0
0.0
0.0
0.0
0.0
0.0
1.6507
0.0
0.0
0.0
0.0
0.0
0.0
0.0
0.0
0.0
0.0
0.726102
0.0
0.0
4.08445
0.0
1.3911
0.0
2.34439
0.0
0.0
1.7683
0.0
0.0
0.0
0.0
0.0
0.0
0.0
0.0
0.189911
0.0
0.0
0.0
0.0
0.0
0.0
0.0
0.0
0.501364
0.0
0.0
0.0
0.0
0.0
0.0
0.0
0.0
4.59722
0.0
0.0
0.0
0.0
0.0
0.0
0.0
0.0
0.0
0.0
0.0
0.0
0.0
0.0
0.0
0.0
1.93737
0.0
0.0
0.0
0.0
0.0
0.0
0.0
4.44935
0.0
0.0
5.25676
0.0
0.0
0.0
0.0
0.0
0.0
1.76907
0.0
0.0
0.0
0.0
2.73828
0.0
0.0
0.0
0.0
0.0
0.0
0.0
0.0
0.0
1.21823
1.69535
0.0
0.0
0.0
0.0
0.0
0.0
0.0
0.0
0.0
3.2618
0.0
0.0
0.0
0.0
0.0
0.0
1.87852
0.0
2.79801
0.0
0.0
0.222165
0.0
0.0
0.911091
3.40881
0.0
0.0
3.24739
0.0
2.93077
0.0
5.01886
0.0
1.60122
6.05195
0.0
0.0
0.0741895
0.0
0.0
4.87921
0.0
0.0
0.198105
0.0
0.0
0.0
0.0
0.0
0.0
0.0
0.0
0.0
0.0448837
0.0
0.0
0.0
0.0265907
0.0
0.0
7.03876
0.0
0.0
0.0
0.0
0.0
1.67964
0.0
0.0
0.0
0.0
0.0
0.0
0.0
0.635402
0.0
0.0
0.341163
0.0
4.03012
3.96815
0.0
0.0
0.0
0.0
0.0
0.0
0.0
0.0
0.0
0.0
0.0
2.13146
0.0
0.0
0.0
0.0
0.0
0.0
0.0
0.0
2.068
0.0
0.0
0.0
0.0
0.0
0.0
0.0
0.0
1.05055
0.0
0.24534
0.0
0.0
0.0
1.59076
0.0
0.0
0.0
0.0
0.0
0.0
0.0
0.0
0.0
0.0
0.0
0.0
0.0
0.0
0.0
0.0
0.0
0.0
0.0
0.0
8.02571
0.0
0.224722
2.49461
0.0
0.0
0.0
0.0
0.0
1.47177
0.0
0.0
0.0
0.0
2.10059
0.0
0.0
0.0
0.0
0.0
0.0
0.0
0.0
0.0
0.0
0.0
0.0
0.0
0.0
0.0
0.0
0.0
0.0
0.0
1.46092
0.0
0.314569
0.0
0.0
1.81688
0.0
2.43742
0.0
0.0
0.0
0.0
0.0
0.0
1.30285
0.0
0.0
0.0
0.0
0.331477
0.0
0.0
0.0
0.0
0.0
0.0
0.0
0.0
0.0
