0.0
0.0
1.76426
0.0
0.547999
0.0
0.740138
0.0
0.0
0.0
0.0
0.0
0.0
2.51142
0.0
0.0
0.0
0.0
0.142761
0.0
0.0
2.06461
0.0
0.0
0.0
0.0
0.0
0.0
0.0
0.0
0.0
1.14935
0.0
6.93266
0.0
0.0
0.0
0.0
0.0
0.0
0.0
0.0
0.0
0.0
0.0
1.39913
0.516003
0.336786
0.0
1.821
0.0
0.0
0.0
0.0
0.0
0.0
0.0
0.0
0.0
0.0
0.0
0.0
0.0
4.07669
0.0
0.0
0.0
1.12694
0.0
0.0
0.0
0.0
0.0
0.0
0.0
0.0
0.0
0.768085
0.0
0.0
0.131861
0.0
0.0
0.0
0.0
0.0
0.0
0.0
0.0
0.0
0.0
0.0
0.0
0.0
0.0
0.0
0.0
0.0
1.65326
0.0
0.0
0.0
0.0
0.0
0.0
0.0
1.64348
0.0
0.0
0.0
0.0
0.0
0.0
3.45718
1.79169
0.0
0.0
0.628443
0.268656
0.0
0.843881
0.0
0.0
0.0
0.0
0.0
0.0
3.04047
0.0
0.0
0.0
1.34069
0.0
0.0
1.40743
0.0
0.0
0.0
0.0
0.0
0.0
2.2223
0.0
0.0
0.0
0.0
0.896799
0.0
1.42612
0.0
0.0
0.0
0.0
0.0
0.0
0.0
0.0
0.0
0.0
0.0
0.0
0.0
0.0
0.0
0.0
0.0
0.0
0.0
0.0
1.64439
0.0
0.0227081
0.357393
2.48498
0.0
0.0
0.0
0.0
0.0
0.0
1.95293
0.0
0.0
0.0
0.0
0.0
1.27223
0.0
0.0
0.0
0.0
0.0
1.91006
0.0
0.0
0.0
0.0
0.0
0.0
4.77382
0.0
2.08266
0.0
1.23674
0.0
0.0
0.0
0.0
0.0
0.0
0.0
0.109076
0.0
0.0
0.0
0.551898
0.0
0.0
0.0
2.98062
0.0
3.32611
0.0
0.0
0.0
0.0
0.0
4.25096
0.0
0.0718319
0.0
0.0
0.0
2.8208
0.0
0.0
0.0
0.0
0.0
0.0
0.0
0.10577
0.0
2.77249
1.00865
0.0
0.0
3.94918
0.0
0.0
0.732263
0.81327
0.0
0.0
0.0
0.993034
0.0
0.0
0.0
0.203627
0.0
0.0
2.00604
0.0
0.0
0.0
0.0
0.0
0.0
1.90541
0.0
0.0
0.0
0.0
0.0
0.0
0.0
0.0
0.0
0.0
0.0
0.0
1.53085
0.0
0.0
0.0
0.0
0.0
0.0
0.0
0.0
0.0
0.0
0.0
0.0
0.0
0.0
0.0
0.0
0.0
0.0
3.20896
4.75741
0.0
0.0
0.0
0.0
0.0
0.714117
0.0
0.0
0.0
0.0
0.0
0.0
0.0
0.0
0.0
0.0
0.0
0.0
0.0
0.0
0.0
0.852617
0.0
2.08528
0.0
0.0
2.32541
0.0
0.0
0.0
0.0
0.0
0.0
0.0
0.0
0.0
0.0
0.0
0.0
0.0
0.0
1.22015
0.0
0.0
0.0
0.880871
0.0
0.0
0.0
0.0
0.0
0.0
0.0
0.0
0.0
0.0
1.97496
1.05146
0.0
0.0
0.0
0.0
0.0
0.0
0.0
0.0
0.0
0.0
0.0
0.0
0.0
0.0
0.0
0.0
0.0
0.0
0.0850273
0.905271
0.0
0.0
0.0
0.0
0.0
0.0
3.94074
0.0533051
1.04907
0.0
0.0
0.0
0.0
0.0
1.83808
2.37521
0.0
0.0
0.0
0.0
0.0
0.0
0.0
0.0
0.0
0.0
0.0
0.0
0.0
0.0
0.0
0.0
0.0
0.0
0.0
0.0
0.0
0.0
3.44062
0.0
0.0
3.43224
0.0
0.0
0.0
0.739656
0.155337
0.0
0.0
5.17251
0.0
0.0
0.0
0.0
0.0
0.0
0.0
3.01977
0.0
0.0
0.0
0.0
0.0
0.0
0.0
0.0
0.0
0.131652
0.0
0.0
0.0
0.0
1.06015
0.0
0.0
0.0
0.0
0.0
0.0
0.0
0.0
0.0
0.0
0.0
0.489495
0.0
0.0
0.386185
2.03696
0.0
0.0
0.0
0.0
0.0
0.0
1.76005
0.0
3.29237
0.0
0.0
0.0
0.0
0.0
0.0
0.0
0.0
0.436445
0.522413
0.0
0.0
0.0
0.0
0.0
0.0
0.0
0.0
1.24278
0.0
0.0
0.0
1.73736
0.0
0.0
1.01089
0.0
0.0
0.0
0.0
0.0
0.0
0.0
0.0
0.0
0.0
0.0
0.0
2.6736
0.0
0.0
0.0
0.0
0.0
1.70766
0.673933
0.0
0.0
0.0
0.0
0.0
0.0
0.0
0.0
0.0264874
0.0
0.0
0.0
0.0
0.570704
0.0
0.0
0.0
1.53501
0.0
0.0
0.0
0.0
0.350459
0.0
0.0
0.0
0.0
0.0
0.0
2.24988
0.0
0.592246
0.0
0.0
0.0
0.0
0.0
0.0
0.0
0.0
0.0
0.0
1.76583
0.0
0.0
0.0
0.0
0.837396
0.801776
2.08661
0.0
0.0
0.0
0.0
1.51488
0.0
0.0
0.133884
0.018654
0.0
0.0
0.0
0.0
0.0
0.0
0.0
0.0
0.0
0.0
0.0
0.0
1.62012
0.0
0.0
0.0
0.0
0.0
0.0
0.0
0.0
0.0
0.0
0.0
2.67671
0.0
0.0
0.0
0.0
0.0
0.156376
2.1857
0.298997
0.0
0.0
0.539932
3.85735
0.0
0.0
0.0
2.01044
0.0
0.0
0.0
0.0
0.0
0.0
0.0
0.0
0.0
0.0
0.0
0.0
0.0
0.0
0.0
0.152657
0.0
0.0
0.0
0.0
0.0
0.0
0.0
0.0
0.0
0.0
0.761854
0.0
0.0
0.0
0.0
0.0
0.42646
0.0
0.0
0.325744
2.44054
0.0
0.0
0.0
0.0
0.0
0.0
0.0
0.0
0.0
0.0
0.0
0.0
1.96029
0.0
0.0
0.0
2.01951
0.0
0.0
0.0
0.0
2.11552
0.0
0.0
0.0
0.0
0.0
0.0
0.0
0.0
0.0
0.0
0.0
0.0
0.0
0.0
0.0
0.0
0.0
0.0
0.0
0.0
0.0
0.0
0.0
0.0
0.0
0.0
0.0
0.0
5.36377
0.0
0.0
0.0
0.0
0.0
0.0
0.0
0.0
0.0
0.0
0.0
0.230543
0.0
1.10658
0.0
1.48835
0.305123
0.0
0.476088
0.0
0.0
3.60918
6.07473
0.0
0.0
2.25158
0.0
1.41001
0.0
0.0
0.0
0.0
0.0
0.0
0.0
0.0
0.0
0.0
1.36902
0.0
0.0
0.0
0.0
0.0
0.865175
1.51354
0.0
3.01139
1.68013
0.0
0.0
0.0
0.0
0.0
0.0
0.0
0.0
1.13424
0.0
0.0
2.01329
0.0
0.0
0.0
0.720738
0.0
0.0
0.0
0.0
0.0
2.7025
0.0
0.0
0.0
0.0
0.0
0.692667
0.0
1.25348
0.0
0.0
0.0
0.0
5.15252
0.0
0.0
0.21629
0.0
0.0
1.36463
0.267381
0.0
0.0
1.27658
0.0
0.0
0.0
0.0
1.45037
0.0
0.0
0.0
0.0
4.93127
0.0
0.0
0.0
0.0
0.0
0.0
0.0
0.0
0.0
0.0
0.0
0.0
0.903788
0.0
0.0
0.0
0.0
0.0
0.0
0.0
0.0
0.0
0.0
0.0
0.0
1.97499
0.0
0.0
0.0
0.0
0.17987
3.31574
1.04534
0.0
0.0
1.86042
0.0
2.14294
0.0
0.0
0.0
0.0
0.0
1.76718
3.39975
0.0
0.0
0.0
0.0
0.0
0.0
0.0
0.0
0.0
0.0
0.0
0.0
0.0
0.0
0.0
0.0
0.28941
0.220988
0.0
0.57679
0.0
0.0
0.0
0.0
0.0
0.0
0.0
0.192021
0.0
0.0
1.27427
0.0
0.930926
0.0
0.350577
0.0
0.0
0.0
0.0
0.0
0.0
0.0
0.226031
0.0
0.0
0.0
2.10672
0.0
0.0
0.0
0.0
0.0
0.0
0.0
0.115196
1.16404
0.0
0.0
0.0
3.69376
0.0
0.0
0.0
0.0
0.0
0.149438
0.0
0.0
0.0
0.0
0.0
1.50716
0.0
0.0
0.0
0.0
0.0
1.14487
0.0
0.0
0.0
0.0
0.0
0.0
0.0
0.0
0.0
0.464588
0.0
0.0
0.0
0.881511
0.0
2.00908
0.0
1.11385
0.0
1.86347
0.0
0.0
0.0
0.0
0.81759
0.0
0.0
3.40397
0.0
2.82552
0.0
0.0
0.0
0.0
0.678671
0.0
0.0
0.0
0.0
0.0
0.0
0.0
1.15078
0.0
0.0
2.32951
0.0
0.0
0.0
0.0
0.0
0.0
0.0
0.0
0.0
0.425687
0.0
0.0
0.0
0.0
0.0
0.0
0.0
0.0
0.0
0.0
0.0
0.0
0.0
0.0
0.0
0.0
0.0
0.0
1.76124
0.0
0.0
0.677528
0.0
0.586778
0.0
0.0
0.0
0.0
0.0
0.0
0.0
0.0
2.16503
0.0
0.0
0.0
0.0
0.0
0.201495
0.0
0.0
0.0
0.0
0.0
0.0
0.0
0.0
1.29959
0.0
0.0
0.0484784
0.0
0.0
0.0
0.0
0.0
0.0
0.0
0.0
0.0
0.0
3.01506
1.40943
0.0
0.0
0.0
0.0
3.34887
0.0
0.0
0.835295
0.0
1.87872
0.0
0.0
0.0
0.0
1.967
0.0
0.0
0.0
0.0
0.0
0.0
0.0
0.0
0.0
1.88362
0.0
0.0
0.0
1.95219
0.0
0.0
0.0
0.0
0.753095
0.0
0.0
0.0
0.0
0.08661
0.0
0.641696
0.0
0.0
1.45105
0.0
0.0
0.0
0.0
0.0
0.0
0.0
0.0
0.0
2.16614
0.0
0.0
1.29058
0.0
0.0
0.0
0.0
0.0
0.0
0.0
0.0
0.0
0.0
0.0
0.0
0.0
0.510206
0.0
0.0
0.0
0.0
0.0
0.295416
0.0
0.0
0.0
0.0
0.0
0.0
0.0
3.73018
0.0
0.0
0.0
0.0
0.0
0.0
0.0
2.93636
0.0
0.0184313
2.51672
0.0
0.0
0.0
0.0
0.0
1.0416
0.0
1.41061
0.0
1.60953
0.0
0.0
0.944531
0.0
0.0
0.0
0.743633
3.13097
0.0
0.531071
0.0
0.0
0.0
0.0
0.22106
1.98985
1.00203
0.0
0.0
0.0
0.0
0.0
0.0
0.0
0.0
0.0
0.0
0.0
0.0
0.131832
0.0
0.111728
0.0
0.0
0.0
0.0
0.0
2.19997
0.0
0.0
0.0
0.54105
0.0
0.0
0.0992842
0.283075
0.0
0.0
0.0
0.0
0.0
0.311168
0.0
0.74966
6.9047
0.0
0.0
0.0
0.526511
0.0894681
3.07193
0.0
0.0
0.290592
0.0744862
0.0
2.44957
0.0
0.0
0.0
2.70679
0.0
0.0
0.0
0.0
0.0
0.0
0.0
0.0
0.0745931
0.0
0.0
0.0
1.15552
0.0
0.0
0.0
0.0
0.223074
0.0
0.0
0.0
0.0
0.0
0.0
0.0
0.0
0.0
0.0
0.0
2.60478
0.0
0.0
0.0
0.0
0.0
0.0
0.0
0.0
0.0
0.0956461
3.35822
5.43494
0.0
1.39106
0.0
0.0
0.0
0.0
0.0
0.0
0.0
0.0
0.0
0.0
0.0
7.03402
0.0
0.364309
1.27638
0.0
0.0
0.0
0.0
0.0
0.0
0.0
0.0
0.0
0.241327
0.263451
2.5691
0.0
0.0
1.3698
0.0
0.0
0.0
0.0
0.0
0.75127
0.0
0.0
0.0
1.09039
0.0
0.185048
0.486129
0.0
0.0
0.0
0.0
0.0
0.0
0.0
0.0
0.0
0.0
0.0
0.0
0.0
0.0
0.0
0.0
0.0
0.0
0.0
0.0
0.0
0.0
0.0
0.0
0.0
0.0
0.499586
0.0
0.0
0.0
0.0
0.0
0.192893
0.0
0.0
4.77357
0.0
0.0
0.0
0.0
0.0
0.0
0.0
0.0
0.0
0.0
0.0
0.0
0.0
0.0
0.0
0.0
0.0
0.0
0.0
0.0
0.0
0.0
0.0
0.0
0.760322
0.0
2.25548
0.0
0.0
0.0
0.0
0.0
0.0
0.0
0.0
0.0
0.0
3.23836
0.0
0.0
0.0
0.0
0.0
0.0
0.0
0.0
3.79941
0.0
0.0
1.08867
0.0
0.0
0.0
0.0
0.0
0.0
0.0
0.0
0.332246
0.0
0.0
0.0
1.14027
0.0
0.0
0.0
0.0
0.0
0.825572
0.0
0.0
0.0
0.0
1.94069
0.0
0.0
0.0
0.0
0.0
0.0
0.0
0.0
0.0
0.0
0.0
2.32976
0.0
0.0
0.0
0.0
3.02763
0.0
0.0
0.0
0.0
0.0
0.0
0.0
0.0
0.0
0.0
0.0
0.0
1.86749
0.0
0.0
0.0
7.0371
0.0
2.61185
0.0
0.178588
0.0
0.0
0.0
0.0
0.0
0.599253
0.0
0.0
0.0
0.0
0.0
0.0
0.0
0.0
0.0
0.0
0.0
0.0
0.0
0.0
0.0
1.25646
0.0
0.0
0.0
0.0
0.0
0.0
0.721335
0.0
0.0
0.0
0.0
0.0
3.99672
0.0
0.179589
0.0
1.25643
0.493573
0.0
0.0
0.0
0.0
0.0
1.02892
0.0
0.0
0.0
0.0
1.1044
0.0
0.0
0.0
0.0
0.0
0.0
0.0
0.0
0.0
0.0
0.0
0.999215
0.0
0.0
0.0
0.0
0.0
0.0
0.0
0.840293
0.0
0.0
0.0
0.0
0.0
0.0
0.0
0.0
0.0
0.0
0.0
0.0
0.311649
0.0
0.0
0.0
0.0
0.0
0.0
3.18728
0.0
0.0
2.27134
0.0
0.0
0.0
0.0
0.0
1.52015
0.0
0.0
4.75714
0.0
0.0
0.0
0.0
0.0
0.0
0.0
0.0
0.0
0.0
0.0
0.0
0.0
0.0
0.0
0.0
0.0
0.0
0.0
0.0
0.0
0.0
0.0
0.0
0.0
0.0
0.0
0.329736
0.0
0.0
0.0
0.0
0.0
0.0
1.11796
2.01367
0.0
0.0
0.0
0.0
0.0
0.0
0.0
0.0
0.0
0.0
0.0
0.0
0.0
0.0
0.0
0.0
0.971858
0.0
0.0
0.0
0.0
0.276903
0.0
0.0
0.0
0.0
0.0
0.0
1.33407
0.0
0.0
0.0
0.0
0.0
0.0
2.73666
0.0
0.0
0.0
0.0
0.156624
0.0
0.0
0.0
0.0
0.0
0.0
0.202138
0.0
0.0
0.0
0.0
0.0
0.0
0.0870602
0.0
2.83535
1.11151
0.0
2.71562
0.554422
2.20566
0.0
1.23714
2.71781
0.0
0.0
0.0
1.06746
0.0
0.0
0.0
0.0
0.0
2.80381
0.0
0.0
0.0
2.37269
0.0
0.0
0.0
0.0
0.0188827
0.0
0.0
0.0
0.0
0.54153
2.50703
0.0
0.0
0.0
0.0
0.0
0.0
0.0
0.0209095
0.0
0.0
0.0
3.27218
0.0
0.0
0.0
0.0
0.0
0.0
0.0
0.0
0.0
0.0
0.0
0.0
0.0
0.0
0.0
0.0
0.356443
0.0
0.0
0.0
0.0
0.0
0.0
0.0
0.0
0.0
0.0
0.0
0.0
0.0789017
0.0
0.0
0.931709
0.0
0.0
0.0
0.602555
0.0
0.0
0.0
0.0
0.0
0.0
0.0
0.106239
0.0
0.0
0.0
1.51076
0.0
0.0
0.0
0.119111
4.13708
1.01808
2.26119
1.21308
0.0
0.0
0.0
0.0
0.0
0.0
0.0
0.0
0.0
0.0
0.0
1.01558
0.0
0.0
0.0
0.0
0.0
0.0
0.0
0.0
0.0
0.0
1.2569
0.0
0.0
0.0
0.0
0.0
0.0
0.0
0.0
0.0
0.0
0.0
0.0
0.0
0.0
0.0
0.0
0.0
0.0
0.0
0.0
0.0
0.577936
3.6547
0.0
0.0
0.0
0.0
0.0
0.0
0.0
0.0
0.0
0.0
0.0
0.487506
2.33889
0.0
0.0
0.0696669
0.0
0.0
0.0
1.5024
0.0
0.0
0.0
0.0
0.0
0.0
0.175581
0.0
2.63139
0.0
0.0
0.0
0.0
0.0
0.0
0.0
0.0
0.0
0.0
0.0
0.0
0.0
0.0
0.304994
0.0
0.0
0.0
0.0
0.0
2.09614
0.0
0.0
0.0
0.0
0.67615
0.0
0.0
1.50525
0.0
0.138067
0.0
4.73231
0.0
0.0
0.0
0.0
0.0
0.0
0.0
0.0
0.0
0.0
0.0
1.75639
0.0
0.0
0.0
0.0
1.60217
0.0
0.0
0.0
0.0
0.0
0.0
0.0
0.0
0.0
1.45244
0.0
0.0
0.0
0.0
0.0
0.0
0.0
0.0
0.0
0.0
0.0
0.0
0.0
2.4051
0.0
0.0
0.0
0.0
0.0
0.0
0.0
0.0
0.977159
2.10389
2.14558
0.0
0.0
0.0
0.0
0.0
0.0
0.0
3.16865
0.0
0.870823
0.0
0.0
0.0
0.0
0.0
0.0
0.0
0.0
0.0
0.0
0.850181
0.0
0.0
0.0
0.0
0.0
0.0
0.0
0.326736
0.0
0.0
0.0
0.0
0.0
0.16261
0.0
0.0
0.0
0.0
0.280446
0.0
0.0
0.0
3.41054
0.0
1.48566
0.666515
0.0
0.0
0.0
2.73869
0.0
0.0
0.0
0.0
1.17683
0.0
0.0
0.0
0.0
0.0
0.0
0.0
4.54457
0.0
0.0
1.69004
0.0
2.80103
0.0
0.0
4.82179
3.81497
0.0
0.0
0.0
2.06466
0.0
2.72265
0.0
0.0
0.0
3.08096
0.0
0.0
0.0
1.01301
0.0
2.03159
0.0
0.0
0.0
2.0789
0.0
0.153236
0.0
0.0
0.0
0.0
0.0
0.492405
0.0
2.63013
0.0713384
0.0
0.0
0.0
0.0
0.0
0.0
0.0
0.0
0.0
0.0
0.635427
3.14871
0.0
0.0
0.88284
0.0
0.61613
0.236819
0.0
0.0
0.0
0.0
0.0
1.65948
0.0
0.0
0.0
0.0
0.0
0.0
0.0
0.0
0.0
0.0
0.0
4.49178
0.0
0.0
0.0
0.0
7.37784
0.0
0.0
0.414166
0.0
0.0
1.86162
0.0
2.12015
0.0
0.0
0.395517
0.0
0.0
0.0
4.1847
0.0
0.0
0.0
0.0
0.0
5.55594
0.0
0.0
0.0
0.0
0.0
0.0
0.0
0.0
1.25
0.0
0.0
0.0
0.538948
0.0
0.0
2.34681
0.0
0.0
0.0
0.0
0.0
0.0
2.87802
0.0
2.23056
0.0
1.8108
2.1087
0.0
2.04116
0.0
0.0
0.0
4.077
0.0
0.0
0.0
0.0
0.0
0.0744576
0.0
3.02994
0.0
0.0
0.0
0.0
0.0
0.0
0.0
0.0
0.0
3.23503
0.0
0.0
0.0
0.0
1.95452
0.0
0.0
0.0
0.0
0.0
0.0
0.0
0.0
0.0
0.348318
0.0
0.0
0.990475
0.0
0.0
4.0754
1.1698
0.0
0.0
1.40132
0.0
0.0
0.0
0.0
0.0
0.0
0.0
0.0
0.0
0.0
0.0
1.76848
0.726395
0.0
1.99073
0.909289
0.0
0.0
0.0
0.0
0.0
0.0
0.755751
0.0
0.0
0.0
0.0
0.0
0.309388
0.0
0.313963
0.0
0.0
0.0
0.0
0.0
0.0
0.0
0.0
2.7408
0.0
0.0
0.0
0.0
1.68893
0.0
0.0
0.0
0.0
0.0
0.0
0.0
0.0
0.0
0.0
0.0
0.0
0.966003
0.0
3.03799
0.0
0.0
0.0
0.0
0.0
2.24946
0.0
0.0
0.0
0.0404856
0.0
0.0
0.0
0.0
0.0
0.0
0.0
0.0
0.0
0.0
0.0
0.0
0.0
0.0
0.0
0.0
0.0
0.0
0.0
0.0
0.0
3.02244
0.0
0.885546
0.0
0.0
4.10649
0.0
0.472891
0.0
5.45541
0.0
0.0
0.0
0.0
0.0
0.0
0.0
0.0
0.0
0.0
0.0
0.0
0.0
0.0
0.0
0.0
0.0
0.0
0.0
0.0
3.69811
0.0
0.0
2.94305
0.0
1.35832
0.0
0.0
0.0
0.0
0.0
0.0
1.90754
0.0
0.0
0.0
2.94661
0.0
0.0
0.52904
0.0
0.0
0.0
0.0
1.00433
2.6013
0.0
0.365688
0.320809
0.0
0.0
0.0
0.0
5.83568
0.0
0.40905
0.0
0.722867
0.311171
0.0
0.0
0.0
6.47633
0.0
1.85659
0.624116
0.0
0.0
0.0
0.0
0.0
0.0
0.0
0.0
0.0
0.0
0.0
0.0
0.380102
0.0
0.0
0.0
0.0
0.0
0.0
0.0
0.0
0.0
0.930831
2.44354
0.0
0.333039
0.0
4.56814
0.0
0.0
0.0
0.0
0.0
0.0
0.0
0.0
0.0
3.00663
0.0
0.0
0.0
0.0
0.0
0.0
1.22224
0.0
0.0
0.0
0.22247
0.0
1.52525
0.0
0.0
0.0
0.0
2.45545
1.23133
0.626981
0.0
0.0
0.0
0.0
1.38905
0.0
0.0
0.0
0.498862
0.0
0.0
0.0
0.0
0.0
2.70513
0.0
0.0
0.0
0.0
0.586228
0.0
0.0
1.60693
6.93271
0.456813
0.859507
0.0
0.0
0.193372
0.0
0.0
0.0
0.0
2.81473
0.0
0.0
0.0
0.0
0.871188
0.0
0.0
0.0
0.0
0.0
0.0
0.0
0.0
0.0
0.0
0.0
0.0
0.0
4.02665
0.0
0.0
0.0
0.0
0.0957716
0.0
0.0
0.0
0.0
0.0
3.11826
4.63364
0.0
0.0
0.0
0.0
0.0
0.0
0.0
0.0
0.0
0.0
0.0
0.414683
0.398074
0.0
0.0
0.0
2.83928
0.0
0.0
0.0
0.378587
0.0
0.0
0.0
0.0
0.0
0.0
0.0
0.0
0.0
0.0
0.0
0.401228
0.0
0.0
1.04352
0.0
0.0
0.0
0.0
0.0
0.0
0.0
0.0
1.02697
0.0
0.0
0.0
1.17765
0.0
0.0
0.0
0.0
0.0
0.0
0.281515
0.0
0.0
0.0
0.0
0.0
0.394732
1.30317
0.0
0.0
0.0
0.0
2.54824
0.0
2.83498
0.0
0.0
0.0
0.0
0.0
0.0
0.0
0.0
0.185064
0.0
0.0999499
0.0
0.0
0.0
0.0
1.06261
0.0
0.0
0.684137
0.0
0.0
0.0
0.0
0.817613
0.0
0.0
0.0
0.0
0.0
0.0
2.08697
0.0
0.0
0.0
0.0
0.0
0.0
0.0
0.0
0.0
0.0
0.0
0.0
0.0
0.0
0.0
0.0
0.0
0.0
0.0
0.0
0.0
0.0
0.0
0.0
0.0
0.0
0.0
2.1625
0.671746
0.0
0.0
0.0
0.0
0.0
0.0
0.0
0.0
0.0
0.0
0.0
0.0
0.0
0.0
0.0
0.0
0.0
0.0
0.0
0.0
0.0
0.0
0.0
0.60229
0.0
0.0
0.0
0.0
0.0
0.0
0.0
0.0
0.0
0.0
0.0
0.0
0.0
0.0
0.0
0.0
0.343721
1.34902
0.0
0.0
0.0447016
0.0
0.0
1.21886
0.0
0.0
0.162315
0.0
0.0
0.0
0.686201
0.0
0.0
0.0
0.0
2.03039
0.0
0.0
0.0
0.158264
0.0
3.20856
1.10248
0.0
0.0
0.0
0.0
0.0
0.0
0.0
0.0
0.0
0.393672
0.0
2.03831
0.0
1.72674
0.0
0.302491
0.0
0.0
0.0
0.0
0.522491
0.0
0.0
0.239279
0.0
0.0
0.0
0.0
0.0
0.0
0.0
0.0
0.0
0.0
0.0
0.0
0.0
0.0
0.0
0.0
0.0
3.70972
2.08287
0.0
0.0
0.0
1.91186
0.0
0.0
0.0
1.16408
0.0
0.0
3.17921
0.365384
1.19128
0.0
0.0
0.0
0.0
0.0
0.0
0.0
0.0
0.0
0.0
0.0
0.20257
0.0
0.0
0.0
0.552937
1.84146
0.0
0.0
0.0
0.0
0.0
0.0
0.0
0.0
1.41727
0.0
0.0
0.0
0.0
0.0
4.11693
0.0
0.0178349
0.0
1.91202
0.911457
0.0
0.0
0.0
0.0
0.0
0.0
0.0
0.0
1.54053
0.0
0.0
0.0
0.0
0.0
0.0
0.0
0.0
0.0
0.0
0.0
0.0
0.0
0.0
0.00999096
0.0
0.0
3.00936
0.0
0.0
0.646441
2.08407
0.0
3.50653
0.0
0.0
0.0
0.880786
0.0
0.0
0.0
0.0
0.0
0.0
0.0
0.0
0.0
0.0
0.0
0.0
0.0
0.0
0.0
0.0
0.0
0.0
0.0
0.203023
0.0
0.0
0.0
0.0
0.0
0.0
0.0
0.0
2.70602
0.0
0.0
0.0
0.0
0.0
0.0
0.0
0.0
0.0
0.0
1.20041
0.0
0.0
0.0
0.177444
0.0
0.0
0.0
0.0
0.0
0.0
0.0
2.54249
2.61953
0.0
0.0
0.0
0.0
0.0
1.5857
0.0
0.0
0.0
0.0
0.0
0.0
0.0
0.467794
0.0
0.0
0.0
0.0
0.0
0.0
0.0
0.0516261
0.0513709
0.0
0.0
0.384554
1.27758
4.21956
0.0
0.0
0.0
0.0
0.0
0.0
3.72294
0.0
0.0
0.0
0.0
0.0
0.0
0.0
0.0
0.0
0.0
0.959654
0.0
0.0
0.142032
2.17676
0.0
0.0
0.0
0.80872
0.0
0.0
0.0
0.0
0.0
1.67328
0.0
0.0
0.0
0.0
0.0
0.0
0.0
0.0
0.0
0.0
0.0
0.0
0.0
0.0
0.795668
0.0
0.0
0.0
4.48429
0.956868
1.52717
1.34593
1.12011
0.0
0.0
0.0
0.0
0.481045
0.0
0.0
0.0
0.0
0.0
0.0
0.0
1.81175
0.0
0.0
0.0
0.0
0.0
0.864994
0.0
0.0
0.0
0.0
0.0
0.0
0.0
0.0
0.0
0.0
0.0
0.0
2.69588
0.0
0.0
0.0
0.0
0.0
0.0
0.0
0.0
0.0345453
0.127771
0.0
0.0
0.0
0.0
0.0
0.0
0.0
0.0
0.0
0.0
0.0
2.88401
0.0
0.0511267
0.590662
0.0
0.0
0.0
0.0
0.0
1.14596
0.377845
0.0
0.0
0.0
0.929815
0.0
0.0
0.0
0.0
1.16218
0.0
0.0
0.0
0.0
0.0
0.0
0.0
0.0
0.0
0.0
0.0
0.0
0.0
0.0
0.0
0.0
3.36379
0.0
0.0
0.0
0.0
0.481935
0.0
0.0
0.0
0.0
0.0
0.0
0.0
0.0
0.0
0.962482
0.0
0.00628144
0.0
0.0
0.0
0.0
0.0
0.0
0.0
0.0
0.0
2.22257
0.0
0.0
2.23251
0.0
0.555934
0.0
0.0
0.0
0.0
0.0
0.0
0.0
0.0
0.0
0.0
2.53261
0.0
1.78847
0.0
1.21004
0.0
0.0
0.0
0.0
0.0
0.0
0.0
0.0
0.0
0.0
5.07182
0.0
0.0
0.0
0.0
0.0
0.0
0.0
0.0
4.41897
0.0
0.0
0.0
0.0
0.860567
0.0
0.0
0.0
3.61224
0.0
0.0
0.0
0.0
0.0
0.0
0.0
0.0
0.0
0.229024
0.0
0.0
0.0
0.0
0.0
0.0
0.0
2.09264
0.0
0.0
0.0
0.0
0.0
0.0
0.0
0.0
0.755451
0.0
0.0
0.0
0.0
0.0
0.0
0.0
0.0
1.04986
0.0
2.68139
0.0
0.0
0.0
0.0
1.13364
0.0
0.0
0.0
0.0
0.0
0.0
0.0
0.0
0.0
0.0
0.0
0.0
0.0
0.0
0.0
0.0
0.0
0.0
0.0
0.0
0.0
1.50525
0.0
0.0
0.0
0.0
0.0
0.0
0.363397
0.0
0.0
0.0
1.96121
0.222182
0.0
0.0
0.0
0.0
0.150133
0.0
0.0
0.0
0.0
0.0
0.0
0.0
1.84197
0.290612
1.47763
0.0
0.0
0.0
0.0
0.0
0.0
2.79766
0.0
0.0
0.0
0.0
0.146258
1.30345
0.0
0.0
0.0
0.0
0.0
0.0
0.292362
0.0
0.0
0.338401
0.0
0.0
0.0
0.0
0.0
0.777497
0.0
0.0
0.475707
0.0
0.0
0.0
0.0
0.0
0.0
0.436071
0.0
0.0
0.0
0.0
0.294409
0.64273
2.87128
0.0
0.0
0.0
0.0
0.337495
0.0
0.0
0.088703
0.0
1.05097
0.0
0.0
0.0
0.0
0.391165
0.0
0.0
0.0
0.385647
0.0
0.0
4.88646
0.0
0.0
0.0
1.00152
0.0
0.0
0.0
0.32635
0.0
0.0
0.0
0.0
0.233413
0.0
0.0
0.0
0.0
0.454655
0.491571
0.0
0.0
0.0
0.0
0.0
0.0
0.0
0.0
0.0
0.0575102
0.0
0.0
2.40202
0.0
0.0
0.0
0.0
0.301802
0.0
0.0
0.0
0.0
0.0
0.0
0.0376748
1.38713
0.148321
0.0
0.0
0.0
0.0
0.0
0.0
0.0
0.0
0.0
2.32551
0.0
0.0
0.0
0.0
0.0
0.0
0.875481
0.0
0.0
0.0
0.0
0.0
1.58994
0.188159
0.0
0.168769
0.0
0.0
0.0
1.7101
2.00617
1.4215
0.0
0.0
0.0
0.0
0.0
0.0
0.234238
0.0
0.0
0.977869
0.0
0.0
0.0
1.2195
0.0
0.0
0.0
0.0
0.0
0.0
0.0
0.0
0.0
0.0
0.689981
0.0
0.0
0.0
0.0
0.0
0.0
0.0
0.0
0.0
0.718553
0.0
2.11265
0.0
0.0
0.0
0.0
0.0
0.0
0.0
0.0
0.0
0.0
0.235552
0.0
0.0
0.0
3.62372
0.0
0.0
0.0
0.0
0.0
0.0
3.15111
0.0
1.55332
0.0
0.0
0.0
0.0
0.680048
0.0
9.16226
0.0
0.0
0.0
0.0
0.0
0.0
3.07851
0.0
0.0
0.0
1.56534
0.0
0.0
0.0
0.0
0.0
0.0
0.0
0.0
0.237332
0.0
0.0
0.0
0.0
0.0
0.0
0.0
0.0
0.0
0.0
0.0
0.0
1.29811
0.0
0.0
3.23062
0.0
0.00707924
0.0
0.0
0.0
0.0
2.21581
0.0
1.45414
0.0
0.0
1.61766
2.60211
0.0
0.0
0.0
0.766861
0.0
0.0
0.0
0.0
0.0
0.0
0.0
0.0
0.0
0.0
0.0
0.0
0.0
0.0
0.0
0.0
0.0
0.0
0.0
0.0
0.0
0.0
0.0
0.0
0.0
0.0
0.0
0.0
0.0
0.0
0.0
0.0
0.280426
0.0
1.7835
0.466172
0.65803
0.0
0.0
0.0
0.0
0.0
0.0
0.0
0.0
0.55625
0.0
0.0
0.193568
0.0
0.0
0.0
0.0
0.0
0.663032
0.0
0.0
0.0
0.0
0.0
0.0
0.0
0.0
0.0
0.549978
1.6893
0.0
3.26776
0.0
0.0
0.0
0.0
0.0
0.0
0.0
0.559754
0.0
0.0
0.0
0.0
0.0
0.0
0.0
0.0
0.0
0.0
0.0
0.0
1.05153
0.0
0.0
0.0534524
0.0
0.0
0.0
0.508047
0.0
3.09105
0.0
0.0
0.0
0.0
0.0
0.0
0.0
0.0
0.0
0.0
0.0
0.135968
0.0
0.0
1.48066
0.0
0.0
0.0
0.0214327
0.0
1.5541
0.0
0.0
0.371723
0.0
0.0
0.0
0.0
2.4973
0.0
0.0
0.0
0.0
0.0
3.69041
0.0
1.49675
0.0
0.0
3.52612
2.77598
0.0
0.0
0.0
0.0
0.0
0.0
0.0
0.0
0.0
0.0
0.0
2.45449
0.972391
0.0
0.0
0.0
0.0
0.0
0.0
0.0
4.04205
0.0
0.0
0.0
0.0
0.840692
0.0
0.395322
0.0
1.21833
0.0
0.0
0.0
0.635867
0.0
0.0
0.0
0.0
0.0
0.0
0.0
3.89704
0.0
0.0
0.0
0.0
0.0
2.48745
2.96856
0.0
0.0
0.0
1.33821
1.85814
0.0
1.71313
0.0
0.0
0.0
0.0
0.0
0.0
0.0
0.0
0.0
0.0
3.21229
0.0
0.0
0.0
0.0
0.325785
0.0
0.0
0.27552
5.59629
0.0
2.95729
0.0
3.68916
0.282712
0.208827
0.0
0.0
0.0
0.0
0.0
0.0
0.0
0.0
0.0
0.598296
0.0
0.314232
0.0
4.69681
0.0
0.0
0.0
0.0
0.0
0.0
0.0
0.0
1.83805
1.74072
0.0
0.0
0.0
0.0
0.0
0.633979
0.0
0.0
0.0
1.42069
0.0
0.0
1.51188
0.878012
0.0
0.0
0.0
0.0
2.3742
0.0
0.0
1.74691
0.0
0.0
0.0
0.0
0.0222503
0.107368
0.0
0.0
0.0
0.0
0.0
0.0
0.0
0.0
0.405436
0.0
0.0
0.0
0.618972
0.0
5.35361
0.0
0.0
0.0
0.0
0.0
0.0
0.557871
0.0
0.0
4.58177
3.15698
0.0
0.0
0.0
0.0
0.0
0.0
0.0
0.0
0.444566
0.0
0.0
2.94949
0.0
0.0
0.0
0.0
0.232367
0.0
0.0
0.0
0.0
0.0
3.27898
1.38715
0.0
1.19772
0.0
0.0372278
0.0
0.0
4.24771
0.0
0.0
0.0
2.35761
0.0
0.0
0.0
1.35472
0.0
0.0
0.0
0.0
5.89912
1.44736
0.0
2.15902
0.0
0.0
0.0
0.453044
0.0
0.0
0.0
0.0
0.0
0.0
0.935029
2.12221
0.0
1.59662
0.0
2.40077
0.277871
1.69666
0.0
0.0
0.268063
0.0
0.0
0.0
0.0
0.0
0.0
0.0
0.179531
0.0
0.0
0.0
0.70183
0.0
0.0
0.0
0.0
0.0
0.10383
1.46912
0.0
0.0
0.0
0.0
0.0
0.0
0.0
1.88549
0.0
0.0
0.0
0.0
0.0
0.0
0.0
0.0
0.0
0.0
0.0
0.0
0.0
0.0
0.0
0.405629
0.0
0.0
0.0
0.0
0.0
0.0
0.0
0.0
4.86699
0.0
0.0
1.27901
0.0
2.10306
0.0
0.0
0.342126
0.0
0.328959
3.30593
0.0
0.0
0.0
0.425387
0.0
0.0
0.0117405
0.0
0.256862
0.0
0.0
0.0
0.0
0.722193
1.31304
0.0
0.0
0.0
0.0
0.999023
0.0
0.0
2.22575
0.0
3.48465
0.0
0.0
0.0
0.0
0.0258656
0.0
2.76109
0.0
3.33998
0.0125816
0.0
1.75896
0.0
0.0
0.552471
0.0
0.0
0.0
1.71671
0.0
0.346619
0.710638
4.89478
0.0
0.0
1.67099
0.0
0.0
0.157557
0.589264
0.0
3.51939
0.0
0.0
3.38021
0.761715
0.0
0.0
0.371413
0.0
0.0
0.0
0.0
0.0
0.0
0.0
0.0
0.0
0.0
0.691693
0.376562
5.91203
0.911889
0.0
0.0
0.0
0.0
0.0
0.0
0.0
0.0
0.0
0.0
0.0
0.0
0.0
2.47904
0.0
0.0
0.0
2.01192
0.0
0.0
0.0
0.0
0.0
0.0
0.0
0.0
0.0
0.0
0.0
0.0
0.0
0.0
0.0
0.0
1.22992
0.0
0.0
0.0
0.0
0.0
0.0
0.0
0.0
0.0
0.0
0.0
0.0
0.0
0.0
0.0
1.35693
0.0
0.0
0.0
3.06405
0.0
0.0
0.0
0.0
0.0
0.0
0.0
0.0
0.0
0.0
0.0
0.0
0.0
0.0
0.0
0.0
0.0
1.34981
0.0
0.0
4.55343
0.0
0.827955
0.0
0.0
0.0
0.132163
0.0
0.0
5.2577
0.0
0.0
0.0
0.689317
0.0
0.0
0.0
0.0
0.0
0.0
0.0
0.0
0.0
0.0
0.0
0.0
0.0
0.605167
0.0
1.74809
0.0
0.0
0.0
0.0
2.58502
0.0
0.646675
0.0
0.0
0.0
0.0
3.79672
0.0
0.0
0.0
0.0
0.0
0.0
1.9843
0.0
0.0
0.0
0.0
0.0
0.0
0.0
0.0
2.02885
0.0
0.0
1.38938
0.0
0.0
