0.0
0.0
6.13834
0.0
1.40607
0.0
0.0
0.0
0.0
0.0
0.0
0.0
0.0
1.72533
1.14716
0.0
0.0
0.0
0.0
0.0
0.0
0.0
0.0
0.0
0.0
0.0
0.0
0.0
0.0
0.0
0.0
0.905803
0.0
5.96695
0.0
0.0
0.0
0.0
0.143182
0.0
0.0
0.0
1.62336
0.0
0.0
7.87159
0.0
0.0
0.0
2.15029
0.0
0.0
0.0
0.0
0.0
0.0
0.0
0.0
0.0
0.0
0.409099
0.0
0.0
3.52962
0.0
0.0
0.0
0.0
2.84168
0.0
0.0
0.0
0.0
0.0
0.0
0.0
0.0
0.39073
0.0
0.0
1.75056
0.0
0.0
0.0
0.106151
0.0
0.0
0.0
0.0
0.0
0.0
0.0
0.0
0.0
0.0
0.0
0.0
0.0
2.00474
0.0
0.0
0.0
0.136968
0.0
0.0
0.0
0.0
0.0
0.0
0.0
0.0
0.0
0.0
4.41418
0.0
0.0
0.0
4.00934
1.04142
0.0
0.0
0.0
0.0
0.0
0.0
0.0
0.0
3.79215
0.572175
0.0595105
0.0
0.0
0.0
0.0
0.0
0.0
2.45572
0.0
0.600545
0.0
0.0
1.0061
0.0
0.0
0.0
0.0
0.320263
0.0
2.23125
0.0
0.0
0.0
0.0
0.0
0.0
0.0
0.0
0.0
0.0
0.0
0.0
2.15584
0.0
0.0
0.0
0.0
0.0
0.0
0.0
0.0
0.0
0.0
2.03853
1.87494
0.0
0.0
0.0
0.0
1.16054
0.0
7.31138
0.0
0.0
0.0
0.0
0.0
0.110037
0.0
0.0
0.0
0.0
0.0
1.19703
0.0
0.0
0.0
0.0
0.0
0.0
2.72757
0.0
0.291899
0.0
0.657284
0.0
0.0
0.0
0.0
0.0
0.414483
0.0
0.216448
0.0
0.0
0.0
2.2939
0.0
0.0
0.660281
1.08423
0.0
1.75474
0.0
0.0
0.0
0.0
0.0
0.0
0.0
0.0
0.0
0.0
0.0
0.0
0.0
0.0
0.0
0.0
0.0
0.0
0.0
0.0
0.0
3.02502
0.0
2.60831
0.0
4.12442
0.0
0.0
0.0
0.0
0.0
0.0
0.0
0.0
0.0
0.0
0.0
0.0
0.0
0.0
1.58179
0.0
0.0
0.0
2.45181
0.0
0.0
0.0
0.0
0.0
0.0
0.0
0.0
0.0
3.77115
0.0
0.0
0.0
0.0
0.0
1.70103
0.904435
0.0
0.0
0.0
0.0
0.0
0.0
0.0
0.0
0.0
0.0
1.81161
0.0
0.0
0.0
0.0
0.0
0.0
4.04477
5.02883
0.0
0.0
0.0
0.0
0.384441
0.936618
0.0
0.0
0.0
0.0
0.0
0.0
0.0
0.0
0.0
0.0
0.0
0.0
0.0
0.0
0.0
0.974581
0.0
2.01135
0.0
0.0
0.643068
0.0
0.0
0.0
0.0
0.0
0.0
1.23186
0.0
0.0
0.0
0.0
0.0
0.0
0.0
0.0
0.0
1.73203
0.0
0.0
0.0
0.0
1.49807
0.0
1.12567
0.0
0.0
0.0
0.0
0.0
0.0
0.101522
0.0
0.0
0.0
0.0
0.0
0.0
0.0
0.0
0.0
0.0
0.0
0.0
0.0
0.504957
0.0
0.0
0.0
0.0
0.0
0.0
0.0
0.0
0.0
2.68176
0.0
0.0
6.98461
0.0
1.35415
0.0
0.0
0.0
0.0
0.0
2.75631
10.3523
0.0
0.0
0.0
0.0
0.0
1.29075
0.0
0.0
0.0
0.0
0.0
0.0
0.0
0.0
0.0
0.0
0.0
1.40259
0.0
0.0
0.0
0.0
1.85343
0.0
0.0
0.0
0.0
0.0
0.0
0.0
0.0
0.0
1.09419
4.23607
0.0
0.0
0.0
0.0
0.0
0.0
0.0
0.0
0.0
0.0
0.0
0.0
0.0
0.0
0.0
0.0
0.0
0.0
0.0
0.0
0.0
0.0
1.08527
0.0
0.0
0.0
0.847302
0.0
1.47873
0.0
0.0
0.0
0.0
0.0
1.43729
0.0
0.0
0.321496
4.80949
0.0
0.0
0.0
0.0
0.0
0.320041
0.0
0.0
0.0
0.0
0.0
0.0
0.0
0.621161
0.0
0.0
0.0
0.0
0.0
0.0
0.0
0.0
0.0
0.0
0.0
0.0
3.19426
0.0
1.84118
0.0
0.0
0.0
0.0
0.0
0.0
0.0
0.0
0.0
0.0
0.0
0.0
0.0
0.0
0.0
0.0
0.0
0.0
0.0
0.0
0.0
0.0
0.0
1.66595
4.49878
1.33933
0.0
0.0
0.0
0.0
0.0
0.0
0.0
0.0
3.10293
0.0
0.0
3.12
0.0
0.0
0.0
0.0
0.0
0.902667
0.332716
0.0
0.0
0.0
0.0
0.0
0.0
0.0
0.0
0.0
0.0
0.0
1.08802
0.0
0.0
0.0
0.0
0.0
0.0
0.0
0.0
0.0
0.0
0.0
0.0
0.0
0.0
0.0
0.351335
0.0
0.0
0.0
0.0
0.0
0.0
0.0
0.719
0.0
0.0
1.28387
0.0
0.0
0.0
0.0
0.0
0.0
0.0
0.0
0.0
0.0
0.0
0.0
0.0
0.0
0.0
0.0
0.0
0.0
0.0
0.0
0.0
0.0
0.0
0.0
0.0
0.0
0.0
0.0
0.0
0.0
0.0
0.0
0.596327
0.0
0.0
0.0
0.0
2.6237
0.0
1.87123
0.0
1.01544
0.0
0.0
0.0
0.0
0.0
0.0
0.0
0.0
0.0
0.0
0.0
0.0
0.0
2.82991
0.0
0.466365
0.245746
0.0
0.77907
0.0
0.0
0.0
0.0
0.0
0.0
0.0
0.77129
0.0
0.0
0.0
0.0
0.0
1.48203
0.0
0.0
3.6107
3.87893
0.0
0.0
0.0
0.0
0.0
0.0
0.0
0.0
0.0
0.0
0.0
0.0
0.0
0.0
2.17632
0.0
0.0
0.0
0.0
0.0
0.0
2.27902
0.0
0.0
0.0
0.0
0.0
0.0
0.0
0.0
0.0
0.0
0.0
0.0
0.0
0.0
0.0
0.0
0.0
0.0
0.0
3.78219
0.0
0.0
0.0
0.0
0.0
0.0
0.0
0.0
4.42734
0.0
0.0
0.0
0.0
3.02638
0.0
0.0
0.0
0.0
0.0
0.0
1.35951
0.0
0.0
0.0
4.40459
0.0
0.0
3.68464
0.0
0.0
3.54009
2.28821
0.0
0.0
0.0
0.0
1.15884
0.0
0.0
0.0
0.0
0.0
0.0
0.0
0.0
0.0
0.0
0.695948
0.0
0.0
0.0
0.0
0.0
3.16885
0.0
0.0
2.76455
2.00628
0.0
0.31569
0.0
0.0
0.0
0.0
0.0
0.0
0.0
0.0
0.0
1.31402
0.0
0.0
1.30632
0.0
0.0
1.42358
0.0
0.0
0.0
0.218276
0.0
0.0
0.227206
0.0
0.523831
0.0
0.0
0.630656
0.0
0.0
0.0
0.0
3.47888
0.0
0.0
3.47389
0.0
0.0
0.0
0.0
0.0
0.0
0.0
0.0
0.0
0.0
0.0
0.0
0.0
0.0
0.0
0.710892
0.0
0.0
0.0
0.621901
0.0
0.0
0.632749
0.0
0.0
2.72512
0.0
0.0
0.0
0.0
0.0
0.0
0.0
0.0
0.0
0.0
0.0
0.0
0.0
0.0
0.0
0.240105
3.5349
0.0
1.19272
0.147809
0.0
0.0
0.0
0.0
0.0
0.810675
0.0
0.0
0.0
0.0
0.0
0.0
0.0
0.0
2.81991
3.52919
0.0
0.0
0.221517
0.0
0.0
0.229205
0.0
0.0
0.0
0.0
0.0
0.0
1.69741
0.0
0.0
0.0
0.631682
4.03343
0.0
0.0
0.0
0.0
0.0
0.0
0.0
0.0
0.0
0.0
0.884721
0.0
0.0
0.0
5.64965
0.0
0.0
0.0
0.0
0.0
0.559865
0.0
0.0
0.0
0.0
0.0
0.0
0.0
0.957702
0.0
0.0
0.0
0.0
0.0
0.0
0.0
0.0
0.0
0.0485098
0.0
0.0
0.0
0.0
0.0
0.0
0.0
0.0
0.0
0.0
0.0
0.0
0.0
0.0
0.0
0.0
0.0
0.0
0.0
0.0
0.0
0.0
0.0
0.0
4.22604
0.0
0.0
2.11405
0.0
0.0
0.0
0.0
1.21625
0.0
0.0
0.0
0.0
0.0
0.0
0.0
0.935735
0.0
0.0
0.0
0.0
0.0309603
0.0
0.0
1.41574
0.0
0.0
1.43961
0.0
0.0
0.0
0.0
0.0
0.0
0.0
0.0
0.0
0.0
0.0
1.6921
0.0
1.59634
0.403777
0.0
0.0
0.0
0.0
0.0
0.0
0.0
0.0
0.0
0.0
0.0
0.0
0.0
0.0
0.0
0.0
0.0
0.0
0.0
0.0
0.0
0.0
0.0
0.0
0.0
0.0
0.0
0.0
0.0
0.0
0.0
0.699161
0.0
1.47034
0.0
0.0
0.0
0.00840048
0.0
0.0
0.0
0.0
0.0
0.0
0.0
0.0
0.0
0.0
1.52716
5.04224
0.0
0.0
0.0
0.0
0.0
0.0
0.0
2.46356
0.291963
0.0
1.49333
0.690306
0.698666
0.0
0.0
0.0
0.0
0.0
0.0
0.0
0.0
0.0
0.0
0.0
0.0
0.0
0.0
1.77829
0.0
0.0
0.401893
0.0
0.378752
0.0
0.0
0.0
0.0
0.113432
0.0
0.0
0.0
0.0
0.0
0.356707
0.0
0.0
0.0
0.0
1.13709
0.0
0.0
0.450794
0.0
0.0
0.0
0.0
0.0
1.34163
0.0
0.0
0.0
3.02982
0.0
1.00288
0.0
0.0
2.46114
0.0
0.0
0.0
0.0
0.0
0.0
0.0
0.0
0.0
5.67105
0.0
0.0
0.0
0.0
0.0
2.12444
0.0
0.0
0.0
0.0
0.0
0.0
0.356825
0.0
0.0
0.0189993
2.81441
0.0
0.0
0.0
0.0
0.0
0.200305
0.0
0.0
0.0
0.0
0.0
0.0
0.0
2.45196
0.0
1.87928
0.0
0.0
0.0
2.53275
0.0
1.3357
0.0
0.0
2.63301
0.0
0.0
0.0
0.0
0.0
0.0
0.0
2.19769
0.0
1.02654
0.0
0.0
4.53588
0.191001
0.0
0.0
0.0
6.71972
0.0
0.0
0.0
0.0
0.0
0.0
0.0
0.077924
2.39968
0.0
0.0
0.0
0.0
0.0
0.0
0.0
0.0
0.0
0.0
0.0
0.0
0.0
0.0
1.92086
0.0
0.0
0.0
0.0
0.0
0.999881
0.0
0.0
0.0
0.0
0.0
0.0
0.0
1.27562
0.0
0.0
0.0
0.0
0.0
1.52721
0.0
1.54591
9.54933
1.85229
0.0
0.0
0.723138
2.63914
1.6565
0.0
0.0
0.0
0.0
0.0
0.387911
0.0
0.0
0.0
0.0
0.0
0.0
0.521876
0.0
0.0
0.0
0.0
0.0
2.05841
0.0
0.0
0.0
0.339852
0.0
0.0
0.0
0.0
0.0
0.0
0.0
0.0
0.0
0.0
0.0
0.364199
0.0
0.0
0.0
0.0
2.6196
0.0
0.0
0.0
0.32523
0.0
0.0
0.0
0.0
0.0
0.0
0.0
0.289745
0.0
0.0
0.0
0.0
0.0
0.0
0.0
0.0
0.0
0.0
0.0
1.07715
0.0
3.2922
0.0
0.614745
3.27015
0.0
0.0
0.0
0.0
0.0
0.0
0.0
0.0
0.0
1.0642
0.937189
2.19067
0.0
0.0
0.569795
0.0
0.0
0.0
0.0
0.0
0.0
0.0
0.0
0.0
0.0
0.0
4.95766
0.0
0.0
0.0
0.0
0.0
0.0
0.0
0.0
0.0
0.0
0.0
0.0
0.0
0.0
0.0
0.010545
1.63887
0.969046
0.0
0.0
0.0
0.0
2.0272
0.0
0.0
0.0
0.0
1.98755
0.0
0.0
0.0
0.0
0.0
0.0
0.0
0.0
1.09472
0.0
0.0
0.0
0.0
0.0
0.513502
0.0
0.0
0.0
0.0
0.0
2.53751
0.0
0.0
0.0
0.0
2.97186
0.27699
0.0
0.0
1.90599
0.0
0.0
0.0
0.0
1.40396
0.0
0.0
0.0
0.0
0.0
0.0
0.0
0.0
0.0
1.27353
0.0
0.465235
0.0
0.0
0.0
0.0
0.893951
0.0
0.0
0.0
3.47526
0.0
0.157713
2.20049
0.0
0.0
0.0
0.0
0.0
0.0
2.67688
0.0
0.0
0.0
0.0
0.0
0.0
0.0
0.0
0.0
0.0
0.0
0.0
1.1884
0.0
0.0
0.0
0.0
2.29011
0.0
0.0
0.0
0.0
0.0
2.23084
0.0
0.0
0.0
0.387619
0.0
0.0
0.0
0.0
0.0
5.04049
0.0
0.0
0.0
0.0
0.0
0.0
0.0
0.0
0.0
0.0
0.0
0.0
1.53071
0.0
0.0
0.0
4.87998
0.0
0.0
0.534659
0.0
0.0
0.0
0.0
0.0
0.734504
0.0
0.0
0.0
0.0
0.0
0.0
0.0
0.0
0.0
0.0
0.0
2.12601
0.867988
0.0
0.0
0.0824333
0.0
0.0
3.2261
0.0
0.921841
0.0
0.0
0.0
0.0
0.0
0.0
0.0
0.0
4.65153
0.241589
0.0
2.52782
1.50798
1.75159
0.0
0.0
0.0
0.0
0.0
0.16103
0.0
0.0
0.0
0.0
0.0
0.0
0.0
0.0
0.0
0.0
0.0
0.0
0.0
0.0
0.0
0.0
0.565883
0.0
0.0
0.0
0.327956
0.0
0.0
0.515615
0.0
0.0
0.733417
0.0971725
0.489957
0.0
0.0
0.0
0.911759
0.0
0.601497
0.0
0.0
0.0
0.0
0.0
0.0
0.0
0.0
0.0
0.0
0.0
0.0
0.0
0.0
0.0
0.0
0.0
0.799894
0.0
0.0
0.0
3.75797
0.0
0.0
0.0
0.0
0.0
0.0
0.0
0.0
0.0
0.0
0.0
0.0
0.0
0.0
0.0
0.0
0.0
0.0
0.0
0.0
0.0
0.0
0.0
0.0
0.0
0.0
0.0
0.0
0.0
1.75745
0.0
0.0
0.0
0.0
0.0
0.0
0.0
0.0
2.65915
0.0
0.0
0.0
0.0
0.0
0.0
0.0
1.75949
0.0
0.0
0.0
0.0
0.0
2.05785
0.0
0.0
0.0
0.0
0.0
0.0
0.0
0.0
0.86285
0.0
3.19401
4.33366
0.0
0.0
0.0
0.0
0.0
0.0
3.04617
0.0
0.0
0.0
0.578164
0.0750761
0.0
0.0
0.0
0.0
0.0
0.0
0.0
0.0
0.0
0.0
2.22981
0.0
0.0
0.24244
0.0
0.0
0.0
1.88567
0.0
0.549492
4.24499
0.0
1.0166
3.59625
0.0
0.0
0.0
1.16371
0.0
0.0
0.0
0.0
0.0
2.8055
0.0
0.0
0.0
0.0
0.0
0.0
0.455206
0.0
0.0
0.0
0.0
0.0
0.0
0.0
0.0
0.0
0.0
0.0
0.0
0.0
0.0
3.24675
2.33657
0.0
0.0
0.0
3.59617
0.0
0.0
0.0
0.0
0.0
2.15966
4.03513
0.0
0.0
0.0
0.0
0.0
0.0547934
0.0
0.0
0.0
0.0
0.0
0.0
0.0
0.0
0.0
0.0945217
0.0
0.0
0.0
0.0
0.0
0.0
0.0
0.0
0.0
0.319837
0.0
0.0
0.0
0.0
0.0
0.0
0.0
0.0
0.0
0.0
0.0
0.0
0.0
0.0
0.0
0.882329
0.0
0.0
0.0
1.24314
2.36966
1.52222
2.08252
0.0
0.0
0.58812
0.0
0.0
0.0
0.957676
0.0
0.803591
0.0
3.42742
0.0
2.63077
0.0
0.471329
0.0
0.0
0.0
0.0
0.0
0.0
0.0
0.0
0.0
0.0
0.0
0.0
0.0
0.0
0.0
1.0951
0.0
0.913725
1.64654
0.0
0.0
0.0
3.75277
0.0
0.0
0.0
0.0
0.0
0.0
0.0
0.263789
2.26317
0.0
0.0
0.0
0.0
0.0
0.0
0.0
0.0
0.0
0.0
0.0
0.168733
1.22092
0.0
0.0
2.65737
0.0
0.0
0.0
0.0
0.0
0.0
0.0
0.015624
0.0
0.0
0.0
0.0
5.99626
1.89942
0.0
0.0
0.0
0.0
1.20071
0.0
0.0
0.0
0.0
0.0
0.0
0.0
0.0
0.0
0.0
0.0
0.0
0.0
0.0
5.1501
0.0
0.0
0.0
0.0
0.644306
0.0
0.0
0.0
0.0
0.0
0.0
4.19237
0.0
0.0
0.0
0.0
0.0
0.0
0.0
0.0
0.0
0.0
1.07607
2.94462
0.0
0.0
0.0
0.0
0.0
0.0
0.528328
0.0
0.636838
0.0
0.0
0.0
0.0
0.0185995
2.30533
0.0
0.0
0.0
0.0
0.0
0.0
0.0
0.0
0.0
0.0
0.0
0.0
0.0
0.0
0.0
0.0
0.0
0.0
3.17279
0.0
0.0
0.0
0.0
1.49
0.0
0.210614
0.0
0.0
0.0
0.0
0.0
0.0
2.01738
0.0
0.376248
0.0
0.0
1.11395
0.0
0.0
0.0
0.0
0.0
0.0
0.0
0.831484
0.0
0.0
0.0
0.0
0.0
0.0
0.0
0.0
0.0
0.0
0.0
0.0
0.0
1.72792
0.0
0.595348
0.0
0.0
0.0
0.0
0.0
0.0
3.58949
0.0
2.74204
1.8544
0.0
0.0
0.0
0.0
0.0
0.0
0.0
0.0
2.68682
0.0
0.0
0.0
0.0
0.0
0.0
0.0
2.57163
0.0
2.35153
3.61098
0.0
0.999149
0.0
0.0
2.51863
2.91522
0.0
0.0
0.0
0.0
0.0
3.02307
0.91581
0.0
0.0
5.00446
1.10219
0.0
0.0
1.11909
0.0
0.0
0.0
0.0
0.0
0.0
0.0
0.321945
0.0
0.0
0.0
0.0
0.0
0.917373
0.0
1.5385
0.0
0.0
0.0
0.0
0.0
0.0
0.0
0.0
0.0
0.0
0.0
0.0
5.02224
0.0
0.0
1.61
0.16863
1.99007
0.0
0.0
0.0
0.0
0.0
0.0
0.316288
0.0
0.0
0.0864878
0.0
0.0
0.0
0.0
0.265387
0.0
0.0
0.0
4.03483
0.0
0.0
0.0
0.0
6.40511
0.0
0.0
0.0
0.0
0.0
0.344723
0.0
3.50553
0.0
0.0
0.0
0.0
0.0
0.0
4.90124
0.0
0.0
0.0
0.0
0.0
3.20736
0.0
0.0
0.0
0.0
0.0
0.0
0.0
0.0
0.0
0.0
2.59763
0.0
0.599462
0.0
0.0
1.93152
0.0
1.33487
0.0
0.0
0.0
0.0
2.65496
3.43916
2.89925
0.0
0.0
0.0
0.0
1.99039
0.0
1.26152
0.0
3.82887
0.0
0.0
0.0
0.0
0.0
0.0
0.0
6.36107
0.0
1.80959
0.0
0.0
0.0
0.0
0.0
0.0
0.0
6.20181
0.0
0.0
0.0
0.0
1.62934
0.379735
0.0
0.0
0.0
0.255726
0.0
0.0
0.0
0.0
0.808771
0.0
0.55635
0.0
0.0
0.0
0.0
0.0
0.0
0.0
3.71347
0.0
0.0
0.0
0.0
0.272708
0.0
0.0
0.0
0.0
0.0
0.0
0.521387
0.571595
0.0
0.0
0.0
0.0
0.0
0.0
0.0
0.0
0.0
0.0
0.0
0.0
0.0
0.0
0.0
0.0
0.0
1.06665
0.0
0.0
0.0
0.0
0.0
0.0
0.0
0.0
3.44707
0.0
0.0
0.0
0.0
3.46672
0.0
0.0
0.0
0.0
0.0
0.0
0.0
0.0
0.0
0.0
0.0
0.0
0.0
0.0
1.41513
0.589329
3.43504
0.0
0.0
0.0
0.0
0.0
0.0
2.73526
0.0
0.0
0.0
0.0
2.16979
0.0
0.0
0.0
0.0
0.0
0.0
0.0
0.0
0.0
0.0
0.0
0.0
1.99997
0.0
0.0
0.0
0.0
0.0
0.0
0.0
0.0
0.0
1.20698
0.0
1.12415
0.0
3.22816
0.0
0.0
0.0
0.0
0.0
0.0
0.0
0.0
0.0
0.0
0.0
0.0
0.0
0.0
0.0
2.31034
0.0
0.0
0.0
0.0
1.891
0.0
0.0
1.39766
0.0
2.85368
0.0
0.0
0.0
0.0
0.0
0.0
0.485791
0.0
0.0
0.0
1.7388
0.0
0.0
0.186205
0.793188
0.0
0.0
0.0
0.0
3.52438
0.0
0.187701
0.0
0.0
0.0
0.0568384
0.0
1.16381
0.0
0.0
0.0
2.43995
0.0
0.0
1.92016
0.0
1.86888
0.0
0.0
0.0
0.0
0.0798956
0.0
0.0
0.0
0.0
0.0
0.0
0.0
0.0
0.0
0.0
1.34784
0.0
0.0
0.0
0.0
0.0
0.0
0.0
0.0
2.0526
0.0
0.0
0.0
0.0
0.0
0.538352
0.0
0.0
0.0
0.0
0.0
0.0
0.0
0.0
0.0
0.0
0.0
0.0
0.0
0.0
0.0
0.0
1.51059
0.0
0.0
0.0
0.0
0.0
0.146511
0.451684
0.0
0.0
0.0
4.12955
0.0
0.104746
0.0
0.0
0.0
0.0
0.707483
0.0
0.0
0.0
1.77174
0.0
0.0
0.0
0.0
0.0
4.09858
0.0
0.0
0.0
0.0
0.0
0.0
0.0
4.64053
4.18578
2.37068
0.422731
0.0
1.99602
0.0
0.445673
0.0
0.0
0.0
0.927498
0.0
0.0
0.0
0.0
1.29922
0.0
1.865
0.0885793
0.0
0.0
0.0
1.38781
0.0
0.0
0.0
0.0
0.0
0.0
0.0
0.0
0.793235
0.0
0.0
0.0
0.0
0.0
0.0
0.0
0.0
1.61491
2.65134
0.0
0.0
0.0
0.0
0.0
0.0
0.0
0.0
0.0
0.0
1.34777
0.0
0.0
0.0
0.0
0.0
0.0
0.0
0.0
0.0
0.0
0.0
0.0
0.709034
0.0
0.0
0.0
0.0
0.0
0.0
0.0
0.0
1.55447
0.0
0.0
1.56266
0.0
0.646796
0.0
0.0
0.0
0.0
0.0
0.0
0.0
0.0
0.0
0.0
2.96398
0.698726
0.0
0.0
0.0
0.0
0.0
0.0
0.0
0.0
0.0
0.0
0.0
0.0
0.0
0.983694
0.0
0.0
0.0
0.0
0.817452
0.861695
0.0
0.0
0.0
0.152821
0.0
0.0
0.0
0.0
0.0
0.0
0.0
0.0
0.0
0.0
0.0
1.59256
0.0
0.0
2.50641
0.0
0.0
0.0
0.0
0.0
1.23
0.0
0.0
0.0
0.0
0.0
0.0
0.0
0.0
0.0
0.0
0.0
0.0
0.0
0.0
0.0
0.0
0.0
0.0
1.22169
0.0
0.0
0.0
0.0
0.0
0.0
0.0
0.0
0.53798
0.0
0.0
1.30171
0.0
0.0
0.0
0.181872
0.0
0.0
0.0
0.0
0.0
0.118429
0.0
0.525908
0.0
0.0
0.217001
0.0
0.0
0.0
0.0
0.0
0.0
0.0
0.0
0.0
0.0
0.0
0.0
0.0
0.0
0.0
0.0
0.0
0.0
0.0
0.0
0.0
0.0
0.0
0.0
0.0
0.0
0.0
0.0
0.0
1.00982
0.0
0.0
0.0757757
0.0
0.0
0.0
0.0
0.0
0.0
0.0
0.0
0.0
0.760408
1.93191
0.0
0.0
0.0
0.0
0.0
0.0
2.21391
0.0
0.0
0.0
0.873843
0.0
0.0
0.0
0.0
0.0
0.0
0.0
0.0
1.78567
0.0
0.0
0.0
3.75369
0.0
3.20902
0.0
0.0
0.767708
0.0
0.0
0.0
0.549156
0.0
0.0
0.267662
0.0
0.292233
0.0
0.950578
0.0
0.0
0.0
0.0
0.0
0.0
0.0
0.0
0.0
0.0
0.0
0.0
0.0
3.25065
5.41691
0.0
0.0
0.0
2.73022
0.0
0.0
0.0
0.0
0.0
0.0
4.11473
0.0
0.863307
0.0
0.0
0.0
0.0
0.230361
0.0
0.0
0.0
0.0
0.0
5.75116
0.142886
0.0
0.0
0.0
0.0
0.831049
0.185454
0.0
0.0
0.0899401
0.0
0.0
0.0
0.0
0.0
0.0
0.0
0.0
0.0
0.0
0.818434
0.0
0.0
0.0
3.88509
0.0
0.0
0.279286
0.0
0.0
0.0
0.0
0.0
3.82582
0.0
0.0
0.0
0.0
0.0
0.0
0.0
0.0
0.0
0.0
0.0
0.0
0.0
0.0
0.0
0.0
0.0
4.48927
2.54546
0.0
0.0
1.91717
0.0
0.0
0.0
0.0
0.0
0.0
1.08244
1.40847
0.0
2.13806
0.0
0.0
0.0
0.0
0.0
0.0
0.0
0.0
0.0
0.0
0.0
0.0
0.0
0.0
0.0
0.0
0.0
0.0923416
0.0
0.0
0.0
0.0
0.0
0.0
1.6694
0.28963
0.0
0.0
1.23229
0.0
0.0
0.0
0.0
0.0
0.541797
0.0
0.0
0.0
0.0
0.0
1.68763
0.0
0.0
0.0
0.0
0.0
1.23467
0.0
1.55822
5.23042
0.0
0.0
0.556559
0.0
0.0
2.23132
0.0
0.0
0.222429
0.0
0.0
0.0
0.0
0.0
1.56123
0.0
0.0
0.0
0.0
0.0
0.995857
0.0
0.0
0.0
0.0
0.0
0.88485
3.28874
0.0
0.0
0.743966
0.0
0.0
0.0
0.0
0.0
0.0
0.0
0.0
0.0
0.0
0.0
0.0
0.0
0.0
0.0
0.0
0.886446
0.0
0.516437
0.0
0.0
0.0
1.61761
0.0
0.0
0.0
0.0
0.0
0.118549
0.0
0.0
0.0
0.0
0.0
1.3629
0.0
0.0
0.0
0.0
0.0
0.0
0.0
0.0
0.0
0.0
0.0
0.0763065
3.06947
2.2939
1.76866
0.0
0.0
0.0
0.0
0.0
1.04247
0.0
0.0
0.0
0.0
0.0
0.0
0.0
0.0
0.0
0.0
2.30794
0.0
0.0
0.0
1.49918
0.0
0.678517
0.908043
0.0
0.0
0.0
0.0
0.0
0.0
0.0
0.0
0.0
0.574751
0.0
1.92709
0.0
0.0
0.0
0.0
0.0
0.0
0.0
0.0
0.0
0.0
0.893908
0.366783
0.0
0.0
0.0
0.0
0.0
0.0
0.0
0.0
0.0
0.0
0.0
1.33509
0.0
0.0
0.0
0.0
0.308639
1.07314
0.0
0.0
0.0
0.0
0.0
0.0
0.0
0.0
3.87643
0.0
0.0
0.0
0.0
0.0
0.0
0.0
0.0
0.942429
1.27202
0.648879
0.0
0.0
0.0
0.0
0.0
2.03924
0.0
0.0
0.0
0.0
0.0
0.0
0.0
0.0
0.0
0.0
0.0
0.0
0.0
0.0
0.0
0.0
0.0
0.0
0.0
0.0
0.964229
0.0
0.0
0.0
0.0
1.22639
0.0
0.0
0.698559
0.0
0.0
1.10027
0.0
0.0
0.0
0.0
0.0
0.0
0.620761
0.0
1.49351
0.0
0.325801
0.0
0.0
0.528108
0.0
0.0
0.0
0.0
0.0
0.0
0.0
1.36154
0.0
0.0
0.0
2.60528
0.0
0.0
0.0
0.0
0.0
0.0
0.0
0.0
3.92103
0.0
0.0
0.0
0.0
0.90406
0.0
0.0
0.0
3.17697
0.0
0.0
0.0
0.172256
0.0
0.0
0.861794
0.0
0.0
1.11217
0.0
0.0
0.0
0.0
0.0
0.0
0.0
0.0
0.0
0.0
0.0
0.0
0.0
0.0
0.0
0.0
0.0
0.0
0.0
0.0
0.0
0.26652
0.0
0.0
0.0
0.0
0.0
1.91868
0.0
0.0
0.0
0.0
0.0
0.0
0.821862
0.0
0.0
1.33519
0.0
0.0
0.0
0.0
0.0
0.0
0.0
0.975656
0.0
0.0
0.0
0.0
0.0
0.0617311
0.0
0.0
0.0
0.0
0.0
0.0
0.0
0.0
0.0
0.0
0.0
0.0
0.0
2.6106
0.172385
0.579577
0.0
0.0
0.0
0.0
0.0
0.0
0.0
0.0
0.0
0.0
0.0
0.329256
0.0
0.10604
0.0
0.0
0.582534
0.0
0.0
0.0
0.428158
0.0
0.0
0.0
0.0
0.0
0.905512
0.105633
0.0
0.0
0.0
0.0
0.0
0.0
0.0
0.0
0.0
0.0
0.0
0.0
0.0
1.12144
1.3438
0.0
0.0
3.48513
0.0
0.0
0.0
0.0
0.0
0.0
0.0
3.64317
0.0
0.0
0.0
1.54787
0.532164
0.135714
0.0
0.0
1.73754
2.37249
3.3418
0.0
0.0
0.0
0.0
0.0
0.0
0.199198
0.0
0.0
2.05456
0.0
0.0
0.837876
0.480393
0.0
0.0
1.68436
0.0
0.0
0.0
0.0
0.0
0.0
0.0
0.0
0.0
0.0
0.0
0.0
1.45093
0.0
0.0
0.0
0.0
0.0
2.12822
3.63077
0.0
0.0
0.615063
0.0
0.0
0.0
2.0884
0.0
0.0
0.0
0.0
0.0
0.0
0.0
0.0
0.218713
0.0
0.0
0.0
1.9406
0.0
0.0
0.0
0.0
1.53521
0.0
0.0
0.0
0.0
0.0
0.0
0.0
0.0
0.112699
0.0
1.49766
0.0
0.0
3.10409
0.0
0.0
0.0
0.0
0.0
0.0
0.0
0.0
0.0
2.46778
0.278655
0.0
0.0
0.0
0.0
0.0
0.0
0.0
0.0
0.0
0.0
1.10473
0.0
0.832542
0.0
0.494159
0.0
0.0
0.0
0.0
0.0
0.0
0.0
0.0
0.0
0.114102
0.0
0.0
0.0
0.0
0.0
2.85934
0.0
0.400869
0.0
0.0
0.0
0.0
0.0
1.03704
0.0
0.0
0.0
0.0
0.0765256
1.18025
0.0
0.0
0.0
0.0
0.0
0.0
0.0
0.0
0.0
0.0
0.943129
0.0
0.0
0.0
0.0
0.0
0.0
0.0
0.0
0.0
0.0
2.14062
0.0
0.0
0.0
0.0
0.0
0.0
2.61521
0.0
6.74315
0.0
0.161795
0.453023
0.0
0.0
0.0
2.10076
0.0
0.0
0.0
0.0
0.0
0.0
0.0
1.10312
0.0
0.0
0.0
0.0
0.0
0.0
0.0
0.0
0.0
0.0
0.0
0.0
0.0
0.0
0.264349
0.0
0.0
0.0
0.0
0.0
0.0
0.0
0.664872
0.0
0.0
0.0
0.0
3.22414
0.0
0.0
0.0
0.0
1.94311
3.17506
0.0
0.0
0.0
1.2655
0.147873
0.0
0.0
0.0
0.0
0.0
0.0
0.0
0.0
0.0
0.0
0.0
0.0
0.0
0.0
0.0
0.0
0.0
0.0
0.0
0.0
0.369043
0.0
0.97479
0.0
0.0
0.0
0.0
0.0
0.0
0.0
0.0
0.0
0.0
1.61047
0.0
0.0
0.0
0.0
0.0
0.0
0.0
0.0
0.0
0.0
0.0
0.0
0.0
0.0
0.0
0.0
0.0
0.0
0.0
0.0
0.0
0.0
0.0
0.0
0.0
0.0
0.0
0.0
0.0
0.694265
0.991888
0.0
1.81558
0.0
0.0
0.0
0.0
0.0
0.0
0.0
1.81656
0.0
0.203574
0.0
0.0
0.0
0.0
0.0
0.0
0.0
0.0
0.0
0.0
0.0
3.11818
0.0
0.0
0.0
0.0
0.0211226
6.86286
0.0
2.09699
0.0
0.0
1.36317
0.0
0.0
0.0
0.0
0.0
0.0258227
0.0
0.0
0.0
0.0
0.0
0.0
0.0
0.0
0.0
0.348232
0.0
3.04677
0.0
0.0
0.0
0.0
0.0
0.0
1.12643
0.0
0.0
0.0
0.0
1.93237
0.0
0.0
0.138503
0.0
0.0
0.0
3.37948
2.44193
0.0
0.0
0.0
0.0
0.0
0.0
0.0
0.0
0.433502
0.0
0.0
1.94187
0.0
1.63347
0.0
0.0
0.0
0.0
0.0
0.0
6.14193
0.0
0.0
0.0
0.0315441
3.57047
0.0
0.0
0.0
0.62605
0.0
0.0
0.0
0.0
0.0
0.0
2.66701
0.0
0.0
0.0
0.0
2.76678
0.0
0.0
0.0
0.0
0.0
0.254716
0.0
0.0
0.0
0.0
0.0
3.02854
0.0
0.278251
0.0
0.0
0.0
0.0
0.0
0.0
0.0
0.0
0.0
0.0
0.986992
0.0
0.0
0.0
0.0
0.0
0.0
0.0
0.0
3.9834
0.145037
2.59336
0.150881
2.08529
0.0
0.682366
0.0628161
0.0
0.0
0.0
0.91934
0.0
0.924275
0.0
0.0
0.0
0.0
0.0
0.0
0.352835
0.0
0.0
0.0
0.0
0.0
0.0
0.0
1.44888
2.08672
2.59886
0.0
0.0
0.0
0.0
0.73408
0.0
0.0
0.0
0.0
0.0
0.0
0.0
0.728245
0.558625
0.0
0.0
0.424305
0.0
2.47865
0.0
0.0
0.0
0.894751
0.0
0.0
0.0
0.0
0.0
0.0
0.0
0.0
0.0
0.0
0.0
0.0
0.0
0.212988
0.0
0.0
0.0
1.35541
0.0
2.50735
0.0
0.0
0.0
0.0
0.0
0.0
0.0
0.0
0.0
3.66891
0.0
0.0
0.0
0.0
0.0
0.0
0.0
0.0
0.0
2.20063
0.0
0.0
2.48919
0.0
0.500053
0.0
0.0
0.0
0.0
0.0
0.97525
0.0
0.0
0.00291555
1.07332
0.0
0.0
0.0
0.0
0.0
0.0
2.04005
0.0
0.0
0.0
0.0
0.0
0.0
0.0
0.0
0.0
0.0
0.0
0.0
1.72253
0.0
0.0
0.0
0.0
0.0
0.0
2.09008
0.0
0.0
0.0
0.0
0.0
0.0
2.10434
0.350688
0.0
4.52348
0.0
0.693502
0.0
0.0
0.0
0.0
0.0
0.0
0.0
0.0
0.0
0.0
0.0
0.0
0.827343
1.24237
0.0
0.0
0.0
0.0
0.0
0.0
0.0
0.0
0.0547279
0.137875
0.0
0.0
0.0
0.0
0.406394
0.0
0.0
3.14644
0.0
0.0
0.0
0.0
0.0
0.0
0.0
0.0
0.0
0.0
0.0
0.0
0.0
0.0
0.0
0.852659
0.0
0.0
0.0
0.0
1.47134
0.0
1.15319
0.0
1.42024
0.0
0.0
2.34935
0.0
0.0
0.0
0.0
0.0
0.0
0.0383532
0.578274
3.18832
0.0
0.0
1.10945
0.0
0.0
0.0
0.0
0.0
0.0
0.0
0.0
0.0
3.77522
2.22458
0.0
0.0
0.0
0.0
0.0
0.0
0.0
3.86305
0.0
1.97656
0.0
0.0
0.0
0.0
0.0
0.0
1.04772
0.0
3.76137
0.0
0.0
2.31001
0.0
0.0
1.13424
0.0
0.0
0.278542
1.18743
0.0
2.5621
0.0
2.55081
0.0
0.991143
5.98059
0.0
0.0
0.0
0.0
0.0
0.220862
0.0
0.0
1.56891
0.0
0.0
0.0
0.0
0.0
0.0
0.0
0.0
0.0
0.774357
0.0
0.0
0.0
1.89748
3.41163
0.0
0.016877
0.219556
0.0
0.0
0.0
0.0
2.93678
0.0
0.0
0.0
0.0
0.0
0.0
0.0
0.0
2.1426
0.0
0.711026
0.0
5.22812
1.6209
0.0
0.0
0.0
0.0
0.0
0.0
0.0
0.0
0.0
0.59379
0.0
1.1668
0.0
0.0
0.682891
0.0
0.0
0.0
0.0
0.0
0.117938
0.0
0.0
0.0
0.0
0.0
0.0
0.0
0.0
0.0
0.0
3.46057
0.0
0.0
0.0
0.473178
0.0
0.0
0.0
0.0
0.0
0.0
0.0
0.0
0.0
0.0
0.0
0.0
0.0
0.480574
0.0
0.0
0.0
0.0
2.10305
0.0
1.46964
0.0
0.0
3.50011
0.0
0.0
0.0
0.0
0.0
2.57644
0.0
0.0
0.0
4.80531
0.0
0.0
0.0
0.0
0.0
0.0
2.45085
0.0
0.0
0.0
0.0
0.0
0.0
0.0
0.0
0.0
0.0
0.0
0.0
0.0
0.765257
0.0
0.93267
0.0
0.0
0.0
0.0
2.283
0.0
0.0
0.0
0.0
0.0
0.0
0.0
0.0
0.0
1.09653
0.0
0.0
0.0
0.0
0.0
0.0
0.0
0.0
1.42364
0.0
0.0
