0.0
0.0
3.08757
0.0
0.792003
0.0
0.0
0.0
0.0
0.0
0.0
0.0
0.0
0.0
0.0
0.0
0.0
0.468927
1.82422
0.0
0.0
0.856603
0.0
0.0
0.0
0.0
0.0
0.0
0.0
0.0
0.0
1.44498
0.0
5.86226
0.0
0.0
0.0
0.0
0.0
0.0
0.0
0.0
1.62092
0.0
0.0
0.0
0.0
0.229789
0.0
2.22795
0.0
0.0
0.0
0.0
0.0
0.0
0.0
0.0
0.0
0.0
0.0
0.0
0.0
4.86994
0.519422
0.0
0.0
0.0
0.0
0.0
0.0
0.0
0.0
0.0
0.0
0.0
0.0
0.904862
0.733881
0.0
1.4157
0.0
0.0
0.0
0.0
0.0
0.0
0.0
0.0
0.0
0.0
0.0
0.0
0.0
0.0
0.0
0.0
0.0
2.60431
0.0
0.0
0.0
0.0
0.0
0.0
0.0
2.2539
0.0
0.0
0.0
0.0
0.0
0.0
0.251415
0.0
0.0
0.0
0.0
0.741574
0.0
1.19106
0.0
0.0
0.0
0.0
0.0
0.0
1.34536
0.0
0.0
0.0
0.351192
0.0
0.0
0.0
0.0
1.18036
0.413833
0.0
0.0
0.0
0.449095
0.0
0.0
0.0
0.0
0.594887
0.0
1.33696
0.0
0.0
0.0
0.0
0.0
0.0
0.0
0.0
0.0
0.0
0.0
0.0
0.0
0.0
0.0
0.0
0.0
0.0
0.0
0.0
0.560996
0.0
0.0
0.0996855
0.655743
0.0
0.0
1.61825
0.0
0.0
0.0
1.47478
0.0
0.0
0.0
0.0
0.0
0.0
0.0
0.0
0.0
0.0
0.0
3.36401
2.60878
0.0
0.0
0.0
9.37283e-06
0.0
4.15193
0.0
0.447949
0.0
0.802325
0.0
0.0
0.0
0.0
0.0
0.0
0.0
0.0
0.0
0.0
0.0
2.24327
0.0
0.0
0.0
0.0
0.0
3.70853
0.0
0.0
0.175852
0.0
0.0
0.144884
0.0
0.0
0.0
0.0
0.0
0.792132
0.0
0.0
0.0
0.0
0.0
0.0
0.0
0.0
0.0
0.983952
1.20203
0.0
0.0
3.22761
0.0
0.0
0.0
2.02971
0.0
0.0
0.0
0.0
0.0
2.66707
0.0
0.0
0.0
0.0
4.92441
0.0
0.0
0.0
0.0
0.0
0.357575
4.12778
0.0
0.0
0.0
0.0
0.0
0.0
0.595066
0.195856
0.0
0.0
0.0
0.0
0.127122
0.311011
0.0
0.0
0.0
0.0
0.0
0.0
0.0
0.0
0.0
0.0
1.49333
0.0
0.0
0.0
0.0
0.0
0.0
6.86375
4.6013
0.0
0.0
0.0
0.0
0.0
1.77988
0.0
0.0
0.0
0.0
1.19398
0.0
0.0
0.0
0.0
0.0
0.0
0.0
0.0
0.0
0.0
0.813342
0.0
3.66735
0.0
0.0
0.858565
0.0
0.0
0.0
0.0
0.223839
0.0
0.0
0.0
0.0
0.0
0.0
0.0
0.0
0.0
0.0
1.4627
0.0
0.0
2.71723
0.0
0.0
0.0
0.0
0.0
0.0
0.0
0.0
0.0
0.0
1.52618
0.0
0.0
0.0
0.0
0.0
0.576966
0.0
0.0
0.0
0.0
0.0
0.0
0.0
0.0
0.0
0.0
0.0
0.0
0.0
2.01469
0.0
0.0
0.833362
0.0
0.0
0.0
0.0
6.98098
1.24628
0.0
0.0
0.0
0.0
0.0994174
0.0
5.17889
4.67982
0.0
0.0
0.420483
0.0
0.0
0.0
0.0
0.0
0.0
0.0
0.0
0.0
0.0
0.0
0.0
0.0
0.0
0.0567075
0.0
0.0
0.0
0.0
1.16938
0.0
0.0
1.1515
0.0
0.0
0.0
0.0
0.0
0.0
0.0
4.58139
0.0
0.0
1.56166
0.0
0.0
0.0
0.0
4.14967
0.0
0.0
0.0
0.0
0.0
0.0
0.0
0.0
0.0
0.0
0.0
0.0
0.0
0.0
4.06377
0.0
0.0
0.0
0.0
0.0
0.299923
0.0
0.0
0.0
0.0
0.0
1.41862
1.10458
0.0
0.921796
6.18459
0.0
0.0
0.0
0.0
0.0
0.0
0.0
0.0
5.4858
0.0
0.276968
0.0
0.0
0.703753
0.0
0.0
0.0
0.0
0.0
0.0
0.0
0.0
0.0
0.0
0.0
0.0
0.0
0.397431
0.0
0.0
0.0
0.0
0.0
0.0
0.0
0.0
0.0
0.0
0.0
0.0
0.0
1.75413
0.0
0.0
0.0
0.0
0.0
3.04823
0.0
0.0
0.0
0.0
0.0
1.82344
0.0
0.0
0.0
0.0
0.0
0.0
0.0
0.0
0.0
2.0203
0.0
0.0
0.600274
0.0
0.0
0.0
0.0
0.0
0.0
2.50467
0.0
0.0
0.0
0.0
0.0
0.0
0.0
0.0
0.0
0.0
0.0
0.0
0.0
0.0
0.0
0.0
0.0
0.0
0.0
0.0
0.0
0.0
0.0
0.0
0.0
0.0
0.0
0.0
0.0
2.30054
0.0
1.83942
0.0
0.0
0.0
0.0
0.0
0.0
0.0
0.0
0.0
0.0
0.33508
0.0
0.0
0.0
0.0
0.0
0.0
0.0
0.0
0.0
0.0813022
0.0
0.0
0.0
0.054768
0.0
0.0
0.0
0.0
0.0
0.0
0.0
1.76263
0.0
0.0
0.0
0.0
0.0
3.27874
0.0
0.0
0.0
0.0
0.0
3.73177
0.0
0.0
0.0
1.31183
0.0
0.0
0.0
0.0
0.0
0.0
0.0
0.0
0.0
0.0
1.42182
0.0
0.0
0.71416
0.0
0.0
0.0
0.0
2.97527
0.0
0.0
0.0
0.0
0.0
0.0
0.0
1.30095
0.0
0.0
0.0
0.0
0.0
0.0
0.0
0.0
1.15006
0.9836
0.0
0.0
0.0
0.0388441
0.520556
0.0
0.0
0.0
0.0
0.0
0.0
0.0
2.56902
0.0
0.0
0.0
0.0
0.0
0.0
0.0
0.0
1.08571
0.0
0.0
0.0
0.0
0.0
0.0
0.0
0.0
0.0
0.0
0.0
0.0
0.0
0.0
0.0
0.0
0.0
1.046
0.0
0.0
0.0
0.0
0.0
0.0
0.0
0.0
0.0
0.0
5.33303
0.0
0.0
0.0
0.0
0.0
0.0
0.0
0.0
0.0
0.0
0.0
1.48829
0.640691
0.0
0.0
1.78706
0.0
0.0
2.48981
0.0
0.0
2.16968
3.84117
0.0
0.0
2.62025
0.0
0.0
0.0
0.0
0.0
0.0
0.0
0.0
0.0
0.0
0.0
0.0
0.0
0.0
0.0
0.0
0.0
0.0960983
0.0
1.04034
0.0
2.14939
3.06536
0.0
0.0
0.0
0.0
0.0
0.0
0.0
0.0
0.0
0.0
0.0
0.0
0.0
0.0
1.15518
0.0
0.0
1.48772
0.0
0.0
0.0
2.73699
0.0
0.0
0.0
0.0
0.0
0.0
0.0
3.72862
0.0
0.0
0.0
0.0
5.95758
0.0
0.0
0.95349
0.0
0.0
0.0825409
0.0
0.0
1.9901
0.0
0.0
0.0
0.0
0.0
0.0
0.0
0.0
0.756029
0.0
1.13255
0.0
0.046727
0.0
0.0
0.0
0.0
0.0
0.0
1.08756
0.0
0.0
0.0
0.0
0.0
0.0
0.0
0.0
0.0
0.0
0.0
0.0
0.0
0.0
0.0
0.0
1.28049
0.0
0.0
0.260061
0.0
2.03691
2.16807
0.741075
0.0
0.0
0.0
0.0
1.14126
0.0
0.0
0.0
0.0
0.0
3.63452
4.97999
0.0
0.0
0.0
0.0
0.0
0.0
0.0
0.0
0.0
0.0
0.0
0.0
0.0
0.0
0.0
0.0
0.0
0.0
0.0
0.0
0.0
0.0
0.0
0.0
0.0
0.0
3.09571
0.0
0.0
0.405088
0.0
0.0
1.74893
0.0
0.0
0.0
0.0
0.0
0.0
0.0
0.0
0.0
0.0
0.0
0.0
0.0
2.72387
0.0
0.0
0.0
0.0
0.0
0.0
0.0
0.0
0.0
0.208573
0.0
0.0
1.95642
0.0
0.0
0.0
0.0
0.0
1.0186
0.0
0.0
0.0
0.0
0.0
0.0
0.0
1.07366
0.0
0.0
0.0
0.0
0.0
0.0
0.0
0.401413
0.682452
0.0
0.0825634
0.0
0.0
0.265
0.0
0.0
0.0
0.0
0.0
0.0
0.0
0.0
0.0
0.0
0.0
0.0
0.0
0.0
0.443743
0.0
0.0
4.43357
0.0
0.0
0.0
0.0
0.0
0.0
0.0
0.0
0.0
0.0
0.0
0.0
0.0
0.0
3.30571
0.0
3.53118
0.0
0.0
0.0
0.0
0.0
0.340656
0.0
0.939344
0.311017
0.0
0.0
0.0
0.0
0.0
0.0
0.0
0.0
0.0
0.0
0.0
0.76901
0.0
0.230008
0.0
0.0
0.0
0.0
0.0
0.0
1.40639
0.0
0.0
0.0
0.0
1.31471
0.0
0.0
0.0
1.02943
0.0
0.0
0.0
0.0
0.0
0.0
3.37215
0.0
0.0
0.755987
5.57309
1.98709
0.0
0.0
0.0
0.0
0.0
0.0
0.0
0.0
0.0
0.0237463
0.367709
0.0
0.0
0.0
0.0
0.0
0.0
0.13358
0.0
0.0
0.0
0.0
0.0
0.0
0.0
0.0
0.0
0.0
0.0
0.0
0.640927
2.07504
2.3945
0.0
0.0
0.0
0.0
0.207659
0.0
0.0
1.29631
0.0
0.0
0.0
0.0
0.0
0.0
0.0
0.0
0.0
0.0
2.30725
0.0
0.0
0.0
0.0
0.0
0.884905
0.0
0.0
0.0
1.93345
0.0
0.508902
0.0
0.0
0.57675
0.0
0.0
0.0
0.0
0.0
0.0
0.0
0.0
0.0
3.38932
0.0
0.0
0.0
0.0
0.0
0.0
0.0
0.0
0.0
0.0
0.0
0.0
0.0
1.54427
1.21674
0.0
0.0
0.0
0.0
0.0
0.0
0.0
0.666242
0.0
0.0
0.0
0.0
0.0
0.0
0.0
0.57515
0.0
0.0
0.0
0.0
0.0
0.0
0.0
0.280911
0.0
0.0
1.35814
0.0
0.0
0.0
0.0
0.0
0.0
0.0
2.56606
0.0
0.0
0.0
0.0
0.903751
0.0
0.0
0.0
3.01487
0.0
0.0
0.0
0.0
0.0
0.0
0.47275
0.617493
0.275114
0.0
0.327974
0.0
0.0
0.0
0.0
0.0
1.48906
0.0
0.0
0.0
0.0
0.0
0.0
0.0
0.0
3.69163
0.0
0.0
0.0
0.0
3.27559
0.0
0.0
0.0
2.40128
0.0
0.0
0.0
0.0
0.0
0.0
0.0
0.0
0.0
0.0
0.0
0.0
7.10739
0.0
0.0
0.0
0.0
1.38488
1.00207
0.0
1.68829
0.0
0.0
0.0
0.0
0.0
0.0
0.0
1.22222
0.0
0.0
0.577459
0.0
0.0
0.0
0.0
0.0
1.70619
0.931505
0.0
0.0
0.0
0.0
0.0
0.0
0.0
2.60802
0.0
0.0
0.0
0.0
0.0
0.0
0.0
0.0
0.0
0.0
0.0
0.47574
0.0
0.0
0.0
0.0
0.0
0.0
0.0
0.0
0.0
0.289098
0.0
6.27002
0.0
3.75043
0.0
0.0
0.0
0.0
0.0
0.0
0.0
0.0
0.0
0.0
0.0
8.94331
0.0
0.0
1.50514
0.0
0.0
0.0
0.0
0.0
0.0
0.0
0.0
0.0
1.17288
0.0
0.0
0.0
0.0
3.45859
0.0
0.0
0.0
0.0
0.0
0.0
0.0
0.0
0.0
1.07338
0.0
0.0
0.0
0.0
0.0
0.0
0.0
0.0
0.0
0.0
0.0
0.0
0.0
0.0
0.0
0.0
0.0
0.0
2.08417
0.0
0.0
0.0
0.0
0.0
0.0
0.0
3.08957
0.0
0.0
0.0
0.0
0.0
0.0
0.0
0.0
0.0
0.0
0.0
3.74996
0.0
0.0
0.0
0.0
0.0
0.0
0.0
0.0
0.0
0.0
0.0
0.407937
0.00469691
0.0
0.0
0.0
2.88587
0.0
1.44691
0.176414
2.5813
0.0
0.0
0.0
0.0
0.0
0.133967
0.0
2.83055
0.0
0.0
0.0
0.463479
0.0
0.0
0.0
0.0
1.74436
0.0
0.0
0.0
0.0
0.0
1.50799
0.0
0.0
0.0
0.0
0.600148
0.0
0.0
0.0
0.0
0.0
0.0
0.0
0.0
0.0
0.0
0.0
0.324963
0.0
0.0
0.0
0.0
0.0
0.0
0.0
0.0
0.0
1.7463
0.0
0.0
0.282518
0.0
0.0
0.0
0.0
0.0
0.0
0.0
1.35879
0.0
0.0
0.0
3.04141
0.0
0.0
0.0
0.0
2.95536
0.0
0.0
0.0
0.0
0.0
0.0
0.0
0.0
0.0
0.0
0.0
0.0
1.8939
0.0
0.0
0.0
4.56132
0.0
0.429365
0.0
0.996843
0.0
0.0
0.0
0.0
0.0
0.0
0.0
0.0
0.0
0.0
0.0
0.0
0.0
0.0
0.0
0.0
0.0
0.0
0.0
0.0
0.0
3.18714
0.0
0.0
0.0
0.0
0.0
0.0
0.0
0.0
0.0
0.0
0.0
0.0
2.40652
0.449955
0.0
0.0
2.37106
0.0
0.0
0.0
0.0
1.53856
0.0
2.13834
0.0
0.0
0.0
0.0
0.0
1.34658
0.0
0.0
0.0
0.0
0.0
0.0
0.0
1.87858
0.0
1.53869
3.44999
0.0
0.0
0.0
0.0
0.0
0.0
0.0
0.0
0.0
0.380794
0.0
0.0
0.0
0.0
0.0
0.0
0.0
0.410225
0.0
0.0
0.0
0.0
0.0
0.0
0.0
0.0
0.0
2.16873
0.0
0.0
0.0
0.0
0.0
0.0
0.0
0.0
0.185359
0.0
0.0
0.410447
0.0
0.0
0.0
0.0
0.0
0.0
0.0
0.0
0.0
0.0
0.0
0.0
0.0
0.0
0.0
0.0
0.0
0.0
0.0
0.0
0.0
0.0
0.0
0.0
0.0
3.15162
0.0
0.0
0.0
0.0
0.0
0.0
0.0
0.0
3.34936
0.0
0.0
0.0
0.0
0.0
0.0
0.0
0.0
0.0
0.0
0.0
1.33358
0.0
0.0
0.0
1.38932
0.0
0.0
0.0
0.0
0.0
0.0
0.0
0.0
0.0
0.0
0.455259
0.0
0.0
2.35253
0.0
0.0
0.0
0.0
0.0
0.0
2.912
0.0
0.0
2.15285
0.504007
0.262539
0.0
0.0
0.0
0.0
0.0
0.0
2.46473
0.0
0.0
0.0
0.0
0.0
0.186349
0.0
0.0
0.0
0.424224
0.0
3.50074
1.43894
0.0
0.0
1.65888
3.49176
0.0
0.0
1.43245
3.65791
0.0
0.0
0.0
0.326658
0.0
2.52993
0.0
0.0
0.0
0.0
0.0
0.0
0.471441
0.0
0.0
0.0
0.181004
0.0
0.0
0.0
0.0
0.0
0.0
0.0
0.0
0.0
0.0
0.0
4.49118
0.0
0.0
0.0
4.77846
0.0
0.0
0.0
0.0
0.0
1.12496
0.0
0.0
0.0
0.0
0.0
0.0
0.0
0.0
2.75447
0.0
1.70023
0.0
0.982379
0.0
0.0
0.637422
0.0
1.12903
0.0
0.0
0.0
0.0
0.0
0.0
0.0
0.0
0.0
0.0
0.0
0.0
0.0742722
0.0
0.0
0.0
0.0
0.0
0.0
0.0
0.0
0.0
0.0
0.0
1.8309
0.0
0.0
0.0
0.0
0.0
0.442595
5.16556
1.37262
0.0
0.0
0.0
0.0
0.0
0.0
0.0
0.0
0.0
0.0
0.0
0.289819
0.0
0.0
0.0
0.0
0.0
0.0
0.0
0.0
0.0
0.0
0.638908
0.0
0.0
0.0
0.0
0.0
0.0
0.0
0.0
0.0
0.0
0.0
0.0
0.0
0.0
0.0
0.0
0.0
0.0
0.0
0.0
0.0
0.620464
3.47709
0.0
0.0
0.0
0.0
0.0
0.0
0.0
0.0
0.0
0.0
0.0
0.0502248
0.522189
0.0
0.0
0.0
0.0
0.0
0.0
0.943072
0.0
0.0
0.0
0.739935
0.0
0.0
0.0
5.47515
0.0
2.73453
0.0
0.0
0.0
0.0
0.0
0.0
0.0
0.0
0.0
0.0
0.0
0.0
0.0
5.36163
0.0
0.0
0.0
0.0
0.0
0.0
0.0
0.0
0.0
0.320041
3.12224
0.0
0.0
0.855896
0.0
0.0
0.0
3.90576
0.0
0.0
0.0
0.0
0.0
0.393905
0.0
0.0
0.0
0.0
2.70587
0.0
0.0
0.0
0.0
0.0
0.0
0.0
0.718511
0.0
0.0
0.0
0.0
0.0
0.0
0.0
1.46655
0.0
0.0
0.0
0.0
0.0
2.0732
0.0
0.0
0.0
0.0
1.0674
0.0
0.0
3.29281
0.0
0.0
0.0
0.0
0.0
0.0
0.0
0.0
0.0
1.41925
0.0
0.0
0.0
0.0
0.0
0.0
0.0
0.0
0.870036
0.0
1.41712
0.0
0.856867
0.0
0.0
0.0
0.0
0.0
0.0
0.0
0.572711
3.34902
0.0
0.0
0.0
0.0
0.0
0.0
0.0
0.822719
0.0
0.0
0.0
0.0
0.0
0.602007
0.0
1.26894
0.0
0.0
0.0
0.148477
0.0
0.0
3.49933
0.0
3.98705
3.71874
0.0
0.0
0.0
0.0
0.0
0.0
0.0
0.0
0.355839
0.79247
0.0
0.0
0.0
0.0
0.0
0.0
2.42139
0.0
2.72843
1.52488
0.0
0.78627
0.0
0.0
2.94175
3.80155
0.0
0.0
0.0
0.0
0.0
1.48421
1.31364
0.0
0.0
2.06661
1.75047
0.0
0.0
0.0
0.635766
4.38899
0.0
0.0
0.0
0.264394
0.0
0.0
0.0
0.0
0.0
0.0
0.0
0.0
0.0
6.59664
0.0
0.0
0.0
0.0
0.0
0.0
0.0
0.0
0.0
0.0
0.0
0.0
3.05174
0.0
0.0
0.0
0.0
0.903019
0.0
0.0
0.0
0.0
0.0
0.0
2.44092
0.166941
0.0
0.0
0.0
0.0
0.0
0.0
0.0
0.0
0.0
0.0
1.50348
0.0
0.0
0.0
0.0
6.33261
0.0
0.0
0.0
0.0
0.0
0.0366227
0.0
3.29459
0.0
0.0
0.0
0.0
0.0
0.0
5.66316
0.0
0.0
0.0
0.0
0.0
3.99859
0.0
0.0
0.0
0.0
0.0
0.0
0.0
1.49729
0.266917
0.0
0.0
0.0
0.646968
0.0
0.0
1.65785
0.0
0.0
0.0
0.0
0.0
0.0
0.0
0.0
0.749401
0.0
0.0
0.0
0.0
0.0
0.0
0.377629
0.0
6.03459
0.0
0.0
0.0
0.0
0.0
0.0
0.0
5.64781
0.0
2.69021
0.0
0.0
0.459087
0.0
0.0
0.0
0.0
1.20221
0.0
0.0
0.0
1.18989
3.58169
0.0
0.0
0.0
0.0
0.0
0.0
0.0
0.0
0.0
0.0
0.0
0.0
0.494663
0.0
0.0
5.51368
1.90527
0.0
0.0
1.56354
0.0
0.0
0.0
0.0
0.0
0.0
0.0
0.0
0.0
0.0
0.0
0.0
0.0
0.0
1.22687
0.0
0.0
0.0
0.148412
0.0
0.0
0.0
0.0
0.0
0.620299
0.0
0.0
0.0
1.59069
0.0
0.0
0.0
0.0
0.0
0.0
0.0
0.0
0.0
0.0
7.154
0.0
0.0
0.0
0.0
1.95751
0.0
0.0
0.0
0.0
0.0
0.0
0.0
0.0
0.0
0.0
0.0
0.138081
0.0
0.0
3.70555
0.0
0.997697
0.0
0.0
0.0
1.41528
0.0
0.0
1.03557
0.0
0.0
0.0
0.0
0.0
0.0
0.0
0.0
0.0
0.0
0.0
0.0
0.0
0.0
0.0
0.0
0.0
1.18336
0.0
0.0
0.0
0.0
4.7644
0.0
0.0
0.0
0.0
0.975128
0.0
2.71641
0.0
8.15591
0.0
0.0
0.0
0.0
0.0
0.0
0.0
0.0
0.0
0.0
0.0
0.0
0.0
0.0
0.0
0.727778
0.0
0.0
1.48668
0.0
7.78505
0.0
0.0
0.866291
0.0
3.71052
0.0
0.0
0.0
0.0
0.0
0.0
1.70004
0.0
0.0
0.0
1.38525
0.0
0.0
0.0
0.646982
0.0
1.08887
0.0
2.68445
1.16407
0.0
0.0
0.0
0.0
0.0
0.0
0.0
3.81922
0.0
0.439761
0.0
0.0015831
0.0
0.0
0.0
0.0
3.39425
0.0
0.0
0.0
0.0
0.0
0.0
0.0
0.0
0.0
0.0
0.43049
0.0
0.0
0.0
0.0
4.54325
0.0
0.0
0.0
0.0
0.0
0.0
0.0
2.50921
0.0
1.15387
0.0
0.0
0.317631
0.0
3.1847
0.0
0.0
0.0
0.0
0.0
0.0
0.0
0.0
0.0
0.208194
0.0
0.0
0.0
0.0
0.0
0.0
0.0
0.0
0.520791
0.0
0.0
0.0
0.0
0.270393
0.0
0.0
0.0
2.19515
2.41464
0.0
0.127271
0.0
0.0
0.0
0.740747
0.981217
0.0
0.0
0.107467
0.0
0.0
0.0
0.0
0.0
4.14217
0.0
0.0
0.2938
4.48422
0.0
0.0
0.0
0.660308
6.91766
4.56798
0.0
0.0
0.0
0.0
0.0
0.0
0.0
0.0
0.0
0.0
0.0
0.0
0.0
0.0
0.0
0.0
0.0
0.0
0.0
0.0
0.0
0.0
0.0
0.0
0.0
0.0
0.0
4.33836
0.0
0.0
0.0
0.0
0.0
0.0
0.0
0.0
0.0
0.0
3.53253
1.65274
0.0
0.0
0.0
0.0
0.0
0.0
0.0
0.0
0.0
0.0
0.0
0.0
0.33455
0.0
0.0
0.0
1.76435
0.0
0.0
0.0
0.0
0.0
0.0
0.0
0.0
0.0
0.0
0.0
0.0
0.0
0.0
0.0
0.626805
0.0
0.0
0.0
0.0
0.0
0.0
0.0
0.0
0.0
0.0
0.0
0.0
0.0
0.0
0.0
2.50173
0.0
0.0
0.0
0.0
0.0
0.0
0.0
0.0
0.0
0.0
0.0
0.0
0.433272
0.0
0.0
0.0
0.0
0.0
5.04631
0.0
0.705904
0.0
0.0
0.0
0.0
0.0
0.0
0.0
2.47855
0.0
0.0
0.0
0.0
0.0
0.0
0.0
0.0
0.0
0.0
2.07406
0.0
0.0
0.0
0.0
0.0
0.0
0.0
0.0
0.0
0.0
0.0
1.64407
0.0
0.0
0.0
0.0
0.0
0.0
0.0
0.0
0.0
0.0
0.0
0.0
0.34756
0.0
0.0
0.0
0.0
0.0
0.0
0.0
0.0
0.0
0.923032
0.0
0.0
0.0
0.0
0.0
0.0
0.0
0.0
0.0
0.0
0.0
0.0
0.0
0.0
0.0
0.0
0.0
0.0
0.0
2.12928
0.0
0.0
0.0
0.0
0.0
0.0
0.0
0.0
0.0
0.0
0.0
0.0
0.0
0.0
0.0
0.0
0.0
0.0
0.0311131
0.0
0.0
0.0
0.0
0.0
0.0
0.0
0.580263
0.0
0.0
0.625011
2.30419
0.0
1.72666
0.0
0.0
0.0
0.0
0.0
0.0
0.0
0.0
0.0
0.0
0.0
0.0
0.302838
0.0
0.0
0.0
0.0
0.0
1.4283
0.0
0.0
0.0
0.0
0.0
0.0
0.0
0.0
5.19015
0.0
0.0
0.0
0.722335
0.0
0.0
0.0
2.4246
0.0
0.0
0.0
0.0
0.101222
0.0
0.0
0.0
0.0
0.762967
0.0
0.427536
0.0
0.0
0.0
1.1267
0.0
1.12934
0.0
0.0
0.0
0.0
0.0
0.0
0.0
4.3015
2.85778
0.0
0.0
0.0
5.63298
0.0
0.0
0.0
0.240568
0.0
0.0
5.07513
0.0
1.98552
0.0
0.0
0.0
0.0
0.0
0.0
0.0
0.0
0.0
0.0
0.330718
5.06219
0.0
0.0
0.0
0.0
0.0
0.0581315
0.0
0.0
0.0
0.0
0.0
0.0
0.0
2.91769
0.0
0.0
0.0
0.0
0.0
1.93346
0.0
0.0
0.0
2.32582
0.0
0.0
0.0
0.0
0.441324
0.0
0.0
0.0
0.238765
3.02007
0.0
0.0
0.0
0.0
0.195893
0.0
0.0
0.0
0.0
0.0
0.0
0.0
0.0
0.0
0.0
0.0
0.0
1.42209
1.37022
0.349247
1.51117
0.0
0.0
4.33125
0.0
0.0
0.404553
0.0
0.0
0.0
0.0
0.0
1.93674
0.0
0.0
0.0
0.0772295
0.0
0.0
0.68253
0.0
0.0
0.0
0.0
0.0
0.0
0.0
0.0
0.0
0.0
0.0
0.0
0.0
0.0
0.0
0.0
1.61075
0.0
0.0
0.0
0.0
0.0
0.0
0.0
0.0
0.215326
0.0
0.0
0.0
0.0
0.0
2.12034
0.0
0.0
0.0
0.0
0.0
1.3686
0.0
3.02742
3.44238
0.0
0.0
0.0
0.0
0.0
2.75361
0.0
0.0
1.45889
0.0
1.9913
0.0
0.0
0.0
2.65186
0.0
0.0
0.0
0.468867
0.0
3.61565
0.0
0.0
0.0
0.0
0.0
0.368386
5.94184
0.0
0.0
0.0
0.0
0.0
0.0
1.86481
0.0
0.0
0.0949917
0.0
0.0
0.0
0.0
0.0
0.0
0.0
0.0
0.0
0.0
0.0
0.0
0.0
0.0
0.161429
0.935831
0.0
0.0
0.368014
0.0
0.0
1.918
0.0
0.0
0.0
0.0
0.0
1.01945
0.0
0.0
0.0
0.0
0.0
0.0
0.0
0.0
3.76747
0.0
0.0
0.0
2.92003
0.139921
0.0
0.0
0.259669
0.0
0.0
0.0
1.15102
1.27687
0.0
0.0
0.0
0.0
0.0
0.0
0.0
0.0
0.0
3.20293
0.0
0.0
0.0
2.04567
0.0
0.332192
0.0
0.0
0.0
0.0
0.0
0.0
0.0
0.0
0.0
0.0
4.0058
0.0
0.0
0.0
0.0
0.0
0.0
0.0
0.0
2.0918
0.0
0.0
0.295906
0.0
0.0
0.0
0.0
0.0
0.0
0.0
0.0
0.0
1.42047
1.14128
3.31286
0.0
2.99058
0.0
0.0
0.0
0.0
0.144898
0.0
0.0
0.0
0.0
0.0
0.0
0.0
0.0
0.0
0.46265
0.0
0.0
0.0
0.0
0.0
0.0
0.0
0.0
0.0
0.0
0.0
0.0
0.0
0.0
0.0
0.0
1.3971
0.0
0.0
0.0
0.0
0.0
0.0
0.0
0.0
0.0
0.0
0.0
0.0
0.0
0.0
0.0
0.0
0.172999
0.0
0.0
0.0
0.0
0.0
0.0
0.0
0.0
0.0
0.929109
0.0
0.0
2.55764
0.0
0.0
0.0
0.0
0.0
0.0
0.0
0.0
1.23103
1.61133
2.28478
0.0
2.52956
0.0
0.0
1.35414
0.770863
0.0
0.669208
0.0
0.0
0.0
0.0
0.0
0.0
0.0
0.822924
7.58532
0.0
0.0
0.0
0.0
0.0
0.181524
0.0
0.0
1.61576
0.181786
0.0
0.0
0.0
0.0
0.0
0.0
0.0
0.679427
0.211474
1.10636
0.0
0.0
0.0
0.0
0.0
0.0
0.0
0.0
0.0
0.0
0.0
0.0
0.0
0.0
0.0
2.60953
0.0
0.0
0.0
0.0
0.0
0.0
0.0
0.0
0.0
0.0
0.0
0.0
0.0
0.0
0.0
0.0
0.615764
0.369392
0.0
3.3319
0.0
0.0
0.0
0.0
0.832657
0.0
1.43682
0.0
0.0
0.0
0.894217
0.0
0.0
0.0
0.0
0.0
0.0
1.22684
0.884178
0.0
0.0
0.0
0.0
0.0
0.0
0.0
0.366552
0.0
0.0
0.0
0.0
0.0
0.0
2.70672
0.0
0.0
0.0
3.79218
0.660891
0.0
0.0
0.0
0.0
0.0
0.0
0.0
0.0
0.0
0.0
0.0
0.0
1.50453
1.42863
0.0
0.0
0.0
0.0
0.0
0.0
0.580357
0.0
0.0
0.0
0.0
0.0
0.0
0.0
0.0
0.0
0.0
0.0
0.0
0.0
1.70082
0.0
0.0
0.0
0.0
0.890086
0.0
0.343511
0.0
0.0
0.0
0.0
2.63616
0.0
0.0
0.0
0.0
0.0
0.0
0.0
2.28928
0.0
0.0
0.0
3.52084
0.0
1.57904
0.0
0.0
0.0
0.0
0.0
0.0
0.0221545
0.0
0.0
2.73806
0.0
0.0
0.0
0.0
1.87343
0.0
0.0
0.0
0.7962
0.0
0.0
5.76312
0.0
0.0
0.0
0.0
0.0
0.0
0.0
0.0
0.0
0.0
0.0
0.0
0.767073
0.0
0.0
0.0
0.0
0.0
0.911772
1.93275
0.0
0.94827
0.0
0.0
0.0
0.0
2.66973
0.0
0.0
0.0
0.0
1.16487
0.0
0.0
0.0
0.591008
0.0
0.0
0.0
0.0
0.0
0.179723
0.0
0.982589
0.250313
0.0
0.0
0.0
0.0
0.0
0.0
0.0
0.0
0.0
0.0
0.0
0.0
0.0
0.0
0.0
0.0
0.0
2.4735
0.0
0.0
0.0
0.0
0.0
0.329234
0.418397
0.0
0.0
0.0
0.0
0.0
2.22603
0.0
0.0
0.0
0.0
0.0
0.0
0.0
0.0
0.324666
0.0
0.0
1.67225
0.0
0.0
0.0
0.578884
0.0
0.0
0.0
1.15925
0.0
0.0
0.0
0.0
2.72172
0.0
0.0
0.0
0.0
0.0
0.0
0.0
0.0
0.0
0.0
1.25978
0.0
0.0
1.12375
0.0
0.0
0.0
0.0
0.0
0.0
0.0
0.0
1.56419
0.0
1.15915
0.0
0.0
0.0
0.0952024
0.0
0.0
0.0
0.0
0.0
0.0
0.489912
0.0
0.0
0.241819
0.0
0.0
0.0
3.67591
0.0
9.8981
0.0
0.0
0.0
0.0
0.0
0.0
0.0
0.0
0.0
0.0
0.295941
0.0
0.0
0.0
0.0
0.0
0.0
0.0
0.0
0.0
0.0
0.0
0.0
0.0
0.347792
0.0
0.0
0.0
0.0
0.0
0.0
0.337375
0.0
0.0
0.0
2.2279
0.0
0.0
0.0
0.0
0.0
0.0
1.2492
0.0
1.56011
0.0
0.0
3.84487
0.959119
0.0
0.0
0.0
0.0
0.0
0.0
0.0
0.0
0.0
0.0
0.0
0.0
0.0
0.0
0.0
0.0
0.0
0.0
0.0
0.0
0.0
0.0
0.0
0.0
0.0
5.98247
0.0
1.91082
1.34285
0.0
0.0
0.0
0.0
0.0
0.0
0.0
0.0
0.288233
0.0
0.0
1.1015
0.0
0.0
0.0
0.0
0.0
0.0
0.0
0.0
0.0
0.0
2.10225
1.60786
0.0
0.0
0.0
0.0
0.0
0.0
0.0
0.0
0.0
0.0
0.0
0.0
0.0
0.0
0.0
0.0
0.0
0.0
1.09197
0.0
0.0
0.0
0.469722
0.00382094
0.0
0.0
0.0805463
0.0
0.0
0.0
0.0
0.0
0.0
0.0
0.0
0.0
0.0
0.0
0.0
0.0
0.0
0.0
3.99651
0.0
0.0
0.0
2.64168
0.0
0.0
0.0
0.0
0.0
0.0
0.0
0.0
0.0
0.0
0.0
0.0
0.0
0.0
0.0
0.0
2.19106
0.0
0.0
0.0
0.0
0.0
0.0
0.0
0.0
0.0
0.0
0.0
0.0
1.19723
3.89907
0.0
0.0
0.0
0.0
0.0
1.24705
0.0
0.0948043
0.0
0.0
5.71593
4.26421
0.0
0.0
1.92797
0.0
0.0
0.0
0.0
0.0
2.04435
0.0
0.0
1.85873
0.0
1.04595
0.0
1.22614
0.0
0.49751
0.0
0.0
5.84452
0.0
0.0
0.0
0.574508
1.36556
0.0
0.0
0.0
1.10014
0.0
0.0
0.0
0.0
0.0
0.0
0.0
0.0
0.0
0.0
0.0
0.0
0.0
0.0
0.0
0.0
0.0
0.292093
2.85925
0.0
0.0
0.0
0.0
3.03995
0.0
2.82689
0.0
0.0
0.0
0.0
0.0
0.0
0.0
0.0
0.0
0.0
0.692921
0.0
0.0
0.0
0.0
0.0
0.0
0.0
0.0
3.24237
0.0
2.38407
0.0175874
4.92651
0.0
0.816406
0.0
0.0
0.0
0.0
0.0
0.0
0.0
0.0
0.0
1.48404
0.0
3.75568
0.0
3.14544
0.0
0.0
0.0
0.0
0.0
0.0
0.0
0.0
1.04267
3.74112
0.0
0.0
0.0
0.0
0.0
0.663424
0.0
0.0
0.980049
0.0
0.0
0.0
0.0
0.0
0.0
0.0
1.51111
0.0
0.414732
2.31114
0.0
5.63475
0.0
0.0
0.0
0.0
1.37697
0.0
0.0
0.0
0.0
0.0
0.0
0.0
0.773002
0.0
0.299984
0.0
0.0
0.0
0.0
0.0
3.00006
0.0
0.0
0.0
0.0
2.99626
0.0
0.0
0.0
0.0
3.04311
0.0
0.0
0.0
0.0
0.0
0.0
0.0
0.0
0.0
1.54231
0.0
0.0
1.37854
0.0
0.0
0.0
0.0
0.833985
0.0
0.0
0.540496
0.0
0.0
1.16798
0.0
0.0
0.0
0.0
0.0
0.0
0.0
7.99837
0.0
0.0
0.0
0.0
0.0
0.0
0.0
1.83557
0.0
0.0
0.0
0.0
2.88889
4.65131
0.0
0.0
0.0
0.0
0.0
2.46346
0.0
0.0
0.0
0.0
0.0
0.0
1.24626
0.484783
0.0
4.39438
0.0
3.04319
0.465102
0.398816
0.0
0.0
1.53125
0.0
0.0
0.0
0.0
0.0
0.0
0.0
0.0
0.0
0.0
0.0
0.0
0.0
0.0
0.0
0.0
0.0
0.0
0.0
0.0
0.0
0.0
0.0
0.0
0.0
0.0
3.0492
0.0
0.0
0.0
0.0
0.0
0.0
0.0
0.475735
0.0
0.0
0.0
0.0
0.0
0.0
0.0
0.0
0.0
0.0
0.0
0.0
2.6757
0.0
0.177908
0.0
3.80537
0.0
0.0
3.2592
0.0
1.91313
0.0
0.0
1.82442
0.0
0.0
3.47264
0.0
0.0
0.0
4.2488
0.0
0.0
0.0
0.0
0.0
0.0
0.0
0.0
0.0
0.0916424
1.87128
0.0
0.0
0.0
0.0
0.0
0.0
0.0
2.07753
0.0
2.76959
0.0
0.0
0.0
0.0
0.0
0.0
0.158512
0.0
2.80498
0.0
0.0
1.63461
0.0
0.0
0.0
0.0
0.0
0.0
0.957006
0.0
2.75707
0.0
2.1559
0.0
1.18778
3.26919
0.0
0.0
0.0
0.0
0.0
1.24561
0.0
0.0
3.04851
0.0
0.0
0.0
0.0
0.0
0.0
0.0
0.0
0.0
1.46214
0.0
0.0
0.0
0.0
2.41348
0.0
6.43109
0.129878
0.0
0.0
0.0
0.0
0.728853
0.0
0.0
0.0
0.0
0.0
0.0
0.0
0.300146
2.7475
0.0
3.20599
0.0
0.952474
0.965856
0.0
0.0
0.0
0.0
0.0
0.0
0.0
0.0
0.0
0.0407899
0.0
2.09647
0.0
0.0
0.0
0.461344
0.0
0.0
0.0
0.0
0.0
0.0
0.0
0.0
0.0
1.61149
2.28607
0.0
0.0
0.0
0.0
0.0
0.0
0.0
0.0
5.69158
0.0
0.0
2.20201
0.0
0.0
0.0
0.0
0.0
0.0
0.0
0.894181
0.0
0.0
0.0
0.0
0.0
0.0
0.762257
0.0
0.0
6.815
0.0
0.0
1.61713
0.0
0.0
0.0
0.0
0.0
5.53947
0.0
0.0
0.0
0.608109
0.0
0.0
0.0
0.0
0.0
0.0
0.0
0.0
0.0
0.0
0.0
0.0
0.0
0.0
0.0
0.0
0.0
0.0
0.0
0.0
0.0
0.0
0.0
0.0
1.53597
0.0
0.0
6.29151
0.0
0.0
0.0
0.0
0.0
0.0
0.225667
0.0
0.0
0.0
0.0
0.0
0.0
0.0
0.0
0.0
0.0
0.0
0.0
0.0
0.0
