0.0
0.0
0.0
0.0
0.0
0.0
0.0
0.0
0.0
0.0
0.0
0.0
0.0
0.0
0.0
0.0
0.0
0.0
0.0
0.0
0.0
1.68134
0.0
0.0
0.0
0.0
0.0
0.0
0.0
0.0
0.0
3.28482
0.0
1.01247
0.0
0.0
0.0
0.379272
0.0
0.0
0.0
0.0
2.59451
0.0
0.0
2.55276
0.0
0.0
0.0
0.0
1.92321
0.0
0.0
0.0
0.505116
0.0
0.0
0.0
0.0
0.0
1.28559
0.0
0.0
0.0
0.0
0.0
0.0
0.0
5.62894
0.0
0.0
0.0
0.0
0.0
0.0
0.0
0.0
0.0
0.0
0.0
0.0
0.0
0.0
0.0
0.0
0.0
0.0
0.0
0.402297
0.0
0.0
0.0
0.0
0.0
0.0
0.0
0.0
0.0
0.760679
0.0
0.0
0.0
0.151559
0.0
0.0
0.0
0.0
0.0
0.0
1.14588
0.0
0.0
0.0
2.93783
0.0
0.0
0.0
4.77778
0.130257
0.0
2.76588
0.0
0.0
0.0
0.0
0.0
0.0
5.10414
0.0
0.0
0.0
1.31308
0.0
0.0
0.0
0.0
0.0
0.0
3.78857
0.0
0.0
0.0
0.0
0.0
0.0
0.0
0.0
0.0
0.0
0.0
0.0
0.512313
0.0
0.0
0.0
0.0
0.0
0.0
0.0
0.0
0.0
0.0
0.0
0.0
0.0
0.0
0.0
0.0602133
3.46954
2.80228
0.0
0.0
2.81114
0.0
0.0
0.0
0.0
0.0
1.56565
0.0
3.15259
0.0
0.0
0.0
0.0
0.0
0.0
0.0
0.0
0.348368
1.09593
0.0
0.447972
0.0
0.0
0.0
0.0
0.0
0.0
2.19919
0.0
0.73059
0.0
0.0
0.0
0.0
0.0
0.0
0.0
0.0
0.0
0.0
0.0
0.0
1.23722
0.72855
0.0
0.0
0.0
4.38245
0.0
0.687456
0.0
0.0
0.0
0.0
0.0
0.0
0.0
0.0
0.0
0.0
0.0
0.0
0.0
0.0
0.0
0.0
0.0
0.0
0.0
0.0
2.18724
3.50823
1.06674
0.0
0.0
5.14663
0.0
0.0
4.60245
0.0
0.0
0.0
0.0
2.3947
0.0
0.0
0.0
0.0
0.0
0.0
0.598237
0.0
0.0
0.0
1.84438
0.0
0.0
0.0
0.0
1.31664
0.0
0.0
0.0
0.0
8.79004
0.0
0.0
0.0
0.0
0.0
2.4752
3.47155
0.0
0.0
0.0
0.0
0.0
0.0
0.0
0.0
0.0
0.0
0.0
0.0
0.0
0.0
0.0
0.0
0.0
5.95739
0.0
0.0
0.0
0.0
0.0
0.0
1.00305
0.990219
0.0
0.0
0.0
0.0
0.0
0.0
0.0
0.0
0.0
0.0
0.0
0.0
0.0
0.0
0.170566
0.0
0.0
0.0
0.0
0.0
0.0
0.0
0.0
0.118361
0.0
0.0
0.0
0.0
0.0
0.0
0.0
2.39343
0.0
0.0
0.0
0.0
0.0
0.0
2.52695
0.0
0.0
0.0
0.0
0.0
0.0
0.0
0.0
0.0
0.0
0.0
0.0
0.0
0.0
0.0
0.0
0.0
0.0
0.0
0.0
0.0
0.0
0.0
0.0
0.0
0.0
0.0
0.068525
0.0
0.0
0.0580052
0.0
0.0
0.0
0.0
0.0
0.0
0.0
4.16893
0.0
0.0
0.0
2.51065
0.0
0.0
0.0
1.12559
4.88791
0.0
0.0
0.0
0.0
0.0
0.0
0.0
0.0
0.0
2.82152
0.0
0.0
0.0
0.0
0.0
0.0
0.0
1.51992
0.0
0.0
0.0
0.0
3.79919
0.0
0.0
2.67938
0.0
0.0
0.0
0.0
0.0
0.538528
0.288729
2.32878
0.0
0.0
0.0
0.0
0.0
0.0
0.0
0.405108
0.0
0.0
0.0
0.0
0.0
0.0
0.0
0.0
0.0
0.890223
0.0
0.0
0.0
0.746813
0.921646
0.0
0.0
0.0
0.0
0.0
0.0
0.0
2.20756
0.0
0.0
0.0
0.341455
0.0
0.0
0.0697177
2.97926
0.0
0.0
0.0
0.0
0.0
0.0
0.0
0.0
0.0
0.0
0.0
0.0
0.0
0.0
0.0
0.0
0.0
0.0
0.0
0.0
0.0
0.0
0.0
0.0
0.0
0.0
3.17442
0.498012
0.0
0.0
0.0
0.0
0.0
0.0
4.04005
0.0
0.0
0.0
0.0
0.0
0.0
0.0
0.0
0.0
0.0
0.0
0.0
0.671477
0.0
0.0
0.0
0.0
0.0
0.0
0.0
0.0
0.0
0.0
0.0
0.0
0.0
0.0
0.0
0.421164
0.0
0.0
0.0
0.0
0.0
0.0
0.0
0.0
1.47687
4.20056
0.0
0.0
0.0
0.0
0.0
0.0
0.0
0.0
0.0
0.0
8.61516
0.0
0.0
0.0
0.0
0.0
0.0
0.0
0.0
0.419345
0.0
0.0
0.0
0.0
0.0
0.0
0.0
0.0
0.796698
0.0600831
1.01499
0.0
0.0
0.0
0.0
0.220039
0.0
0.0
0.0
0.946925
0.0
0.0
2.06067
0.125917
0.0
0.0
0.0
0.0
0.0
0.0
0.0
0.0
0.0
0.0
0.0
0.0
0.0
0.0
0.0
0.158338
0.0
0.0
2.67536
0.0
0.0
0.0
0.0
0.0
0.0
0.0
0.0
0.0
0.0
0.0
0.0
0.0
2.19943
0.0
0.0
0.0
0.604105
0.0
0.0
0.0
0.0
0.0
0.0
0.0
0.0
0.0
0.0
0.0
0.0
0.0
0.0
0.0
0.0
0.0
0.0
0.375604
0.0
0.0
0.0
0.0
0.0
0.0
0.0
0.0
0.0
0.0
0.0
0.0
0.0
0.0
0.0
0.0
0.0
0.0
0.0
0.0
0.0
0.0
0.0
0.0
0.0
0.0
0.0
0.0
0.0
0.0
0.0
0.0
0.0
0.0
0.0
0.0
0.0
0.0
0.0
1.89671
0.0
0.0
0.0
0.0
0.0
0.0
0.0
0.0
0.0
0.0
0.0
0.0
0.0
0.0
0.0
0.84131
0.0
0.0
0.0
3.51556
0.0
0.0
0.0
0.0
0.0
0.0
0.0
0.0
0.0
0.0
0.0
0.0
0.0
0.0
0.0
0.0
0.0
0.0
0.0
0.0
0.0
0.0
1.74642
0.0
2.82503
0.0
0.0
0.0
0.0
0.0
0.0
0.0
0.0
0.0
0.0
0.0
0.0
0.0
0.0
0.0
0.0
1.61401
0.0
0.0
0.0
0.0
0.0
0.0
0.0
0.0
0.0
0.0
0.0
0.933925
0.0
0.0
4.1562
0.799801
0.0
0.0
0.0
0.0
0.0
0.0
0.0
1.90852
0.0
0.0
0.0
7.32238
0.0
1.09898
0.0
2.59823
0.0
4.16154
0.0
0.0
0.0
2.07559
0.0
0.0
0.0
0.0
0.0
0.0
0.0
0.0
0.0
0.0
0.0
0.0
0.758704
0.0
3.32267
2.27672
0.0
0.0
0.0
0.0
0.0
0.0
0.0
0.0
0.0
0.0
0.0
0.0
0.0
0.0
0.0
0.0
7.44491
0.0
0.0
0.0
0.0
0.0
0.0
0.0
0.0
0.0
0.0
0.0
0.0
0.0
0.0
0.0
0.0
0.0
0.0
0.0
0.0
0.0
0.0
0.0
0.0
0.0
0.0
0.0
2.56277
0.0
0.0
0.0
2.61333
1.16098
0.0
0.0
0.979849
0.0
0.874709
0.0
0.0
0.0
0.0
0.0
0.0
0.0
0.0
0.0
0.0
0.0
0.0
0.0
0.0
0.0
0.0
0.0
0.0
0.0
0.0
0.472823
0.0
0.0
0.0
1.00892
0.0
0.0
0.0
0.0
0.376181
0.0
0.0
0.0
0.0
4.51682
0.0
0.0
0.191523
0.0
2.54314
0.0
0.0
0.0
0.0
0.0
0.0
0.0
0.0
0.0
0.0
0.0
0.0
0.0
5.34998
2.07801
0.0
0.0
0.0
0.0
0.0
0.0
0.0
0.0
0.0
0.0
0.0
0.0
0.0
0.0
0.0
0.0
0.0
0.0
0.0
0.0
0.0
0.0
0.0
0.0
0.0
0.0
0.0
0.0
0.0
0.0
0.0
0.0
0.0
1.92004
0.0
0.0
0.0
0.0
0.0
0.0
0.0
5.03619
0.0
0.0
0.0
0.0
0.0
0.0
0.0
0.0
0.0
0.0
0.0
0.0
0.0
0.0
0.0
0.0
0.0
0.0
0.0
0.0
0.0
0.0
0.0
0.0
0.0
0.0
0.0
0.0
0.0
0.0
0.0
0.0
0.0
5.93278
0.0
0.0
0.0
0.0
0.0
0.0
0.0
0.0
0.0
0.0
0.0
0.0
0.0
0.0
0.0
0.0
0.0
0.0
0.0
0.0
0.0
0.0
0.0
0.0
0.0
0.0
0.0
0.0
0.0
0.547556
0.0
1.05927
0.0
0.0
0.0
0.0
0.0
0.0
0.0
0.0
0.0
0.0
1.02909
0.0
0.0
0.0
0.0
0.0
0.0
0.0
0.0
0.0
0.0
0.0
0.0
0.0
0.0
0.977392
0.0
0.0
0.0
0.0
0.0
0.0
0.0
0.0
0.0
0.0
0.0
1.62697
0.0
0.0
1.46475
0.0
0.0
0.0
0.0
0.0
0.0
3.65818
0.0
0.0
0.0
0.0
0.0
0.0
0.0
0.0
0.0
0.0
0.0
0.0
0.0
0.324652
0.0
2.42416
0.0
0.0
0.0
0.0
0.0
1.22715
0.0
0.0
0.0
0.0
0.0
1.60485
0.0
0.0
0.0
7.45209
0.0
3.56692
0.0
0.0
0.0
0.0
0.0
0.0
0.0
0.0
0.0
0.0
0.0
0.0
0.0
0.0
0.0
0.0
0.0
0.0
6.6218
0.0
0.0
0.0
0.0
0.0
0.0
0.0
0.0
0.0
3.23489
0.0
0.0
0.0
0.0
0.0
0.0
0.0
0.0
0.0
0.0
0.0
0.0
3.2964
0.0
2.46889
0.0
0.0
0.0
0.0
0.0
0.994906
0.0
0.0
0.0
0.0
4.81446
0.0
0.0
0.0
0.0
0.0
0.0
0.0
2.66828
0.0
2.47755
0.0
0.792944
3.71515
1.28195
0.0
0.0
0.423164
5.13516
0.0
0.0
0.0
0.0
0.0
0.0
3.31368
0.0
0.0
0.0
0.0
0.0
0.0
0.0
0.0
0.0
0.0
0.0
0.0
0.0
0.0
2.38663
0.0
0.0
0.0
0.0
0.0
0.0
0.0
0.0
0.0
0.0
0.0
1.98197
0.0
0.0
0.0
0.0
0.0
0.0
0.0
0.0
0.0
4.27222
0.0
0.0
3.72095
0.0
5.76502
0.0
0.0
0.861257
0.518899
0.0
0.0
0.0
0.0
0.0
1.9021
0.0
1.34837
0.0
0.359966
0.0
0.0
0.0
0.0
0.0
0.0
0.0
0.0
0.0
2.63332
0.0
0.0
0.0
0.0
0.0
0.0
0.0
2.28714
0.0
0.0
0.0
0.0
2.18005
0.0
4.92679
0.0
0.0
0.0
0.0
0.0
0.0
0.0
0.0
0.0
0.0
0.0
0.0
0.0
0.0
0.0
1.68627
4.14039
0.0
0.0
0.0
0.0
0.0
0.0
0.0
1.13133
0.0
0.0
0.0
0.0
0.0
8.89495
0.0
0.0
6.97139
0.0
0.0
0.0
0.0
0.0
4.98626
0.0
0.0
0.0
2.92481
0.0
3.33792
0.0
0.0
0.549058
0.0
2.76857
0.0
0.0
0.0
0.0
0.0
0.0
0.0
0.0
0.0
0.0
0.0
0.0
0.0
0.0
0.0
0.0
0.0
0.0
0.0
0.0
0.0
0.0901794
0.0
0.0
0.0
0.0
2.16403
0.0
0.0
0.0312238
0.0
0.0
0.0
0.0
0.0
0.0
0.0
0.0
0.0
0.0
0.0
0.0
0.778042
0.0
0.0
0.0
2.24696
0.0
0.0
0.0
0.0
0.0
0.0
0.795067
0.0
0.0
0.0
0.0
0.0
3.48954
0.0
0.0
0.0
0.0
4.9959
0.0
0.0
0.0
0.0
0.0
0.0
0.0
0.0
0.0
0.0
0.0
0.0
0.0
0.0
1.6985
0.0
0.0
0.0
0.0
2.64814
0.0
0.0
0.0
0.0
0.0
0.218248
1.90179
0.0
4.47433
0.0
0.0
1.26669
0.0
0.0
0.0
0.0
0.0
0.0
0.0
0.0
1.16329
0.0
0.0
0.0
0.0
0.0
0.0
0.0
0.0
0.0
0.0
0.0
0.0
0.0
0.0
0.0
0.0
0.0
0.0
0.0
0.0
1.43183
0.0
0.0
0.0
0.0
0.0
0.0
0.0
0.0
0.0
0.0
1.83633
0.0
0.0
0.0
0.0
0.0
0.0
0.0
0.0
0.0
0.0
0.0
0.0
1.18905
1.67722
0.0
0.0
0.831147
0.0
0.566304
0.206466
0.0
0.0
0.0
0.0
0.0
0.0
0.0
0.0
0.0
0.0
0.0
0.0
0.0
0.0
0.0
0.0
0.0
0.0
0.0
0.0
0.0
0.0
0.0
0.0
1.50903
0.0
0.288059
0.0
0.0
0.0
0.0
0.0
0.0
0.168302
0.0
0.11853
3.90801
0.0
0.0
0.0
0.0
0.0
0.0
0.0
2.26632
0.0
0.0
0.0
0.0
2.88
0.0
1.80359
0.0
0.0
0.0
0.0
0.0
0.0
0.0
0.0
0.250212
0.0
0.0
0.0
0.0
0.0
0.0
0.0
0.0
0.0
0.0
0.623498
0.0
0.0
0.0
0.0
0.0
0.0
0.0
0.0
0.0
0.0
0.0
0.394317
0.0
0.0
0.0
0.0
0.0
0.0
0.0
0.0
0.0
0.112504
0.0
0.0
0.0
0.0
0.0
0.0
1.20395
0.0
0.0
3.28175
0.0
0.0
0.0
0.0
0.0
0.0
0.0
0.0
0.0
0.0
0.0
0.0
0.0
0.0
0.0
0.0
0.0
0.0
0.0
0.0
5.53615
0.0
0.0
0.0
0.0
0.0
0.0
0.0
0.0
0.0
0.0
0.0
0.0
0.0
0.0
2.39764
0.0
0.0
0.0
1.12584
0.0
0.0
0.0
0.0
0.0
0.0
0.0
0.0
0.0
0.0
0.0
0.0
0.0
0.0
0.0
0.0
0.0
1.6336
0.0
0.0
0.0
5.10935
0.0
0.0
3.25319
0.0
0.0
0.0
0.0
0.0
0.0
2.72992
0.0
0.0
0.0
3.06288
0.0
0.740222
0.0
0.0
0.0
0.0
0.0
0.636793
0.0
0.0
0.0
0.0
0.0
0.0
0.0
0.0
0.0
0.0
0.0
0.0
0.0
4.0088
0.0
4.14106
0.0
0.0
0.0
0.800656
2.99058
0.0
0.0
0.276696
0.0
0.0
2.36912
0.0
0.0
0.0
2.24365
0.0
0.0
0.0
0.0
0.0
0.0
0.0
0.0
0.0
0.825894
0.0
0.0
0.0
0.0
0.0
0.0
0.681472
0.0
0.0
0.0
0.0
0.0
3.66677
0.0
0.0
0.0
0.0
0.0
0.499839
1.15672
0.0
0.0
0.0
0.0
0.0
0.0
0.0
2.6914
0.0
0.0
0.0
0.0
0.0
0.0
0.0
0.0
0.0
0.0
0.0
0.0
2.29478
0.0
2.84479
0.0
0.0
4.23503
0.0
0.0
0.0
0.0
0.0
0.0
0.0
0.0
0.0
0.0
0.0
0.0
0.0
0.0
0.0
4.43437
0.0
0.0
0.0
0.350777
8.03004
0.0
1.2372
0.323875
0.0
0.0
0.0
0.0
0.0146958
0.522849
0.0
0.0
0.0
0.0
0.0
4.82258
0.0
2.22756
0.0
0.0
0.0
0.0
0.0
0.0
0.0
0.0
0.0
0.0
0.0
0.0
0.0
0.0
0.0
1.1761
0.0
0.0
0.0
0.0
0.0
0.0
0.519353
0.0
0.0
0.0
0.0
0.0
0.0
0.0
0.0
0.482291
0.0
0.0
0.0
0.0
0.330411
0.0
0.854796
0.0
0.949864
0.0
0.0
1.05389
1.10496
0.0
0.0
1.00411
0.0
0.0
0.0
0.0
0.0
0.0
0.0
0.0
0.0
0.0
0.0
0.0
0.0
0.0
2.33292
0.0
0.0
0.0
0.0
0.0
4.1775
0.0
0.0
0.0
0.0
0.0
0.0
0.586947
0.0
0.0
0.0
0.0
0.0
2.57602
0.0
0.0
0.0
0.0
2.26186
0.0
0.0
2.9883
0.0
0.0
0.0
0.940175
0.0
0.0
0.0
0.0
0.0
0.0
0.0
0.0
0.0
0.0
0.0
0.433142
0.0
0.0
0.0
0.0
1.92781
0.461826
5.25676
0.0
0.0
0.0
0.0
0.0
0.0
0.0
0.0
0.0
0.0
0.0
0.0
1.03306
0.0
0.0
0.0
0.0
0.0
0.0
0.157099
0.0
0.0
0.0
0.0
0.0
0.0
0.924635
0.0
0.0
0.0
1.69034
0.0
0.0
0.0
0.0
1.57507
0.0
0.0
0.0
0.0
1.19821
0.0
2.37555
0.0
0.0
0.0
0.0
0.0
0.0
0.0
0.0
0.0
0.0
0.0
0.0
0.0
0.0
0.0
0.0
0.0
0.0
0.0
0.0
0.0
0.0
0.0
0.444702
0.0
0.0
0.0
0.0
0.0
0.0
0.0
0.0
0.0
0.142989
0.0
1.77237
0.812522
0.0
0.0
0.0
0.0
0.0
0.0
0.0
0.0
1.4238
0.0
0.0
0.0
2.17848
2.69955
2.93372
0.0
2.20862
0.0
0.764673
0.0
0.516925
0.0
3.34393
0.0
5.72297
1.86594
0.0
0.0
0.0
0.0
0.762992
0.199558
0.0
0.0
0.0
2.89024
0.984865
0.0
0.0
3.03371
0.0
0.166931
0.0
0.0
0.732251
0.0
0.0
3.50687
0.0
0.0
0.0
0.0
0.0
1.21132
0.0
0.0
4.70159
0.0
1.86603
0.0
0.0
0.0
0.0
0.0
0.0
0.0
0.0
0.0
5.42794
0.0
0.0
0.0
0.0
0.839711
0.0
0.0
0.0
0.0
0.0
0.0
0.0
0.468267
0.672979
2.47377
0.0
0.0
0.0
0.0
0.0
0.0
0.0
2.3139
5.39492
0.0
0.0
0.0
1.16201
4.38922
0.0
0.0
3.10083
0.0
0.0
0.0
0.0
0.0
0.0
0.0
1.05237
0.0
0.0
0.0
2.18355
0.0
0.0
0.0
0.0
0.0
5.75499
0.0
0.0
0.0
0.0
0.0
0.0
0.0
0.0
0.352099
0.0
0.0
0.0
2.72573
0.0
0.0
0.0
0.0
0.0
0.0
0.0
0.0
0.0
0.0
0.0
0.0
0.0
0.0
0.0
0.618373
0.0
0.0
0.0
0.0
0.0
2.18642
0.0
0.0
0.0
0.0
0.0
0.0
5.37281
0.0207985
0.0
0.0
0.0
0.0
0.0
0.0
0.107479
0.0
0.710621
0.0
0.0
0.0
0.0
1.11591
0.0
0.0
0.0
0.0
0.0
0.0
0.0
0.0
0.0
0.0
0.0
0.0
0.0
0.0
0.0
0.332894
0.0
0.0
0.0
2.04288
0.0
0.0
0.0
0.0
0.0
0.0
0.0
0.0
0.0
0.0
0.0
0.0
0.0
0.0
0.0
0.0
0.0
0.0
0.0
0.0
0.0
0.0
0.0
0.0
0.0
0.0
0.0
0.0
0.0
0.0
0.0
0.0
0.0
0.0
0.0
0.0
0.0
0.0
2.72173
1.61268
0.0
0.0
0.0
0.0
0.669082
0.0
0.0
0.0
0.0
0.51576
0.0
0.0
0.0
0.0
0.0
0.0
0.0
0.0
0.0
0.0
0.0
2.57371
0.0
0.0
0.0
0.0
0.0
0.0
0.0
2.77721
0.173714
0.0
0.0
5.60906
0.0
0.0
0.0
0.0
0.0
0.0
0.0
0.0
0.0
0.0
0.0
0.0
4.22018
0.0
0.0
0.0
0.0
0.693311
0.0
0.333951
0.0
0.0
0.0
0.0
1.55531
0.0
1.69532
0.0
0.0
0.0
0.0
0.0
0.0
0.0
0.0
0.0
0.0
0.0
0.0
0.0
0.0
2.10321
0.0
0.0
0.0
0.0
0.0
9.95641
0.0
0.0
0.0
0.0
2.17371
0.0
0.0
0.0
0.0
0.0
0.365433
1.05916
0.0
0.0
0.0
2.49827
0.0
0.0
0.0
0.0
0.0
0.0
0.0
0.227688
0.972885
0.0
5.41446
1.7417
0.0
0.0
0.0
4.35927
4.03288
0.0
2.06701
0.0
0.0
0.0
0.0
0.0
0.0
6.60326
0.0
0.0
0.0
0.0
0.0
0.0
0.0
0.0
0.0
0.0
0.0
0.0
0.0
0.0
0.0
2.9934
0.0
0.0
0.0
0.0
0.0
0.0
0.0
0.0
0.0
0.0
0.0
0.0
0.0
0.0
7.99644
0.0
0.0
0.0
0.0
0.0
0.0
0.0
0.0
0.0
3.22329
0.0
0.0
0.0
0.0
0.0
0.0
0.0
1.1547
0.437276
0.0
0.0
0.0
0.0
1.6684
0.0
0.0
0.0
2.18557
0.0
0.0
2.87943
1.95384
0.0
0.0
2.85474
0.0
0.0
0.0
4.07716
0.0
0.0
0.0
0.0
0.0
1.65017
0.0
0.0
0.0
0.0
0.0
0.0
0.0
0.0
0.0
0.0
1.78944
0.0
0.0
0.0
0.0
0.0
0.692281
0.0
0.240875
0.0
0.0
0.0
0.0
0.0
0.0
0.0
0.0
0.0
0.0
0.0
0.0
0.0
0.0
0.0
0.0
0.0
0.0
0.0
0.0
1.48258
0.0
0.0
0.0
0.0
0.0
0.0
0.0
0.0
0.452047
1.78344
0.0
0.0
0.0
0.0
0.0
0.0
1.09617
2.39485
0.0
0.0
0.0
0.0
0.0
0.0
0.0
0.0
0.0
0.0
0.806965
0.0
0.0
0.0
0.0
0.0
0.0
0.0
0.0
0.0
0.0
0.0
0.0
0.0
0.0
0.0
0.0
0.357883
1.11934
1.50529
0.0
0.0
0.0
0.0
0.0
0.0
0.0
0.402702
0.0
0.0
2.06004
0.0
0.0
0.0
0.0
0.0
0.0
1.83085
0.0
0.0
0.0
0.0
0.0
0.0
0.0
0.0
0.0
0.0
0.0
0.0551548
0.0
3.7115
0.0
0.0
0.0
0.0
0.0
0.0
0.0
0.0
0.0
0.0
0.0
0.0
0.0
0.0
0.0
1.80325
0.0
0.0
0.0
0.0
0.0
0.0
0.0
0.889592
0.0
0.0
0.0
0.0
0.0
1.57174
0.0
0.0
0.0
0.0
0.0
0.0
0.0
0.0
0.0
0.0
0.0
0.0
0.0
2.78572
0.0
0.0
0.0
0.0
1.46118
3.49587
0.0
0.0
0.0
0.0
0.0
3.17886
0.0
0.0
0.0
0.0
0.0
0.0
0.0
0.0
0.0
0.0
0.0
0.0
0.0
0.0
0.0
0.0
0.0
0.0
0.0
0.0
0.0
0.0
0.0
0.0
0.0
0.0
0.0
0.0
0.0
0.0
0.0
0.0
0.0
2.83635
0.0
4.35734
0.0
0.0
0.0
0.0
0.0
0.0
0.0
0.0
0.0
0.0
0.0
0.0
0.0
0.0
0.0
1.11308
0.0
0.0
0.0
0.0
0.0
0.0
2.90215
0.0
0.0
0.970833
0.0
0.0
0.0
0.0
0.0
0.0
0.0
1.17034
1.79246
0.0
0.0
0.0
0.0
0.0
1.964
0.0
3.15207
0.0
0.29052
0.0
4.1738
0.0
0.0
0.0
0.0
0.586397
0.0
0.0
0.0
0.0
0.0
0.0
0.612582
0.0
0.0
0.0
0.0
0.0
0.0
0.0
0.0
0.0
0.0
0.0
0.0
0.0
0.0
1.34662
0.0
0.0
5.30588
3.03476
0.0
0.0
0.0
2.38495
0.0
0.0
0.0
0.0
0.0
0.0
3.4209
0.0
0.0
0.0
0.0
0.0
0.0
0.0
0.0
0.0
2.17391
0.0
0.0
4.95985
0.0
0.0
0.0
0.0
0.0
0.0
0.0
0.0
0.0
0.0
0.0
0.0
4.53972
0.0
4.37896
0.0
0.0
2.73351
0.0
0.0
1.22196
0.0
0.0
2.45578
0.0
0.0
0.0
0.0
0.0
2.73532
0.0
0.0
0.0
2.69995
0.0
0.0
0.0
0.0
0.0
0.0
0.0
0.0
0.0
0.0
0.0
0.0
0.0
0.0
0.0
0.0
0.0
5.02612
2.5224
0.0
0.0
0.0
0.0
0.0
1.7333
0.0
0.0
0.0
1.53149
0.0
0.0
0.0
0.0
0.0
0.0
0.0
0.0
0.0
0.0
0.0
0.0
0.0
0.0
0.0
0.0
0.0
0.0
0.0
0.0
1.17686
0.0
0.0
0.0
0.0
0.0
0.0
1.38051
0.0
0.0
0.0
0.0
0.0
0.0
0.0
0.0
0.0
0.0
0.0
0.106138
0.0
0.0
0.0
0.0
0.0
0.0
0.0
0.0
0.0
0.0
0.0
0.0
0.0
0.0
0.0
0.0
0.0
0.0
0.0
0.0
0.0
0.477283
0.0
0.0
3.16144
0.0
0.0
0.0
0.0
0.0
0.0
0.0
0.0
0.0
0.0
0.0
0.0
0.0
0.0
0.0
3.73408
0.0
0.0
0.0
0.0
0.0
0.0
0.0749124
0.0
0.0
0.0
0.0
0.0
0.0
0.0
0.0
0.0
0.0
0.0
0.0
0.0
0.0
0.465552
0.0
0.0
0.0
0.0
0.0
0.0
0.0
0.0
0.0
2.99067
0.0
0.0
0.0
0.0
0.75081
0.0
0.0
0.0
0.0
0.0
0.0
0.0
0.0
0.0
0.0
0.0
0.0
0.0
5.7818
0.0
0.0
0.0
0.0
0.0
0.0
0.0
1.11131
0.0
0.886372
0.0
0.0
0.0
0.0
0.0
0.0
0.314289
0.0
0.0
0.0
0.0
0.0
0.0
0.0
1.73485
0.0
0.0
0.0
0.0276735
0.0
0.0
1.64666
0.0
0.0
0.0
0.0
0.0
0.0
0.0
0.0
0.0
0.0
0.0
0.0
0.0
1.98814
0.0
0.0
0.0
0.0
0.0
0.0
0.0
0.0
0.0
0.0
0.0
0.472658
0.0
0.565827
0.0
0.536804
0.0
0.0
0.0
0.0
0.0
0.0
0.0
0.0
0.0
0.0
0.0
0.0
0.0
0.0
3.83553
0.0
0.0
0.0
0.0
0.0
0.0
1.14007
0.0
0.0
0.025802
0.0
0.0
0.0
0.0
0.0
0.0
1.02741
0.0
0.0
0.0
0.0
0.0
0.0
0.0
0.0
0.0
0.0
0.0
0.0
0.0
0.0
0.565153
0.0
0.0
0.0
0.0
0.0
0.0
0.0
0.0
0.0
0.0
1.18111
0.0
0.0
0.0
0.0
0.241855
0.0
0.0
0.0
0.0
0.0
0.0
0.0
0.0
0.0
0.0
0.0
1.0657
0.0
0.0283682
2.96135
2.80214
0.0
0.0
0.0
0.0
0.0
0.0
0.0
0.0
0.0
0.653695
0.0
0.0
0.0
0.205077
0.0
0.0
0.0
1.28833
0.0
3.11828
0.901135
0.0
0.0
0.0
0.0
0.0
0.0
0.0
0.0
0.0
0.0
0.0
0.0
0.0
0.0
0.0
0.0
0.0
0.0
0.0
0.0
0.0
0.0
0.0
0.0
0.0
3.44548
0.0
0.0
0.0
0.0
0.0
0.0
0.0
0.0
0.0
0.0
0.0
0.0
0.0
0.0
0.0
0.0
0.0
0.915731
0.0
0.0
2.44704
0.0
0.0
0.0
0.0
0.0
0.0
0.0
0.0
0.390844
3.94661
0.0
0.0
0.0
0.0
0.0
0.0
0.0
0.0
0.0
0.0
0.0
0.0
0.0
0.0
0.0
0.0
0.0
0.0
0.0
0.0
0.0
0.0
0.0
0.0
0.0
0.0
1.25102
0.0
5.09423
0.0
0.0
0.0
0.0
0.0
0.0
0.0
0.0
0.0
0.0
0.0
0.524518
0.0
0.0
0.0
0.0
0.0
0.0
0.0
0.0
0.0
0.0
0.0
0.0
0.0
0.0
0.0
0.0
0.0
0.0
0.0
0.0
0.0
3.28216
0.0
0.0
0.45721
0.0
0.0
0.0
0.167854
0.0
0.0
0.0
0.0
1.31574
0.0
0.0
0.0
0.0
0.0
0.0
0.0
0.0
0.0
0.0
0.0
0.0
0.0
0.485471
0.0
0.0
3.87544
0.0
0.0
0.0
0.0
0.0
0.0
4.34814
0.0
0.0
0.0
0.0
0.0
0.0
0.0
0.401316
0.0
0.0
0.0
0.256848
0.0
0.0
0.0
4.11375
0.0
0.0
0.0
0.0
0.0
0.0
0.0
0.0
0.0
0.0
0.0
0.0
0.0
0.0
0.0
4.94162
0.0
0.0
0.0
0.0
0.0
0.0
0.0
0.0
0.0
0.0
0.0
1.26092
0.0
0.0
0.0
0.259864
0.126007
0.0
0.0
2.73413
0.0
0.0
0.0
0.0
0.0
0.0
0.0
0.0
0.0
0.0
0.0
0.0
0.0
0.0
0.0
0.0
0.0
0.0
0.0
0.0
0.0
0.0
1.35143
0.0
0.0
0.0
0.0
0.0
1.31463
1.42074
0.0
1.22532
0.0
0.0
0.0
0.0
0.0
0.0
0.0
0.0
0.0
0.0
0.0
0.0
0.0
0.0
0.0
1.33982
0.0
0.0
0.0
0.0
1.56886
0.0
0.0
0.0
0.0
0.0
0.0
0.0
0.0916247
0.0
0.546138
0.0
0.0
0.0
2.79889
0.0
3.30055
0.0
0.0
0.0
0.0
0.0
0.0
0.0
0.0
0.0
0.0
0.0
0.0
0.0
0.0
0.0
0.0
0.0
0.0
0.0
0.0
0.0
0.0
0.0
0.0
0.0
0.0
0.0
0.0478878
0.0
0.0
0.0
0.0
0.0
0.0
0.0
0.0
7.64328
0.0
0.0
0.0
0.0
0.0
0.711437
0.0
0.0
0.531422
0.0
3.85905
0.0
0.0
0.0
0.0
0.0
0.0
0.0
0.0
0.0
0.0
0.0
0.0
0.0
0.0
4.15127
0.0
0.0
0.0
0.0
0.0
0.0
1.90253
0.0
0.0
0.0
0.0
0.0
0.0
0.0
0.0
0.132864
1.74155
0.0
0.0
0.0
0.0
4.45054
0.0
0.0
0.0
0.0
4.5857
0.0
0.0
0.0
0.0
0.0
0.0
0.0
0.0
0.0
0.0
0.0
0.0
0.0
0.0
0.0
0.0
0.673976
0.0
0.0
0.0
0.0
0.0
0.0
0.0
0.0
0.0
0.0
0.0
0.0
0.0
0.0
0.0
0.222204
0.0
0.356597
0.0
0.0
0.0
0.0
0.0
0.0
0.984326
0.0
0.0
0.0
0.590811
0.0
0.0
0.850562
0.0
0.0
0.0
0.0
0.0
2.12369
0.0
0.0
0.0
0.0
0.0
0.0
0.0
0.0
0.0
0.0
0.0
0.0
0.0
0.0
0.0
0.0
0.0
0.717877
0.0
0.0
0.0
2.24859
0.0
0.0
0.0
0.0
2.85978
2.48408
0.0
0.0
0.0
0.0
0.0
0.0
0.0
0.0
0.0
0.0
0.0
0.0
3.83479
0.0
0.0
0.0
0.0
4.71048
0.0
0.0
0.0
1.55156
0.0
0.0
0.0
0.0
1.98597
0.0
0.0
2.85434
0.0
0.0
0.0
0.0
0.753883
3.2025
0.0
0.0
0.0
0.0
0.0
0.0
0.0
0.0
0.0
0.0
0.0
0.0
0.0
0.0
1.35729
0.0
0.0
0.0
3.17143
0.798236
0.0
0.0
0.0
0.0
0.0
0.0
0.0
0.0
1.703
0.0
0.0
0.0
0.0
0.0824166
0.0
0.0
0.0
1.60921
0.0
0.0
6.49614
0.0
0.0
0.0
0.0
0.0
0.0
0.0
0.0
0.0
0.0
0.0
0.0
0.0
0.0
0.0
1.19442
0.0
0.0
0.0
0.0
6.54927
3.34104
0.0
0.0
0.0
0.0
0.0
0.0
0.0
0.0
0.0
0.0
0.0
0.0
0.0
0.0
0.0
0.0
1.87334
0.0
0.0
0.0
0.0
0.0
0.0
2.59379
0.0
0.0
0.0
0.0
0.0
0.0
0.0
0.0
2.80175
0.0
3.67679
0.0
0.0
0.0
0.0
0.0
0.0
0.0
0.0
1.31584
2.72352
0.0
0.0
0.0
0.0
0.0
1.46905
0.0
1.87567
0.0
0.0
1.10097
0.0
0.0
0.0
0.0
0.883616
3.59784
7.04527
0.0
0.0
0.0
0.0
0.0
0.0
0.0
0.0
0.0
1.09658
3.60784
0.0
0.0
0.0
0.0
0.0
0.0
0.0
0.45954
0.0
0.0
1.51106
0.0
0.0
0.0
0.0
0.0
0.135039
0.0
0.0
0.0
0.0
0.0
0.0
0.0
0.0
0.0
0.0
0.0
0.0
0.0
0.0
6.28366
0.0
0.0
0.0
0.0
0.0
0.0
0.0
0.0
0.0
0.0
6.14831
0.0
0.0
0.0
0.0
0.0
0.0
0.0
0.0
0.0
0.0
0.0
0.951083
0.0
0.0
0.0
0.0
2.82977
0.0
0.0
0.0
0.0
0.0
0.0
1.20297
0.0
0.0
0.0
0.0
0.0
0.0
0.0
0.0
0.0
0.0
0.0
0.0
0.0
0.0
0.0
0.0
0.0
0.0
0.0
0.0
2.49113
0.0
0.0
0.0
0.0
0.0
1.026
0.0
0.0
0.0
0.0
0.0
0.0
0.0
0.0
0.0
0.0
0.0
2.13786
0.0944566
2.31536
0.0
0.0
0.0
0.0
0.0
0.0
0.0
0.0
0.0
0.0
0.0
0.0
0.0
0.0
0.0
1.47449
0.0
0.821118
0.0
0.0
0.0
0.0
0.0
0.0
0.0
1.82401
0.0
0.0
0.0
0.0
0.0
0.0
0.0
0.0
0.0
0.0
0.0
0.0
0.0
0.0
0.0
0.0
0.0
0.0
0.0
0.0
0.0
0.0
0.0
0.0
0.0817461
0.0
1.44483
0.0
7.87636
0.0
0.0
5.7127
0.0
0.0
0.0
0.0
0.0
0.0
0.0
0.441138
0.0
0.0
0.0
0.0
0.0
0.0
0.0
0.0
0.0
0.0
0.0
0.0
0.0
0.0
0.0
0.0
0.0
0.0
0.0
0.0
0.0
0.0
0.0
0.94477
0.0
0.0
0.0
0.0
0.0
1.54288
0.0
0.76237
0.0
0.0
0.0
0.0
4.68358
0.0
0.0
0.0
3.47926
0.0
1.97428
0.0
0.0
2.63324
5.24497
3.41886
0.0
0.0
0.0
0.0
0.0
0.0
0.0
0.0
3.18738
0.0
0.0
0.0
0.0
0.0
0.0
0.0
0.160949
0.0
0.0
0.237632
0.0
0.670444
0.0
0.0
0.0
0.0
0.794262
0.0
5.14305
0.0
0.0
0.0
0.0
0.0
0.0
0.0
0.0
0.0
0.0
0.0
0.0
0.0
0.0
3.60304
0.0
0.0
0.0
3.17739
2.05588
0.0
0.0
0.0
0.0
0.0
0.0
0.0
0.0
0.0
0.0
0.0
0.0
0.0
0.0
0.0
0.0
0.0
0.0
0.0
0.0
0.0
0.0
0.0
0.0
0.0
0.0
1.76135
0.0
0.0
0.0
0.0
0.0
0.0
0.0
0.0
2.1889
0.0
0.0
0.0
0.0
0.0
0.0
0.0
0.0
2.49081
0.0
0.0
0.0
0.0
0.0
0.0
0.687912
0.0
0.0
0.50208
0.0
0.713756
0.0
0.0
2.37968
0.0
0.0
0.0
0.0
0.0
0.127915
0.0
0.0
0.0
0.118897
0.0
0.0
0.340767
0.0
0.0
0.0
0.0
0.0
0.0
0.0
0.0
0.0
0.0
0.0
0.0
0.0
0.0
0.0
0.0
0.0
0.0
0.0
0.0
0.0
0.0
0.990236
0.0
2.02974
0.0
0.0
0.0
0.0
0.0
0.0
0.0
0.0
0.0
0.0
0.0
0.0
0.0
0.0
0.0
0.0
2.05887
0.0
0.0
0.0
0.573772
