0.0
0.0
3.31978
0.0
2.06355
0.0
0.0
0.0
0.0
0.0
0.0
0.0
0.0
0.0
0.0
0.0
0.0
0.0
0.99299
0.0
0.0
2.73524
0.0
0.0
0.0
0.0
0.0
0.0
0.0
0.0
0.0
0.0
0.0
6.26603
0.0
0.0
0.0
0.0
0.0
0.0
0.0
0.0
1.78299
0.0
0.70486
1.81713
0.0
0.0
0.0
2.14572
0.0
0.0
0.0
0.0
0.0
0.0
0.0
0.0577962
0.0
0.0
0.0
0.0
0.0
2.81954
0.0
0.175398
0.0
0.0
0.0
0.0
0.0
0.0
0.0
0.0
0.0
0.0
0.244957
0.0
0.0
0.0
1.20809
0.0
0.0
0.0
1.09023
0.0
0.0
0.0
2.46915
0.0
0.0
0.0
0.0
0.0
0.0
0.0
0.0
0.0
3.47638
0.0
0.0
0.0
0.0
0.0
0.0
1.09683
0.0
0.0
0.0
0.0
0.0
0.0
0.0
4.57844
1.76775
0.0
0.0
2.28911
0.0
0.0
0.55707
0.0
0.0
0.0
0.0
0.896075
0.0
0.969205
0.0
0.0
0.0
0.0
0.0
0.0
4.48
0.0
0.0
0.0
0.0
0.0
0.0
0.0
0.0
0.0
0.0
0.0
2.18117
0.0
0.322508
0.0
0.0
0.0
0.0
0.0
0.0
0.0
0.0
1.79049
0.0
0.0
0.257749
0.146412
0.23027
0.0
0.0
0.0
0.0
0.0
2.35433
3.18497
0.0
0.0
0.0
0.0
0.0
0.0
0.0
0.0
0.0
0.0
4.53527
0.0
0.0
0.0
0.0
0.0
3.40436
0.0
0.0
0.0
0.551205
0.0
5.40285
0.0
0.0
0.0
0.0
0.0
0.0
2.00426
0.0
0.842336
0.0
0.0
0.0
0.0
0.0
0.0
0.0
0.0
0.0
0.0
0.0
0.0
0.0
0.735883
0.0
0.0
0.0
0.0
0.0
3.51769
0.0
0.0
0.0
0.0
0.769922
2.70025
0.0
0.267442
0.0
0.0
0.0
1.83415
0.0
0.0
0.0
0.0
0.946049
0.0
0.0
0.0
0.475573
0.627317
0.0
0.0
0.0
4.0958
0.0
0.0
1.28879
0.0
0.262067
0.0
0.0
0.0
0.0
0.0
0.0
0.0
0.0
0.0
1.57727
0.0
0.0
0.0
1.25479
0.0
0.0
0.0
0.0
0.174432
0.0
0.100416
0.0
0.0
3.17696
0.0
0.0
0.0
0.0
0.0
0.917851
1.91533
0.0
0.0
0.0
0.0
0.0
0.0
0.0
0.0
0.0
0.0
2.31604
0.0
0.0
0.0
0.0
0.0
0.0
4.78977
4.78766
0.0
0.0
1.53366
0.0
0.0
0.0
0.0
0.0
0.0
0.0
0.0
0.0
0.0
0.0
0.0
0.0
0.0
0.0
0.0
0.0
0.0
0.708986
0.0
2.22417
0.0
0.0
1.67097
0.0
0.0
0.0
0.0
0.0
0.0
0.0
0.0
0.0
0.0
0.0
0.0
0.0
0.0
1.14143
2.34708
1.0525
0.0
0.0
0.0
0.0
0.0
0.0
0.0
0.0
0.0
0.0
0.0
0.0
1.83749
0.0
0.0
0.0
0.0
0.0
0.0413476
0.0
0.0
0.0
0.0
0.0
0.0
0.0
0.0
0.320376
0.0
0.0
0.0
0.0
1.02754
0.0
0.0
0.0
0.282046
0.0
0.0
0.0
7.32509
0.0
0.0
0.0
0.0
0.0
0.0
0.0
0.0
6.07556
0.0
0.0
0.0
0.0
0.0
0.0
0.0
0.0
0.0
0.0
0.0
0.0
0.0
0.0
0.0
0.0
0.0
1.16363
0.0
0.0
0.0
0.0
1.80313
0.0
0.0
2.70351
0.0
0.0
0.0
0.0
0.0
0.607649
0.0
3.38686
0.0
2.65868
0.0
0.0
0.0
0.0
0.0
0.0
0.0
0.0
0.0
0.0
0.0
0.0
0.0
0.0
0.0
3.03659
0.0
0.0
0.0
0.0
1.11371
0.0
0.0
0.0
0.0
0.0
0.0
0.0
1.0446
0.0
0.0
0.0
1.10703
1.64946
0.0
0.0
4.12416
0.0
0.0
0.0
0.0
0.0
0.69174
0.0
0.0
0.0
0.0
0.0
0.0
0.0
2.39224
0.0
0.0
0.0
0.229051
1.58533
0.0
0.0
0.0
0.0
0.0
0.0
0.0
1.74131
0.0
0.0
0.415142
0.0
0.0
0.0
0.0
0.0
0.0
0.0
0.0
0.0
0.0
0.0
0.218653
0.0
0.0
0.0
0.0
0.0
2.05048
0.0
0.0
0.0
0.0
0.0
1.21571
0.670864
0.0
0.0
0.0
0.0
0.0
0.685672
0.0
1.89263
4.42024
0.0
0.0
1.85796
0.0
0.0
0.0
0.0
0.146207
2.47949
2.07183
0.0
0.838747
0.0
0.0
0.0
0.0
0.0
0.813925
0.0
0.0
0.150895
0.0
0.0
0.0
0.0
0.0
0.0
0.0
0.0
0.0
0.624661
0.0
0.0
0.0
0.0
0.0
0.0
0.0
0.0
2.04592
0.107512
0.0
0.0
0.0
0.0
1.12877
0.0
0.0
0.182447
1.95582
0.0
0.0
1.0794
0.0
0.0
0.0
0.0
0.0
0.0
0.0
0.0
0.0
0.0
0.0
0.0
0.0
0.0
0.0
0.206521
0.0
0.0
0.0
1.09822
0.0
4.25771
0.0
0.0
0.0
0.0
0.0
0.134131
0.704571
0.0
0.0
0.0
0.0
2.72499
0.0
0.0
0.0
0.0
0.0
0.0
0.0
0.0
0.0
0.0
0.0
0.0
0.0
0.0
0.0
0.0
0.0
0.0
0.0
0.0
0.0
0.0
1.61098
0.0
0.172534
0.0
0.0
0.0
0.0
0.0
1.76602
0.0
0.0
0.0
0.0
0.0
2.01456
0.0
0.0
0.0
2.85341
0.0
0.0
0.0
0.0
0.0
0.0
0.0
0.0
0.0
0.0
0.0
0.0
0.0
0.0
0.00273044
0.0
1.49678
0.0
0.0
0.0
0.0
2.06986
0.0
0.0
0.0
0.0
0.0
0.0
0.0
0.0
0.0
0.0
0.0
0.0
0.0
0.0
0.811441
0.0
0.0
0.591025
0.0
4.35442
0.0
0.0
0.0
0.0
0.0
0.0
0.0
0.655152
4.93335
0.0
0.0
0.0
0.0
2.50309
0.0
0.0
0.0
0.0
0.0
0.0
1.25592
0.0
1.44887
0.0
3.22803
1.31586
0.0
1.19814
0.0
0.0
2.68246
1.9394
0.0
0.0
3.99289
0.0
0.0
0.0
0.0
0.0
0.0
0.0
0.0
0.0
0.0
0.0
0.0
0.0
0.660807
0.0
0.0
0.0
0.0
2.29911
0.161587
0.0
4.97565
2.5074
0.0
0.0
0.0
0.0
0.0
0.0
0.0
0.0
0.0
0.0
0.0
1.64143
0.0
1.67019
0.467707
0.0
0.0
4.00504
0.0
0.0
0.0
1.87116
0.0
0.0
0.0
0.0
0.569753
0.0
0.0
2.73945
0.0
0.0
0.0
0.0
3.5872
0.0
0.0
0.0
0.0
0.0
1.29591
2.40286
0.0
0.0
0.00727648
0.0
0.0
0.0
0.0
0.0
0.0
0.0
0.0
0.0
3.97191
0.0
0.0214239
0.0
0.0
0.0
0.0
0.0
0.0
1.56383
0.0
0.0
0.0
0.0
0.0
0.0
0.0
0.0
0.0
0.0
0.0
0.0
0.0
0.0
0.0
0.614233
5.9666
0.0
0.0
0.0
0.0
0.521063
0.0
0.376561
0.0
0.0
2.10573
0.0
0.0
0.0
0.0
0.0
0.0
0.0
0.0
2.46422
0.0
0.0
0.0
0.0
1.68362
0.0
0.0
0.0
0.0
0.0
0.0
2.79132
0.0
0.0753255
0.0
0.0
0.0
3.47845
0.0
1.63994
0.0
0.0
0.0
0.320719
0.0
0.445747
0.0
0.0399272
0.0
2.93555
0.0
0.0
2.73835
0.0
4.97367
0.0
0.0
0.0
0.0
0.0
0.0
0.0
0.0
0.0
0.0
0.0
2.38448
0.0
0.0
0.0
0.0
0.0
0.0
0.0
0.0
0.331369
0.0
0.0
0.0
0.764018
0.0
0.0
0.0
0.0
0.0
0.0
0.0
0.0
0.97944
0.0
0.0
0.145675
0.0
0.0
0.0
0.0
0.0
0.0
0.0
0.0
0.0
0.0
0.0
0.0
0.0
0.0
0.0
1.07776
0.0
1.88525
0.0
0.574422
0.0
0.0
0.0
3.01756
0.0
1.28539
0.0
0.0
0.0
0.0
0.0
0.0
0.0
1.37614
0.0
0.0
0.0
0.0
0.0
0.0
0.0
0.0
0.0
0.0
0.0
0.0
0.0
0.0
0.0
0.0
2.57239
2.75149
0.0
0.0
0.0
0.0
0.0
0.0
0.0
0.0
0.0
0.0
0.0
0.0
0.0
0.0
0.0
0.0
0.0
0.0
0.0
0.0
0.0
0.0
0.0
0.0
0.0
0.0
0.247855
0.0
0.0
0.0
0.0
0.0
0.0
2.95454
0.0
0.0
0.0
0.696919
0.0
0.0
0.0
0.0
0.0
0.0
0.0
0.0
0.0
0.447431
1.61913
0.0
0.0
0.0
0.0
0.0
0.0
0.0
0.0
1.86546
0.0
1.60113
0.0
0.0
0.247464
0.0
0.0
0.0
0.0
0.499283
0.0
0.0
0.0
0.0
1.45626
0.0
0.0
0.0
0.0
2.74569
0.0
0.0
0.60406
0.850219
2.25807
0.0
0.0
0.0
0.0
0.0
0.0
0.0
0.0804097
0.0
0.0
0.0
0.0
0.0
0.0
0.490411
0.0
1.21857
0.0
3.18673
0.0
0.0
0.0
0.0
1.59595
0.374994
0.0
0.0
0.0
2.16492
0.0
1.28484
0.0
0.0
0.0
0.0
1.11059
0.0
0.0
0.0
0.0
0.0
0.0
0.0
2.4495
0.0
0.0
0.0
0.0
0.0
0.76972
0.0
0.0
0.0
0.0
0.0
0.0
2.45422
1.24834
0.0
0.0
0.0
0.0
0.0
0.0
0.0
0.0
0.0
0.0
0.0
0.0
0.0
0.0
2.03489
0.0
2.77456
0.0
0.0
1.01923
0.0
0.0
0.138474
0.0
2.62108
0.0
0.0
0.224768
0.0
0.0
0.0
0.0
0.0
0.0
0.0
4.5666
0.0
2.65905
0.0
0.0
0.672619
0.0
0.0
0.0
0.0
5.60572
0.0
0.0
0.0
0.0
0.0
0.276985
0.0
4.5605
0.0
0.0
0.0
0.0
0.0
0.0
0.0
0.0
0.0
0.0
0.0
0.0
0.0
0.0
0.0
0.146174
0.0
0.0
0.0
0.0
0.0
0.396495
0.0
0.0
0.0
1.09946
0.0
0.0
0.0
0.0
0.0
0.0
0.0
0.0
0.0
1.17741
0.0
0.0
3.92142
0.0
2.21357
0.0
0.0
0.0
2.84071
0.0
0.0
0.0
0.0
0.0
1.04807
0.498998
0.0
0.0
0.306394
0.0
0.0
3.21551
0.0
0.0
0.0
0.0
0.0
2.95455
0.0
0.0
0.0
2.60974
0.0
0.0
0.0
0.0
0.931204
0.0
0.0
0.0
0.0
0.0
0.0
0.0
0.0
0.0
0.0
0.0
0.0
0.0
0.0
0.0
0.0
0.0
0.0
0.0
0.0
0.0
0.0
0.0
3.34782
0.0
1.11796
0.0
0.0
0.0
0.0
0.0
0.0
0.0
0.0
0.0
0.0
0.0
4.77979
0.0
0.0
4.60552
0.0
0.0
0.0
0.0
0.0
0.398876
0.0
0.0
0.0
0.0
0.535941
0.0
0.0
0.0
3.57384
0.0
0.0
0.0
0.0
0.00353223
0.848519
0.0
1.12104
0.0
0.0
0.0
2.78042
0.0
0.0
0.0
0.0
0.0
0.0
0.0
0.0
0.218263
0.0
0.0
0.0
0.0
0.0
0.0
0.0
3.24698
0.0
0.0
0.931853
0.0
0.0
0.216899
0.0
0.0
0.0
0.0
0.0
0.0
0.0
0.0
0.0
1.24536
0.0
0.0
0.0
2.3096
0.0
0.0
0.0
0.0
0.0
0.0
0.0
0.0
0.0
0.0
0.697954
0.0
0.370743
0.0
0.0
0.0
0.384559
0.087224
0.0
1.84835
2.644
0.0
0.0
0.0
0.0
0.0
3.35584
0.0
1.13972
0.0
0.0
0.0
0.0
0.0
0.0
0.0
0.0
0.0
0.0
0.0
0.0
0.0
0.0
2.84154
0.653533
0.0
4.4317
0.0
0.0
1.58808
0.0
0.0
0.0
0.0
0.0
0.0
0.0
0.0
0.0
0.0
0.0
0.0
0.0
0.0
0.0
0.0
0.0
0.0
1.03154
0.0
0.910509
0.0
0.0
0.0
0.676594
0.0
0.301354
0.0
0.0
0.0
0.0
0.0
0.0
0.0
0.0
2.5092
0.0
0.0
0.0
0.0
4.29609
0.988539
0.0
0.0
0.0
0.0
0.0
0.0
0.0
0.0
0.0
0.0
0.0
0.539227
0.0
0.0
0.0
4.32025
0.0
0.706528
0.0
0.0
0.0
0.0
0.0
0.0
1.66621
1.31794
0.0
0.0
0.0
0.0
0.0
0.0
0.0
0.0
0.0
0.0
0.0
0.0
0.0
0.0
0.0
1.62784
0.0
0.0
0.0
0.0
0.0
0.0
3.39953
0.0
0.0
0.0
0.0
0.0
2.36536
2.79631
0.0
0.0
1.46467
0.00408342
0.0
0.676643
0.0
3.76645
0.0
0.824677
1.21616
0.0
0.0
0.0
0.0
0.0
0.0
0.0
0.0
0.0
0.0
0.0
0.0
0.0
0.0
4.35879
0.482403
0.0
0.0
0.0
0.0
0.0
0.0
0.560024
0.0
0.0
0.478366
0.0
0.0
0.0
0.0
0.0
0.0
0.0
1.48573
0.0
2.19327
0.0
0.0
0.0
0.0
0.0
0.0
0.0
0.474627
0.865888
0.0
0.0
0.0
0.0
0.0
0.0
0.0
0.0810988
0.0
0.0
3.67265
0.0
0.0
0.0
0.0
0.0
0.0
0.0
0.0
0.0
0.0
0.0
0.0
0.0
0.0
0.0
0.0
0.0
0.0
0.0
0.0
0.0
0.0
0.0
0.0
0.0
0.0
0.0
0.206666
0.18032
0.0
0.0
0.6203
0.0
0.0
0.0
1.65693
0.0
0.0
2.09655
0.0
0.0
0.0
0.0
0.0
0.0
0.0
1.54571
0.0
0.0
0.0
0.0
0.0
1.84476
0.0
0.0
0.0
0.0
0.250768
0.0
0.0
0.0
0.618932
0.0
0.914549
2.91322
0.0
0.0
0.0
0.0
0.218068
0.0
1.26695
0.0
0.0
2.41886
0.0
1.27416
0.0
0.0
0.0
0.0
0.0
0.0
0.778638
0.0
0.0
0.0
0.0
0.0
0.0
2.25614
0.0
0.811567
1.32809
0.0
0.0
2.24488
2.87135
0.0
1.28121
1.22502
0.0
0.0
0.0
1.79152
0.0
0.0
0.0
0.0
0.0
1.46409
0.0
0.0
0.0
1.21884
0.0
0.0
0.426587
0.0
0.0
0.0
0.0
0.292961
0.0
0.0
1.21256
0.0
0.0
0.0
0.0
0.0
0.173236
0.0
0.0
0.0
0.0
0.0
5.19153
0.0
0.0
0.0
0.0
0.0
0.0
0.894799
0.0
0.0
0.0
0.0
0.0
0.0
0.0
0.0
0.0
0.802853
0.0
0.0
0.0
0.0
0.0
0.0
0.0
0.0
0.0
0.0
0.0
0.0
1.25668
0.0
0.0
1.59723
0.0
0.0
0.0
0.0
0.0
0.0
0.0
0.0
0.0
0.0
0.0
0.0
0.0
0.0
0.0
4.13331
0.0
0.0
0.0
4.25531
5.91989
0.0
1.43926
0.815039
0.0
0.109406
0.0
0.0
0.0
1.21144
0.0
0.0
0.0
1.38513
0.0
2.03232
0.0
0.0
0.0
0.0
0.0
0.0
0.0
0.0
0.0
0.0
0.0
0.0
0.0
0.0
0.0
0.0
0.0
0.0
0.0
0.0
2.88267
0.0
0.0
0.0
0.0
0.0
0.0
0.0
0.0
0.0
0.0
0.0626366
0.861128
1.04537
0.0
0.0
0.0
0.0
0.0856147
0.0
1.15036
0.0
1.26284
0.0
0.0
1.68905
1.46738
0.0
0.0
1.50123
0.0
0.0
0.0
1.37396
0.0
0.0
0.0
0.0
0.0
0.0
0.0
0.0
2.26846
0.790857
0.0
0.0
0.0
0.0
0.0
0.0
0.174758
0.0
0.0
0.0
0.0
0.0
0.0
1.93391
0.0
0.0
0.0
0.0
0.0
1.75123
0.0
0.0
0.0
0.0
2.12178
0.0
0.0
2.73759
0.0
0.0
0.0
2.28476
0.0
0.0
0.0
0.0
0.0
2.60791
0.0
0.0
0.0
0.0
2.24936
0.0
0.800851
0.0
0.0
0.0
2.40296
0.0
0.0
0.0
0.0
0.0
0.0
0.0
0.0
0.0
0.0
0.0
0.0
0.0
0.0
0.0
0.0
0.0
0.0
0.0
0.0
0.0
0.0
0.0
2.48929
0.0
0.0
0.0
0.0
0.559048
0.0
0.0
0.0
1.11957
2.94021
0.0277498
0.0
0.0
1.49789
0.0
0.0
0.0
0.0
1.21106
0.0
0.571936
0.0
2.04433
0.0
0.0
0.0
0.0
0.0
0.0
0.0
0.0
0.457819
0.0
0.0
0.0
0.0
0.0
0.0
0.0
1.45183
0.0
0.0
0.0
0.0
0.0
2.1134
0.0
0.0
0.0
0.0
0.0
0.0
0.0
0.0
0.49175
0.0
3.72766
1.96956
0.0
0.0
0.625737
0.0
0.0
0.0
0.0
0.0
4.19004
0.0
0.0
0.0
0.0
0.0
0.0
0.0
0.487713
0.0
2.46219
5.14335
0.0
4.60345
0.0
0.0
4.2543
4.07639
0.0
0.0
0.0
1.39448
0.0
1.2665
1.84324
0.0
0.0
6.54444
2.5369
0.0
0.0
0.654382
0.306208
1.43773
0.0
0.0
0.0
0.874875
0.0
0.0
0.0
0.0
0.0
0.0
0.0
0.0
0.0
0.666723
0.328976
0.411619
1.43898
0.0
0.0
0.0
0.0
0.0
0.0
0.0
0.0
0.450635
1.35109
0.0
0.0
0.0
0.0
1.88018
0.0
0.0
0.0
0.0
0.0
0.0
4.24936
0.136407
0.0
0.0
0.0
0.0
0.0
1.32584
0.0708903
0.0
0.0
0.0
3.35588
0.0
0.968208
0.0
0.0
4.0635
0.0
0.0
0.474916
0.0
0.0
1.47475
0.0
3.07051
0.0
0.0
0.0
0.0
0.0
0.0
5.2412
0.0
0.0
0.0
0.0
0.0
4.74332
0.0
0.0
0.0
0.0
0.0
0.0
0.0
0.0
1.25132
0.0
0.0
0.0
0.0
0.0
0.0
0.0
1.28873
0.0
0.0
0.0
0.0
0.0
0.0
0.0
0.814312
0.0
0.0
0.0
0.0
2.74937
0.0
0.0
0.0
2.95188
0.0
0.0
0.0
0.0
0.0
1.40338
0.0
7.24395
0.0
2.30584
0.0
0.0
0.0
0.0
0.0
0.0
0.0
3.33271
0.0
0.0
0.0
0.0
3.22518
0.0
0.0
0.0
0.0
0.0
0.0
0.0
0.0
3.59932
0.0
0.0
4.38398
0.0
0.0
0.0
1.41131
0.0
0.0
0.0
0.0
0.0
0.0
0.0
0.0
0.0
0.0
0.0
0.0
0.0
0.0
0.0
0.919004
0.137582
0.0
0.76364
0.0
0.0
0.0
0.0
0.0
0.0
0.412307
0.294946
0.0
0.0
0.0
0.0
0.0
0.0
0.0
1.56911
0.0
0.0
0.0
0.0
0.0
0.0
0.0
0.435369
4.35023
0.0
0.0
0.0
0.0
3.05676
0.0
0.0
0.0
0.0
0.0
0.0
0.0
0.0
0.0
0.0
0.0
0.0
1.27485
0.0
3.32314
0.0
2.64031
0.0
0.0
0.0
0.294536
0.0
0.0
1.17147
0.660223
0.0
0.0
0.0
0.723616
0.0
0.0
0.0
0.0
0.0
0.740801
0.0
0.0
0.0
0.0
1.32577
0.0
1.16626
0.0
0.0
0.0
0.0
0.925603
0.0
0.0
0.0
0.0
0.0
0.0
2.92858
0.0
6.55174
0.0
0.0
0.0
0.0
0.0
0.0
0.0
0.0
0.0
0.0
0.0
0.0
0.0
0.0
0.0
0.0
0.0
0.0
0.0
0.0
4.66521
0.0
0.0
2.90225
0.0
1.85366
0.0
0.0
0.0
0.0
0.0
0.0
2.13217
0.0
0.0
0.0
1.66125
0.0
0.0
0.348371
0.0
0.0
0.0
0.0
0.0
3.87134
0.0
0.513848
1.5222
0.0
0.0
0.0
3.81696
4.4162
0.0
1.26993
0.0
1.83399
0.0
0.0
0.0
0.0
4.48836
0.0
2.58589
0.0
0.0
0.0
0.0
0.0
0.0
0.0
0.0
0.402773
0.0
0.0
0.0
0.0
3.66056
0.0
0.0
0.0
0.0
0.0
0.0
0.0
0.142744
1.29973
0.0
0.648007
0.0
0.0
0.0
6.37795
0.0
0.0
0.0
0.0
0.0
0.0
0.0
0.0
0.0
2.03902
0.0
0.0
1.28064
0.0
0.0
0.0
0.0
0.0
0.020039
0.0
0.0
0.0
0.960481
3.9693
0.0
0.0
0.0
1.87004
0.0
0.0
0.587237
0.0
0.0
0.0
1.34012
0.0
0.0
0.0
3.74678
0.0
0.0
0.0
0.0
0.0
3.24379
0.0
0.0
0.24089
0.0
0.0
0.0
0.0
2.02718
3.62073
0.702793
0.0
0.0
0.0
0.0
0.0
0.0
1.65252
0.0
0.0
0.0
0.0
0.0
0.0
0.0
0.0
0.0
0.0
0.0
0.0364679
0.0
0.185681
0.0
0.0
0.0
0.0
0.0
0.0
2.71932
0.0
3.47364
0.248236
0.0
0.0
0.0
0.0
0.0
0.0
0.0
3.14186
0.0
0.0
0.0
0.0
0.0
0.0
0.0
0.0
0.580612
0.0
0.0
0.131017
0.0
0.0
0.0
0.0
0.0
0.311191
1.03939
0.0
0.0
0.791463
0.0
0.0
0.0
0.0
0.0
0.0
0.0
0.0
0.0
0.0
0.0
1.04113
0.0
0.0
0.0
0.249297
0.0
0.0
0.0
0.0
0.0
0.0
0.0
0.0
0.413492
0.0
0.0
2.8401
0.0
0.0
0.0
0.0
0.0
0.0
2.2148
0.0
0.0
0.0
0.0
0.0
0.0
0.0
1.43336
0.0
0.0
0.0
2.24124
0.0
3.23923
0.0
0.0
0.0
0.0
0.0
0.0
0.0
0.0
0.0
0.0
1.79179
0.0
0.0
1.14737
0.0
2.0857
0.0
0.0
0.0
0.0
0.0
0.0
0.0
0.221252
0.0
0.0
0.0
0.0
0.0
0.0
0.0
0.0
0.0
0.0
0.0
0.0
0.0
0.0
0.518162
0.0
0.0
0.0
0.0
2.57188
0.259991
0.0
0.0
0.0
0.894405
0.0749162
0.0
0.0
0.0
0.0
0.0
0.495914
0.0
0.0
2.08337
0.0
0.0
0.0
0.0
0.0
0.0
0.0
0.0
0.0
0.0
0.0
0.378618
0.0
0.0
0.501764
0.0
0.0
0.0
0.0
0.0
0.0
0.0
0.0
0.0
0.0
0.0
0.0
0.0
0.0
0.0
0.0
0.0
0.0
0.0
0.0
1.66302
0.0
0.0
0.0
0.0
0.0
0.0
0.0
0.0
0.0
0.0
0.0
0.0
0.0
0.0
0.0
0.0
0.0
0.0
0.0
0.878591
0.0
0.0
0.68158
0.0
0.487704
0.0
0.0
0.0
0.0
0.0
1.48817
1.35332
0.0
0.0
0.0
0.0
0.0
0.0
0.0
4.26514
0.0
0.0
0.0
1.86266
0.0
2.21178
0.0
2.11317
0.611047
0.0
0.0
0.0
0.0
0.0
0.0
1.19786
0.0
0.773602
0.0
0.0
0.0
0.0
0.0
0.0
0.0
0.0
0.0
0.0
0.0
0.0
0.0
0.0
0.0
3.09046
2.98184
0.0
0.0
0.0
3.91006
0.0
0.0
0.0
0.0
0.0
0.0
4.72285
0.0
0.0
0.0
0.0
0.0
0.0
0.760952
0.0
0.0
0.0
0.13098
0.0
2.02139
0.0
0.0
1.28344
0.0
0.0
1.33966
0.0
0.0
0.0
0.0
0.0
0.0
0.0
0.0
1.98875
0.0
0.0
0.0
0.0
0.0
2.65399
0.0
0.0
0.0
0.0
0.0
0.0
0.0
0.0
0.84887
0.0
0.0
0.0
2.24046
0.0
0.0
0.0
0.0
0.0
0.0
0.0
0.0
0.0
0.0
0.0
0.0
0.0
0.0
0.0
0.0
0.0
2.02527
0.268822
0.0
1.8714
0.0
0.0
0.0
0.0
0.0
0.0
0.0
0.149333
0.0
0.0
0.253552
0.0
0.0
0.0
0.0
0.0
0.0
1.04163
0.0
0.436295
0.0
0.0
0.0
0.0
0.0
0.0
0.0
0.166925
2.01303
0.0
0.0
0.0
0.0
0.0
0.0
0.0
3.20359
0.0
0.0
0.0
0.0
3.38692
0.0
0.0
0.0
0.805639
0.0
0.0
0.0
0.0
0.0
0.0
0.0
0.0
0.0
0.0
0.0487755
0.0
0.0
1.11926
3.99948
0.0
0.0
0.0
0.301223
0.0
2.4923
0.0
0.0
0.0
0.0
0.0
0.0255476
0.0
0.0
3.85574
0.0
0.0
0.0
0.0
0.0
3.56041
0.0
0.0
0.0
0.0
0.0
0.558008
6.56612
0.0
0.0
0.0
0.0
0.0
0.0
0.0
0.0
0.0
0.0
0.0
0.0
0.0
0.0
0.0
0.0
0.0
0.0
0.0
0.0
0.0
0.0
0.0
0.0
0.0
0.0
0.0
0.0
0.199651
0.0
0.0
3.66464
0.0
0.0
0.0
0.0
0.0
0.0
0.0
0.0
0.0
0.0
0.0
0.0
0.0
0.0
0.0
0.0
0.0
0.0
1.59998
1.68426
0.0
0.0580366
0.0
0.0
0.0
0.835294
1.50299
0.0
0.0
0.0
0.0
0.0
0.0
0.0
0.0
0.0
0.0
2.66691
0.0
0.0
0.0
3.51006
0.0
0.456072
0.0
0.0
0.0
0.0
0.0
0.0
0.0
0.0
0.0
0.0
0.779895
0.0
0.0
0.0
0.0
0.0
0.0
0.0
0.0
0.0
0.0
0.0
0.0
0.0
0.0
0.0
0.0
0.0
0.0
0.0
0.0
0.324559
0.0
0.0
3.7282
0.0
5.21796
0.0
0.0
0.0
0.0
0.310785
2.80645
0.0
0.0
0.0
1.33002
0.0
0.0
0.0
0.0
2.54985
0.0
0.0
0.0
0.0
0.0
1.43415
0.0
0.0
0.0
0.075911
0.0
0.0
0.0
0.0
0.0
0.0
1.89873
0.0
0.0
0.0
0.0
0.0
0.0
0.0
0.0
0.0
0.0
0.0
0.0
0.0
0.0
0.0
0.0
0.0
0.0
0.0
0.0
0.0
0.0
0.0
0.0
0.0
0.0
0.0
0.0
0.0
0.0
0.0
0.0
0.0
0.0
0.0
0.0
0.0
0.0
0.357437
0.0
0.0
0.0
0.16074
0.0
0.0755966
0.774244
1.80404
0.0
0.0
0.0
0.0
0.0
0.0
1.50304
0.0
0.0
0.110554
4.7472
0.0
0.0
0.0
0.0
0.0
0.0
0.0
0.0
4.48781
0.0
0.0
0.0
0.0
0.0
0.0
0.0
0.0
3.44725
0.0
0.0
0.0
0.0
0.0
0.0
0.0
0.0
0.0
2.80442
0.0
0.0
0.0
0.0
0.0
0.0
0.0
2.36787
0.0
0.0
0.0
0.0
0.0
0.0
0.0
0.0
0.0
0.0
0.35117
0.0
0.0
0.0
0.0
0.0
0.0
1.58935
0.0
4.94928
0.0
0.0
0.581606
0.0
0.0
0.0
0.0
0.0
0.0
0.0
0.0
0.0
0.0
0.0
0.0
0.0
0.0
2.56696
0.0
0.0
0.0
0.0
0.0
0.0
0.0
0.0
0.0
0.0
0.0
0.0
0.0
0.0
0.0
2.63244
0.0
0.626808
0.0
3.26196
1.20237
0.0
0.0
0.60005
0.297838
0.0
0.0
0.0
0.0
0.0
0.0
0.0
0.0
2.5141
0.0
3.11275
0.0
0.0
0.0
0.0
0.0
0.0
1.1315
0.252715
0.0
0.0
0.0
0.0
0.0
0.0
0.0
0.0
0.0
0.0
0.0
3.36058
0.0
0.0
0.0298405
0.0
0.0
0.0
0.0
0.428462
0.0
0.0
0.0
0.282319
0.0
0.0
0.0
0.0
0.0
0.0
0.322369
0.845951
0.0
0.0
0.0
0.0
0.804037
0.0
0.0
0.0
0.0
0.0
1.42255
0.0
0.0
1.03041
0.0
0.0
0.0
0.0
0.0
0.0
0.359099
0.0
0.0
0.0
1.16125
0.0
0.0
3.28656
0.0
0.0
0.0
2.37142
0.0
0.0
0.0
1.57387
0.0
0.0
0.0
0.0
3.25674
0.0
0.0
0.0
0.0
0.0
0.0
2.9001
0.0
0.0
0.345851
0.0
0.0
0.0
2.80428
0.0
0.0
0.0
0.0
0.932578
3.21261
0.0
0.0
0.331243
0.0
0.0
0.0
0.0
0.0
1.54584
0.0
0.0
0.13379
0.304423
0.0
0.0
0.0
0.0
0.0
1.05054
0.0
0.0
0.0
0.0
0.0
0.0
0.443184
0.0
0.0
0.00104877
0.0
0.0
0.0
0.0
0.0
0.0
1.29118
0.737045
0.0
0.0
0.474829
0.274714
0.0
0.230893
0.0
0.0
0.0
0.0
0.0
0.0
0.0
0.0
2.42126
0.0
0.0
0.79358
0.0
0.0
0.0
0.0
0.0
0.0
0.0
1.18859
0.0
0.0
0.0
0.0
0.0
0.0
0.0
0.0
0.0
0.0
0.0
0.0
1.10461
0.0
0.0
0.536774
0.0
0.0
1.61017
0.0
0.0
0.0
0.0
0.0
0.0
0.0
0.115977
0.715878
0.0
3.35083
0.0
0.0
0.0
1.34169
0.0
0.0
0.0
0.0
0.0
0.0
1.34472
0.0
0.73265
0.0
0.0
0.186178
0.0
4.08836
0.0
9.28334
0.0
0.0
0.0
0.0
0.0
0.0
0.0
0.0
0.0
0.0
0.286674
0.423547
0.0
0.0
0.440638
0.0
0.0
0.0
0.0
0.0
0.0
0.0
0.0
0.284739
0.703137
0.0
0.0
0.0
0.0
0.0
0.0
0.0
0.00782555
0.512391
0.0
0.0
0.0
0.0
0.0
0.0
0.176325
0.0
0.690547
0.0
2.56744
0.0
0.0
1.7572
3.33325
0.0
0.0
0.0
0.0
0.0
0.0
0.0
0.202748
0.0
0.0
0.0
2.29227
0.0
0.0
0.0
0.0
0.0
0.0
0.0
0.0
1.67516
0.0
0.0
0.0
0.0
1.16124
0.0
0.0
0.0
0.0
0.0
0.203332
0.0
0.0
0.0
0.0
0.0
1.05333
0.297143
0.0
0.0
0.0
0.0
0.0
0.0
0.0
0.0
0.0
0.0
0.0
0.0
1.07526
1.3436
0.0
0.0
0.0
0.0
0.0
0.530973
0.0
0.0
0.0
0.0
0.0
0.0
0.0
0.0
0.0
0.0
0.0
0.0
1.63458
0.0
0.0
0.0
1.81938
0.0
0.0
0.0
4.21119
0.0
0.0
0.0
0.0
0.188331
0.0
0.113246
0.0
0.0
0.0
0.0
0.0
1.47581
0.0
0.0
0.454955
0.0
0.0
0.0
2.08751
0.0
0.0
0.0
0.0
0.422315
0.0
0.0
0.0
0.0
0.0
0.0
0.0
0.0
0.0
0.0
0.0
0.0
0.0
0.0
1.53228
0.360092
0.0
1.89707
0.0
0.0
0.0
0.0
1.21168
0.0
0.0
0.83122
0.0
2.18752
0.0
0.0
0.0
0.0
0.506261
0.0
0.0
0.0
2.05955
2.77253
0.0
0.0
0.0
0.0
0.0
0.0
0.0
0.0
0.0
0.0
0.0
1.18302
0.0
0.0
0.0
0.164626
0.0
0.0
0.0
0.0
4.60137
0.0
0.0
0.0
0.215186
1.38847
0.0
0.0
0.0
2.21209
0.0
0.0
0.0
0.0
0.0
0.0
0.0
0.0
0.0
0.0
0.0
2.26276
0.0
0.0
0.0
0.0
0.0
1.52208
1.96514
0.0
0.0
0.0
0.0
0.0
0.0
0.48352
0.0
0.0
0.0
0.0
0.0
0.0
0.0
0.0
0.0
0.0
0.588251
0.0
0.0
0.0
0.0
1.5841
0.0
0.0
1.16967
3.68354
0.459915
1.12641
0.0
3.40353
0.0974968
2.4732
2.562
0.0
0.0
0.0
0.0
0.0
0.0634196
0.0
0.0
0.0
0.0
0.0
0.0
1.39378
0.0
0.0
0.0
0.0
0.0
0.0
0.0
0.921917
0.951327
3.54777
0.0
0.0
0.0
0.0
0.115478
1.48743
0.0
0.0
0.98098
0.0
2.01379
0.0
1.13748
0.0
0.627132
0.0
1.58752
0.0
4.03119
0.0
0.0
3.15216
0.107958
0.0
0.0
0.0
0.0
1.40185
0.0
0.0
0.0
0.0
0.0
0.0
1.13224
0.0
1.95542
0.0
0.0
0.0
0.838919
0.0
2.84202
0.0
0.0
0.0
0.0
0.0
0.0
0.0
0.0
0.0
4.25229
1.54451
0.0
0.0
0.0
1.15325
0.0
0.0
0.0
0.0
0.320912
0.0
0.0
4.4545
0.0
0.0
0.0
0.0
0.0
0.0
0.0
0.0
0.0
0.331681
0.758008
1.26915
0.0
0.0
0.0
0.155348
0.0
0.0
2.85168
0.0
0.0
0.0
0.0
0.0
0.0
0.0
0.0
0.0
0.0
0.0
0.0
4.87203
2.85633
1.13204
0.0
0.0
0.0
0.0
3.53082
0.0
0.0
0.0
0.0
0.0
0.0
2.06166
2.08149
0.0
3.10487
0.0
3.09791
0.277418
0.907798
0.0
0.0
0.0
0.0
0.837417
0.0
0.0
0.0
0.0
0.0
0.0
0.0
0.0
0.0
0.902958
1.19243
0.0
0.0
0.0
0.0
0.0
0.0
0.0
0.0
0.0
1.26638
0.0
0.0
0.0
0.754854
0.0
0.0
0.0
0.0
0.0
0.0
0.0
0.618184
0.0
0.0
0.0
0.0
0.0
0.0
0.0
1.84437
0.166626
0.0
0.0
0.0
3.21627
0.0
0.0
0.0
1.73806
0.0
0.0
1.62968
0.0
0.356615
0.0
0.0
0.0
0.0
0.0
2.57613
2.52147
0.0
0.0
0.0
0.0
0.0
0.0
0.0
0.0
0.0
0.0
0.0
0.0
2.41063
3.59742
0.0
0.0
0.0
0.0
0.0
0.0
0.0
0.574175
0.0924024
0.000772044
0.0
0.0
0.0
0.0
0.524163
0.0
2.57813
0.0
4.69716
0.0
0.0
3.79938
0.0
0.0
0.42511
0.856679
0.0
0.0
1.1106
0.0
2.73509
2.27167
3.86338
0.0
0.0
1.48888
0.0
0.0
0.0
0.0
0.0
1.58191
0.0
0.0
4.22729
0.0
0.0
0.0
0.0
0.0
0.0
0.0
0.0
0.0
2.78461
0.0
0.0
0.0
0.0
3.06534
0.0
4.28762
0.0
0.0
0.0
0.0
0.0
0.0
0.0
0.0
0.593796
0.0
0.0
0.0
1.74634
0.0
1.83657
0.0
1.58811
0.0
0.0
0.15391
0.0
0.0
0.0
0.0
0.0
0.0
0.0
0.0
0.0
0.0
0.0
1.77591
0.0
0.0
0.0
1.47993
0.0
0.0
0.0
0.0
0.0
0.0
0.0
1.18203
0.0
4.2709
2.32782
0.0
0.0
0.0
0.0
2.29266
0.0
0.0
0.0
4.77176
0.0
0.0
2.78675
0.0
0.0
0.0
0.0
2.56026
0.0
0.0
2.1822
0.0
0.0
1.15719
0.0
0.0
0.0
1.45308
0.0
0.0
3.093
0.0
0.0
0.0
0.0
0.0
0.0
0.0
0.0
4.12576
0.0
0.0
0.0
2.01785
0.0
0.0
0.0
0.064315
0.0
0.0
0.0
0.0
0.0
0.0
0.0
0.0
0.0
0.0
0.0
1.22669
0.0
0.0
0.0
0.636251
4.10865
0.0
0.0
0.0
0.0
0.907133
0.0
2.36512
0.0
0.0
0.0
0.0
0.0
0.0
0.0240465
0.0
0.0
0.939144
0.0
0.0
0.0
0.0
0.0
0.0
0.607521
0.0
0.33804
0.0
0.0
