0.0
0.0
0.162614
0.0
0.0
0.0
0.0
0.0
0.0
0.0
0.0
0.391121
0.0
0.0
0.184737
0.109987
0.0
1.67677
0.0
0.0
0.0
0.946732
0.0
0.0
0.0
0.0
0.0
0.0
0.0
0.0
0.0
2.85412
0.0
2.67017
0.0
0.0
0.0
0.0
0.0
0.0
0.0
0.0
2.66074
0.0
0.0
0.235754
0.138122
0.674802
0.0
2.38793
0.0
0.0
0.0
0.0
0.0
0.0
0.0
0.0
0.0
0.0
0.0
0.0
0.0
0.456826
0.0
0.0
0.0
0.0
0.693754
0.0
0.0
0.0
0.0
0.0
0.0
0.0
0.0
0.0
0.0
0.0
3.79548
0.0
0.0
0.0
0.0
0.0
0.0
0.0
0.0
0.0
0.0
0.0
0.0
0.0
0.0
0.0
0.0
0.0
4.08603
0.0
0.0
0.0
0.0
0.0
0.0
0.723443
0.0
0.0
0.0
0.119076
0.0
0.0
0.0
2.3443
0.29251
0.0
0.0
2.13883
0.0
0.0
0.0
1.63826
0.0
0.0
0.0
0.0
0.0
4.61685
0.0
0.0
0.0
0.0
0.0
0.0
0.0
0.0
0.765894
1.00476
0.197752
0.0
0.0
2.15421
0.0
0.0
0.0
0.0
0.0
2.26757
0.459628
0.309163
0.0
0.0
0.0
0.0
0.0
0.0
0.0
0.0
0.0
0.0
0.0
0.0
0.0
0.0
0.0
0.0
0.0
0.0
0.0
1.44336
0.615852
0.0
3.9016
0.0
0.0
0.0
0.0
0.503605
0.0
0.0
5.88512
0.0
0.0
0.0
0.0
0.0
2.10267
0.0
0.0
0.0
0.0
0.0
4.13374
2.19441
0.0
0.0
0.0
0.0
0.0
4.29276
0.0
0.0
0.0
1.76607
0.0
0.0
0.0
0.0
0.0
0.0
0.0
0.0
0.0
0.0
0.202717
0.277059
0.0
0.0
0.0
0.0
0.0
1.96671
0.0
0.0
0.0
0.0
0.691855
0.0
0.0
0.0
0.0
0.0
0.0
1.498
0.0
0.0
0.0
0.0
0.0
0.0
0.0
0.0
0.0
3.81176
0.0
2.67434
0.0
2.0584
0.0
0.0
1.22403
0.0
0.0
0.0
0.0
0.0
0.0
0.0
0.0
0.0
0.0
0.0
2.19297
0.0
0.0
0.0
1.30314
0.0
0.0
0.0
0.0
0.0
0.462995
0.0
0.0
0.0
2.87056
0.0
0.0
0.0
0.0
1.09255
0.0
0.916967
0.0
0.0
0.0
0.0
0.0
0.0
0.0
0.0
0.0
0.0
0.0370243
0.983468
0.0
0.0
0.0
0.0
0.0
3.96995
2.59656
0.0
0.0
1.87506
0.0
0.0
0.0
0.0
0.0
0.0
0.0
0.0
0.0
0.0
0.0
0.0
0.0
0.0
0.0
0.0
0.0
0.0
0.887896
0.0
0.0
0.0
0.0
0.347341
0.0
0.0
0.0
0.0
0.0
0.0
0.0
0.0
0.0
0.0
0.0
0.0
0.0
0.0
0.0
0.0806926
0.0
0.0
0.3295
0.0
0.0
0.0
0.0
0.0
0.0
0.0
0.0
1.87164
0.0
1.12681
0.0
0.0
0.0
0.0
0.0
0.0
0.0
0.0
0.0
0.0
0.0
0.0
0.0
0.0
0.0
0.0
0.0
0.0
0.0
0.294813
0.0
0.0
0.0
0.0
0.5653
0.0
0.0
3.88158
0.147589
0.0
0.0
0.0
0.0
1.07418
0.0
0.304961
3.74138
0.0
0.0
0.0
0.0
0.0
0.0
0.0
0.0
0.0
0.635047
0.0
0.0
0.0
0.0
0.0
0.0
0.0
0.0
0.0
0.0
0.0
0.0
0.774524
0.0
0.0
0.478384
0.0
0.0
0.0
0.0
0.0
0.260013
0.827858
3.3325
0.379164
0.0
0.0
0.0
0.0
0.0
0.0
1.625
0.0
0.0
0.0
0.0
0.0
0.0
0.0
0.0
0.0
0.0
1.26285
0.0
0.0
0.0
0.819364
0.0
0.0
0.0
0.0
0.0
0.0
0.0
0.287167
0.0
0.0
0.0
0.0
0.0
0.0
1.11129
3.86722
0.0
0.0
0.0
0.0
0.0
0.0
0.0
0.0
1.62269
0.0
0.361273
0.0
0.0
0.0
0.0
0.0
0.0
0.0415771
0.0
0.0
0.0
0.0
0.0
0.0
0.0
0.0
0.920663
0.0
0.0
0.784451
0.0
0.0
0.0
0.0
0.0
0.0
0.0
0.0
0.0
0.0
0.0
2.69345
0.0
0.0
0.0
0.0
0.0
0.0
0.0
0.0
0.0
0.0
0.0
0.165478
0.0
0.0
0.0
0.0
0.0
0.0
0.0
0.0
0.0
2.86968
0.0
0.0
0.944779
0.0
0.161626
0.0
0.0
0.0
1.16296
0.0
0.0
0.0
0.0
0.0
0.0
0.0
0.0
0.0
0.0
0.0
1.55269
0.0
0.0
0.0
0.0
0.0
0.0
0.0
0.0
0.0
0.0
0.0
0.0
0.0
0.0
0.0
0.0165991
0.0
0.246495
0.0
0.163845
0.0
0.0
0.0
0.0
0.0
0.0
0.0
0.0
0.0
0.0
0.0
1.64126
0.0
0.0
0.0
0.0
0.0
1.63899
0.0
0.0
0.0
0.0
0.0
0.0
0.0
0.0
0.0
0.0
0.0
0.0
0.0
0.0
0.0
0.0
0.0
1.19952
0.0
0.0
0.0
0.0
0.606779
0.0
0.0606843
0.0
0.0
1.64338
0.0
0.0
0.0
2.55271
0.0
0.0
0.0
0.0
0.0
0.0
0.0
0.0
0.0
0.0
0.0
1.91444
0.0
0.0
0.0
0.0
0.0
0.0
1.65839
0.0
0.0
0.0
0.0
0.0
0.0
0.0
2.30424
0.0
0.0
0.0
0.0
0.0
0.0
0.0
0.0
1.60327
3.58769
0.0
0.0
0.0
0.121585
0.0
0.0
0.0
0.0
0.0
0.0
0.0
0.0
0.636232
0.0
1.50418
0.0
0.0
0.0
0.0
0.0
0.0
1.08455
0.0
0.0
0.0
0.0
0.0
0.0
0.0
0.0
0.0
0.0
0.0
0.0
0.0
0.0
0.782315
0.0
0.0
0.11567
0.0
0.0
0.0
0.0
0.0
0.0
0.0
0.0
0.0
0.0
0.0
0.0
1.60508
0.0
0.0
0.149956
0.0
0.0
0.0
1.09802
0.0
0.0
0.0
0.0
0.0
0.786249
4.76258
0.0
0.0
0.0
0.0
0.0
0.709852
0.156234
0.0
0.0
0.104864
0.0
0.0
0.0
0.0
0.0
0.0
1.87038
0.0
0.0
0.0
0.0
0.0473882
0.0
0.0
0.0
0.0
0.0
0.0
0.0
0.0
0.0
1.33159
2.62139
0.0
0.0
0.0
0.0
0.0
0.0
0.0
0.0
0.0
0.0
0.0
2.45682
0.0
1.88859
1.1003
0.0
0.0
0.0
0.0
0.0
0.0
0.0
0.0
0.0
0.0
0.0
0.0
1.05661
0.394583
1.14546
0.0
0.0
0.0
0.0
2.1716
0.0
0.0
3.24589
0.0
0.0
0.0
0.0
0.0
0.0349627
0.0
0.0
0.0
0.0
0.0
0.0
0.0
0.0
0.0
0.0
0.0888177
0.0
0.0
0.0
0.0
0.0
0.376783
0.0
0.0
2.18205
0.0
0.0
0.0
0.0
0.0
0.0
0.0
0.0
0.0
0.0
0.0
0.0
0.0
0.0
0.0
0.0
0.154234
0.0
2.40684
1.48833
0.0
0.0
0.0
0.0
0.0180297
0.0
1.6229
0.0
0.126899
0.0
0.0
0.0
0.0
0.0
0.0
2.40608
0.0
0.0
0.0
0.0
0.0
1.61079
0.0
0.0
0.0
0.0
0.0
0.0
0.0996921
0.0
0.0
0.0
2.09445
0.551826
0.0
0.0
0.0
0.0
0.0
0.0
0.0
0.0
0.0
0.0
0.353974
0.0
0.0
0.0
3.21697
0.0
0.0
0.0
0.0
0.0
0.220174
0.0
0.0
0.0
0.0
0.0
0.0
0.0
4.68181
0.0
0.0
0.0
0.0
0.0
0.0
0.0
0.0
0.0
0.0
0.0
0.0
0.0
0.0
0.0
0.0
0.0
0.0
0.861665
0.0
0.0
0.0
0.0
0.0
0.0
0.0
0.0
0.0
0.0
0.0
0.0
0.0
0.0
0.0
2.09696
0.0
0.0
0.0
0.0
0.0
0.0
0.0
0.197245
0.0
0.0
0.0
0.0
0.0
0.0
0.0
1.3148
0.0
0.0
0.0
0.0
0.0
0.0
0.0
3.49378
0.0
0.0
0.253995
0.0
0.0
0.0
0.0
0.504053
0.0
0.0
0.0
0.0
0.0
1.07215
0.530352
0.0
0.0
2.90356
0.0
0.0
0.0
0.0
0.0
0.0
0.0
0.0
0.0
0.0
0.0
0.0
0.0
0.0
0.0
0.0
0.0
0.0
0.0
0.0
0.0
0.0
0.0
0.0
0.0
0.0
0.0
0.0
0.0
0.987364
0.122529
0.0533734
0.0
0.0
0.0190369
0.0
0.0
0.0
0.0
0.0
0.0
0.0
1.2241
0.0
0.0
0.0
0.0
0.0198952
0.901651
1.89345
0.0
0.0
0.0
0.0
0.0
0.0
0.0
1.51142
0.0
0.0
2.04171
0.0
0.0
0.0
0.205794
0.0
0.0
0.0
0.0
0.0
0.0
0.0
0.349729
0.0
0.0
0.0
0.0
2.21062
0.0
1.58921
0.834135
3.42959
1.0525
0.0
0.0
0.0
0.0
0.809298
4.29647
0.0
0.0
0.0
0.0
0.0
0.0
0.0
0.0
0.0
0.0
0.0
0.0
0.0
0.0
0.0
0.0
0.0
0.0
0.11773
0.0
0.0
0.0
2.39467
0.0
0.181654
0.0
0.0
0.0
0.0
1.27342
0.0
0.0
0.0
0.0
0.0
0.0
0.0
1.64772
0.0
0.0
0.0
0.0
0.0
2.43489
0.0
0.0
0.0
0.0
0.0
0.0
0.0
0.0
0.0
1.31137
0.777512
0.0
0.0
0.0
0.0
0.0
0.0
0.0
0.0
0.0
0.0
0.0
2.06588
0.0
2.05829
0.0
0.0
2.33266
0.0
0.0
2.73149
0.0
0.0
0.0
0.0
4.34524
0.0
0.0
0.0
0.0
0.0
0.0
0.0
0.0
0.0
1.34115
0.0
0.0
3.03004
0.0
0.0
0.0
0.0
2.76844
0.0
2.14304
0.0
0.0
0.0
0.0
0.0
0.0
0.0
0.0
0.0
0.0
0.0
0.0
0.0
0.0
0.0
0.0
0.0
0.0
0.0
0.0
0.0
0.0
0.0
0.0
0.0
0.0
0.0
1.26449
0.0
0.0
0.0
0.0
0.0
0.0
0.0
2.59996
0.0
0.0
0.0
0.0
0.0
3.28971
0.0
0.0
3.77263
0.0
0.906371
0.0
0.0
0.0
2.26207
0.0
0.0
0.0
0.0
0.0
2.24061
0.0
0.0
0.0
4.00679
0.0
0.0
0.0
0.0
0.0
0.0
0.0
1.03071
0.330226
1.49961
0.0
0.0
0.0
0.0
0.0
0.0
0.0
0.0
0.0
0.0
0.0
0.0
0.0
0.0
0.24317
0.0
0.0
0.0
0.0
2.3942
0.0
0.0
0.0
0.0
0.0
0.0853178
0.0
0.0
0.0
0.0
0.0
0.0
0.0
0.378108
0.0
0.0
0.0
0.0
0.0
0.0
0.0
0.0
0.0
2.08304
0.0
4.86333
0.0
0.0
1.95905
0.0
0.0
0.0
0.0
0.0
0.0
0.0
0.0
1.83944
0.822121
1.08814
2.48493
0.0
0.0
1.86241
0.0
0.0
0.0
0.0
0.416088
0.0
0.0
0.0
0.0
0.0
0.0
0.0
0.0
0.0
0.0
0.0
0.0
0.0
0.0
0.0
0.0
0.0
0.0
0.0
0.96828
0.0
0.0
0.0
2.8673
0.0
0.0
0.0
0.0
0.0
0.0
0.0
1.73551
0.0
0.0
0.0
0.0
0.0
0.0
0.0
0.0
0.0
0.0
0.0
2.96853
0.0
0.0
0.0
0.0
0.0
0.0
0.0
0.0
0.0
0.0
0.0
2.28122
0.0
0.0
0.0
0.0
0.0
0.0
0.0
0.0
0.0
0.0
0.0
0.0
0.0
0.0
0.0
0.0
0.0
0.0
0.0
0.0
0.0
0.0
0.0
0.0
0.0
2.56691
0.0
0.0
0.0
0.0
0.0
1.89701
0.65822
0.0
0.0
0.0
0.0
0.0
0.0
0.0
0.0
0.0
0.0
0.0
0.0
0.0
0.0
0.0
0.397708
0.0
0.0
0.0
0.0
0.0
0.0
0.0
0.0
0.0
0.0
0.0
0.0
1.75372
0.0
0.0
0.0
0.0
0.0
0.0
0.0
0.0
0.0
0.0
0.0
0.0
0.0
0.0
0.0
0.0
4.05862
0.0
0.0
0.0
0.0
0.0
0.0
0.0
0.0
0.0
0.0
0.0
0.0
0.0
0.0
0.0
0.0
1.55986
0.0
0.0
0.0
0.0
0.0
0.0
0.0
0.0
0.139941
0.0
0.0
0.0
0.0
0.0
0.0
0.0
0.0
0.0
0.0
0.0
0.0
1.54665
0.0
0.0
0.0
0.0
0.0
0.938814
0.0
0.83827
0.0
0.0
0.0
0.0
0.0
0.0
0.0
0.0
1.38366
1.25118
0.0
0.130853
0.0
1.78161
0.0
0.0
0.0
0.0
0.0
0.0
0.0
0.0
0.0
0.0
0.0
0.0
0.0
0.0
0.0
0.0
0.0
0.0
0.0
2.95667
0.0
0.0
0.306177
0.0
0.0
0.0
1.0372
0.0
0.0
0.0
0.0
0.0
0.999876
0.0
0.648642
0.0
0.0
0.0
0.0
0.0
0.0
0.0
1.88156
1.07602
0.0
0.0
0.0
0.0
0.0
0.405095
1.21903
0.0
0.0
0.0
0.0
0.0
0.0
0.0
0.0
0.0
0.0
0.0
3.40782
0.0
0.0
0.0
0.0
0.0
0.0
0.0
0.0
0.0
0.0
0.0
0.0
0.0
0.0
0.0
0.0
0.0
0.0
0.0
0.0
0.0
0.0
0.0
0.0
0.0
1.39325
0.0
0.0
0.0
0.0
0.0
0.0
0.0
0.718964
0.0
0.0
0.0
0.0
0.0
0.0
0.0
0.0
2.18623
0.0
0.0
0.0
0.965912
0.0
0.0
0.0
0.0
0.0
0.0
0.0
0.0
0.0
0.0
0.0
0.0
0.0
0.0
0.0
0.599078
1.32786
0.349008
0.0
0.0
0.0
0.0
0.0
0.0
5.03901
0.0
0.0
0.0
0.0
0.0
0.0
0.0
0.0
0.0
0.0
0.0
0.557316
0.0
0.0
0.0
0.0
0.0
0.0
0.0
0.0
0.0
0.0
0.0
0.307874
0.0
2.04332
0.0
2.10912
0.0
0.0
0.0
1.62768
0.0
0.0
0.0
0.0
0.0
0.0
0.0
0.0
0.0
0.0
1.40679
0.0
0.0
1.58593
0.0
0.0
0.0
0.0
0.0
0.0
0.0
0.0
0.0
0.0
0.0
0.0
0.0
1.52468
0.0
0.0
0.0
0.0
0.0
1.76354
0.0
0.0
0.0
0.0
0.0
2.59598
0.689245
0.0
0.0
0.0
0.0
0.0
0.0
0.0
0.0
0.0
0.0
0.0
0.577958
0.0
0.0
0.0
0.0964554
0.0
0.0
0.0
0.0
0.0
0.0
0.677225
0.0
0.0
0.0
0.0
0.0
0.0
0.0
0.0
0.0
0.0
0.0
0.0
0.0
0.0
0.871777
0.0
0.0
0.0
0.0
0.0
0.0
0.0
0.0
0.573675
0.0
2.91247
0.0
0.0
0.0
0.0
0.0
0.0
0.0
0.0
1.74986
0.0
0.0
0.0
0.0
0.0
2.06631
0.0
0.0
0.0
0.0
0.0
0.0
0.0
0.0
0.0
0.0
0.0
0.0
0.0
0.0
0.0
0.0
0.0
0.0
0.0
0.0
0.0
0.0
1.92261
0.0
0.0
0.0
0.0
0.0
0.0
0.0
1.2513
0.0
0.0
0.0
0.0
0.0
0.0
0.0
0.0
0.0
0.0
0.0
0.0
3.87892
0.386348
0.0
0.0
0.0
0.0
0.0
0.0
1.5776
0.0
0.0
0.0
0.0
0.0
0.0
0.0
0.979396
0.413017
0.0
0.0
0.0
0.0
0.0
1.05575
0.0
0.0
0.0
0.0
0.0
0.0
0.0
0.0
1.44515
0.0
0.0
0.0
0.0
0.0
0.743507
0.0
0.0
0.0
0.0
0.675222
0.0
0.0
0.0405658
0.0
0.0
0.0
0.0
0.0
0.0
0.0
0.0
0.0
0.0
0.0
0.0
0.0
0.0
0.0
1.69716
0.0
0.36606
0.0
0.0
0.0
0.741702
0.0397174
0.0
0.0
0.0
0.0
0.0
0.0
0.0
0.521958
0.0
0.0
0.0
0.0
0.0
0.0
0.0
0.0
0.0
0.0
0.775955
0.0
0.0
0.0
0.0
0.0
0.0
0.0
2.12223
0.0
0.0
0.0
0.0
0.0
0.0
0.0
0.0
0.0
0.0
0.0
0.0
0.0
1.16978
0.0
0.0
0.0
0.0
0.0
0.0
0.0
0.0
0.0431771
0.0
0.0
0.0
0.0
0.0
0.0
0.0
0.0
0.0258545
0.0
0.0
0.0
0.0
0.0
0.0
0.0
0.0
0.0
0.0
0.0
0.0
0.0
0.0
0.0
0.0
0.0
2.02046
0.0
4.12773
1.90241
0.0
0.0
0.0
0.293789
0.0
0.0
3.21224
0.0
0.0
0.0
0.0
0.0
0.0
0.192901
0.0
0.0
0.12107
0.0
0.0
0.300663
0.664264
0.0
0.0
0.0
1.55585
0.0
0.0
0.0
0.0
0.0
0.0
1.43422
0.0
0.0
0.0
3.40796
2.31913
0.0
0.0
0.578552
0.0
0.0
0.0
0.0
0.0
0.0
0.0
0.0
0.0
0.0
0.0
0.0
0.0
0.0
0.0
0.347848
2.02983
0.0
0.0
0.0
0.0
0.0
0.0
0.0
0.0
0.0
0.0
0.0
0.553029
0.0
0.0
0.558901
0.0
0.0
0.0
0.0
0.0
0.0
0.0
0.0
0.233554
1.73874
0.0
0.0
0.0
0.0
0.0
0.0
0.0
0.0
0.0
0.0
1.04835
0.0
0.0
0.0
0.0
4.12752
0.0
0.0
0.0
0.0
0.0
0.0
0.0
0.0
0.0
0.0
0.0
0.0
0.0
0.0
1.57925
0.0
0.0
0.0
0.0
0.0
3.43795
0.0
0.0
0.0
0.0
0.0
0.0
0.0
0.0
1.87068
0.0
0.0
0.0
0.0
0.0
0.0
0.0
0.0
0.0
0.0
0.0
0.0
0.0
4.68435
0.0
0.0
0.0
0.0
0.0
0.0
0.532204
0.0
0.0
0.0
1.1829
0.744735
0.0
1.06606
0.0
0.0
0.0
0.0
6.652
0.0
0.629341
0.0
0.0
0.0
0.0
0.0
0.0
0.0
0.0
0.0
0.0
0.0
0.0
0.0
0.0
0.0
0.0
0.0
0.171566
0.0
0.0
0.0
0.0
1.56718
0.0
0.0
0.0
0.0
0.0
1.44682
0.0
0.0
0.0
0.960649
0.0
0.0
0.0
0.0
2.66655
0.0
0.0
0.0
0.0
0.0
0.0
0.0
0.0
0.0
0.0
0.40353
0.0
0.0
1.73528
0.0
0.0
0.0
0.0
0.0
0.836439
0.0
0.0
0.0
0.167704
0.0
0.0
0.0
0.0
0.0
0.0
0.0
0.0
0.0
0.0
0.646125
0.0
0.0
0.0
0.0
1.92511
0.0
0.0
0.0
0.0
0.0
0.0
0.0
0.0
0.0
0.0
1.66184
0.0
0.0
0.0
1.39418
0.0
1.62456
0.0
0.0
0.0
1.20261
0.0
0.0
0.847125
0.0
0.0
0.0
0.0
0.0
0.0
0.0
0.0952615
0.0
0.0
0.0
0.0
0.0
0.0
0.0
0.0
0.0
2.16074
0.0
0.0
0.0
0.0
0.0
0.0
0.0
0.0
0.0
2.54461
0.0
0.964905
0.0
1.93921
0.0
0.0
0.0
0.0
0.0
0.0
0.0
0.0
0.0
0.0
0.0
0.0
0.0
0.0
0.0
0.0
0.0
0.0
0.0
0.0
4.05008
0.0
0.0
0.0
0.0
1.76287
0.0
0.0
0.0
0.0
0.0
0.0
0.0
0.0
0.0
0.307612
0.0
0.0
0.0
0.0
0.0
0.0
0.0
0.0
0.0
0.0
0.0
0.0
0.0
0.0
0.0
0.0
0.99301
2.55895
0.0
0.919977
0.0
0.0
0.0
0.0
1.29554
0.0
0.448196
0.0
0.0
0.0
0.0
0.0
0.0
0.0
0.0
0.0
0.0
0.0
0.0
0.0
0.0
0.0
0.0
0.0
0.0
0.0
0.0
0.0
0.0
0.0
0.0
1.27196
0.0
0.0
0.133993
0.0
0.0
1.33002
0.0
0.178536
0.42046
0.0
0.0
0.0
0.0
0.0
0.0
0.0
0.0
1.63156
0.0
0.0
0.0
0.0
0.0
0.0
2.2365
0.0
0.844907
0.0
0.0
2.08315
0.0
0.0
0.0
0.64478
0.0
0.255794
2.99687
0.0
0.0
0.0
0.0
0.0
0.0
0.0
1.85257
0.0
0.0
0.0
0.0
0.0
1.46391
0.0
0.0
0.0
0.0
0.0
0.0
0.279228
0.972495
1.87169
0.0
0.0
0.0
0.0
0.0
0.0
0.0
0.0
0.0
0.143509
0.0
0.0
0.0
0.0
0.0
0.0
1.88339
0.0
0.416127
0.0
0.0
0.0
0.0
0.0
0.0
0.0
0.0
0.0
0.853059
0.0
4.23826
0.0
0.0
0.0
0.0
0.0
0.0
0.0
0.0
0.0
5.63987
0.0
0.0
0.0
0.0
0.0
0.0
0.0
0.577396
0.0
0.0
0.0
0.0
0.0
0.0
0.0
0.0
0.0
0.0
0.0
0.0
0.0
0.0
0.0
0.0
0.0
0.0
0.0
0.0
0.0
0.0
0.0
0.0
0.780336
0.0
0.0
0.160301
0.0
1.32171
0.0
0.0
0.0
0.0
0.0
0.0
0.0
0.0
0.0
0.0
2.3828
0.0
0.0
0.0
0.0
0.0
0.0
0.0
0.0
0.0
0.0
0.0
0.0
0.0
0.0
0.0
0.0
0.0
0.0
2.86418
0.0
1.05728
0.0
0.0
0.0
2.87771
0.0
0.0
1.75672
0.0
0.0
0.0
0.0
0.0
0.0
0.0
0.0
0.240515
0.0
0.0
0.0
0.0
0.0
0.0
0.0
3.32749
0.0
0.0
0.0
0.0
0.0
0.0
0.0
0.0
0.0
0.0
0.0
0.0
0.0
0.0
0.0
0.0
0.0
0.0
0.0
1.63166
0.0
0.0
0.0
0.0
0.0
0.333921
0.0
0.0
0.0
0.0
0.0
0.0
0.0
0.0
0.0
0.0
0.0
0.0
0.0
0.0
0.0
0.0
0.0
0.0
0.0
0.0
0.0
0.0
0.0
3.11298
0.0
0.0
0.0
0.0
0.0
0.0
0.0
0.0
0.0
0.0
0.0
0.0
0.0
0.0
0.0
0.110461
0.0
0.38846
1.51801
0.0
0.0
0.0
1.836
0.0
0.0
0.0
0.0
0.0
0.0
0.0
0.0
0.0
0.949741
1.12543
0.0
0.0
0.0
0.0
0.0
0.520506
0.677086
0.0
0.0
0.0
0.0
0.0
0.0
0.0
0.0
0.0
0.0
0.0
0.0
0.0
0.0
0.0
0.0
0.0
0.645319
0.0
0.0
0.0
0.0
1.5874
1.13803
0.0
2.22104
0.0
0.0
0.0
0.0
0.0
0.0
3.81451
0.0
0.0
0.0
0.0
0.0
0.0
3.93261
0.0
0.0
0.0
0.0
0.342106
0.531325
0.0
0.0
0.0
0.434736
0.0
0.0
0.0
1.49881
0.0578041
0.0
0.0
0.0
0.675085
0.0
0.0
0.0
0.0
0.0
0.0
4.44196
0.0
0.0
0.0
0.0
0.0
0.0
0.0
0.0
0.0
0.0
0.0
0.0
2.92205
0.0
0.0
0.852897
0.791327
0.0
0.783274
0.0
0.0
0.0
0.0
0.0
0.0
0.0
0.0
1.53612
0.0
0.0
0.0
0.0
0.0
0.0
0.0
0.0
0.0
3.92184
0.0
0.0
0.0
0.0
0.0
0.0
0.0
0.0
2.01051
0.768431
0.0
0.0
0.0
0.0
0.0562378
0.0
0.0
0.0
0.0
0.0
0.0
0.0
0.0
0.0
0.0
0.0
4.77924
2.53592
0.0
1.26059
0.533851
0.0
0.0
1.28531
0.0
0.0
0.0
0.0
0.0
0.0
0.0
0.0
0.0
0.0
0.0
0.0
0.0
0.0
0.0
0.0
0.179786
0.0
0.0
0.0
0.0
0.0
0.0
0.0
0.0
0.0
0.0
0.0
0.386534
0.0
0.0
0.0
0.0
0.0
0.0
0.667782
0.0
0.223204
0.0
0.0
0.0
0.1938
0.0
0.666644
0.0
0.0
0.0
0.0
0.0
0.0
0.0
0.0
0.0
1.32043
0.0
1.93191
2.46022
0.0
0.0
2.77796
0.0
0.0
4.52705
0.0
0.167946
0.0
0.0
0.0
0.0
0.0
0.0
0.247203
0.0
0.0
0.0
0.0
0.0
2.10933
0.0
0.0
0.0
0.0
0.0
2.51194
1.7091
0.0
0.0
0.0
0.0
0.0
0.0
0.678308
0.0
0.0
0.0
0.0
0.0
0.0
0.0
0.0
0.0
0.0
0.0
0.0
0.0
0.0
0.0
0.0
0.0
0.0
0.0
0.0
0.0
0.836942
0.0
0.0
0.0
0.0
0.0
0.0
0.0
0.0
0.785411
0.0
0.0
0.0
0.0
0.0
0.0
0.0
0.0
0.0
0.0
0.0
0.399795
0.0
2.37369
1.11789
0.0
0.0
0.0
0.0
0.0
0.0
0.212289
0.736999
0.0
0.0
0.0
0.0
0.0
0.0
0.0
0.0
0.945342
0.0
0.0
0.0
0.0
0.0
0.0
0.0
0.0
0.0
0.687744
0.0
0.0
0.0
0.0
0.0
0.0
1.02706
0.0
0.0
0.0
0.0
0.0
0.0
0.0
0.0
0.0
0.0
0.0
0.0
1.01504
0.0
0.0
0.0
0.976663
0.0
0.0
0.0
0.0
0.0
0.0
3.01303
0.0
0.233033
0.0
0.0
0.0
0.0
0.0
0.0
0.0
0.0
0.0
0.0
0.0
0.0
0.0
0.0
2.95268
0.0
0.0
0.0
0.0
0.0
0.0
0.0
0.0
0.647454
0.0
0.0
0.0
0.0
0.0
0.0
0.0
1.05973
0.0
0.0
0.0
0.0
0.0
0.0
0.0
0.0
0.0
0.0
0.0
0.0
0.0
0.0
0.0
0.0
0.0
0.0
0.0
0.0
0.0
0.0
0.144985
0.0
0.0
0.0
1.17333
0.0
0.0
1.17076
0.0
0.0
0.0
0.0
0.0
0.0
0.0
0.0
0.0
2.01342
0.707922
0.0
0.0
0.0
0.0
1.08477
0.0
0.0
0.0
0.0
0.0
0.0
0.0
0.0
0.370245
0.0
0.0
1.607
0.0
0.0
0.0
0.0
0.0
0.0
0.0
0.0
3.1832
0.0
0.0
0.0
0.0
0.0
0.0
0.0
0.0
0.0
0.0
0.0
0.0
0.0
0.0
0.0
0.0
0.0
0.0
0.0
0.0
0.0
0.605859
0.0
0.0
0.0
0.0
1.09883
0.0
0.0
0.0
0.0
0.0
0.0
0.0
0.0
0.0
0.0
0.0
0.0
0.0
0.0
0.0
0.0
0.0
0.0
0.0
0.0146565
1.91122
0.0
0.0
0.0
0.0
0.0
0.915998
0.0
0.0
0.0
0.0
0.0
0.0
0.0
0.0
0.0
0.0
0.672064
0.3446
0.0
0.0
0.0
0.0
0.0
0.0
0.0
0.0
0.0
0.0
0.0
0.0
0.0
0.0
0.370082
0.0
0.0
0.0
0.0
0.0
4.01039
0.0
0.0
0.0
0.0
0.0
0.0
0.0
0.0
0.0
0.0
0.0
2.07589
1.58991
0.0
0.0
0.0
0.0
0.0
0.0
0.0
0.0
0.0
0.0
0.0
0.0
0.394855
0.0
0.0
0.0
0.0
0.0
0.0
0.0
2.3126
0.0
0.0
0.0
0.0
0.0
0.0
0.762515
0.807788
0.0
0.0
0.0
2.29393
0.0
0.0
0.0
0.0
0.0
0.205497
0.490964
1.85436
0.0
0.0
0.0
1.08837
0.571494
2.70095
0.0
0.0
0.0
0.0
1.85512
0.0
0.0
0.0
0.0
0.0
0.0
0.0
1.03485
0.0
0.0
0.0
0.0
0.0
0.0
0.0
0.0
0.0
0.0
0.0
0.0
0.0
2.72664
0.0
0.0
0.0
0.0
0.0
0.0
0.0
1.03119
0.0
0.0
0.0
0.0
0.0
0.0
2.14783
0.0
0.0
0.0
0.0
0.0
0.0
0.723338
0.0
0.0
0.0
0.0
1.66099
0.0
0.0
0.0
1.34671
0.0
0.0
0.0
0.93812
0.585545
1.19913
0.0
0.0
2.39621
0.0
0.0
0.0
0.0
0.0
0.0
0.0
0.0
0.0
0.0
0.0
0.0
0.0
0.0
0.0
0.0
0.242921
0.16953
0.0
0.0
0.0
0.0
0.0
0.0
1.83532
0.0
0.0
0.0
0.0
0.0
0.0
0.0
0.397847
0.0
0.0
0.0
0.0
0.0
0.0
4.28402
0.0
0.0
0.427171
0.0
0.0
0.0
0.0
0.0
0.0
0.0
0.0958686
0.0
0.0
0.0
0.0
0.0
0.0
0.0
0.0
0.0
0.0
0.0
0.0
0.0
0.0
0.0
0.0
0.0
0.0
0.0
0.0
0.0
0.0
0.0
0.0
0.0
0.0
0.0
0.0
0.0
0.0
0.0
0.135561
0.0
0.359486
0.0
0.0
0.0
0.0
0.0
0.0
0.0
0.0
0.387809
0.0
0.0
0.0
0.0
1.51614
0.0
4.71497
0.0
0.0
0.0
0.0
0.0
0.0
0.0
0.0
0.0
0.0
0.0
0.64662
0.860081
0.0
0.0
0.0
0.0
0.0
0.0
0.0
0.0
0.0
0.0
0.0
0.0
0.0
0.0
0.0
0.0
0.0
0.0
0.0
0.0
0.0
0.0
0.0
0.0
0.0
0.0
0.0
0.0
0.0
0.563661
0.0
1.32576
0.0
0.0
0.0131707
0.0
0.142602
0.0
0.0
1.53292
0.0
0.0
0.0
0.286041
0.0
0.0
0.0
0.0
0.0
0.0
0.0
0.0
0.0
0.0
0.0
0.0
0.0
0.0
0.0
0.0
0.0
2.04086
0.0
1.31556
0.75031
0.0
0.0
0.0
0.0
0.0
0.0
0.0
0.86828
0.0
0.723624
0.0
0.0
0.0
0.0
0.0
0.0
0.0
0.0
0.0
0.0
0.0
0.0
0.0
0.0
0.0
0.0
0.0
0.0
0.0
2.47612
0.0
0.0
0.0
0.0
0.0
0.0
0.0
0.0
0.0
0.0
0.0
0.0
0.989301
0.0
0.0
0.0
0.0
0.0
0.0
0.0
0.0
0.0
0.517636
0.0
0.0
0.0
0.0
0.0
0.0
0.0
0.0
0.0
0.0
0.0
0.0
0.0
1.1566
2.26679
0.0
0.0
2.97917
0.0
0.0
0.0
0.0
0.0
0.0
0.0
0.0
0.0
0.0
0.0
0.0
0.0
0.0
0.0
0.0
2.37411
0.151981
0.0
0.0
0.0
0.0
1.844
0.0
0.0
0.0
0.0
0.0
0.0
0.0
0.0
0.0
0.0
0.0
0.290314
0.0
2.3918
0.0
0.0
0.0
0.0
0.725377
1.41347
0.0
0.0
0.0
0.0
0.0
0.0
0.0
0.0
0.0
0.0
0.0
0.0
0.0
0.888878
0.0
0.0
0.0
0.0
0.0
0.0
2.42301
0.0
0.0
0.0
0.0
0.0
0.0
0.0
0.0
1.26797
0.0
0.0
0.0
0.0
0.0
0.0
1.59563
0.0
0.0
0.0
0.0
3.20423
0.0
0.211681
0.0
0.0
0.0
0.0
0.241723
0.0
0.0
0.0
0.0
0.545242
0.0
0.57805
0.0
0.0
0.0
1.15133
0.0
0.0
0.0
0.0
0.0
0.0
1.09258
0.0
0.0
0.0
0.0
0.0
0.0
0.0
0.0
1.91956
0.0
3.54147
0.0
2.06273
0.0152788
0.0
0.0
0.0
0.0
0.13426
0.0
1.38641
0.0
0.0
0.0
2.51995
0.0
0.0
0.0
3.2113
0.0
0.0
0.0
0.0
0.0
0.0
0.0
1.1401
0.0
2.22499
0.0
0.0
0.0
0.0
0.897015
0.0
0.0
0.0
0.605661
0.0
0.923745
0.0
0.0
0.0
0.0
0.0
2.45482
0.0
0.0
0.0
0.0
0.0469331
0.0
0.0
0.0
0.0
1.99459
0.0
0.0
0.0
0.0
0.0
0.0
0.0
0.0
0.0
0.0
0.0
0.0
0.0
1.03499
0.0
2.67877
0.0
0.0
0.0
0.0
0.0
0.0
0.0
0.0
0.0
3.5761
0.0
0.0
0.0
0.0
0.0
0.0
0.0
0.0
0.0
2.18774
0.0
0.0
1.27331
0.0
0.0
0.0
0.0
3.64868
0.0053215
0.0
0.0
0.0
0.0
0.0
0.0891059
0.0
0.0
0.0
0.0
0.0
0.0
0.488095
0.0
0.0
0.0
0.0
0.0
0.0
0.0
0.0
0.0
0.0
0.0
0.0
0.0
0.93272
0.0
0.0
0.0
0.0
0.0
0.0914212
0.0
0.0
0.0
0.0
0.0
0.0
1.8228
0.0
0.0
2.68844
0.0
0.733857
0.0
0.727919
0.0
0.0
0.0
0.0
0.0183214
0.0
0.0
0.0
0.0
0.0
0.864564
0.0
0.0
0.0
0.0
0.0
0.0
0.0
0.0
0.0
0.854572
0.0
0.0
0.0
0.553883
0.00447418
0.0
0.0
0.0
2.08706
1.67263
0.0
0.0
1.93466
0.0
0.0
1.02407
0.0
0.0
0.0
0.0
0.0
0.0
0.0
0.0
0.0
0.0
0.0
0.0
0.0
1.9217
0.0
0.0863387
0.0
1.94878
0.0
0.0
4.79262
0.0
0.0131831
0.0
0.0
0.0
0.0
0.982887
0.0
0.0
0.0
0.0
1.73932
0.0
0.0
0.0
0.0
0.0
0.0889272
0.0
0.0
0.0
0.0
0.0
0.0
0.0
0.0
0.0
0.0
0.0
0.0
0.328759
0.0
0.0
0.0
0.0
0.0
0.0
1.76404
0.0
0.0
0.0
1.82657
0.0
0.0
3.09839
0.0
0.0
0.0
3.79803
0.0
0.0
0.0
0.0
2.24511
0.0
2.40144
0.0
0.0
0.0
0.0
0.0
0.0
0.0
0.0
3.36075
0.0
0.0
1.06362
0.0
0.0
0.0
0.0
0.0
0.0
0.0
0.0
0.0
0.0
0.0
0.0
0.0
1.30814
0.0
0.0
1.88537
0.0941944
0.0
0.0
0.0
0.0
0.0
0.0
0.0
0.0
0.0
0.0
0.0
0.0
0.953734
0.0
0.0
0.0
0.0
3.06988
1.02453
0.0
0.0
0.0
0.0
0.0
0.0
0.0
0.0
0.0
0.0852151
0.0
0.0
0.0
0.0
0.0
0.0
0.0
0.0
0.0
0.0
0.0
0.0
0.0
0.0
0.0
0.0
0.0
0.0
0.0
0.0
0.0
0.0
0.0
0.0
0.0
1.65559
0.0
0.0
0.0
0.0
0.0
0.0
0.0
0.0
0.678461
0.0
0.0
0.0
0.0
0.0
0.0
0.0
0.0
0.618066
0.0
0.0
1.85387
0.0
0.0
1.43452
0.0
0.0
0.0
0.0
0.0
0.0
0.0
0.0
0.0
0.0
0.818619
0.0
2.06502
0.663527
0.0
0.0
0.0
0.0
0.0
0.0
0.0
0.0
0.0
0.0
0.0
0.0
0.0
0.0
0.0
0.0
1.63801
0.0
0.0
0.0
0.657317
0.0
0.0
0.650098
0.0
0.0
0.0
0.0
0.0
0.0
0.0
0.0
0.0
0.576063
0.0
0.0
0.0
0.0
0.0
0.0
0.0
0.0
1.23455
0.0
0.0
