0.0
0.0
4.75804
0.0
0.840316
0.0
0.0
0.0
0.0
0.0
0.0
0.0
0.0
0.0
0.0
0.0
0.0
0.0
2.74529
0.0
0.0
2.07447
0.0
0.0
0.0
0.0
0.0
0.0
0.0
0.0
0.0
2.41502
0.0
4.61259
0.0
0.0
0.0
0.0
0.0
0.0
0.0
0.0
5.44769
0.0
0.0
0.84653
0.717427
2.09206
0.254575
2.32397
0.0
0.0
0.0
0.0
0.0
0.0
0.0
0.0
0.0
0.0
0.0
0.0
0.0
2.96847
0.0
0.0
0.0
0.0
1.38745
0.0
0.0
0.0
0.0
0.0
0.0
0.0
0.0
0.0
2.49425
0.0
2.04451
0.0
0.0
0.0
0.0
0.0
0.0
0.643568
0.0
0.0
0.0
0.0
0.0
0.0
0.0
0.0
0.0
0.0
2.50846
0.0
0.0
0.853132
0.0
0.0
0.0
0.0
0.0
0.0
0.0
0.470894
0.0
0.0
0.0
0.737003
0.0
0.0
0.0
0.0
2.32202
0.0
0.0
0.0
0.0
0.0
0.0
0.0
0.0
4.38589
0.0
0.0
0.0
0.0
0.0
0.0
2.47645
0.0
1.61644
0.0
0.0
0.0
0.0
1.11446
0.0
0.0
0.0
0.0
0.0
0.0
1.92112
0.0
0.0
0.0
0.0
0.0
0.0
0.0
1.40028
1.55026
0.0
0.0
0.0
0.0
0.0
0.0
0.0
0.0
0.0
0.0
0.0
0.0
0.0
0.0
0.492256
0.0
0.0
0.0
1.94363
0.0
0.0
0.0
0.0
0.0
0.0
0.0
0.0
0.0
0.0
0.82251
0.0
0.0
0.0
0.0
3.85936
0.0
0.0
0.0
0.0
0.0
0.0
3.55975
0.0
2.95264
0.0
0.0
0.0
0.0
0.0
0.0
0.0
0.0
0.0
0.0
0.0
0.0
0.0
1.08147
0.0
0.0
0.0
0.400413
0.0
0.0
0.0
0.0
0.836568
0.0
0.0
0.228631
0.0
0.0
0.0
0.0
0.0
1.42828
0.0
0.0
0.0
0.0
0.0
0.0
0.0
0.0
0.0
0.0
0.0
0.0
0.0
5.63751
0.0
0.0
0.0
0.0
0.0
0.0
0.0
0.0
0.0
0.0
0.0
0.281456
0.0
0.0
4.36267
0.0
0.0
0.0
0.457202
0.0
0.0
1.68422
0.0
0.0
0.0
0.0
0.0
0.0
2.11364
1.25609
0.0
0.0
0.0
1.11809
2.14399
4.7869
0.0
0.0
0.0
0.0
0.0
0.0
0.0
0.0
0.0
0.0
2.71473
0.0
0.0
0.0
0.0
0.0
0.0
3.58435
0.0
0.0
0.0
4.73802
0.0
0.0
2.38829
0.0
0.0
0.0
0.0
0.0
0.0
0.0
0.0
0.0
2.20259
0.0
0.0
0.0
0.0
0.0
0.0
0.0
4.90571
0.0
0.0
0.0
0.0
0.0
0.0
0.0
0.473576
0.0
0.0
0.0
0.0
0.0
0.0
0.0
0.0
0.0
0.0
0.96815
0.0
0.0
0.0
0.0
0.0
0.0
0.0
0.0
0.0
0.0
0.0
0.540514
0.0
3.64134
0.0
0.0
0.0
0.0
0.0
2.71256
0.0
0.0
0.0
0.0
0.0
0.0
0.0
0.0
0.0
0.0
0.0
0.0
0.0
0.0
0.0
0.0
0.0
0.0
0.0
0.0
0.0
2.98252
0.0
3.40492
0.0
0.0
0.0
0.668117
0.0
3.85354
3.26128
0.0
0.0
1.43877
0.0
0.0
0.0
0.0
0.0
0.0
1.31793
0.0
0.0
0.0
0.0
0.0
0.0
0.0
0.0
0.0
0.0
0.0
0.0
0.0
0.0
0.0
0.0
0.0
0.0
0.0
0.0
0.0
0.0
1.77762
0.0
0.0
0.0
1.81544
0.0
0.0
0.0
0.0
1.28386
0.0
0.0
0.0
0.0
0.0
0.0
0.0
0.0
0.0
0.0
0.0
0.0
0.0
0.0
5.39011
0.0
0.0
0.0
0.0
0.0
1.46009
0.0
0.0
0.505399
0.0
0.0
4.44843
0.0
0.0
0.0
3.61287
0.0
0.0
0.0
0.0
0.0
0.0
0.0
0.0
1.03105
0.0
0.0
0.0
0.0
4.57609
0.0
0.0
0.0
0.0
0.0
0.0
0.0
0.212389
0.0
0.0
0.0
0.449728
3.52296
0.276718
0.213994
0.0
0.0
1.56482
0.0
0.0
0.0
0.0
0.0
0.0
0.0
1.42867
0.0
0.0
0.0
0.0
0.0
0.0
0.0
2.04943
0.0
0.0
0.0
0.0
0.0
4.26845
0.0
0.0
0.0
0.0
0.0
0.0
0.0
0.0
3.1489
4.79087
0.0
0.0
0.0
0.0
0.0
0.0
0.0
0.0
0.0
0.0
0.0
0.0
0.0
0.0
0.0
0.0
0.0
0.0
0.0
0.0
0.0
0.0
2.1805
0.0
0.707569
0.0
0.0
0.0
0.0
0.0
0.0
0.0
0.0134946
0.0
0.0
0.0
0.0
0.0
0.0
0.0
0.0
0.0
0.0
0.0
0.0
0.0
0.0
0.0
0.0
0.0
0.0
0.0
3.14884
0.0
0.0
0.0
0.0
0.0
1.92985
0.0
0.0
0.0
0.0
0.0
0.0
0.0
0.0
0.0
0.0
0.0
0.0405284
0.0
0.0
0.0
0.0
0.0
0.0
0.0
1.97522
0.0
1.29042
0.0
0.0
0.0
0.0
0.019255
5.76458
0.0
0.0
0.0
4.75951
0.0
0.0
0.0
0.0
0.0
0.0
0.0
0.0
0.0
0.0
0.0
2.62726
0.373508
0.0
0.0
1.63332
0.0
0.0
1.17534
0.0
0.0
0.0
0.0
0.0
0.0
0.0
0.0
0.0
0.0
0.0
0.0
0.0
0.0
0.0
2.13779
1.24948
1.88335
0.0
0.0
0.0
0.0
1.17748
0.0
0.0
0.0
0.0
0.0
0.0
0.0
0.648497
0.907598
2.26991
0.0
0.0
0.0
0.0
0.0
0.0
0.0201074
0.0
0.0
0.0
0.0
0.0
0.0
0.0
0.0
0.0
0.0
0.0
0.0
0.0
0.0
0.0
0.0
0.0
0.0
0.0
0.206276
0.0
0.0
0.0
0.0
0.0
0.0
0.0
0.0
4.37507
0.0
1.87232
0.0
0.0
0.0
1.06021
0.0
0.0
0.0
0.0
0.0
0.0
1.22851
0.0
0.0
2.56301
1.08584
0.0
1.41678
0.0
0.0
3.66024
0.0
0.0
0.0
1.46086
0.0
0.0
0.0
0.0
0.0
0.0
0.0
0.0
0.0
0.0
0.0
0.0
0.119018
0.0
0.0
0.0
0.0
0.0
0.0
0.0
0.0
1.13245
0.147805
0.0
0.0
0.0
0.0
0.0
0.0
0.0
0.0
0.0
0.0
0.0
0.19976
0.0
0.0
2.86181
0.0
0.0
3.77047
0.0
0.0
0.0
0.0
0.0
0.0
0.0
0.0
0.0
0.0
0.0
0.0
0.0
1.9324
0.154998
0.0
4.81444
0.0
0.0
1.30529
0.0
0.0
0.728454
1.75834
0.0
1.04189
0.0
0.0
0.0
0.0
0.0
0.0
0.0
0.0
0.0
0.0
0.0
0.0
0.0
0.0
0.0
0.0
0.0
0.0
0.0
0.44518
0.0
0.0
0.0
0.0
0.0
0.62301
0.0
0.0
0.0
0.0
0.0
0.0
0.0
0.0
0.0
0.0
0.0
0.0
0.0
0.0
0.0
0.996147
1.2691
0.0
0.0
0.0
0.0
0.0
0.0
0.0
0.0
0.0
0.0
0.0
4.21229
0.0
0.0
0.0
0.0
0.0
0.0
4.18428
0.0
0.0
0.0
0.0
0.0
0.0
0.0
0.0
0.0
0.0
0.0
0.0
0.0
3.96052
0.0
0.0
0.0
0.0
0.0
0.0
2.2349
0.0
0.0
4.45734
0.0
0.0
0.0
0.0
0.0
0.0
0.0
0.0
0.0
0.0
0.0
0.0
0.0
0.0
0.0
0.0
4.61607
0.0
0.0
0.0
0.0
0.0
0.0
0.0
0.0
2.01932
0.758438
0.0
0.0
0.0
0.0
0.594957
0.0
0.0
0.0
0.0
0.0
0.0
1.96672
0.0
0.0
0.0
0.0
0.0
0.0
0.0
0.0
0.0
0.0
0.0
0.0
2.37889
0.0
0.0
3.03625
0.0
0.0
0.139489
0.0
0.0
0.0
1.22215
0.0
1.0081
0.0
3.97527
0.0
1.33706
0.0
0.0
0.0
0.0
0.954955
0.0
0.0
5.88139
0.0
0.0
0.0
0.0
0.0
0.0
0.0
0.0
0.0
0.0
0.0
0.0
0.0
0.0
4.366
0.0
2.28654
0.0
0.0
0.0
0.0
0.0
0.497992
0.0
0.910401
0.0
0.0
0.0
0.0846515
0.0
0.0
0.0
0.0
0.0
0.0
0.0
0.0
0.0
0.0
0.0
0.0
0.0
0.0
0.0
0.0
0.0
3.08945
0.0
1.72968
0.0
0.0
0.0
0.0
0.0
0.0
0.0
0.0
0.0
0.0
0.0
0.426313
0.0
3.10006
0.0
0.0
0.0
6.63455
3.46967
0.0
0.0
0.0
0.0
0.0
0.0
0.0
4.34421
0.0
0.0
0.791633
0.0
0.0
0.870373
0.0
0.0
0.0
0.923569
0.0
0.0
0.0
0.0
0.0
0.0
0.0
0.0
0.0
0.0
0.0
0.0
0.0217295
1.69797
1.90554
0.0
0.0
0.0
0.0
0.0339383
1.91267
0.0
2.26131
0.0
0.0
0.0
0.0
0.0
0.0
0.0
0.0
0.0
0.0
2.16231
0.0
0.0
0.0
0.0
0.0
1.39033
0.0
0.0
0.0
3.58751
0.0
1.64522
0.0
0.0
0.0
0.0
0.0
0.0
0.0
0.0
0.0
0.0
0.0
0.0
5.45126
0.0
0.0
0.0
0.0
0.0
0.0
0.0
0.0
0.0
0.0
0.0
0.0
1.27224
1.66204
3.47576
0.0
0.0
0.0
0.0
0.0
0.334142
0.0
1.59712
0.0
0.0
2.67791
0.0
0.0906455
0.0
0.0
3.20751
0.0
0.0
0.0
0.0
0.0
1.47867
0.0
0.0
0.0
0.0
5.35105
0.0
0.0
0.0
0.0
0.0
0.0
0.0
0.636778
0.0
0.0
0.0
0.0
0.869657
0.0
0.0
0.0
3.54195
0.411168
0.0
0.388439
0.0
0.0
0.0
0.0
0.0
0.0
0.0
0.0
0.0
0.0
0.0
0.0
0.0
0.99453
0.0
0.0
0.0
0.0
0.0
0.0
0.0
0.0
0.0
0.0
0.0
0.0
0.0
4.85279
0.0
0.0
0.0
1.49532
0.0
0.0
0.0
0.0
0.0
0.0
0.0
0.0
0.0
0.0
0.0
0.0
8.55453
0.0
0.0
0.0
0.0
0.362673
3.26676
0.0
0.0
0.0
0.0
0.0
0.0
0.0
0.0
0.0
0.0
0.0
0.0
4.61122
0.0
0.0
0.0
0.0
0.0
1.19195
0.0
0.0
0.0
0.0
0.0
0.0
0.0
0.0
1.1015
0.0
0.0
0.0
0.0
0.263478
0.988176
0.0
0.0
0.0
0.0
0.0
0.0
0.0
0.0
0.0
2.90249
0.0
0.0
0.0
0.0
0.0
0.0
0.503572
1.54543
0.0
2.26971
0.0
0.0
0.0
0.0
0.0
0.0
0.0
0.0
0.0
0.563253
0.0
6.17707
0.0
0.0
1.99966
0.0
0.0
0.0
0.0
0.0
0.0
0.0
0.0
0.0
1.07186
0.450339
4.20052
0.0
0.0
0.0
0.0
0.0
0.0
0.0
0.0
0.0
0.0
0.0
0.0
0.0
0.0
0.0
0.0
0.151914
0.36955
0.0
0.0
0.0
0.0
0.0
0.0
0.0
0.0
0.0
0.573021
0.0
0.0
0.0
3.71921
0.0
0.0
0.0
0.0
0.0
0.0
0.0
1.34438
0.0
0.0
0.0
0.0
0.0
0.0
0.0
0.0
0.0
0.0
0.0
0.113735
0.0
0.0
0.0
0.0
0.0
0.0
0.0
0.0
0.0
0.0
1.29453
0.0
0.544781
0.0
0.0
0.0
0.921568
0.0
0.0
0.0
1.26474
0.0
0.0
0.0
0.0
0.0
0.0
0.491988
3.85377
0.0
0.0
0.0
0.0
0.0
0.0
0.0
0.0
0.0
0.434857
0.0
0.0
0.0
0.0
0.150485
0.039429
0.0
0.763672
0.0
2.45425
3.88867
0.0
0.0
0.0
0.0
0.0
0.0
0.0
0.0
0.0
0.0
4.48445
0.0
0.0
1.8036
0.0
0.0
0.0
0.0
0.0
0.289638
4.32266
0.0
0.0
0.808203
0.0
0.0
0.0
0.0
0.0
0.0
0.0
0.0
0.0
0.0
0.0
1.94893
0.0
0.0
0.0
0.0
1.08248
0.0
0.0
1.97087
0.0
0.0
0.0
0.0
0.0
0.0
0.0
0.0
0.0
2.31575
0.0
0.0
0.0
0.117916
0.0
0.0
0.0
2.89005
0.0
0.0
0.0
0.0
0.0
0.0
0.0
0.0
0.0
0.0
0.0
0.0
0.0
0.0
0.0
0.0
0.0
0.0
0.0
0.0
0.0
0.0
0.0
0.0
0.0
0.0
0.0
0.0
0.0
0.0
0.0
0.0
0.0
0.100108
3.87693
1.28001
0.0
0.0
0.996131
0.0
0.0
0.0
0.0
1.52402
0.0
1.23289
0.0
0.0
0.0
0.0
0.0
1.26126
0.0
0.0
0.0
0.0
0.0
0.0
0.0
3.15006
0.0
0.0
0.0
0.0
0.0
0.0
0.0
0.0
0.0
0.0
1.76381
0.0
2.09424
0.0
0.0
0.0
0.0
0.0
0.0
0.0
0.0
0.0
0.0
0.0
0.0
0.0
0.0
0.546786
0.0
2.88803
1.76376
0.0
0.153382
0.0
0.0
0.0
0.0
0.0
0.0
3.51569
0.0
0.0
0.0
0.0
0.0
0.0
0.0
0.0
0.0
0.0
0.0
0.0
0.0
0.0
0.0
0.0
0.0
0.0
0.0
0.0
0.0
0.0
0.0
0.0
0.0
0.0
0.0
0.0
4.10621
0.0
0.177969
0.0
0.0
0.0
0.0
0.0
0.0
1.80763
0.837481
0.0
0.0
0.0
0.0
0.0
0.0
0.0
0.0
0.0
0.0
3.93993
0.0
0.0
0.0
0.418011
0.0
0.0
0.0
0.0
0.0
0.0
0.0
0.0
0.0
0.0
1.6612
0.0
0.0
1.48315
0.0
0.0
0.0
0.0
0.0
1.67671
6.05785
0.0
0.0
0.0
0.0
0.0
0.0
0.0
0.0
0.0
0.0519277
0.0
0.0
0.0
1.29994
0.0
0.0
0.0
2.25897
0.0
0.0
0.0
0.215907
0.0
3.17714
2.51693
0.0
0.0
2.90802
2.2238
0.0
0.0
0.0
3.76615
0.0
0.0
0.0
0.0
0.0
0.0
0.0
0.0
0.0
0.0
0.0
0.0
0.0
0.0
0.0
0.0
0.0
0.0
0.0
0.0
0.0
0.0
0.0
0.0
0.0
0.0
0.639466
0.0
5.71673
0.0
0.0
0.0
1.72169
0.0
0.0
0.0
0.0
0.0
0.0
0.0
0.0
0.0
0.0
0.0
0.0
0.0
0.0
0.372439
0.0
0.0
1.0399
0.0
0.0
0.0
2.48009
0.0
6.60675
0.0
0.0
0.0
0.0
0.0
0.325552
0.0
0.0
0.0
0.0
0.0
0.0
0.0
0.0
0.0
0.0
0.0
0.0
0.0
0.0
0.0
0.0
0.0
0.0
4.46706
0.0
0.0
0.0
0.0
0.0
2.06935
3.08665
0.0
0.0
0.0
0.0
0.0
0.0
0.0
0.0
0.0
0.0
0.964713
0.611088
0.0
0.0
0.293524
0.0
0.0
0.0
0.0
0.0
0.0
0.0
0.0
0.0
0.0
0.0
0.0
0.0
0.0
0.0
0.0
0.0
0.0
0.0
0.0
0.0
0.0
0.0
0.0
0.0
0.545573
0.0
0.0
0.0
0.0
2.68491
3.34103
0.0
2.9305
0.0
0.0
0.0
0.0
0.0
0.0
0.348988
0.0
0.0
6.35679
2.05052
0.0
0.0
0.0
0.0
0.0
0.0
0.0
0.0
0.0
0.0
0.0
0.0
0.0
0.0
1.29763
0.0
0.0
0.0
0.0
0.0
0.0
1.43696
0.0
0.0
0.0
0.0
0.0
0.0
0.0
0.0
2.37929
0.0
0.0
0.0
0.0
0.0
1.9015
0.0
0.0
0.0
0.475224
1.68915
0.0
0.0
0.0
0.0
0.0
0.0
2.99382
0.0
0.0
0.0
0.0
0.0
0.0
0.0
0.28658
0.0
0.0
1.01145
0.0
0.0
0.0
0.0
0.0
0.0
0.895683
3.83451
0.0
0.0
0.0
0.0
0.0
0.0
0.0
1.70921
0.0
0.0
0.0
0.0
0.0
1.55416
0.0
0.0
0.0
0.0
0.0
0.0
0.0
3.2934
0.0
0.0
0.0
0.0
0.0
0.0
0.0
0.0
0.0
1.27512
0.0
0.0
0.0
0.0
0.0
1.08905
0.0
0.0
0.0
0.0
0.0
0.308733
0.0
0.0
0.0
0.0
0.0
0.0
0.0
0.0
0.0
0.0
0.0
0.0
0.0
0.0
0.0
0.0
0.0
0.0
1.96023
0.0
0.0
0.0
0.0
0.541525
0.0
0.0
0.0
0.0
0.0
0.473072
0.0
0.0
3.72
0.0
1.39236
0.268952
0.0
0.0
0.0
2.73723
0.0
0.569358
0.0
0.0
0.367006
2.25741
0.0
0.0
0.0
0.0
0.0
0.0
1.73534
0.0
3.33966
2.07833
0.0
0.405783
0.0
0.0
2.60509
1.29176
0.0
0.0
0.0
0.0
0.0
2.8787
0.0
0.0
0.0
0.0
1.81113
0.0
0.0
0.0
0.00494861
2.64505
0.0
0.0
0.0
0.0
0.0
0.0
0.0
0.0
0.0
0.0
0.0
0.0
0.0
3.62054
0.0
0.0
0.867592
0.0
0.0
0.0
0.0
0.0
0.0
0.0
0.0
0.0
4.25494
0.0
0.0
0.0
0.0
1.5202
0.0
0.0
0.0
0.0
0.0
0.0
0.971811
0.386401
0.43806
0.0
0.0
0.0
0.0
0.0
0.0
0.0
0.0
0.0
0.921234
0.0
0.0
0.0
0.0
5.97373
0.0
0.0
0.0
0.0
0.0
0.0
0.0
3.04599
0.0
0.0
0.0
0.0
0.0
0.0
4.44658
0.0
0.0
0.0
0.0
0.0
1.73493
0.0
0.0
0.0
0.0
0.0
0.0
0.0
0.0
0.216125
0.0
0.431869
0.0
0.0
0.0
0.0
1.47928
0.721696
0.0
0.0
0.0
0.0
0.0
0.0
0.0
0.310641
0.0
0.0
0.0
0.0
0.0
0.0
0.0
0.0
3.94326
2.64965
0.0
0.0
0.0
0.0
0.0
0.0
7.14238
0.0
3.28536
0.52413
0.0
1.50528
0.0
0.0
0.0
0.0
0.0
0.0
0.0
0.0
1.91605
1.47408
0.0
0.0
0.0
0.0
2.70698
0.0
0.0
0.0
0.0
0.0
0.0
0.0
0.0
0.0
0.0
2.85358
0.81504
0.0
0.0
4.26281
0.0
0.0
0.0
0.0
0.0
0.0
0.0
0.0
0.0
0.0
0.0
0.0
0.0
0.0
0.0
0.0
0.0
0.0
0.0
0.0
0.0
0.0
0.0
0.0
0.564129
0.0
0.0
0.0
0.0
0.0
0.0
0.0
1.10912
0.0
0.0
0.0
0.0
0.0
0.0
4.6964
0.585319
0.0
0.0
0.0
1.54298
0.0
0.0
0.0
0.0
0.0
0.0
0.0
0.0
0.0
0.0
0.0
0.0
0.0
0.0
1.0565
0.0
1.75006
0.0
0.0
0.0
0.0
0.0
0.0
1.46816
0.0
0.0
0.0
0.0
0.0
0.0
0.0
0.0
0.0
0.0
0.0
0.0
0.0
0.0
0.833558
0.0
0.0
0.0
0.0
0.0
0.0
0.0
5.96846
0.0
0.0
0.0
0.0
0.0
0.0
3.19237
0.0
9.32155
0.0
0.0
0.0
0.0
0.0
0.0
0.0
0.0
0.0
0.0
0.0
0.0
0.0
0.0
0.0
0.0
0.0
0.0
0.0
0.0
3.70989
0.0
0.0
3.61916
0.0
0.0
0.0
0.0
0.0
0.0
0.0
0.0
0.0
0.0
0.0
0.0
0.36632
0.0
0.0
0.0
0.0
0.0
0.0138361
0.0
0.629182
0.0
0.0
0.0
0.0
0.0
0.0
0.0
0.202811
2.89323
0.0
0.0
0.0
0.0
0.370381
0.0
0.0
0.0
0.949126
0.0
0.727528
0.0
0.0
0.0
0.0
0.0
0.0
0.0
0.0
0.398262
0.0
0.0
0.0
0.0
2.57298
0.0
0.0
0.0
0.0
0.0
0.0
0.0
0.757176
0.761192
0.0
0.0
0.0
0.0
0.0
3.77106
0.0
0.0
0.0
0.0
0.0
0.0
0.0
0.0
0.0
0.0
0.0
0.0
0.0
0.0
0.0
0.843283
0.0
0.0
1.1491
0.0
0.0
0.0
0.505512
1.10842
0.0
0.0
0.0
5.64104
0.594874
0.0
1.10482
0.0
0.0
0.0
0.162503
0.0
0.0
0.0
0.0
0.0
0.0
0.0
0.0
0.0
2.63404
0.0
0.0
0.0
1.48208
0.0
0.0
0.0
0.0
3.59934
4.32202
1.82358
0.0
0.0
0.0
0.0
0.0
0.0
0.0
0.0
0.0
0.0
0.0
0.0
0.0
0.0
0.482045
0.82847
0.0
0.0
0.0
0.358555
0.0
0.0
0.0
0.0
0.0
0.0
4.49669
0.0
0.0
0.0
0.0
0.0
0.0
0.0
0.0
0.0
0.0
0.0144519
4.66494
0.0
0.0
0.0
0.0
0.0
0.0
0.0
0.224008
0.0
0.0
0.0
0.0
0.0
0.0
0.0
0.0
0.0
0.0
0.0
0.0
0.534572
0.0
0.0
0.0
0.0
0.0
0.0
0.0
0.0
0.0
0.0
0.0
0.0
0.0
0.0
0.0
0.0
0.0
0.0
0.0
0.0
0.0
0.0
0.0
0.0
0.0
0.757016
0.0
1.5406
0.0
0.0
0.0
0.0
0.0
0.0
0.0
0.0
0.0
0.0
0.0
0.0
0.0
0.0
0.0
0.0
0.0
0.0
1.70074
0.0
0.0
0.0
0.0
0.0
0.0
0.0
0.0
0.0
0.0
0.0
0.0
0.0
2.62837
0.0
0.369325
0.0
0.55051
0.0
0.0395406
3.97346
0.0
0.0
0.0
0.0
0.0
0.0
0.0
0.0
0.0
0.0
1.49515
0.0
0.0
0.0
0.0
0.0
0.0
0.0
0.0
0.0
0.0
0.0
0.0
0.0
0.704377
0.0
0.0
0.0
0.0
0.0
0.0
0.0
0.0
2.80467
0.0
0.0
0.0
0.0
0.0
0.0
0.0
0.0
0.0
0.0
0.0
0.0
0.0
1.46554
0.0
0.0
0.0
0.0
0.0
0.0
1.5715
0.0
0.0
0.0
0.0
0.0
0.0
0.0
0.0
0.0
0.0
0.0
0.0
0.0
0.0
0.0
0.0
0.0
0.0
0.0
0.0
0.0
0.0
0.0
0.0
0.732272
0.0
0.0
2.21249
0.0
3.19797
5.17744
0.0
2.91571
0.0
0.0
0.0
0.0
0.0
0.0
0.0
0.0
0.0
0.0
0.365267
0.0
0.737039
0.0
0.0
0.0
0.0
0.0
0.844494
0.0
0.0
0.0
0.0
0.0
0.0
0.524876
0.0
3.96279
0.0
0.0
0.0
0.0
0.0
0.0
0.0
0.178862
0.0
0.0
0.0
2.40138
0.0
0.0
0.0
0.0
0.0
3.38382
0.0
0.0
0.0
0.0
0.0
0.0
0.0
0.0
0.0
0.0
0.0
0.0
0.0
0.0
0.0
2.68306
1.96978
0.0
0.0
0.0
8.3594
0.0
0.0
0.0
2.49248
0.0
0.0
1.05006
0.0
1.44634
0.0
0.0
0.0
0.0
0.0
0.0
0.0
0.0
0.0
0.0
0.339737
4.73298
0.0
0.0
0.0
0.0
0.0
0.0
0.0
0.0
1.5101
0.0
0.0
0.0
0.0
2.70935
0.0
0.0
0.0
0.0
0.0
0.0
0.0
0.0
0.0
3.2136
1.85542
0.0
0.0
0.0
3.42361
0.0
0.0
0.0
0.675614
1.49061
0.0
0.0
0.0
0.0
0.558434
0.0
0.0
0.0
3.45613
0.0
0.0
0.0
0.0
0.0
0.0
0.0
5.35626
3.95506
0.0
0.0
1.75599
0.0761642
0.0
2.67335
0.0
0.0
0.0
0.0
0.0
0.0
0.0
0.0
1.07035
0.0
0.0
0.0
0.838721
0.0
0.0
0.362561
0.0
0.0
0.0
0.0
0.0
0.0
0.0
0.0
0.0
0.0
0.0
0.0
0.0
0.0
0.0
0.0
0.0
0.0
0.0
0.147652
0.0
0.0
0.0
0.0
0.310038
1.18877
0.0
2.10883
0.0
0.0
0.0
0.0
0.0
0.0
0.0
0.0
0.0
0.0
0.0
1.63536
4.91864
0.0
0.0
0.0
0.0
0.0
4.51702
0.0
0.0
0.0
0.0
1.75568
0.0
0.0
0.0
1.63044
0.0
0.0
0.0
0.0
0.0
4.59039
0.0
0.0
0.0
0.0
0.0
1.27311
5.38422
0.0
0.0
0.0
0.0
0.570812
0.0
2.02209
0.0
0.0
0.0
0.0
0.0
0.0
0.0
0.0
0.0
0.0
0.0
0.0
0.0
0.0
2.91051
0.0
0.0
0.0
0.144582
0.0
0.0
0.0
0.0
0.0
2.15706
0.0
0.0
0.0
0.0
0.689832
2.5228
0.0
0.0
0.0
0.0
0.0
0.0
0.0
0.0
5.80661
0.0
0.0
0.0
3.80456
0.0
0.0
0.0
2.01016
0.0
0.0
0.0
1.69622
0.0
0.0
0.0
0.0
0.0
0.0
0.0
0.0
0.0
0.0
1.82649
0.0
0.0
0.0
0.0
0.0
1.87651
0.0
0.0
0.0
1.21567
0.0
0.0
0.0
0.0
0.0
0.0
0.542507
0.0
0.0
0.0
0.0
0.0
0.0
0.0
0.0
0.0
0.0
0.0
0.0
0.0
0.0
0.0
0.0
0.0
0.0
0.0
0.0
0.0
2.32549
1.66608
4.72843
1.6412
4.37343
0.0
0.0
0.0
0.0
0.194614
0.0
0.0
0.0
0.0
0.0
0.0
0.0
0.0
0.0
1.62155
0.0
0.0
0.0
0.0
0.0
0.0
0.0
0.0
0.0
0.0
0.0
0.0
0.0
0.0
0.0
0.0
3.32743
0.0
0.0
0.0
2.31608
0.0
0.0
0.0
0.0
0.0
0.0
0.0
0.0
0.0
0.0
0.0
0.0
0.0468903
0.0
0.0
0.0
0.0
0.0
0.0
0.0
0.0
0.0
0.0
0.0
0.0
1.51943
1.38971
0.0
0.0
0.0
0.0
0.0
0.0
0.0
1.53493
3.18822
0.244563
0.0
2.52661
0.0
0.0
0.0
0.0
0.0
0.0
0.0
0.0
0.0
0.0
0.0
0.0
0.0
1.40565
3.34037
0.0
0.0
1.55503
0.0
0.0
0.0
0.0
0.0
0.873076
0.0
0.0
0.0
0.0
0.0
0.0
0.0
0.0
1.85306
0.0
0.0
0.0
0.0
0.0
0.0
0.0
0.0
0.0
3.56219
0.0
0.0
0.0
0.0
0.0
0.0
0.0
4.14365
0.0
0.0
0.0
0.0789802
0.0
0.0
0.0
0.0
0.0
0.0
0.0
0.0
0.0
0.0
0.0
0.0
4.1112
0.0
0.0
2.49152
0.0
0.0
0.0
0.0
0.438715
0.0
3.76202
0.0
0.0
0.0
0.0
0.0
0.0
0.0
0.0
0.0
0.0
2.67522
0.0
0.0
0.0
0.0
0.0
0.0
0.0
0.0
2.24796
0.0
0.0
0.0
0.0
0.0
0.0
0.923353
0.0
0.0
0.0
2.33882
0.0
0.0
0.0
0.0
0.0
0.0
0.0
0.0
0.0
0.0
0.0
0.0
0.0
0.0
0.806222
0.0
0.0
0.0
0.0
0.0
0.0
0.0
0.0
0.0
0.0
0.0
0.0
0.0915133
0.0
0.0
0.0
0.0
0.0
0.0
0.0
1.27153
0.0
0.0
2.36017
0.0
0.0
0.0
0.0
0.0360278
0.0
0.0
0.0
0.0
0.0
0.0
0.0
0.0
0.0
0.0
0.0
3.13074
0.0
0.0
0.0
0.788701
0.0
5.92339
0.0
0.0
0.0
0.0
0.0
0.381802
0.0
0.0
0.0
1.6905
0.0
0.0
0.0085021
0.0
0.0
0.0
0.0
0.0
0.0
0.0
0.0
4.61711
0.0
0.0
0.0
0.190677
0.0
0.0
0.0
0.0
0.0
0.0
0.0
0.0
3.399
0.0
0.0
0.0
0.0
0.0
0.0
1.2267
0.0
0.0
0.0
0.0
0.0
0.0
0.809159
0.0
0.0
0.0
0.0
0.0
0.0
0.0
0.0
2.62287
0.0
0.0
0.0
0.0
0.0
0.48142
0.0
0.0
0.0
0.0
0.0
0.0
0.0
0.0
0.0
0.0
0.0
1.25075
0.0
0.197627
0.0
0.0
0.0
0.0
0.0
0.0
2.85233
0.0
2.39475
0.0
0.0
0.0
3.21377
0.0
0.0
2.57688
0.0
0.0
0.0
3.38663
0.0
0.0
0.0
0.0
0.0
0.0
0.0
0.0
0.0
0.0
0.0
0.0
0.0
0.0
0.0
1.37404
0.672036
0.0
0.0
2.48914
0.0
0.0
0.0
0.0
3.45345
0.0
1.69415
0.0
0.0
0.0
0.0
0.0
0.0
0.0
0.0
0.0
0.0
0.0
0.0
0.0
0.0
0.0
0.0
0.0
0.0
0.0
0.0
0.0
0.0
0.197298
0.0
0.0
0.0
2.55723
0.0
0.0
0.0
0.0
0.0
0.0
3.15594
0.0
0.0
0.0
0.0
0.0
0.0
2.56238
0.0
6.85071
0.0
0.0
0.0
0.0
0.0
0.0
0.0
0.0
0.0
0.0
2.74262
0.0
2.87794
0.0
0.0
0.0
0.0
0.0
0.0
0.0
0.0
0.0
0.0
0.0
0.79736
0.0
0.0
0.0
0.0
1.08132
0.0
0.0
0.0
0.0
0.0
0.0
0.0
0.0
0.0
0.0
0.0
0.0689278
1.60616
0.0
0.0
1.10551
0.0
0.977789
0.0
0.0
0.0
0.0
1.18076
0.0
0.0
0.0
2.86632
0.200967
0.0
0.0
0.0
0.0
0.0
0.0
0.0
0.0
0.0
0.0
0.64215
0.0
0.0
0.0
0.0
0.0
7.87602
0.0
2.4223
2.707
0.0
0.0
0.0
0.0
0.0
0.0
0.0
0.0
0.0
0.567741
0.0
0.0
0.0
0.0
0.0
0.0
0.0
0.0
0.0
0.0
0.0
0.0
0.594683
0.236857
0.0
0.0
0.0
0.0
0.0
0.0406846
0.342576
0.0
0.0
0.0
0.0
0.0
0.0
0.0
0.0
0.0
0.0
0.0
0.0
0.0
0.0
0.0
0.646436
0.711138
0.0
0.0
3.53999
0.0
0.0
0.0
0.0
0.0
0.0
0.0
0.0
0.0
0.0
0.0
0.0
0.0
0.0
0.0
0.0
0.998081
0.0
0.0
4.81739
0.0
0.0
0.0
0.0
0.0
0.0
0.0
0.0
0.0
0.0
0.0
0.0
0.0
0.0
0.0
0.0
1.41419
0.0
0.0
0.0
0.586943
0.0
0.0
0.0
0.0
0.0
0.0
0.0
0.0
1.70793
0.0
0.0
0.0
0.0
0.0
0.0
4.19252
0.0
0.0
0.0
0.0
8.10791
2.36685
0.0
0.0
0.0
0.0
0.0
0.0
0.0
0.0
1.10316
0.0
0.0
0.0
0.0
0.0
0.0
0.669968
0.0
1.01475
0.0
0.0
3.15986
0.0
0.0
0.0
0.0
0.361506
0.0
0.0
0.0
0.0
0.0
0.0
0.0
3.46392
0.0
0.0
0.839227
0.0
0.0
0.0
0.0
0.0
0.0
0.0
0.0
0.0
0.0
0.0
0.0
0.0
0.0
0.0
1.5952
0.0
0.0
0.0
0.0
0.0
0.0
0.0
0.0
0.0
0.0
0.0
0.0
0.0
1.15452
0.0
0.0
0.0
0.0
0.0
0.0
0.0
0.0
5.2871
0.0
0.0
0.0
3.10165
0.0
3.82158
0.0
0.0
0.0
2.92232
0.0
0.0
0.0
0.0
0.0
0.0
0.0
2.3538
0.0
0.0
0.0
0.0
0.0
0.0
0.0
0.0
0.0
0.0
3.08663
1.69638
0.122226
0.0
0.0
0.0
0.0
0.0
0.0
0.0
0.0
0.0
0.0
0.0
0.0
0.0
0.0
0.0
0.0
0.0
1.38222
0.0
0.0
6.11366
0.0
0.0
0.0
0.0
1.92405
0.0
0.0
0.0
0.0
0.573842
0.0
0.0
1.332
0.0
2.18224
0.0
0.0
0.0
0.0
0.0
3.91218
0.0
0.0
0.0
0.0
1.56347
0.0
0.931715
0.0
0.0
4.89049
0.0
0.0
0.0
0.0
0.525256
0.0
0.0
0.0
0.0
5.36161
0.0
0.0
1.50219
0.0
0.0
0.0
0.0
3.27731
0.0
0.0
0.0
0.0
0.0
0.0
0.0
0.0
0.0
0.0
0.0
0.0
0.0
2.3101
0.0
0.0
0.0
0.0
0.0
0.0
0.0
3.843
0.0
0.0
0.0
0.0
1.02973
0.0
0.0
0.0
0.0
0.0
0.0
0.0
0.0
0.0
0.0
0.0
0.0
0.0
2.86434
0.412921
0.0
3.93156
0.0
1.62928
0.766803
0.387673
0.0
0.0
1.68494
0.0
0.0
0.0
0.0808306
0.0
0.0
0.0
0.0
0.201016
0.0
0.0
0.424033
0.0
0.0
0.0
0.0
0.0
0.0
0.0
0.255667
0.0
0.434439
0.0
0.0
0.0
0.0
3.2674
0.0
0.0
0.0
0.0
0.0
0.0
0.0
0.0
0.0
0.0
0.0
0.0
0.0
0.0
0.0
0.0
0.0
0.0
0.0
0.0
0.61289
0.0
0.99746
0.0
2.85352
0.0
0.0
0.0
0.0
1.00614
0.0
0.0
0.651376
0.0
3.83076
1.49754
1.58569
0.0
0.0
3.31622
0.0
0.0
0.0
0.0
0.0
0.0
0.0
0.716051
0.0
1.23658
1.82387
0.0
0.0
0.0
0.0
0.0
0.0
0.0
0.777275
0.0
3.28768
0.0
0.0
0.0
0.0
0.0
0.0
0.62432
0.0
4.30189
0.0
0.0
1.92081
0.0
0.0
0.0
2.52333
0.0
0.0
0.0
0.0
3.77492
0.0
1.45278
0.0
2.19685
1.96033
0.0
0.0
0.0
0.746127
0.0
2.74178
0.0
0.0
0.854126
0.0
0.0
0.0
0.0
0.0
0.0
0.0
0.0
0.0
0.596313
0.0
0.0
0.0
0.0
0.407919
0.0
3.94043
0.0
0.0
0.0
0.0
0.0
0.647384
0.0
0.0
0.0
0.0
0.0
0.0
0.0
0.0
2.77748
0.0
3.22444
0.0
5.25369
0.107666
0.0
0.0
1.83268
0.0
0.0
0.0
0.0
0.0
0.0
1.31481
0.0
1.70414
0.0
0.0
0.0
0.0
0.109066
0.0
0.0
0.0
0.0
0.0
1.04187
0.0
0.0
1.67722
0.11599
0.0
0.0
1.30507
0.0
0.0
0.0
0.0
0.0
5.14522
0.0
0.0
0.247688
0.0
0.0
0.0
0.0
0.247296
0.0
0.0
1.31641
0.0
0.0
0.0
0.0
0.955248
0.0
0.0
0.0
0.0
5.63282
0.0
0.0
3.91324
0.0
0.0
0.0
0.0
0.711506
4.84924
0.0
0.0
0.0
0.0
0.0
0.0
0.0
0.0
0.0
0.0
0.0
0.0
0.0
0.0
0.0
0.0
0.0
0.0
0.0
0.0
0.0
0.0
0.0
0.0
0.0
0.0
0.0
0.0
2.11799
0.0
0.0
3.66146
0.0
0.0
0.0
0.0
0.0
0.0
0.383358
0.0
0.0
0.0
0.0
1.55549
0.0
0.0
0.0
0.0
0.0
0.0
0.885134
0.0
0.0
