0.0
1.94122
0.416911
0.0
0.0
0.0
0.0
0.0
0.0
0.0
0.0
0.0
0.0
0.0
0.0
0.0
0.0
0.0
0.0
0.0
0.0
0.0
0.0
0.0
0.0
0.0
0.0
0.0
0.0
0.0
0.0
0.0
0.0
8.21695
0.0
0.0
0.0
0.0
0.0
0.0
0.0
0.0
2.93811
0.0
0.0
1.47034
0.313971
0.0463723
0.0
0.491815
0.0
0.0
0.0
0.0
0.0
0.0
0.0
0.0
0.0
0.0
0.0
0.0
0.0
4.81284
0.0
0.0
0.0
0.0
0.0
0.0
0.0
0.0
0.0
0.0
0.0
0.0
0.0
0.0
0.0
0.0
3.073
0.0
0.0
0.0
0.0
0.0
0.0
0.0
0.0
0.0
0.0
0.0
0.0
0.0
0.0
0.0
0.0
0.0
0.0387565
0.0
0.0
0.0
0.0
0.0
0.0
0.0
0.220414
0.0
0.0
0.0
0.0
0.0
0.0
4.02634
0.268098
0.0
0.0
0.0
0.0
0.0
0.0
0.0
0.0
0.0
0.0
0.0
0.0
3.14086
0.0
0.0
0.779815
0.312609
0.0
0.0
0.0
0.0
0.783154
0.0
0.660661
0.0
0.0
0.0
0.0
0.0
0.175875
0.0
1.22012
0.0
0.0135017
0.0
0.0
0.0
0.0
0.0
0.0
0.0
0.0
0.0
0.0
0.0
0.0
0.0
0.0
0.0
0.0
0.0
0.0
0.0
1.29459
3.21742
0.0
0.0
0.0
0.142078
0.0
0.0
0.0
0.0
0.0
0.0
1.7734
0.0
0.0
0.0
0.0
0.0
0.0
0.0
0.0
0.0
0.0
0.0
2.0051
0.329097
0.0
0.0
0.0
0.0
0.0
1.15455
0.0
0.0
0.0
0.372902
0.0
0.0
0.0
0.0
0.0
0.0
0.0
0.488335
0.0
0.0
0.0
1.44231
0.0
0.0
0.0
2.17614
0.0
0.383198
0.0
0.0
0.177429
0.0
0.0
2.11069
0.0
0.0
0.0
0.0
0.0
0.0
0.0
0.0
0.0
0.0
0.0
0.0
0.0
0.0
0.0
0.396318
2.4879
0.0
0.0
2.80014
0.0
0.0
0.0
0.184996
0.0
0.0
0.0
0.0
0.0
0.0818091
0.0
0.0
0.0
0.0
3.04692
0.0
0.0
0.0
0.530043
0.0
0.0
0.0
0.0
0.0
0.0
0.0
0.0
0.0
1.54065
0.0
0.0
0.0
0.0
1.44192
1.13674
0.0
0.0
0.0
0.0
0.0
0.0
0.0
0.0
0.0
0.0
0.0
0.0
0.0
0.0
0.0
0.0
0.0
0.0
5.56731
2.51975
0.0
0.0
0.0
0.0
0.0
0.0
0.0
0.0
0.0
0.0
0.351388
0.0
0.0
0.0
0.0
0.0
0.0
0.0
0.0
0.0
0.807199
0.0
0.0
1.86113
0.0
0.0
0.0
0.0
0.0
0.0
0.0
0.0
0.0
0.0
0.0
0.0
0.0
0.0
0.0
0.0
0.0
0.0
0.0
0.0
0.0
0.0
0.0
0.0
0.708079
0.0
0.0
0.0
0.0
0.0
0.0
0.0
0.975446
0.0
0.0
0.0
0.0
0.0
0.311435
0.0
0.0
0.0
0.0
0.0
0.0
0.0
0.0
0.760661
0.0
0.0
0.0
0.0
0.247803
0.0
0.0
0.0
0.0
0.0
0.0
0.0
5.34852
0.0
2.79094
0.0
0.0
0.0
0.0
0.0
3.56581
4.30339
0.0
0.0
0.0
0.0
0.0
0.0
0.0
0.0
0.0
0.0
0.0
0.0
0.0
0.0
0.0
0.0
0.0
0.0
0.0
0.0
0.0
0.0
1.68392
0.0
0.0
2.81233
0.0
0.0
0.0
0.0
0.0
0.0
0.0
0.516909
0.0
0.0
0.0
0.0
0.0
0.0
0.0
4.29328
0.0
0.0
0.0
0.0
0.0
0.0
0.0
0.0
0.0
0.0
0.0
0.0
0.106258
0.0
5.44077
0.0
0.0
0.0
0.0
0.0
0.0
0.0
0.0
0.0
0.0
0.0
1.18816
0.0
0.0
1.78785
3.88353
0.0
0.0
0.0
0.0
0.0
0.0
0.0
0.0
2.264
0.0
0.0
0.0
0.0
2.4856
0.0
0.0
0.0
0.0
0.0
0.0
0.0
0.0
0.0
0.0
0.0
0.0
0.492645
0.0
0.0
0.0
0.0
0.0
0.0
0.0
1.61616
0.0
0.0
0.0
0.0
0.0
0.0
0.441794
0.0
0.0
0.0
0.0
0.0
0.0
0.0
0.0
0.0
0.0
0.0
2.29532
0.249427
0.0
0.0
0.0
0.0
0.0
0.21997
0.0
0.0
2.6383
0.0
0.0
2.37005
0.0
0.793223
0.0
0.0
0.0
1.752
0.0
0.0
0.0
0.0
0.0
0.0
0.0
0.0
0.0
0.0
0.0
0.0
0.0
0.0
0.0
0.0
0.0
0.0
0.0
0.0
2.76404
0.0
0.0
0.0
0.0
0.0
0.0
0.0
0.0
0.0
0.0
2.27708
0.736734
0.0
0.0
0.0
0.0
0.0
0.0
1.40693
0.0
0.0
0.0
3.12423
0.0
0.0
0.0
0.0
0.0
0.0
0.0
0.0
0.0
0.177414
0.0
0.0
0.0
0.0
0.0
0.0
0.0
0.0
0.0
0.0
0.0
2.56389
0.0
0.0
0.0
0.0
0.0
0.0
2.58737
0.0
0.0
0.0
0.0
4.16019
0.0
0.0
0.0
2.51055
0.0
0.0
0.0
0.0
0.0
0.0
0.0
0.0
0.0
0.0
0.0
0.0
0.0
0.0
0.0
1.79889
0.0
0.0
0.923534
0.0
0.0
0.0
0.0
0.0
0.0
0.0
2.91523
0.0
0.0
0.0
0.0
0.0
1.49779
0.0
0.0
0.483415
4.59286
0.0
0.0
0.0
0.0
0.0
0.0
0.0
0.0
0.0
0.0
0.0
0.0
0.306788
0.0
1.14069
0.0
0.0
0.0
0.0
0.0
0.0
2.7219
0.0
0.0
0.0
0.0
0.0
0.0
0.261204
0.0
0.0
0.0
0.0
0.0
0.0
0.0
0.0
0.0
0.0
0.0
0.0
0.0
0.0
0.0
0.0
0.0
0.0
0.0
0.0
0.0
2.86698
0.0
0.0
0.0
0.0
0.0
0.0
0.0
0.0
0.0
0.0
0.0
0.0
0.0
0.0
0.0
2.72015
0.0
0.0
0.840837
0.0
0.0
4.65529
2.27629
0.0
0.0
0.575815
0.0
0.0
0.0
0.0
0.0
0.0
0.0
0.0
0.0
0.0
0.0
0.631441
0.0
0.0
0.0
0.0
0.0
0.0
1.0949
0.0
0.0
3.3905
0.0
0.0
0.0
0.0
0.0
0.0
0.0
0.0
0.0
0.0
0.0
0.0
1.00379
0.0
0.0
0.0
0.0
0.0
0.0
0.0
0.0
0.0
0.954705
0.0
0.0
0.0
0.0
0.0
0.0
0.0
2.41497
0.0
0.0
0.0
0.0
6.21889
0.0
0.0
0.0
0.0
0.0
0.0
0.0
0.0
0.0
0.0
0.0
0.0
0.0
0.0
0.0
0.0
0.0
0.0
0.0
2.21289
0.0
0.0
0.0
0.0
0.0
0.0
0.0
0.0
2.70888
0.0
0.0
0.0
0.0
0.0
0.0
0.0
0.0
0.0
0.0
0.0
0.0
0.0
0.0
0.0
0.0
2.86616
0.0
0.0
0.0
0.0
0.0
3.40467
2.43691
0.0
0.0
0.152584
0.0
0.0
0.0
0.0
0.0
0.0
0.0
2.98113
5.07296
0.0
1.86195
0.0
0.0
0.0
0.0
0.0
0.0
0.0
0.0
0.0
0.0
0.0
0.0
0.0
0.0
2.39145
0.0
0.0
0.0
0.0
0.0
0.0
0.0
0.0
0.0
0.0
0.0
0.0
0.0
0.0
0.0
0.407413
0.0
0.0
0.0
0.0
0.0
0.600361
0.0
0.0
0.0
0.0
0.0
0.0
0.0
4.29408
0.0
0.0
0.0
0.0
0.0
0.0
0.0
0.0
0.289842
0.0
0.0
0.0
1.00385
0.0
0.0
0.0
0.0
0.0
0.35854
0.0
0.0
0.0
0.0
0.239852
0.0
0.0
0.0
0.0
0.0
0.0
0.0
0.0
0.0
0.0
1.1418
0.0
0.0
0.177506
0.0
0.0
0.0
0.0
0.0
0.0
0.0
0.0
0.218836
0.0
1.28503
0.0
2.07479
0.0
0.0
0.0
0.0
0.525067
0.0
0.0
2.34437
0.0
1.44682
0.0
0.0
0.0
0.0
0.0
0.0
0.0
0.0
0.0
0.0
0.0
0.0
0.840598
0.0
3.28765
0.969311
0.0
0.0
0.0
0.0
0.0
0.0
0.0
0.0
0.0
0.0
0.0
0.0
0.0
0.0
0.0
0.0
0.0
0.0
0.0
0.0
0.0
0.178214
0.0
0.0
0.0
0.0
0.0
0.0
0.0
0.0
0.0
0.0
0.0
1.94371
0.0
0.0
0.0
0.0
0.0
0.0
1.64089
0.0
0.0
0.0
0.0
0.0
0.0
0.0333843
0.518028
2.71392
0.0
0.0
0.0
0.0
0.0
0.0
0.0
0.784544
0.0
0.0
0.0
0.0
0.0
0.0
0.0
0.0
0.0
0.0
0.0
0.0
0.0
0.654595
0.0
0.0
0.0
0.0
0.0
0.711266
0.0
0.0
0.0
0.0
0.0
0.0
0.0
0.0
0.0
0.803104
0.0
0.0
0.927948
0.0
0.0
0.0
0.0
0.0
0.0
0.0
0.0
0.0
0.0
3.70499
0.0
0.0
0.0
0.0
0.0
0.0
0.0
0.0
0.0
0.864778
0.0
0.0
0.0
0.0
1.62268
0.0
0.0
0.0
0.0
0.0
0.0
0.0
0.0
0.0
2.71197
0.0
0.0
0.0
0.308189
0.0
0.0
0.0
0.0
0.0
0.0
0.0
0.0
0.0
0.115841
0.0
0.0
1.70193
0.0
0.0
0.0
0.0
0.0
0.0
0.0
0.0
0.0
0.0
0.0
0.428668
0.0
1.65642
0.0
0.0
0.0
0.0
0.0
0.0
0.0
2.0179
0.0
0.0
2.57951
0.0
0.0
0.0
0.0
0.0
0.0
0.0
0.594009
0.0
0.0
0.0
0.0
0.119428
0.0
0.0
0.0
2.70812
3.78833
0.0
0.0
0.0
0.0
0.0
0.0
0.0
0.0
4.74317
0.0
0.0
0.0
0.0
0.0
0.0
0.0
0.0
0.0
0.0
0.0
0.0
0.0
0.0
2.14381
0.0
0.0
0.0
0.0
0.0
1.45785
0.0
0.0
0.0
0.0
0.0
0.0
0.866973
0.867693
0.0
0.0
0.0
0.0
0.0
0.0
0.0
1.02849
6.09605
0.0
0.0
0.0
0.0
0.0
1.07707
0.0
0.0
0.0
0.0
0.0
0.0
0.0
0.0
0.0
4.83425
0.0
0.0
0.600556
0.350717
0.0
0.0
0.0
0.0
0.88847
0.0
0.0
0.0
0.0
0.0
0.0
0.0
0.0
0.0
0.0
0.0
0.0
0.0
0.0
0.0
0.0
0.0
0.0
0.0
0.0
1.82596
0.0
0.0
0.0
0.0
0.0
0.0
0.0
0.0
0.0
0.0
1.33551
4.88086
0.0
2.49144
0.0
0.0
0.0
0.0
0.0
0.0
0.0
0.0
0.0
0.0
0.0
4.45355
0.0
1.1357
1.52187
0.0
0.0
0.0
0.0
0.0
0.0
0.0
0.0
0.0
0.0
0.0
2.27975
0.0
0.0
2.42496
0.0
0.0
0.0
0.0
0.0
0.0
0.0
0.158255
0.0
0.0
0.0
0.0
0.0
0.0
0.0
0.0
0.0
0.0
0.0
0.0
0.0
0.0
0.0
0.0
0.0
0.0
0.0
0.0
1.39694
0.0
0.0
0.0
0.0
0.0
0.0613463
0.0
1.2775
0.0
0.0
0.0
0.0
0.0
0.0
0.0
0.184298
0.0
0.0
0.0
3.51131
0.0
0.069306
0.0
0.0
0.0
0.0
0.0
0.0
0.0
0.0
0.588609
0.0
0.0
0.0
0.0
0.0
0.0
0.0
0.0
0.0
0.0936727
0.0
0.0
0.0
0.0
0.0
0.137585
0.0
0.189035
0.0
0.0
0.0
0.0
0.0
0.0
0.0
0.0
1.13971
0.0
0.0
0.0
0.0
0.0
0.0
0.0
0.0
0.0
0.0
0.0
0.0
0.0
0.0
0.0
0.0
0.0
0.0
0.0
0.0
0.0
0.0
0.0
0.0
0.0
0.0
0.0
0.0
0.0
0.755535
0.0
0.0
0.0
0.0
0.0
0.702996
0.0
0.0
0.0
0.0
0.0
0.0
0.0
0.0
0.0
0.0
0.0
0.0
0.0
0.0
0.0
0.0
4.09387
0.0
0.0
0.0
0.0
0.0
0.0
0.0
0.0
0.0
0.0
0.0
0.0
0.794136
0.0
0.0
0.0
3.51809
0.0
1.24027
0.0
0.0
0.0
0.0
0.0
0.0
0.0
0.0
0.0
0.0
0.0
0.0
0.0
0.0
0.0
0.0
0.0
0.0
0.197891
0.0
0.0
0.0
0.0
3.52724
0.0
0.00179991
0.0
0.0
0.0
0.0
0.0
0.0
0.0
0.0
0.0
0.0
4.30477
0.0
0.0
0.147544
0.091895
0.0
0.0
1.09162
0.0
0.0
0.0
0.637359
0.0
0.0
0.0
0.0
0.0
0.0
0.0
0.0
0.0
0.0
0.0
0.0
0.0
1.64598
0.0
0.0
0.0
0.0
0.0
0.0
0.0
0.0
0.0
1.06499
0.0
0.0
0.0
0.0
0.0
0.0
0.0
0.0
0.0
0.0
0.0
0.0
0.0
0.0
0.0
0.0
0.0
0.0
0.0
0.399388
0.0
0.0
0.0
0.0
0.0
0.0
0.0
0.0
1.10789
1.48182
0.0
0.0
1.44727
0.0
0.0
0.0
0.0
0.0
0.0
0.0
0.0
0.0
0.0
0.0
0.0
0.0
0.0
0.0
0.0
0.0
0.298794
0.0
0.0
0.0
0.0
0.0
0.0
1.97111
0.278529
0.0
1.48053
0.0
0.0
0.0
0.0
0.0
0.0
0.0
0.0
0.0
0.0
0.447226
0.0
0.0
0.0
0.0
0.0
0.0
0.0
0.656525
0.0
0.0
0.0
0.0
0.0
0.0
0.0
0.0
0.0
0.0
0.0
0.0
0.0
0.0
0.0
0.0
0.858401
4.419
0.0
0.0
0.0
0.0
0.0
0.0
4.27619
0.0
0.0
0.0
0.0677188
0.0
0.0
0.0
0.0
0.0
0.0
0.0
0.0
0.0
0.0
0.0
0.0
0.0
0.0
1.58663
0.0
0.0962338
0.0
0.0
1.33582
0.0
0.0
0.0
1.90729
0.211794
0.0
0.0
0.0
0.442721
0.0
0.0
0.0
0.0
0.0
1.29347
0.0
0.0
0.0
1.76391
0.0
0.0
0.0
0.0
0.0
0.0
0.0
0.0
0.0
0.0
2.35819
0.0
0.0
0.0
0.0
0.0
0.0
0.0
1.42225
0.0
0.068517
0.0
5.20614
0.0
0.0
0.0
0.0
0.0
0.0
0.656096
0.0
0.0
0.0
0.0
0.0
0.0
0.0
0.321094
0.0
0.327913
0.0
0.0
0.0
0.0
0.0
0.0
0.14311
0.0
0.0
0.0
0.0
0.0
0.0
0.0
0.0
0.345479
0.0
0.0
0.0
0.0
0.0
0.0
0.0
0.0
0.0
0.0
0.0
0.0
0.0
0.0
0.0
3.78504
0.0
0.0
0.0
0.0
1.29857
0.0
3.6968
1.92302
0.0
0.0
0.0
0.0
0.0
0.0
0.0
0.0
0.0
0.0
0.0
0.0
0.0
0.0
0.0
0.0
0.0
0.0
0.0
0.0
0.0
0.0
0.0
0.0
0.0
0.0
0.0
0.0
0.0
0.0
0.0
0.0
0.0
0.0
0.0
0.0
0.0
0.0
0.0
0.0
0.0
0.0
0.0
0.0
3.2795
1.16481
0.0
0.0
0.0
0.0
0.0
0.0
0.0
0.0
0.0
0.0
0.0
0.0
0.0
0.0
0.0
0.0
0.0
0.0
0.0
0.0
0.0
0.0
0.0
0.0
0.0
0.0
0.0
0.538797
1.47221
0.0
0.0
0.0
0.0
0.0
0.0
0.0
0.0
0.0
0.0
0.0
0.0
0.0
0.0
0.59033
0.0
0.0
0.0
0.0
0.0
1.43108
0.0
0.0
0.0
0.0
0.0
0.0
0.0
1.49689
0.0
0.0
0.0
5.61087
0.0
0.0
0.0
0.0
0.0
0.0
0.0
0.0
0.0
0.0
0.0
2.07033
0.0
0.0
0.218496
0.0
0.0
0.0
0.0
0.0
0.0
0.0
0.0
0.0
0.0
0.0
0.0
0.0
0.0
0.0
0.0
0.0
0.0
0.0
0.0
0.0
0.0
0.0
0.0
0.0
2.25
0.0
0.0
0.0
0.0
0.0
0.0
0.0
0.0
2.22575
1.39424
0.0
1.94852
0.0
0.0
0.0
0.0
0.0
0.0
3.07235
0.0
1.1948
0.0
0.0
0.0
0.0
0.0
0.0
0.0
0.0
0.0
0.631186
1.38786
0.0
0.0
0.0
0.0
0.0
0.0
0.0
0.0
0.0
0.0
0.0
0.0
0.0
1.72539
0.0
0.696505
0.0
0.0
0.0
0.0
0.0
0.0
0.735257
0.0
0.522161
2.6015
0.0
0.0
0.0
0.0
0.0
0.0
2.27339
0.0
1.37021
0.0
0.0
0.0
0.0
0.0
0.0
0.0
4.64425
0.0
0.186799
1.51327
0.0
0.0
0.0
0.0
1.77262
1.99374
0.0
0.0
0.0
0.0
0.0
1.9036
0.0
0.0
0.0
4.33736
1.76186
0.0
0.0
1.98527
0.0
2.16537
0.0
0.0
0.0
0.0
0.0
0.0
0.0
0.0
0.0
0.0
0.0
0.0
0.0
2.30605
0.0
0.0
0.0
0.0
0.0
0.0
0.0
0.0
0.0
0.0
0.0
0.0
2.893
0.0
0.0
0.310677
0.0
0.399049
0.0
0.0
0.0
0.0
0.0
0.0
3.13469
0.987801
0.0
0.0
0.0
0.0
0.0
0.0
1.58671
0.0
0.0
0.0
3.59434
0.0
0.0
0.0
0.0
6.02614
0.0
0.0
1.0655
0.0
0.0
0.0
0.0
2.7527
0.0
0.0
0.0
0.0
0.0
0.0
6.2376
0.0
0.0
0.460304
0.0
0.0
4.63319
0.0
0.0
0.0
0.0
0.0
0.0
0.0
0.0
0.727451
0.0
0.0
0.0
0.0
0.0
0.0
1.35702
0.0
0.322379
0.0
0.0
0.0
0.0
0.0
0.0
1.02898
0.0
0.0
0.0
0.518531
2.63102
0.0
0.0
0.0
5.4692
0.0
0.0
0.0
0.0
0.0
0.0
0.185094
6.1578
0.0
0.0
0.0
0.0
0.0
0.0
0.0
0.0
0.0
1.20614
0.0
0.0
0.0
0.0
1.17201
0.0
0.0
0.0
0.0
0.0
0.0
0.0
0.0
0.0
0.0
1.59553
0.0
0.0
0.0
0.0
1.37
0.356901
0.0
0.0
0.430656
0.938092
0.0
0.0
0.0
0.0
0.0
0.0
0.0
0.0
0.0
0.0
0.0
0.0
0.0
1.3212
0.0
0.0
0.0
0.181818
0.0
0.0
0.0
0.0
0.0
0.0
0.0
0.0
0.0
0.0
0.0
0.0
0.0
0.0
0.0
0.0
0.0
0.0
0.0
0.497064
3.3537
0.0
0.0
0.0
0.0
0.0
0.0
0.0
0.0
0.0
0.0
0.0
0.0
0.0
0.0
0.0
0.00578773
0.0
0.626607
0.0
0.0
0.0
3.0888
0.0
0.0
0.0
1.99194
0.0
0.0
0.687892
0.0
0.0
0.0
0.0
0.0
0.0
0.0
0.0
0.0
0.0
0.0
0.0
0.0
0.0
0.0
0.0
0.0
2.11392
0.0
0.0
0.0
0.227117
0.0
0.0
0.173862
0.0
0.0
1.30228
0.0
2.3775
0.0
5.05728
0.0
0.0
0.0
0.0
0.0
0.0
0.0
0.0
0.0
0.0
0.0
0.0
0.0
0.0
0.0
1.44703
0.0
0.0
0.90153
0.0
5.09297
0.0
0.0
1.42549
0.0
2.28431
0.0
0.0
0.0
0.0
0.0
0.0
0.905133
0.0
0.0
0.0
0.668915
0.0
0.0
0.0
0.37015
0.0
0.0
0.0
1.63087
0.81184
0.0
0.0
0.0
0.0365504
0.0
0.0
0.0
3.50236
0.0
0.0
0.0
1.25071
0.74044
0.0
1.81348
0.0
3.26925
0.0
0.0
0.0
0.0
0.0
0.0
0.0
0.0
0.0
0.0
0.538907
0.0
0.0
0.0
0.0
2.0154
0.0
0.0
0.0
0.0
0.0
0.0
0.0
0.0
0.0
0.0
0.0
0.0
0.0
0.0
0.398189
0.0
0.0
0.0
0.0
0.0
0.0
0.0
0.361085
0.0
0.0
0.0
0.0
0.0
0.0
0.0
0.0
0.0
0.0
0.0
0.0
0.0
0.0
0.0
0.489685
0.0
0.0
0.0
4.8412
0.0
0.0
2.37014
0.0
0.0
0.0
2.69729
0.0
0.0
0.0
2.86866
0.0
0.0
0.0
0.0
0.0
0.750457
0.0
0.0
0.0
1.045
0.0
0.0
0.0
1.16267
4.1596
0.0
0.0
0.0
0.0
0.0
0.0
0.0
0.0
0.0
0.0
0.0
0.0
0.0
0.0
0.0
0.0
0.0
0.0
0.0
0.0
0.0
0.0
0.0
0.0
0.0
0.0
0.0
0.0
2.24601
0.0
0.0
0.26241
0.0
1.26338
0.0
0.0
0.0
0.0
0.0
2.31207
4.76752
0.0
0.0
0.132035
0.0
0.0
0.0
0.0
0.0
0.0
0.0
0.0
0.0
1.82512
0.0
0.0
0.0
1.25765
0.0
0.0
0.0
0.0
0.0
0.0
0.975291
0.0
0.0
0.0
0.0
0.0
0.0
0.0
0.0
3.54
0.0
0.0
0.0
0.0
0.0
0.0
0.0
0.0
0.0
0.0
0.0
0.0
0.0
0.0
0.0
1.58554
0.0
0.0
0.0
0.0
0.0
0.0
0.0
0.0
0.0
0.0
0.0
0.0
0.0
0.243776
0.0
0.0
0.544232
0.0
3.73375
0.0
0.0
0.0
0.0
0.0
0.0
0.0
0.0
0.0
0.0
0.0
0.0
1.77414
0.0
0.0
0.0
0.0
0.0
0.0
0.0
2.27379
0.0
0.0
0.0
0.0
0.36457
0.0
0.0
0.0
0.0
0.0
0.0
2.06257
0.0
0.0
0.0
0.0
0.0
0.0
0.0
1.77634
0.0
0.0
0.0
0.0
1.92973
0.0
0.0
0.0
0.0
0.0
0.25238
0.0
0.0
0.0
0.0
0.0
0.0
0.0
0.0
1.42861
0.0
0.0
0.0
0.0
0.0
0.0
0.0
0.0
0.0
0.0
0.0
0.0
0.0
0.0
1.37152
0.0
0.0
0.0
0.0
0.0
1.48081
0.0
0.0
0.0
0.0
0.0
0.0
0.0
0.0
0.0
0.0
0.0
0.0
0.0
0.0
0.0
0.0
0.0
0.0
0.0
0.0
1.00065
0.138994
0.0
0.0
0.0
0.0
0.882007
0.0
0.0
0.0
0.0
0.0
0.0
0.0
0.629226
0.0
0.0
0.0
0.0
0.34702
0.0
1.40944
0.0
0.0
0.0
0.0
0.0
0.0
0.0
0.0
0.0
0.0
0.0
0.0
0.908747
0.0
0.0
0.0
1.02011
0.0
0.0
0.0
0.0
0.0
0.0
0.0
0.0
0.661079
0.0
0.0
1.4423
0.0
0.0
0.0
0.383098
0.0
0.0
0.0
0.0
0.0
0.0
0.0
0.0
0.0
0.0
0.0
0.0
0.0
3.75617
2.1547
0.0
0.0
0.0
4.31974
0.0
0.0
0.0
0.0
0.0
0.0
4.07183
0.595089
0.0
0.0
0.0
0.0
0.0
0.0
0.0
0.0
0.0
0.0
0.0
0.0
0.0
0.0
0.0
0.0
0.0
0.0
0.0
0.0
0.0
0.0
0.0
0.0
0.0
0.0
0.594749
0.0
0.0
0.0
0.126781
0.0
2.70653
0.0
0.0
0.0
0.58758
0.0
0.0
0.0
0.0
0.0
0.0
0.0
0.0
2.27498
0.0
0.0
0.0973361
0.451956
0.0
0.0
0.0
0.360009
0.0
0.0
0.0
0.0
0.0
0.0
0.0
0.0
0.0
0.0
3.08032
0.0
0.0
2.18736
0.0
0.0
5.84525
0.0
0.0
0.0
0.96423
0.0
0.0
0.0
0.0
0.0
0.0
0.0
0.0
0.0
0.0
0.0
0.0
0.0
0.0
0.0
0.0
0.0
0.0
0.858281
0.0
0.0
0.0
0.0
0.0
0.0
0.0
0.0
0.0
0.937749
0.0
0.0
0.0
0.0
0.0
0.0
0.0
0.0
0.0
0.0
0.253026
0.0
0.0
0.0
0.0
0.0
0.0
0.0
0.0
0.0
2.36185
0.0
2.42787
1.13179
0.0
0.0
0.0
0.0
0.0
2.59721
0.0
0.0
0.0
0.0
0.0
0.0
0.0
1.37555
0.0
0.0
0.0
0.0
2.76212
0.0
4.08346
0.0
0.0
0.0
0.0
0.0
0.0
4.37242
0.0
0.0
0.0
0.0
0.0
0.0
1.84951
0.0
0.0
0.0
0.0
0.0
0.0
0.0
0.0
0.0
0.0
1.72155
0.0
0.0
0.0
2.38573
0.0
0.0
0.0
0.953326
0.0
0.0
0.0
0.0
0.0
1.21386
0.0
0.0
0.0
0.0
0.0
2.18483
0.0
0.0
0.0
0.0
0.0
0.0
0.0
0.0
1.44209
0.0
0.0
0.0
5.10725
0.0
0.0
0.0
0.0
0.0
0.0
0.0
0.0
0.0
0.0
0.0
0.0
0.0
0.0
0.0
0.0
0.0
0.0
0.0
0.0
0.0
0.0
5.14918
0.0
1.13412
0.0
0.0
0.0
0.0
0.0
0.0
0.0
0.163403
0.0
0.0
2.78894
0.0
0.854603
0.0
0.0
0.0
0.0
0.0
0.0
0.0
0.0
0.0
0.0
0.0
3.42309
0.0
0.0
0.0
0.0
0.0
0.0
0.0
2.10319
0.0
2.06677
0.0
0.092697
0.0
0.0
0.0
0.0
1.15716
0.0
1.85703
0.0
0.0
0.0
0.0
0.0
0.0
0.0
2.92424
0.0
0.0
0.0
0.0
0.0
0.0
0.0
0.0
0.0
0.0
0.0
0.0
0.0
0.0
0.0
0.0
0.369395
0.0
0.0
0.0
0.0
0.0
0.0
0.0
0.0
0.0
0.0
0.0
0.0
0.0
0.0
0.0
0.0
0.0
0.0
0.0
0.0
0.0
0.0
0.0
0.0
0.0
0.0639205
0.248265
0.0
0.0
0.0
0.0
0.0
0.0
0.0
0.0
0.0
0.0
0.0
0.0
0.224523
1.91949
0.0
2.42446
0.0
1.71121
1.82058
0.0
0.0
0.0
0.0
0.0
0.0
0.0
0.0
0.0
0.0
0.0
4.36614
0.0
0.0
0.0
0.0
0.0
0.0
0.0
0.0
3.41096
0.0
0.0
0.0
0.0
0.0
0.0
0.0
0.0
0.166562
0.0
0.520624
0.0
0.0
0.0
0.0
0.0
0.0
0.939023
0.0
0.0
0.0
0.0
0.0
0.654843
0.0
0.0
1.79033
0.0
0.0
0.0
0.0
0.0
0.0
0.0
0.0
0.0
0.0
0.0
1.38781
0.0
0.0
0.0
0.0
0.0
0.0
0.0
4.08631
0.0
0.0
0.0
0.0
0.0
0.0
0.0
0.0
0.0
0.0
0.0
0.0
0.0
0.0
0.0
0.0
0.0
0.0
0.0
0.0
0.0
0.0
0.0
0.0
0.0
0.0
0.0
0.0
0.0
0.0
0.0
0.0
0.0
0.0
0.0
0.0
0.0
2.88495
0.0
0.0
0.0
0.0
0.0
0.0
0.0
0.0
0.0
0.0
0.0
0.0
0.0
2.36735
0.0
0.0
0.0
0.0
0.0
0.0
0.0
0.0
0.0
0.0
0.0
0.0
0.0
0.0
0.0
0.0
0.0
0.0
0.0
0.0
0.0
1.06574
0.0
0.0
0.139862
0.0
0.0
0.0
0.316647
1.66555
0.0
0.0
0.0
2.22394
0.0
0.0
0.0
0.0
0.0
0.0
0.0
0.339167
0.0
0.0
0.0
3.86684
0.0
1.68536
0.0
0.0
0.0
0.0
0.0
0.0
0.0
0.0
0.0
0.294491
0.0
0.0
0.477758
0.0
0.0486572
0.0
0.0
0.0
0.0
0.0
0.0
2.1214
0.0
0.0
0.0
0.0
1.60792
0.0
0.0
0.0
0.0
0.0
0.0
0.0
0.0
0.0
0.0
0.0
0.0
0.0
0.0
0.0
0.0
0.0
0.0
0.0
0.0
0.0
0.0
0.0
0.0
0.0
0.703256
1.75361
0.0290225
0.0
0.0
2.48084
0.0
0.0
0.0
0.0
0.0
0.0
0.0
1.18467
0.0
0.0
0.0
0.0
0.0
0.0
0.0
0.0
0.0
0.0
0.0
1.94084
0.0
0.0
0.0
0.0
0.0
0.0
0.0
0.0
0.594489
0.0
0.0
0.0
1.15328
0.0
0.0
0.0
0.0
0.0
0.0
1.29412
0.0
0.544364
0.0
0.0
0.533111
0.0
0.0
0.0
1.05843
0.0
0.0
3.81912
0.0
0.0
0.0
0.0
0.0
0.0
0.0
0.0
0.0
0.0
0.0
0.0
1.4184
0.0
0.0
0.0
0.0
0.0
0.0
0.0
0.0
0.0
0.0
0.0
0.0
0.0
0.0
0.0
0.0
0.0
0.0
0.0
0.0
0.0
0.0
0.0
0.0
0.0
0.0
0.0
0.0
0.0
0.0
0.0
0.0
0.0
0.0
0.0
1.28454
0.0
0.0
0.0
0.0
0.0
0.0
0.0
0.0
11.2548
0.0
0.0
0.0
0.0
0.0
0.0
1.65457
0.0
0.0
0.0
0.00117354
0.0
0.0
0.0
0.0
0.0
0.0
0.0
0.0
0.0
0.0
0.0
0.0
0.0
0.0
0.0767854
0.0
0.0
0.0
0.0
0.0
0.0
0.0
0.0
0.0
2.6881
0.0
0.0
0.0
0.0
0.0
0.0
1.58508
0.0
2.74985
0.0
0.0
1.30636
1.35594
0.0
0.0
0.0
0.121801
0.472742
0.0
0.0
0.0
0.0
0.0
0.0
0.0
0.0
0.0
0.0
0.0
0.0
0.0
0.0
0.0
0.0
0.0
0.0
0.0
0.0
0.997424
0.0
0.0
0.0
0.0
0.0
0.0
0.0
0.0
0.0
0.0
0.0
0.0
0.0
0.0
0.0
0.0
0.0
0.0
0.0
0.0
0.0
0.0
0.0
0.0
0.0
0.0
0.0
0.0
0.0
0.0
0.0
0.0
0.0
0.315865
0.0
0.0
0.0
0.0
0.0
0.0
0.0
0.0
0.354989
0.0
0.0
1.21965
0.0
0.0
0.0
0.0
0.0
0.0
0.0
0.0
0.0
0.0
0.0
0.0
0.0
0.0
0.0
0.0
0.0
0.0
0.0
0.0
0.0
0.0
0.0
0.0
0.0
0.0
0.0
0.698645
0.0
0.0
0.0
0.0
0.0
0.0
0.0
0.0
0.0
0.0
0.0
0.0
0.0
0.0
0.0
0.0
0.456538
0.372047
0.0
0.0
0.0
0.0
0.0
0.0
0.0
0.0
0.0
0.0
0.0
0.0
2.32884
0.0
0.0
0.0
0.0
0.0
2.31702
0.0
1.56923
0.0
0.0
1.08943
2.71353
0.0
0.0
0.0
0.0
0.0
0.0
0.0
0.0
0.0
0.0
0.0
2.20469
0.0
0.347194
0.0
0.0
0.0
0.272299
0.0
0.0
3.72699
0.0
0.0
0.0
0.0
1.61815
0.0
0.0
0.0
2.43614
0.0
0.0
0.0
0.0
0.0
0.0
0.0
0.0
0.0
0.0
0.0
0.704484
0.0
1.31473
0.0
0.0
0.0
0.605233
2.82911
0.0
0.0
0.0
0.0
6.16333
0.0
0.0
0.0
0.0
0.0
0.0
0.0
0.0
0.0
0.0
0.0
0.0
1.9975
0.0
0.0
0.0
0.0
0.0
0.0
0.0
0.0
6.95636
0.0
3.8718
0.0
5.37749
0.0
0.0
0.0
0.0
0.0
0.0
0.0
0.0
0.0
0.0
0.0
0.0
0.0
0.0
0.0
1.67897
0.0
0.0
0.0
0.0
0.0
0.0
0.0
0.152494
0.342696
0.0
0.0
0.0
0.0
0.0
0.0
0.0
0.0
0.0
0.0
0.0
0.779395
0.0
0.0
0.0
0.0
0.0
1.58457
0.0
1.96525
0.0
0.0
2.63413
0.0
0.0
0.0
0.0
0.0
0.0
0.0
0.0
0.0
0.0
0.0
0.0
0.0
0.0
0.0
0.0
0.0
0.0
0.0
0.0
3.43083
0.0
0.0
0.0
0.0
0.0
0.0
0.0
0.0
0.0
5.66111
0.0
0.0
0.0
0.0
0.0
0.0
0.0
0.0
0.0
0.0
0.0
0.0
0.572745
0.0
0.0
0.0
0.0
0.0
0.0
0.0
0.0
0.0
0.0
0.229062
0.0
0.0
0.0
0.0
0.0
0.0
0.0
3.91616
0.0
0.0
0.0
0.0
0.0
0.0
0.0
0.0
0.0
0.0
0.0
0.0
3.09987
0.193305
0.0
1.24503
0.0
0.0
0.0
1.09962
0.0
0.0
0.0
0.0
0.0
0.0
0.0
1.43686
0.0
4.47571
0.0
1.45696
0.866453
1.95956
0.0
0.0
1.66521
0.0
0.0
0.0
0.0
0.0
0.0
0.0
0.0
0.0
0.0
0.0
0.0
0.0
0.0
0.0
0.0
0.0
0.235666
0.862693
0.0
0.0
0.0
0.0
0.0
0.0
0.0
2.35569
0.0
0.0
0.0
0.0
0.0
0.0
0.0
0.0
0.0
0.0
0.0
0.0
0.0
0.0
0.0
0.0
0.0
0.0
0.0
0.0
0.0
0.0
0.0
0.0
1.83329
0.0
0.0718373
1.47397
0.0
0.0
0.0
0.0
0.0
0.0
0.0
0.904659
0.497764
0.0
0.0
4.99266
0.0
0.0
0.0
0.0
0.0
0.0
0.0
0.0
0.0
0.0
0.629425
0.0
0.0
0.0
0.0
0.0
0.0
0.0
1.03673
0.0
2.14245
0.0
0.0
0.0
0.0
0.0
0.0
1.86858
0.0
2.31237
0.0
0.0
0.359771
0.0
0.0
0.0
0.0
0.0
0.0
0.641264
0.0
0.908532
0.0
3.07012
0.0
0.0
2.05805
0.0
0.0
0.0
0.0
0.0
0.239668
0.0
0.0
1.01372
0.0
0.0
0.0
0.742351
0.0
0.0
0.0
0.0
0.0
0.0
0.104234
0.0
0.0
0.0
0.609187
0.0
4.39572
0.110164
0.0
0.0
0.0
0.0
0.0
0.0
0.0
0.0
0.0
0.0
0.0
0.0
0.0
0.0
0.0
0.0
0.0
0.227401
1.11865
0.0
0.0
0.0
0.0
0.0
0.0
0.0
0.0
0.0
0.0
0.0
1.52077
0.0
0.0
0.0
0.0
0.0
0.0
0.0
0.0
0.0
0.0
0.0
0.0
0.0
0.0
2.02044
0.0
0.0
0.0
0.0
0.256437
0.0
0.0
0.0
3.47091
0.0
0.0
0.0
0.0
0.0
0.0
0.0
0.0
0.0
0.0
0.0
0.0
0.0
0.0
0.0
0.0
0.0
2.14526
0.0
0.0
5.56215
0.0
0.0
2.6946
0.0
0.0
0.0
0.0
0.0
3.46038
0.0
0.0
0.0
0.0
0.0
0.0
0.0
0.0
0.0
0.0
0.0
0.0
0.0
0.0
0.0
0.0
0.0
0.0
0.0
0.0
0.0
0.0
0.0
0.0
0.0362993
0.0
0.0
0.0
0.0
0.601546
0.0
6.40855
0.0
0.0
0.0
0.0
0.0
0.0
0.343777
0.0
0.0
0.0
0.0
0.0
0.0
0.0
0.0
0.0
0.0
0.0
0.140018
0.0
0.0
