0.0
0.258058
2.78545
1.97127
0.0
0.0
0.11075
0.0
0.0
0.0
0.343467
0.752812
0.0
0.0
0.0
3.29616
0.0
0.395784
0.842968
0.0
0.0
0.0
0.0382784
0.0
0.312739
0.0
0.0
0.0
0.447325
0.0
0.0
0.0
0.0
2.00957
0.0
0.0
0.388685
1.02025
0.0
0.0
0.0
0.0
2.09425
1.28092
0.0
1.19457
0.0
0.0
1.00961
2.62743
0.0
0.0
0.0
0.0
2.02326
0.0
0.359306
0.0
0.0
0.0
0.0
0.0
0.365183
0.741202
3.25328
0.280051
0.0
0.0
1.14989
0.0
0.0
0.0
0.0
0.0
0.0
0.0
0.511028
0.375918
1.06984
1.31858
0.507452
0.0
0.0
0.0
0.0
0.0
0.0
2.43787
0.0
0.0
0.0
0.0
0.0
0.0
0.0
0.0
0.0
0.0
0.0
0.0
0.0
0.0
0.0
0.0
0.0
0.0
1.63577
0.0
0.0
1.07737
0.0
0.0
0.0
0.480919
0.0
0.0
0.0
0.427019
0.0
0.852057
1.30349
0.0
0.0
0.0
1.41709
0.496198
0.0
1.0324
0.0
0.0
0.0
0.0
0.0
0.254178
0.100404
0.0
0.0
0.0
2.58577
0.0
0.0
0.376285
0.0
0.0
0.411596
0.0
0.0
0.0
0.0
0.0
0.0
0.0
0.209745
0.0
0.0
0.0
0.0
0.0
0.0
0.0
0.351455
0.0
0.959362
0.0
0.0
0.0
0.0
0.0113996
1.49711
0.0
0.0
0.0
0.0
1.21995
0.0
0.0
2.33652
0.329086
0.0
0.0
2.11509
0.0
0.0
0.0
0.0
0.714857
0.0
0.0
0.0
1.8174
0.0
0.0
1.91234
0.0
0.0
0.0
0.0
0.0
0.0
2.36819
0.0
2.79656
0.0
0.904841
0.230192
0.0
0.0
0.0
0.0
0.0
0.0
2.95896
0.0
0.0
2.82523
1.78061
0.0
0.0
0.748832
1.37284
0.0
1.23049
0.0
0.0
0.80305
0.123265
0.185107
0.0
0.0
0.0
0.0
0.0
0.0
0.0
0.0
0.0
1.36183
0.338119
2.08883
1.25199
0.0
0.0
0.0
0.0
0.430045
0.0
0.0
2.72118
0.0
0.0
0.00597188
0.0
0.816045
0.0
0.0
1.46512
0.0
0.0
0.0
0.270501
0.0
0.0
1.34986
0.00390962
0.0
0.0
0.738653
0.0
0.0969563
0.0
0.0
0.0
0.0
1.60599
0.0
1.00062
1.47359
0.0
0.595864
0.0
0.0
0.0
3.20714
2.82966
0.0
0.0
0.0
1.01999
0.0
0.0
0.0
0.0
1.35725
0.6507
2.52855
0.0
0.181052
0.0
0.0215224
0.0
1.20203
2.94251
0.808167
0.819613
0.811177
0.0
0.0
0.0
0.4229
0.0
0.35145
0.0
0.0
0.0
0.490732
0.0
0.0
0.0
2.71357
0.0
0.0
0.0
0.0
0.180903
0.0
0.0
2.3113
0.0
0.0
1.61858
0.0
0.0
0.0
0.329205
0.0
0.0
0.0
0.0
0.0
0.0
0.0
1.22476
0.297594
0.0
1.25228
0.0
0.0
0.0
0.0
0.0
0.283379
0.0
0.0
0.0
0.0
1.59558
0.0
0.0
0.0
0.0
0.804918
0.0
0.0
0.0
0.0
3.28267
0.0
0.0
0.0
0.0
0.0
0.0
0.0
0.0
0.765066
0.0
1.30436
0.0
0.0
0.0
0.0
0.0
0.0
1.49418
1.92185
0.0
0.0
2.08613
0.0
1.53422
0.0
0.0
0.0
2.03715
0.0
2.09235
2.75185
0.0
0.0
0.480392
0.0
0.0
0.216098
0.094189
0.0
0.0
0.0
0.0
0.0
0.0
0.0
0.0
0.0
0.0
0.716761
0.335198
0.0
0.0
0.0
2.50071
0.0
1.08576
1.27431
0.0
0.0
0.0
0.0
0.0
0.0
0.340581
1.94808
1.96479
0.0
0.0
0.0
0.0
0.0
0.0
1.08762
0.0315786
0.0
0.55323
0.0
0.0
0.0
3.9454
1.79491
0.0
0.0
0.0
0.900444
0.0
0.0
2.98238
0.0
0.205529
0.0
0.0
0.0
0.622587
0.0
1.27535
0.0
1.22713
0.0
0.548727
0.373783
0.0
0.0
1.99411
0.0
0.0
0.0
0.0
0.0
1.8976
0.0
0.0
0.0
0.0
0.0
0.0
0.0
0.0
0.0
0.0
0.0
0.0
0.0
0.0
0.0
0.0
0.0
0.0
0.0
1.98912
1.9694
0.575473
0.0
2.28839
0.0
0.491839
0.0
0.0
0.0
0.8962
0.126673
0.0
0.0
0.923339
0.0
0.0
0.0
0.00551887
1.01049
0.0
0.867521
2.40514
0.0
0.0
0.0
0.0
0.265514
1.4922
0.0
0.492011
0.0
0.0
0.0
0.0
1.5026
0.0
0.0
4.06632
0.0
0.0
2.5076
0.0
0.0
0.0
0.0
0.0
0.459641
0.0346301
0.0
0.0
0.0
0.0
0.0
0.0
0.0
0.0
0.0
0.0
3.1821
1.9976
3.7444
0.0
0.0
0.0
0.0
0.729897
0.0
0.508831
0.0
0.0
2.07867
0.306194
0.0
0.0
0.410845
0.0
0.0
0.445984
0.144226
0.0
0.0
0.0
0.0
0.834639
0.0
0.0
0.0
0.0568602
0.00394207
0.0
0.0
0.0
0.0
0.0
0.0
0.0
0.0
0.0
0.0
0.0
0.0
0.0
0.207386
0.0
0.25658
0.0
0.0
0.474234
0.0
0.0
0.0
0.0
0.0
0.0
0.348686
0.0
1.35581
0.0
0.0
0.0718371
0.0
0.0
0.0
0.0
0.0
0.0
0.431902
0.0
4.24714
0.0
0.0
0.0
0.0
0.0
0.0
1.53064
0.0
0.0
0.0
0.0
0.0
0.0
0.0
0.0
0.0
0.0
0.0
1.58837
1.46717
0.0
0.0
0.181065
0.443497
0.0
0.0
0.0
0.0
0.0
0.0
0.0
0.0
0.820169
0.0
0.0
1.69172
1.83057
0.0
0.0
2.49652
0.420174
1.78811
0.0
0.0
0.0
0.185692
0.0
0.0
0.0
0.0
0.0
0.0
0.0
0.0
0.0
0.0
0.0
0.0
3.60156
0.0
0.0
0.0
0.0
0.0
0.0
0.0
0.0
0.0
0.0
0.0
0.0
0.329249
0.896472
0.0
0.0
0.0
0.0
0.0
0.429702
0.0
0.0
0.0
0.719167
0.0
0.0
0.0
1.92582
1.77824
0.0
0.0
1.12443
0.0
0.600788
0.0
0.0
0.0
0.0
0.0
0.0
1.08653
1.73505
0.0
0.0
2.49258
0.194826
0.0
1.36865
0.0
0.0
1.50543
0.0
0.0
0.0
0.0
0.0
0.0
0.0
1.97463
0.0
1.58611
0.0
0.0
0.0
0.0
0.0197342
1.48047
3.67992
0.0
0.0
0.990285
0.0
0.0
0.0
2.76126
0.258972
0.0
0.0
0.0
0.0
0.0
0.0
0.0
0.0
0.0
0.0
0.0
0.0
0.0
1.39468
0.0
0.201463
0.0
0.0
0.0
0.0
0.0
0.0
0.0
3.09842
0.0
0.0
0.0
0.0
0.0
0.0
0.0
0.0
0.0
0.0
3.35236
0.0
0.179655
0.0
0.921214
3.90639
0.0
0.32431
0.0
1.35699
0.0
0.0
0.0
0.0
0.0
0.0
0.0
0.0
0.0
0.0
0.65997
0.0
1.92246
0.0
0.0
0.0
0.0
2.75512
0.102583
0.0
0.0
1.93048
0.0
0.0
0.0
0.0126857
0.0
1.58692
0.0
0.0
0.0
0.0
0.0
0.0
1.23256
0.0
0.0
0.0
0.0
0.0
0.0
0.0644943
0.0
3.87316
0.0
2.15774
0.0
0.0
0.173279
0.0
3.08183
0.0
0.0
0.0
0.386687
0.0
5.76033
0.352029
0.0
0.0
1.12212
0.328357
0.0
0.0
0.0
0.0
0.0
0.0
0.0
0.0
0.0
0.0
0.0
0.0
3.10282
0.0
0.0
1.52717
0.0
0.0
0.0
0.0
0.0
0.0
0.0
0.0
0.257905
2.10086
0.0
0.0
4.92743
0.0
0.0
0.0
0.0
0.0
0.0
0.0
0.0
0.0
0.0
0.0
0.0
0.0
2.1873
0.760345
0.0
0.0
2.37532
0.0
0.0
0.0
0.0
2.48184
1.59463
0.0
0.0
0.308002
0.0
0.0
0.0
0.0
0.0
0.416644
0.0
0.15787
0.0
0.0
1.89984
0.0
0.0
0.0
0.0
0.561067
0.0
0.489206
0.0
0.0
0.183394
0.0475734
0.0
0.00517082
0.0
0.0
0.0
0.399821
0.0
1.70511
0.0
0.141946
0.0
0.695264
0.0
0.864848
0.0
1.6098
0.0
0.0
0.0
0.0
2.5958
0.0
1.3364
2.24693
0.0
0.352167
1.36552
0.0
0.0
0.0
0.0
0.0
0.0
0.0
0.0
0.0
0.0
0.0
1.31898
0.0
0.27365
1.86248
0.0
0.0
0.0
0.0
0.0
0.599244
2.7329
0.0
0.0
0.735861
0.0
0.0
0.0
0.0
0.0
2.5824
0.0
0.0
0.0
1.27689
0.0
0.0
0.0
0.0
0.108172
0.0
0.0
0.0
0.231122
2.71335
1.89266
0.0708773
0.0
0.951648
0.0
0.165628
0.641716
0.0
0.0
0.0
0.0
0.0
1.15046
0.0
0.0
0.0
0.0
1.60781
0.0
0.0
0.0
0.0
0.0
0.0
0.00225183
0.0
0.0
1.73243
0.0
0.931663
2.52388
0.0
2.2377
0.0
0.0
0.0
0.256572
1.70066
0.0
1.93436
0.0
0.0
1.1999
0.0
0.0
0.0
0.0
0.0
0.0
0.69188
2.07717
3.45985
0.0
0.0
0.0
0.0
0.0
0.0257834
0.0
0.0
0.878542
0.0
0.0
0.0
1.10769
0.0
0.0
0.0
0.0
0.0
0.0
0.307006
1.25505
0.0012334
0.392856
0.0
2.60122
0.628587
0.0
0.0
0.0
1.22189
0.0
1.21379
0.0
0.0
2.13318
0.667194
0.0
0.385484
0.0
0.0
0.0
0.0
0.0
0.0
0.265223
0.0
0.0
0.0
0.0
0.0
0.966513
0.0
0.0
0.0
0.0
0.0
0.0
1.8473
0.0
0.0
0.0470178
0.0
0.0
0.0
0.0
0.0
0.0
2.64532
0.0
0.0
0.52368
0.0
0.0
0.662213
0.0
3.09317
0.0
0.0
0.0
2.8445
0.0
0.0
0.0
0.498855
0.0
4.11794
2.87659
0.0
0.0
0.0
0.0
0.852574
0.508293
0.0
1.16663
0.0
0.98011
0.0
0.0
0.348111
1.12578
0.0
0.0
2.61989
0.0
0.0
1.96296
0.0
0.0
0.0
0.0
1.45421
0.0
0.256653
2.64354
0.0
0.0
1.50619
1.82592
0.0
2.47621
0.0
0.0
0.0
0.0
0.0
0.0
0.0
0.0
0.0
0.0
0.0
0.0
0.0
0.0
0.0
0.0
0.0
2.50685
0.0
0.0
0.49604
0.0
0.0
0.0
1.63153
0.0
0.0
0.12558
0.0
2.00048
5.82071
2.05792
0.0
0.0
0.0
0.879227
1.68849
0.0
0.0
1.95637
0.0
0.0
2.163
0.0
0.140985
0.0
1.96986
0.0
0.0
3.72759
1.70274
0.0
0.0
0.0
0.0
0.706842
0.977493
0.0
0.0
1.15026
0.0
0.0
0.0
0.0
2.23642
0.0
0.0
0.0
0.0
0.0
0.165499
0.0
0.0
0.0
0.0
0.0
0.0
0.0
0.0
0.0
0.0
0.0
0.0
0.0
0.0
0.0
0.0
3.36092
0.0
0.0
0.0
0.0
0.0
0.0
0.0
0.0
0.0
0.0
0.0
0.0
0.0
0.0
6.58973
0.15152
1.96977
0.0
2.12323
0.0
0.0
0.0
0.0
0.0
0.0
0.0
0.0812735
2.65499
0.64343
3.99927
0.0
1.06467
2.17019
0.0
1.52145
0.0576707
0.0
0.0680285
1.11896
0.0
0.814424
0.0
0.0
0.0
0.0
0.0
0.0
0.0
0.0
0.0
0.0
0.0
0.0
0.0
0.0
0.0
0.0
0.0
0.923955
0.0
0.0
0.0
2.01334
0.0
0.0
0.0
0.0
1.14136
0.162659
1.37145
0.0
0.0
0.0
0.0
0.0
0.0
0.0
2.77028
0.136723
0.0
0.0
0.0
0.0
0.0
2.22605
0.0
0.0
0.0
1.01478
0.0
0.0
1.35534
0.0
0.0
0.0
0.0
0.0
0.00656801
0.237747
0.0
0.0
0.0
3.08518
0.0
0.0
0.0
1.50045
1.35347
0.0
0.0
0.0
0.0
0.42118
0.0
0.0
0.0
0.0
0.0443121
0.0
1.32031
0.102066
0.0
0.0
0.0
0.0
2.33071
0.0
0.0
0.0
0.0
3.13024
1.62477
0.0
0.444699
0.0
0.0
0.0
0.0
0.0
0.0
2.25443
0.0
0.0
0.0
0.0
0.0
0.0
2.96755
0.0
0.0
0.0
0.0
0.0
0.0
0.0
0.0
0.20673
0.237778
0.0
0.0
1.46173
0.0
0.0
0.0
0.0
0.0340332
0.0
0.883016
0.0
0.0
0.0
0.0
0.634369
0.0
0.0
3.30302
0.0
0.0
0.0
0.0
0.0
0.0
1.59547
0.0
0.0
0.0
0.0
0.0
0.0
4.67341
0.0
1.41928
0.0
0.869568
0.0
0.0
0.0
0.0
0.0
0.0
0.088873
2.18876
0.0
0.0
0.0
0.0
0.33147
0.0
0.179703
0.118862
0.0
0.0
0.0
0.0
0.0
0.0
0.0
0.0
0.0
1.3346
1.72729
0.0316363
0.275575
0.0
0.0
0.165598
2.31478
0.0
2.0884
0.182196
0.518196
0.0
0.982635
0.0620492
0.0
1.54854
0.0
0.285393
0.0
0.0
0.0
0.0
0.0
0.0
0.0
0.0
0.0
0.0
0.0
0.0
0.0607289
0.0
0.0
1.40593
0.0
0.0
0.0
0.0
0.0
0.0
0.0
0.0
1.95976
0.0
1.53802
0.0
1.97288
0.0
0.83795
0.0
0.0
0.0
0.0
0.0
0.0
0.324697
0.0
0.054119
0.0
0.0
0.0
0.0
0.0
0.372496
0.0
0.0
0.0
0.0
0.0
0.0
0.0751015
0.0
0.0
0.0
0.377968
0.0
1.98243
0.0
0.0
0.0
0.0
0.0
0.0
0.0
0.0
1.76556
0.0
0.0
0.0
0.0
0.0
0.0
0.0
0.0
0.0
0.0
0.0
0.0
0.0
0.0
0.0
0.0
0.353609
0.0
0.0
0.0
0.222456
0.0
0.0
0.0
0.0
0.0
0.0
0.0
0.0
0.085016
0.0
0.0
0.0
0.0
0.0
0.0
0.0
0.0
0.0
0.0
0.0
0.0
0.461078
0.48011
0.0
0.0
0.0
0.0
0.0
0.0
0.0
0.0
2.46246
0.0
3.04889
0.0
0.0
0.0
0.0
0.0
0.0
1.44227
3.71613
0.0
0.0
0.0
0.0
0.102913
0.822278
0.0
0.0
0.0
0.0
0.0
2.02224
0.0
3.15003
0.277381
0.354156
0.0
0.0
3.45299
0.0
0.0
0.681915
1.54097
0.0
1.01184
0.862109
0.0
0.0
1.14786
0.0
0.0
0.0
1.04418
0.0
0.0
0.0
0.0
0.0
1.23002
0.0
0.0
0.0
0.371731
0.0
0.0
0.0
0.0
0.999419
0.0
0.0
0.0
0.0
0.353019
0.0
0.0
0.0
0.0
0.0
0.0
0.0
0.0
1.60665
0.0
0.0
0.0
1.46858
0.0
0.0
0.793316
0.0
0.0
1.21701
1.04869
0.0
0.0
0.0
0.0
0.067537
0.0
0.0
0.0
0.0
0.0
0.58128
2.16861
0.0
0.0
3.40141
0.0
2.35713
0.0
0.0
0.0
0.0
0.0
0.926809
0.0
0.0
0.0
0.0
0.0
0.0
0.0
0.0
0.0
0.0
0.0
0.0
0.0
0.0
0.0
0.0
0.0
0.0
0.992236
0.0
0.0
0.0
0.0
1.3241
2.61452
0.559726
0.388865
1.49296
2.18945
0.0
0.0
0.0
0.0
0.0
2.65
0.0
0.0
0.0113976
2.10833
0.0
1.56586
0.0
0.0
0.0
0.0
0.0
0.0
0.0
0.0
0.0
0.0
0.0
0.0
0.0
0.0
0.0
0.205618
0.0
0.608709
0.0
0.0
0.0
0.0
1.42945
0.0
0.0
0.0
0.697195
0.0
0.0
0.0
0.0
1.83171
0.0
0.909402
0.0
0.0
0.227399
0.0798091
0.827323
0.57469
1.23359
0.0
0.0
5.78103
0.0
0.0
0.0
0.0
0.0
0.0
0.0
2.59772
0.0
0.0
0.0
0.999619
0.0
0.0
0.0
0.484642
0.692752
0.848702
0.0
0.0
0.0
0.0
2.18724
0.0
0.0
0.0
0.0
0.0
0.0
1.16898
0.0
1.26065
0.0
0.0
0.0
0.0
0.0
3.1
0.425493
0.0
0.0
0.0
0.0
0.0
0.0
0.0
0.279842
0.0
0.0
3.03104
0.0
0.0
0.0
0.0
0.0
0.0
0.40305
0.0
0.0
0.0
0.505813
1.52466
0.0
0.0
0.0
0.0
1.17087
0.0
3.01227
0.0
0.0
0.0
0.0
0.295507
0.0
0.0
1.63779
0.0
0.0
0.0
0.0
1.90249
0.0
0.0
0.0
0.0
0.0
1.08535
0.0
0.0
0.0
0.0
0.0
0.0
0.0
2.55148
0.0
0.0
0.0
0.530276
1.28958
0.381899
0.0
0.0
0.0
0.947572
0.0
0.0
0.0
2.40601
0.0
1.74497
1.04164
0.0
0.0
0.0
0.0
0.0
0.0
0.0
0.0
0.0
0.465772
0.514627
1.09322
0.0
0.0
2.09852
0.0
0.0
0.0
0.0
0.0
0.0
0.0
0.0
0.0
0.0
0.0
0.0
0.0
0.0
0.0
0.0
0.0
3.06312
0.0
2.35831
3.27535
0.0
1.81348
0.0
3.10346
0.22741
1.54376
0.995663
0.0
1.37118
0.0
0.0
0.0
0.0
1.27191
0.0
0.0
1.4272
0.0
0.0
2.23038
0.0
1.29473
0.0
0.0
3.4839
2.94105
0.0
0.0
0.0
0.0
3.0339
3.19673
2.16966
0.0
0.0
1.02836
1.97623
0.0
0.0
0.794457
0.0
0.0
0.0
0.0
0.0
1.17357
0.0
3.16891
0.0
0.0
0.0
0.0
0.0
0.0
0.0
1.31635
0.0
0.0
0.769392
0.0
0.0
0.0
0.0
0.0
1.84965
0.0
0.0
1.72459
0.969549
0.0
0.96326
0.0
0.0
0.0
0.593089
0.0
0.0
0.0
0.0
0.0
0.0
0.491277
0.34618
0.627293
0.0
0.0
0.0
0.324691
0.0
0.0
0.0
0.416274
4.6138
0.0
0.0
0.0
0.0
4.14038
1.16873
0.0
0.0
0.0
0.0
0.0
0.0
1.4334
0.0
0.0
0.0
0.0
0.0
0.0
1.6618
0.0
0.0
0.0
0.0
0.0
2.647
0.0
0.0
0.0
0.0
0.0
0.0
0.897057
0.0
2.76358
0.0
0.0
0.0
0.0
0.0
0.0
1.67384
0.638871
0.0
0.0
0.0
0.0
0.0
0.44022
0.0
0.625151
0.0
1.22111
0.0
2.13632
0.0
0.0
0.0
0.0
3.06284
1.30515
0.0
0.0
3.56352
0.0
0.0
0.0
2.37064
1.03809
0.0
0.0
0.0
0.0
0.0
0.0
1.69202
0.0
3.01403
0.0
0.0
0.0
0.0
0.0
0.0
0.0
0.0
0.0
0.0
0.0
1.34819
0.0
0.0
0.388377
0.0
1.99449
1.14868
0.0
0.973099
3.11483
0.0
1.5114
0.0
3.04345
0.0
1.50752
0.0
0.0
3.67059
0.344875
1.79592
0.0
0.0
0.0
0.0
0.0
0.0
0.0
0.0
1.0011
0.0
0.0
0.186139
0.665496
0.0
0.0
0.388089
0.351844
1.6663
0.0
0.0
2.54843
0.0
0.0
0.0
0.0
1.65491
0.0
0.777388
0.0
0.0
0.0
0.259943
4.79656
0.0
0.0
0.0
0.505836
1.11705
0.0
0.0
0.0
0.0
0.0
0.0
2.3299
0.0
0.0
0.0
0.0
1.90817
3.22157
0.0
0.201806
0.0
0.30317
0.0
0.0
0.0
0.0
0.316694
0.0
0.7461
0.0
0.0
0.0
0.0
0.0
0.0
0.0
0.0
0.0
0.0
0.0
1.38201
0.0
0.511216
0.0
0.0
0.0
0.0
1.67724
0.0
0.0
0.0
1.66907
0.0
1.21621
0.0
0.0
0.0
0.0
0.196966
0.0
1.15235
0.0
0.0
0.0
0.554131
0.001324
0.0
0.0
0.0
0.0
0.0
0.0
0.0
0.0
0.0
0.0442917
0.0
0.0
0.0
0.0
0.0
1.1861
0.0
0.0
2.22922
0.0
1.4513
0.0
0.0
0.0
0.0
0.0
0.0541451
0.647866
0.0
0.0
0.0
0.0
0.0
0.0
1.81735
0.541375
0.0
0.0
0.0
1.05718
0.0
0.0
0.100421
0.534606
0.0
0.0
0.0
1.41537
2.55066
0.0
0.0
0.0
0.0
2.11225
1.48343
1.11888
0.0
2.45761
0.0
0.149989
0.0
0.0
0.0
0.656905
0.0
0.0
0.0
1.0741
1.76233
0.0
0.0
0.0
0.0
1.60687
0.304198
0.0
0.0
0.0
0.0
0.0
0.0
0.0
0.772103
2.77759
1.62201
0.0
0.0
0.564385
0.0
0.0
0.0
2.12498
0.0
0.0
0.0
0.0
0.0
0.0
0.608143
0.00975603
0.207076
0.0
0.0
0.0
0.657668
0.0
0.0
0.0314953
0.282202
1.20924
0.0
3.08788
1.02278
0.0
0.0
0.0
2.77185
0.0805086
0.0
1.53329
0.0
0.0
0.0
4.29154
0.864765
0.0
0.0
0.835771
0.269511
0.0
0.0
0.0
0.0
0.671851
0.0
0.0
0.338762
0.0
0.0
0.444168
0.0
0.241784
1.02942
0.0
0.0
0.0
0.791546
0.0
0.0
0.0
0.608418
1.21398
0.989549
1.41192
0.0
0.0
0.0
0.0
0.0
0.983218
0.0
0.0
0.927794
0.0
0.86453
0.0
0.0
0.0
0.0
0.0
0.683261
2.89031
0.0
0.0
0.0
0.0
0.0
0.0
0.0
0.0
0.0
0.0
3.4846
0.429867
0.0
0.0
0.0
0.0
0.0
0.0
0.0
1.26347
0.0
0.0
0.590693
0.0
0.0
0.0
0.0
0.0
1.25672
0.0
0.0
0.0
0.0
0.0
0.0
0.369964
0.0
0.0
0.503663
0.0
0.0
0.263653
0.0
0.0
0.731845
0.429649
0.0
0.0
0.0
0.0
0.0
0.0
0.198057
0.0
0.0
0.0
0.0
0.0
0.0
0.0
2.28823
0.0
0.0734635
0.0
0.165181
0.0
0.557642
0.0
0.0
0.0
0.0
0.0
0.0
0.556499
1.50435
0.0
0.0
0.0
0.0
1.97885
0.0
2.77911
0.0
0.0
0.0
0.607412
0.353118
0.0
0.0
0.0
1.85634
0.0
0.419992
0.0686426
0.0
0.0759339
0.0
0.0
0.0
0.0
2.63982
0.0
0.0
0.0
0.0
0.0
0.0
0.0
0.0
0.0
0.0
0.0
1.53059
0.0
0.0
0.0
0.0
0.0
0.0
0.0
0.108953
0.0
0.0
0.0
0.0
0.857527
0.0
0.0
0.0
0.0
0.0
0.84074
0.0
0.0
0.0
0.0
0.0
0.364643
0.0
0.0
0.0
0.287408
0.613779
0.0
0.0
0.0
0.0
0.0
0.0
0.0
0.0
0.0
0.231933
0.0
0.0
0.0
1.89604
0.0
0.0
0.479278
0.0
0.0
0.0
0.0
0.0
0.0
0.0
0.0
0.0
0.0
0.0
0.0
0.0
0.0
0.130947
4.8405
0.0
0.0
0.0
0.0
0.0
0.0
1.81209
0.0
0.0
0.0
2.11003
0.122107
1.72556
0.782623
0.0
0.0
0.0
0.0
0.0
0.0
1.78304
0.0
0.0
2.86427
0.0
1.18249
0.0
0.0
0.0
0.0
0.0
4.33369
0.258723
0.0
0.0
0.0
0.0
0.0
1.08489
0.0
2.29209
0.0
0.0
0.0
1.85965
0.0
0.0
0.0
0.12495
0.414428
0.0
0.656692
0.69983
1.3041
0.0
0.0
0.0
0.0
0.0
0.0
4.53396
0.0
0.0
0.0
0.0
0.0
0.0
0.0
0.0
0.0
0.714175
0.338738
0.0
0.0
4.28516
1.75531
0.0
0.0
0.0
2.74503
0.333846
0.0
0.0
0.354178
0.284438
0.0
0.379429
0.864357
2.15331
1.00506
0.780509
0.0
0.0
0.0
0.480094
0.0
0.0
0.0
0.0
1.22987
2.41898
1.14154
0.903854
0.0
0.0
1.0934
0.0
0.0
0.0
0.0
0.0
0.0
2.27479
0.0
0.0
0.0
0.0
0.0
0.0
0.0
0.0
0.0
3.90264
0.0
2.16344
0.0
0.0
0.0
0.0
0.0
0.0
0.0
0.0
1.91
2.73105
0.0
0.0
0.0
0.0
0.733753
0.0
0.0
0.0
0.0
0.0
0.576796
0.0
0.0
2.35303
0.0
0.0
2.11371
2.13709
2.54669
1.37823
3.85946
0.0
0.154971
1.40145
0.0
0.0
0.0
1.4721
0.975358
0.0
0.0
0.567323
0.0
0.0
0.0
0.0
0.0
0.0
0.0
1.04343
0.0
0.0
0.0
0.0
0.0
0.0
0.0
0.0
1.38571
0.053222
0.0
1.05227
0.0
0.0
0.0
1.60976
0.893021
0.766271
0.0
2.74073
0.0
0.0
0.194689
0.0
1.46355
1.26698
0.0
3.53971
0.0
0.0
0.0
0.0
0.0
0.72636
0.0
0.0
0.0
3.54116
0.0
0.513819
2.61971
0.0
0.0
0.0
0.0
0.0
0.0
0.0
0.0
0.0
0.390071
0.0
0.0
0.0
1.06973
0.0
0.0
0.0
0.180814
0.0
0.0
0.889585
0.0
0.11502
0.0
0.0
0.0
0.584288
0.476182
0.0
0.0
0.0
0.0
0.0
0.0
2.51932
0.0
0.0
0.0
0.0
0.0
0.0
0.0
0.0
0.0
0.0
0.618914
0.0
0.0
0.234032
0.134713
0.0
0.0
0.0
0.0
0.0
0.0
1.50016
0.0
0.0
0.0
0.0
0.0
0.0
0.0
0.0
1.29847
0.0
0.0
0.0
0.0
0.0
0.0
0.0
0.0
0.0
0.0
0.0
0.734071
0.0
0.713525
1.63238
1.30512
0.0
0.0
0.673883
1.16293
1.93688
0.0
0.0
0.0
0.32989
0.0
0.0
0.0
0.0
0.040546
0.0
0.0
0.0
0.0
0.0
5.50145
0.0
0.0
1.54105
0.0
0.0
0.0
0.0
0.0
1.03401
0.0
0.0
0.0
0.224239
0.0
0.0
0.0
0.074385
0.0
0.0
0.0
0.0
0.528105
3.31583
0.0
0.0
0.968417
0.0
0.0
0.0
0.0
1.6293
0.0
0.0
0.884133
3.21551
0.707753
2.52973
0.65488
0.512611
0.0
0.0
0.127505
0.652568
0.0
0.0
0.295784
0.0
0.0
0.0
0.0
0.184929
0.0
0.0
2.89309
0.0
0.0
0.0
0.0
0.380164
0.64089
0.0
0.373864
0.0
0.0
1.22856
0.150748
0.0
0.0
0.0
1.14766
1.36018
0.0
0.0
0.0
0.0
0.0
0.0
0.0
0.0
0.0
0.0
0.0
0.0
0.0
0.0
0.590547
0.0
0.0
0.0
0.0
1.30186
0.0
0.0
0.0
0.0
0.0
1.27824
1.10173
0.0
0.0
0.726287
0.0
0.0
0.0
0.0
0.0
0.0
0.0
0.0
0.259001
0.873338
0.454527
0.0
0.0
0.0
0.0
0.97872
1.35211
0.0
0.0
0.0
0.0
0.0
0.0
0.0924294
2.11104
0.0
0.0753886
2.99422
0.0
0.0
0.0248301
1.25185
0.0
0.0
0.0
0.0
0.109732
0.893851
0.796934
0.0
1.015
0.0
0.0
0.0
0.0
1.90989
0.0
0.0
0.0
0.0
0.0
0.0
0.0
0.0
0.0
0.249369
0.0
0.0
0.0
0.0
0.0
0.0
0.0
3.89223
0.0
0.0
0.0
0.176851
0.0
0.0
0.0
0.0
0.0
0.0303885
0.0
0.980878
0.0
1.85644
0.0
0.0
0.140688
1.77861
0.0
0.0
2.80905
0.0
1.69636
0.0
2.23581
0.0
0.267757
0.85157
0.0
0.844142
1.75391
0.0
0.0
0.0
0.0
0.0
0.0
0.0
1.70082
1.25508
0.0
0.0
0.0
0.0
0.0
0.0
0.0
0.0
0.0
0.0
0.0
0.0
0.0090512
1.46028
0.0
1.07089
0.0
0.730085
0.0
0.0
0.0
0.0
0.0
0.0
0.0
0.0
0.0
0.0
0.0
0.0
0.0
0.539661
0.32181
0.0
0.0
0.0
2.81051
0.0
0.0
0.0
0.0
0.0
0.0
0.0
0.0
0.480429
0.0
0.0
0.0
0.0
0.0
0.185788
0.0
2.44595
0.0
0.0
0.201718
0.949994
0.0
0.0
0.0
2.91651
0.0
0.0
0.0
0.586753
1.66186
0.0
0.0
0.0
0.0
0.0
0.208344
2.12501
0.0
0.0
0.0
0.0
1.47089
1.6077
0.0
0.0
0.0
0.0
0.0
0.881862
0.0
0.558065
0.0
1.38371
1.23252
0.798593
0.284164
0.0
0.0
0.0
0.0
1.39784
0.0
0.0
0.0
0.416687
0.0
0.0
0.0
0.0
0.973032
0.0
0.0
0.739508
0.0
0.0
0.0
0.0
0.0
0.0
0.0
0.0
0.0
0.0
0.00465077
4.1058
0.0
0.832674
0.0
0.0
0.0
0.0
0.0
0.0
0.0
0.0
0.0
0.0
1.76524
0.0
0.0
0.459383
0.0
0.0
1.70137
0.0
0.289546
0.652985
0.0
0.474607
0.996403
0.0
0.0
0.0
0.0
0.0
0.0
0.0
0.0
0.0
0.0
0.0
0.0
0.0
0.0
0.0
0.0
0.0
0.0
0.582402
0.0
0.0
0.0
0.0
1.44784
0.0
1.17287
3.95797
0.337754
0.728674
0.0
1.64174
0.652312
0.756042
0.0
0.0
0.0
0.0199856
0.0
0.0
0.0
0.0
0.0
0.406993
0.0
0.0
0.0
1.29674
0.0
0.0
0.0
1.86008
0.0
0.0
0.0
0.0
0.560157
0.0
2.26926
0.0
0.0
0.0
0.0
0.0
1.41413
0.0
0.0
0.0
0.480044
1.08302
0.0
0.0
0.0
0.0
0.0
2.48503
0.0
0.501265
0.0
0.0
0.0
1.71591
0.0
0.0
0.0
1.49345
0.0
0.0
0.0
0.0
0.0
0.124558
1.88117
0.200626
0.508184
0.0
0.675518
1.36455
0.0
0.0
0.0
5.66196
0.0
0.0
0.0
0.66565
0.0
0.665426
0.0015617
0.0
0.0
0.0
1.06387
0.854889
0.0
0.0
0.0
0.0
0.618617
0.0
0.0
0.0
0.58826
0.0
0.0
0.0
0.0
4.22533
1.55804
0.0
0.0
0.0
0.0
0.0
0.0
0.0
0.543146
0.723539
0.0
0.912859
0.0
0.0
0.0
1.90681
0.0
0.0
0.0
1.2024
0.0
2.09499
3.16651
2.76472
0.110707
0.0
1.62994
0.0
0.0
0.0
0.0
0.925968
0.0
0.0
0.0
0.0
0.0
0.0
0.0
0.0
0.0
0.0
1.39043
0.0
0.0
0.0
0.0
0.0
1.45822
0.0
0.0
0.00212489
0.0
0.0
0.0
0.0
0.0
0.0
0.0
1.11045
1.61624
0.0
0.0
0.0
0.79336
0.0
1.02052
0.0
0.752807
0.0
0.0
0.0
0.0
0.0
0.0
0.0
0.0
0.400994
0.0
0.0
0.0
2.00672
0.0
0.0
0.108566
0.0
0.0
0.0
0.0
0.0
0.0
0.0
0.0
0.0
0.0
0.0
0.0
0.0
0.343056
0.117476
0.0
0.0
1.09002
0.0
0.0362064
0.0
0.0
0.0
0.724361
0.864336
0.0348954
0.0
0.0
0.0
0.0
1.85671
0.0
0.0
0.0
0.0
0.0
0.0
1.78113
0.0
0.15957
0.0
0.614821
0.0
0.0
0.0
0.0
0.0
0.0
0.0
1.38386
0.0
0.0
0.0
0.0
0.0
0.0
0.0
0.0
1.43438
0.0
1.65736
0.0
1.63845
0.0
0.0
0.0
0.0
0.0
1.47282
0.0
0.0
0.0
0.0
0.0
5.56631
2.02975
0.494855
0.0
0.0
3.14624
2.42032
0.0
0.0
0.0
0.0
1.18511
0.0
0.0
0.0
1.99099
0.0
0.0
0.0
0.0
1.71431
0.0
0.0
0.0
0.0
0.0
0.0
3.12677
0.0
0.0
0.0
0.0
0.0
0.0
0.0
0.0
0.22604
0.0
0.0
0.286891
0.0
0.0
0.0
2.41201
0.0
0.435723
0.0
0.0
3.05407
0.0
1.08616
0.0
0.0
0.0
1.0057
0.0
0.0
1.31231
0.0
0.457722
3.31046
0.0
2.27141
0.0
0.0
0.0
0.0
0.0
0.29124
0.0
0.0
0.0
1.09605
1.44508
0.0
0.0
0.0
0.0
0.0
0.0
0.0
2.93493
1.10641
0.0
0.0
0.782048
1.05564
0.0
2.52807
0.0
0.0
0.461364
0.0
0.0
0.203691
2.08895
0.0
0.0
0.134872
0.0
2.32732
0.0
0.493093
0.0
0.0
1.70533
0.0
0.0
0.0
0.0
0.0
2.76578
3.52582
0.0
0.0
1.72638
0.0
1.6506
0.0
0.0
0.74546
0.479515
0.0
1.19012
0.546397
0.0
0.0
2.19873
0.0
0.0
0.0
0.977194
1.5705
0.0
1.43668
0.0
0.0
0.0
0.0
0.134081
0.0
0.0
0.0
0.0
2.36909
0.0
0.0
0.0
0.0
2.17871
0.0
0.0
0.0
0.59617
0.0
1.13717
0.0
0.0
0.0
0.0
1.47497
0.0
0.0
0.0
0.0
4.43009
1.46605
1.88069
0.0
0.682111
1.38517
0.0
0.0
0.0
0.0
1.73482
0.299582
0.0
0.0
0.0
0.0
0.0
0.0
4.26085
1.96091
0.0
0.0
0.0
0.761736
0.0
1.30575
0.0
0.0111567
0.0
0.293229
1.25192
0.0
1.42176
0.0
0.0
0.0
0.0
0.0
0.325368
0.0
0.0
0.0
0.0
0.0
0.0
0.0
1.20445
0.0
0.0
0.0
0.0
0.117477
0.0
0.0
3.35517
0.148547
0.0
0.0
0.0
1.76143
0.0
0.0
0.962755
0.0
0.262023
1.43811
1.36156
0.0
0.0
1.46888
0.400273
0.0
0.0
0.0
0.0
0.0
0.0
0.418591
0.0
0.0
0.0
1.18502
0.744405
0.0
0.0
0.0
0.0
0.0
0.0
0.0
0.0
0.0
0.0
0.0
0.0
0.0
1.33233
2.36505
0.0
0.0
0.0
0.0
0.0
0.0
0.0
0.0
0.0
0.0
0.0
0.95335
0.0
0.0864505
1.03445
0.0
0.0
0.0
0.0
0.593977
0.0
0.702256
0.0
1.03178
0.0
0.0
1.44446
0.0
0.332893
0.0
0.0
0.0
0.0
3.44865
0.697589
0.0
0.0
0.0
0.407575
0.0
0.0
0.0
0.0
0.0
0.0
0.0
0.0
1.82012
0.0
0.357925
0.599468
0.0
0.0
0.0
0.744593
0.0
0.0
1.68302
1.73862
2.20777
0.0
0.0
0.0
0.0
0.0
0.0
0.281413
0.0
2.16066
0.0
0.0
0.0
0.0
0.0
0.0
6.24289
0.0
0.0
1.61986
0.0
1.48827
0.0
0.0
0.0
0.0
2.53565
0.235202
0.0314507
0.640455
0.0
0.0
0.823989
0.0
0.0
0.896901
0.0
0.0
0.0
0.514416
0.0
0.0273775
0.0
0.0
0.0
0.0
0.0
0.0
0.0
2.23137
1.89409
0.0
3.5381
0.704812
0.0
0.0
0.0
0.0
1.10791
0.0
0.0
1.2777
1.06457
0.0
0.28467
0.158808
0.0
1.19437
0.0
0.164229
0.0
2.39425
0.0
0.0
0.0
0.0
0.0
0.0
0.0
0.0
0.0
0.0
0.120602
0.0
0.0
0.0
0.0
1.31327
2.33459
0.0
0.0
0.0
0.2589
0.0
0.0
0.0
0.0
0.0
0.750722
0.46996
0.0
0.0
0.839643
0.0
0.0
0.0
0.0
0.0
0.0
0.0
0.0
0.274008
0.0
0.0
0.0
0.0
0.0
1.99012
0.0
0.0
0.78617
0.0
0.0
0.0
0.0
0.0
0.637019
0.0
1.69461
0.0
0.197536
0.0
2.99196
0.0
0.0
0.0
0.0
0.0
4.38767
0.0
0.0
0.0
2.65428
0.0
0.0
0.0
0.0
0.0
1.10721
0.0
0.0
0.0
0.0
0.0
0.0
0.0
0.255435
0.939045
0.0
1.16034
0.0
0.0
0.0
2.61205
0.0
0.0
0.0
0.0
1.95725
0.0
3.99268
0.0
0.0
0.0
0.0
0.0
0.0
1.04331
0.0
0.0
0.0
0.232299
3.07862
1.01113
0.0
0.0
0.254086
0.0
0.0
0.600883
0.0
0.0
