0.0125108
1.51595
0.0
0.0
0.669565
0.0
0.0
0.0
0.0
0.0
0.0
0.0
0.0
0.0
0.0
0.0
0.0
0.0
0.0
0.0
0.0
1.36509
0.0
0.0
0.0
0.0
0.0
0.0
0.0
0.0
0.0
0.892768
0.0
5.34245
0.0
0.0
0.0
0.0
0.0
0.0
0.0
0.0
5.00399
0.0
0.0
0.0
0.0
0.0
0.0
1.68583
0.0
0.0
0.0
0.0
0.0
0.0
1.02146
0.0
0.0
0.0
0.0
0.0
0.0
3.01977
0.135131
0.0
0.0
0.0
0.37941
0.0
0.0
0.0
0.0
0.0
0.0
0.0
0.0
0.61266
0.0
0.0
4.28107
0.0
0.0
0.0
0.0
0.0
0.0
0.0
0.0
0.0
0.0
0.0
0.0
0.0
0.0
0.0
0.0
0.0
1.15906
0.0
0.0
0.0
0.0
0.0
0.0
0.0
1.49155
0.0
0.0
0.0
0.0
0.0
0.0
4.56524
0.944643
0.0
0.0
0.0
0.0
0.0
0.114504
0.0
0.0
0.0
0.0318068
0.0
0.0
8.66076
0.0
0.0
0.0
0.0
0.0
0.0
0.0
0.0
0.0
2.382
2.15598
0.0
0.0
0.0
0.0
0.0
0.0
0.0
0.0
0.0
1.30864
0.0
0.0
0.0
0.0
0.251583
0.0
0.0
0.0
0.0
0.0
0.0
0.0
0.0
0.0
0.0
0.0
0.0
0.0
0.0
0.465094
3.59298
0.0
0.0
0.0
0.0
0.0
0.0
0.0
0.0
0.866611
0.0
0.0
0.0
0.0
0.0
0.0
0.0
0.0
0.0
0.0
0.0
0.0
0.0
3.88891
3.78905
0.0
0.0
0.0
0.0
0.0
0.377081
0.0
1.92732
0.0
0.474671
0.0
0.0
0.0
0.0
0.0
0.0
0.0
0.550612
0.0
0.0
0.0
1.02758
0.0
0.0
0.0
2.49471
0.0
3.33152
0.0
0.0
3.20716
0.0
0.719089
0.329571
0.0
0.430731
0.0
0.0
0.0
0.0
0.0
0.0
0.0
0.0
0.0
0.0
0.0
0.0
0.0
1.86676
0.0
0.0
0.0
1.49543
0.0
0.0
0.534763
0.0
0.0
0.0
0.0
0.0
0.0
2.68139
0.0
0.0
0.0
0.0
4.42935
0.0
0.0
0.0
5.21925
0.0
0.0
3.51368
0.0
0.0
0.0
0.0
0.0
0.0
0.544908
0.0
0.0
0.0
0.0
0.801072
3.29031
1.20797
0.0
0.0
0.0
0.265703
0.0
0.0
0.0
0.0
0.0
0.0
0.0
0.0
0.0
0.0
0.0
0.0
0.0
7.7221
0.0
0.0
0.0
0.0
0.0
0.0
1.01179
0.0
0.0
0.0
0.0
0.0
0.0
0.0
0.0
0.0
0.0
0.0
0.0
0.0
0.0
0.718214
0.0
0.0
0.0
0.0
0.0
0.0
0.0
0.0
0.0
0.0
0.0
0.0
0.0
0.0
0.0
0.0
0.0
0.0
0.0
0.0
0.0
0.0
0.0
0.0
0.824904
0.0
0.0
0.0
0.0
0.0
0.0
0.0
0.0
0.0
0.0
0.0
0.0
0.0
0.0
0.0
0.0
0.0
0.0
0.0
0.0
0.0
0.0
0.0
0.0
0.0
0.0
0.0
0.0
0.0
0.0
1.40179
0.0
0.0
0.0
0.0
0.0
0.0
0.0
2.66664
0.0
0.0
0.0
0.392241
0.0
0.0
0.0
3.1541
6.1048
0.0
0.0
0.0
0.0
0.0
0.0753652
0.0
0.0
0.0
0.0
0.0
0.0
0.0
0.0
0.0
0.0
0.0
1.28658
0.0
0.0
0.0
0.0
1.24278
0.0
0.0
1.4608
0.0
0.0
0.0
0.0
0.0
0.0
0.0
1.07783
0.0
0.0
0.0
0.0
0.0
0.0
0.0
1.92594
0.0
0.0
2.36438
0.0
0.0
0.0
0.0
0.0
0.0
0.732825
0.0
0.0
0.0
0.0
5.8595
0.0
0.0
0.0
0.0
0.0
0.0
0.0
0.952398
0.0
0.0
0.0
0.7733
0.0
0.0
0.0
3.67037
0.0
0.0
0.0
0.0
0.0
0.0
0.0
0.0
1.597
0.0
0.0
0.0
0.0
0.0
0.0
0.0
0.0
0.0
0.0
0.0
0.0
0.0
0.0
0.0
0.0
0.0
0.0318322
0.0
0.0
0.22083
0.0
0.0
0.0
0.0
0.716517
0.0
0.0
0.0
0.0
0.0
0.0
1.42181
0.0
0.0
0.0
0.0
0.0
2.46653
0.0
0.0
0.0
0.0
0.0
0.663373
0.0
0.0
0.0
0.0
0.0
0.0
0.0
0.0
0.31547
3.13465
0.0
0.0
4.37473
0.0
0.0
0.0
0.0
0.0
5.04558
0.0
0.0
0.0
0.0
0.0
0.0
0.0
0.0
0.0
0.0
0.0
1.45034
1.1745
0.322538
0.0
0.0
0.0
0.0
0.0
0.0
2.15903
0.0
0.0
0.0
0.0
0.0
0.0
0.0
0.0
0.0
0.355794
2.11603
0.418499
0.0
0.0
0.0
0.0
0.0
0.0
0.931477
0.212626
0.0
0.0
6.29282
0.0
0.0
0.0
0.0
0.0
0.896699
0.0
0.0
0.0
0.0
0.0
0.0
0.0
0.0
0.0
0.0
0.0
1.45879
0.0
0.0
0.0
1.36125
0.0
0.0
0.0
0.0
0.0
0.0
0.36413
0.0
0.0
0.0
0.0
7.63649
0.0
0.0
0.0
2.14568
0.0
0.0
0.0
0.0
0.0
0.0
0.0
0.0
0.0
0.0
0.0
2.12136
0.0
0.0
0.0
0.0
0.0
0.0
1.06195
0.0
0.0
0.0
0.0
0.0
0.0
0.0
0.0
0.0
0.0
0.0
0.0
0.0
0.0
0.0
0.0
0.0
5.5093
0.0
0.0
0.0
0.0
0.0
0.0
0.0
0.0
0.0
0.0
1.27529
0.0
0.0289399
0.0
0.0
0.0
0.0
0.0
0.0
0.0
0.0
1.9369
0.0
0.0
0.0
0.0
0.0
0.0
0.0
0.0
0.0
0.0
0.0
0.0
0.0
0.0
0.0
0.0
0.0
0.0
0.0
0.0
0.0
0.0
0.0
0.0
0.0
0.0
0.0
0.0
0.633246
0.0
0.0
0.0
0.0
0.0
0.0
0.0
0.0
0.0
0.0
0.0
0.0372263
0.0
0.0
0.0
2.71366
0.0
0.0
0.705568
0.0
0.0
0.145792
0.41655
0.0
0.0
0.0
0.0
0.0
0.0
0.0
0.0
0.0
0.0
0.0
0.0
0.0
0.0
1.52574
0.0
0.0
0.0
0.0
0.0
0.0
3.70977
0.0
0.0
3.60751
0.0
0.0
0.0
0.0
0.0
0.0
0.0
0.0
0.0
0.0
0.0
0.0
1.31004
0.0
1.18363
0.454859
0.0
0.0
0.0540266
0.0
0.0
0.0
0.0
0.0
0.0
0.0
0.0
0.0
0.0
0.0
0.0
0.0
0.0
0.0
0.0
6.53839
0.0
0.0
2.31222
0.0
0.0
0.0
0.0
0.0
0.645798
0.0
0.0
0.0
0.0
0.0
0.0
0.0
0.0
0.0
0.893975
2.06567
0.0
0.0
0.0
0.0
0.0
0.0
0.0
0.0
3.20327
0.0
0.0
0.0
0.0
0.0
0.0
0.0
0.0
0.0
0.0
0.0
0.0
0.0
0.0
0.0
0.0
0.397013
0.0
0.976924
0.0
0.0
0.0
2.13933
0.4627
0.0
0.0
0.0
0.0
1.41525
0.0
0.0
0.0
0.0
0.0
0.380556
4.6214
0.0
0.0
0.0
0.0
0.0
0.0
0.0
0.0
0.0
0.0
0.0
0.571696
0.0
0.0
0.0
0.0
1.00904
1.25432
0.0
0.0
0.0
0.0
0.0
0.0
0.0
0.0
0.0
0.0
0.0
0.0
0.0
0.0
0.993345
0.0
0.92165
0.0
0.0
0.0
1.58421
0.0
0.0
0.0
0.0
0.0
0.0
0.0
7.82687
0.0
0.0
0.0
0.0
0.0
0.0
0.0
0.0
0.161081
0.0
0.0
0.0
0.0
0.0
0.0
0.0
0.0
0.0
0.723536
0.0
0.0
0.0
0.0
0.0778227
0.0
0.0
0.0
0.0
0.0
0.0
0.0
0.0
0.0
0.0
0.191168
0.0
0.0
0.520308
0.0
0.0
0.2863
0.0
0.136581
0.0
0.0
0.0
0.0
0.0
1.07868
0.0
2.01192
0.0
0.0
0.0
0.0
1.08546
0.0
0.0
3.43692
2.34663
0.0
0.0
0.0
0.0
0.0
0.0
0.0
0.0
0.0
0.0
0.0
0.0
0.0
2.56465
0.0
3.41063
4.86573
0.0
0.0
0.0
0.0
0.0
0.0
0.702431
0.0
0.0
0.0
0.0
0.0
0.0
0.0
0.0
0.0
0.0
0.0
0.0
0.669127
0.0
0.0
0.0
0.0
0.0
0.0
0.0
0.0
1.36325
0.0
1.29066
0.481248
0.0
0.375021
0.0
0.0
0.0
0.0
0.0
0.0
0.341002
0.0
0.0
0.0
0.644722
0.0
0.0
0.0
0.0
2.74315
0.0
0.0
0.0
0.0
0.0
0.0
0.0
3.12191
0.0
0.0
0.0
0.0
0.0
0.0
0.0
0.0
0.0
0.0
0.0
0.86069
0.0
0.0
0.0
0.0
0.0
0.0
0.0
0.0
0.0
0.96007
0.0717792
4.49627
1.18826
0.0
0.0
0.0
0.0
0.0
0.180917
0.0
1.6539
0.0
0.0
0.0
0.0
0.0
0.0
0.0
0.0
0.0
0.0
0.580287
0.0
0.0
0.0
0.0
0.0
0.0
0.0
0.0
0.0
5.25227
0.0
0.0
0.0
0.0
0.0
0.0
0.0
0.0
0.0
0.0
0.0
0.0
0.0
0.0
0.0
0.0
0.0
0.0
0.0
0.0
0.836914
0.0
0.0
0.0
0.0
0.0
0.0
0.0
0.0
0.0
0.0
0.0
0.0
0.0
0.0
0.0
0.0
0.0
0.0
0.0
0.0
0.0
0.0
0.370887
0.0
3.44775
0.0
0.0
0.0
0.0
0.0
0.0421635
0.0
0.129128
0.0
0.0
4.82898
0.0
0.0
0.0
0.0
0.0
0.0
0.0
0.0
0.0
1.52186
0.0
0.0
3.8522
0.0
0.0
0.0
4.0698
5.01846
0.0
0.119538
0.0
0.0
0.0
0.0
0.0
0.0
2.24757
1.15553
0.0
0.0
0.0
0.0
0.0
0.0
0.0
0.0
0.0
0.0
0.0
0.0
0.0
0.0
0.0
0.0
0.0
0.0
0.0
2.61055
0.0
0.0
0.0
1.63207
0.0
0.0
0.0
0.177388
0.0
0.0
0.0
0.0
0.0
0.0
0.0
0.0
4.20208
0.0
0.0
0.0
0.0
1.06922
1.41222
0.0
0.0029259
0.0
0.0
0.0
0.0
1.08445
0.0
0.0
6.29952
0.0
0.0
2.65395
0.0
0.0
0.0
0.0
0.0
2.62558
0.0
0.0
0.0
0.0
0.0
0.0
0.0
0.0
1.91152
0.0
0.0
0.0
0.0
0.0
0.0
0.0
0.0
0.0
0.0
0.0
5.49557
0.0
0.0
0.0
0.0
0.0
0.0
0.0
0.0
0.0
0.0
0.977599
3.86362
0.0
0.0
0.0
0.0
0.0
0.0
0.0
0.0
0.0
0.0
0.0
0.0
0.0
5.68896
0.0
0.0
3.61704
0.0
0.0
0.0
0.0
0.0
0.0
0.0
0.0
0.0
1.29044
0.0
4.68614
0.0
0.0
3.63727
0.0
0.0
0.0
0.0
0.0
0.0
0.0
0.0
0.0
0.0402851
0.0
0.0
0.0
0.0
0.0
0.0
0.0
0.0
0.0
0.0
0.0
0.0
0.0
0.0
0.0
0.0
0.0
0.0
0.745476
0.728002
0.0
0.0
0.0
0.0
0.0210258
0.0
6.79645
0.0
0.0
0.0
0.0
0.0
0.0
0.0
0.0
0.0
0.0
0.0
3.54078
0.0
0.0
0.0
0.0
0.0
0.0
0.0
0.0
0.0
0.0
0.744635
0.96645
0.125729
0.0
0.0
0.0
0.0
0.573614
0.0
0.0
0.0
0.0
0.204044
0.0
0.0
0.0
0.0
0.0
0.0
0.0
0.0
0.0
0.0
0.0
0.0
0.0
0.0
0.300959
0.0
0.0
0.0
0.0
0.0
1.99743
0.0
0.0
0.474245
0.0
2.1577
0.0
0.0
0.0
0.0
0.0
0.0
0.0
0.0
0.0
0.0
0.0
0.0
0.0
0.0
0.0
0.0
0.0
0.0
0.0
0.0
0.0
0.0
0.0
0.0
3.21787
0.0
0.0
0.0
0.0
0.0
0.0
0.0
0.0
0.0
0.0
0.0
0.0
0.0
0.0
0.0
0.0
3.75772
0.0
0.0
0.0
0.0
0.0
0.0
0.0
0.0
0.0
0.0
0.0
0.0
0.161398
0.0
0.0
0.0
0.546582
0.0
1.02303
0.0
2.03194
0.0
0.0
0.0
0.0
0.0
0.0
0.0
0.0
0.0
0.0
0.0
0.0
0.0
0.0
0.0
0.0
0.0
0.0
0.0
0.0
0.0
2.03692
0.0
2.35372
0.0
0.0
0.0
0.0
0.0
0.0
0.0
0.0
0.0
0.0
4.23003
0.0
0.0
0.233381
0.0
0.0
0.0
0.0
0.0
0.0
0.0
0.451328
0.0
0.0
0.0
0.0
0.0
0.0
0.0
0.0
0.0
0.0
0.0
0.0
0.0
5.78155
0.0
0.0
0.0
0.0
0.0
0.0
0.0
0.0
0.0
0.0
0.658196
0.0
5.55105
0.0
0.0
0.0
0.0
0.0
0.0
0.0
0.0
0.0
0.0
0.0
0.0
0.0
0.0
0.0
0.0
0.0
4.81497
0.0
0.0
0.0
0.0
0.0
0.0
0.0
1.24834
0.22883
0.0
0.0
0.491017
0.0
0.0
0.0
0.0
0.0
0.0
0.0
0.0
0.0
0.0
0.0
0.0
0.0
0.0
0.0
0.0
0.0
0.0
0.0
0.0
0.874996
0.0
0.0
0.0
0.0
0.511937
0.0
1.04413
0.0
0.0
0.0
0.0
0.0
0.0
0.0
0.0
0.0
0.0
0.0
0.0
0.0
0.0
0.171474
0.0
0.0
0.0
0.0
0.0
0.0
0.0
1.14339
0.0
0.0
0.0
0.0
0.0
0.0
0.0
0.0
0.0
0.0
0.0
0.0
0.0
6.61798
0.0
0.0
0.0
0.0
0.0
0.101881
9.53852
0.0
0.0
0.0
1.05253
0.0
0.0
0.0
0.0
0.0
0.0
0.0
0.0
0.0
0.0
0.0
0.0
0.0
0.0
0.0
0.0
0.0
0.0
2.19136
5.36996
0.0
0.0
0.0
1.85386
0.0
0.0
0.0
0.0178629
0.925497
0.0
0.0
0.0
0.0
0.0
3.59073
0.0
0.0
0.0
0.0
0.0
0.0
0.0
0.0
0.0
0.0
0.0
0.0
0.0
0.469179
0.0
0.0
0.0
0.0
0.0
0.0
0.0
0.0
0.0
0.0
0.0
0.0
5.89421
0.0
0.0
0.0
0.0
0.0
1.45523
0.0
0.0
0.0
0.0
0.0
0.0
0.0
0.0
3.41054
0.0
0.0
0.0
0.769895
0.0
0.0
0.0
0.0
0.16132
0.0
0.0
0.0
0.0
0.0
0.0
0.0
0.0
0.75707
0.0
0.0
0.0
0.0
0.0
0.0
0.0
0.0
0.0
0.0
0.0
0.0
0.0
0.0
0.0
4.80282
0.0
0.0
0.0
0.0
3.50412
0.0
2.4759
1.50784
0.0
0.0
0.0
0.0
0.0
0.0
0.0
0.0
0.0
0.0
0.0
0.162564
0.0
0.0
0.0
0.0
0.0
0.0
0.0
0.0
0.0
0.0
0.0
0.0
0.0
0.0
0.0
0.0
0.0
0.0
0.0
0.0
0.0
0.0
0.0
0.0
0.651177
0.0
0.0
0.0
0.0
0.0
0.0
0.0
2.31112
1.85772
0.0
0.0
0.0
0.0
0.0
0.0
0.0
0.0
0.0
0.0
0.0
4.02515
0.0
0.0
0.0
0.0
0.0
0.0
0.0
0.360916
0.0
0.0
0.0
0.0
0.0
0.0
0.0
0.140388
0.0
0.0
0.0
0.0
0.0
0.0
2.49312
0.0
0.0
0.0
0.0
0.0
0.0
0.0
0.0
0.275416
0.0
0.0
0.0
0.0
0.0
4.74033
0.0
0.0
0.0
0.0
0.0
0.0
0.0
0.985013
0.0
0.0
0.0
3.61604
0.436919
0.0
0.0
0.0
0.0
0.0
0.0
0.0
0.0
0.0
0.0
3.60776
0.0
0.0
0.0
0.0
0.0
1.71172
3.8923
0.0
0.0
0.0
0.0
0.0
1.14866
0.0
0.0
0.0
0.0
0.0
0.0
0.0
0.28558
0.0
0.0
0.0
0.0
0.0
0.0
0.0
0.178433
0.0
0.0
0.0
0.0
0.429785
0.0
0.0
0.0
0.491571
0.0
0.0
0.0
0.0
0.0
0.0
0.0
0.0
0.0
2.17815
0.0
0.0
0.0
0.0
0.0
0.0
0.0
0.0
0.0
0.0
0.0
0.0
0.0
0.0
0.0
0.0
0.0
0.0
0.0
0.0
0.0
0.0
0.0
0.0
0.0
0.0
0.0
0.0
0.0
0.0
0.0
0.0
0.874595
0.0
0.0
3.37823
0.0
1.98734
3.70667
0.0
0.0
0.0
0.0
0.0
0.0
2.12694
0.0
1.22168
0.0
0.0
0.0
0.0
0.0
0.0
0.0
3.03605
0.0
0.0
0.585743
0.0
0.0
0.0
0.0
3.94667
0.0
0.0
0.0
0.0
0.0
0.0
0.641608
0.0
0.0
0.0
4.26099
3.56344
0.0
0.0
1.69906
1.02185
0.838466
0.0
0.0
0.0
0.0
0.0
0.0
0.0
0.0
0.0
0.0
0.0
0.0
0.0
0.0618983
1.86334
0.0
1.35582
0.0
0.0
0.0
0.0
0.0
0.0
0.0
0.0
0.0
3.00161
0.0
0.0
0.0
0.0
2.19428
0.0
0.0
0.0
0.0
0.0
0.0
0.547926
1.55729
0.0
0.0
0.0
0.0
0.0
0.0
0.0
0.0
0.0
0.0
4.43859
0.0
0.0
0.0
0.0
5.49772
0.0
0.0
0.0
0.0
0.0
0.0
0.0
2.77498
0.0
0.0
0.0
0.0
0.0
0.0
5.05962
0.0
0.0
0.560682
0.0
0.0
7.63437
0.0
0.0
0.0
0.0
0.0
0.0
0.0
0.0
1.0914
0.0
0.0
0.0
0.0
0.0
0.0
0.0
0.0
0.0
0.0
0.0
0.0
0.0
0.0
0.0
0.0
0.0
0.0
0.0
0.0
0.360868
0.0
0.0
0.0
3.65579
0.0
0.0
0.0
0.0
0.0
0.0
0.0
9.37739
0.0
0.0
0.0
0.0
0.0
0.0
0.0
0.0
0.0
1.80354
0.0
0.0
0.0
0.0
2.49088
0.0
0.0
0.0
0.0
0.0
0.0
0.0
0.0
0.0
0.0
1.25261
0.0
0.0
0.0
0.0
1.21223
0.0
0.0
0.0
0.777328
0.0
0.0
0.0
0.0
1.47811
0.0
0.0
0.0
0.0
0.0
0.0
0.0
0.0
2.7459
0.0
0.0
0.0
0.0
0.930597
0.0
0.0
0.0
0.0
0.0
0.33259
0.0
0.0
0.0
0.0
0.0
0.0
0.0
0.0
0.0
0.0
0.0
0.0
0.0
0.0
4.43629
0.0
0.0
0.0
0.0
0.252729
0.0
0.0
0.0
0.0
0.0
0.0
0.0
0.0
0.0
0.0
0.0
0.0
0.0
0.0
0.0
0.0
2.98476
0.0
0.0
0.976245
1.10435
0.0
0.0
1.72452
0.0
0.0
0.0
0.0
0.0
0.0
0.0
0.0
0.0
0.0
0.0
0.0
0.0
0.0
0.0
0.0
1.5991
0.980517
0.0
0.0
0.0
0.0
3.3381
0.0
0.0
0.0
0.0
0.0
0.0
2.09482
0.0
6.53872
0.0
0.0
0.0
0.0
0.0461518
0.0
0.0
0.0
0.0
0.0
0.0
0.0
0.0
0.0
0.0
0.0
0.0
0.0
0.0
0.0
6.58761
0.0
0.0
2.00051
0.0
0.0
0.0
0.0
0.0
0.0
0.0
0.0
0.0
0.0
0.0
0.0
0.0
0.0
0.0
0.0
0.0
0.0
0.0
0.0
3.16757
2.12769
0.0
0.0
0.0
0.0
0.0
0.0
1.4179
3.98787
0.0
1.27414
0.0
0.0
0.0
0.0
0.508014
0.0
3.55159
0.0
0.0
0.0
0.0
0.0
0.0
0.0
0.0
0.0
0.0
0.0
0.0
0.0
0.0
0.0
0.327547
0.0
0.0
0.0
0.0
0.0
0.0
0.0
0.0
0.972019
0.0
0.0
0.0
0.0
0.776161
2.5645
0.0
0.0
0.829015
0.0
0.0
0.0
0.0
0.0
0.0
0.0
0.0
0.0
0.0
0.0
0.0
0.0
0.0
0.0
1.43944
0.0
0.0
0.0
0.0
0.753795
0.0
0.0
0.0
3.6125
0.0
0.31681
4.81441
0.0
0.0
0.0
4.2711
0.0
0.0
0.0
2.20995
0.0
0.0
0.0
0.0
0.0
0.0
0.0
0.0
0.0
0.23431
0.0
0.0
0.0513724
1.95731
0.196231
0.0
2.03209
0.0
0.0
0.0
0.0
0.0
0.431976
0.0
2.89189
0.0
0.0
0.0
0.0
0.0
0.0
0.411864
0.0
0.0
0.0
0.0
0.0
0.0
0.0
0.0
0.0
0.0
0.0
2.26378
0.0
0.0
0.0
0.0
0.383163
0.0
0.0
0.0
0.0
0.0
0.719052
4.7182
0.0
0.0
0.0
0.0
0.0
0.0
0.0
0.0
0.0
0.0
0.0
0.0
0.0
0.0
0.0
0.0
0.0
0.0
0.0
0.0
0.0
0.0
0.0
0.0
0.0
0.0
0.0
0.0
0.0
0.0
0.0
0.0
0.848369
0.0
0.0
0.0
0.0
0.0
0.0
0.0
0.0
0.0
0.0
0.0
0.0
0.0
0.491604
0.0
0.245545
0.0
0.0
0.0
0.0
0.0
0.0
0.0
0.0
0.0
0.0
0.0
0.0
0.0
0.920444
0.0
0.0
1.28221
0.0
3.2558
0.0
2.14592
0.0
0.0
0.0
0.0
0.0
0.0
0.0
0.0
0.0
0.0
3.10817
1.32536
0.0
0.0
0.0
0.821724
0.0
0.0
0.0
0.0
0.0
0.0
0.0
0.0
0.0
0.0
0.0
0.0
0.0
0.0
0.0
0.0
0.0
0.0
0.0
0.0
0.0
0.0
0.0
0.0
0.0
0.0
0.0
3.43189
0.0
0.0
0.0
0.0
0.0
0.0
0.0
0.0
0.0
0.0
0.0
0.0
0.0
0.0
0.0
0.0
0.0
0.0
0.0
0.0
0.0
0.0
0.0
0.0
0.0
0.0
0.0
0.0
0.0
0.0
0.0
0.0
0.0
0.0
0.0
0.0684667
0.0
0.0
0.0
0.0
0.0
0.0
0.0
0.0
0.0
0.0
0.0
0.0
0.0
0.0
0.0
0.0
0.0
0.0
0.0
0.0
2.22843
0.0
0.0
0.850778
0.0
0.339093
1.45469
0.0
0.0
0.0
0.0
0.0
0.0
0.421954
2.36052
0.0
0.0
0.0
0.0
0.0
0.0
0.0
0.0
0.0
0.0
1.85087
0.0
0.0
0.0
0.0
0.0
0.0
0.0
0.0
2.37023
0.0
0.0
0.0
1.52459
0.0
0.0
0.0
0.0
1.30585
0.0
0.0
0.0
2.52585
0.0
0.0
0.914842
0.0
0.0
0.0
2.11493
0.0
0.0
0.0
0.0
0.0
0.0
0.0
0.0
0.0
0.0
0.0
0.0
0.0
5.0709
1.87206
0.0
0.0
0.0
7.58534
0.0
0.0
0.0
0.0434748
0.0
0.0
3.76769
0.0
0.0
0.0
0.0
0.0
0.0
0.269379
0.0
0.0
0.0
0.0
0.0
1.5501
0.18974
0.0
0.0
0.0
0.0
2.2817
0.360296
0.0
0.0
0.0
0.0
0.0
0.0
0.0
3.67699
0.0
0.0
0.0
0.0
0.0
1.91782
0.0
0.0
0.0
2.88489
1.55316
0.0
0.0
0.0
1.27714
0.0
0.0
0.0
1.59612
0.0
0.0
0.0
0.0
0.0
0.0
0.0
0.0
0.0
0.0
0.0
0.0
0.0
0.0
0.0
0.0
0.0
1.5726
2.88719
0.0
0.0
2.13891
0.0
0.0
2.7013
0.0
0.0
0.0
1.09267
0.0
0.0
0.0
0.0
0.0
0.0
0.0
0.0
0.0
0.0
0.0
0.0
0.0
0.0
0.0
0.0
0.0
0.0
0.0
0.0
0.0
0.0
0.0
0.0
0.0
0.0
0.0
0.0
0.0
0.0
0.0
0.0
0.0
0.0
0.0
0.0
0.0
0.0
0.0
0.0
0.0
0.0
0.0
0.0
0.0
0.0
0.0
0.0
0.0
0.445573
0.0
2.16973
3.36948
2.18099
0.0
0.0
0.0
0.0
2.44727
0.0
0.0
0.0
0.0
0.0
0.0
0.0
0.758615
2.0535
0.0
0.0
0.0
1.04969
0.0
6.31009
0.0
0.0
0.0
0.0
0.0
0.0
3.95982
0.0
0.0
0.0
0.0
0.0
0.0
2.15944
0.0
0.0
0.0
0.0
0.0
0.0
0.0
0.0
0.0
0.0
0.0
0.0
0.0
0.0
0.0
0.0
0.0
0.0
0.0
0.0
0.0
0.0518259
0.0
0.0
1.08233
0.0
0.0
0.0
0.0
0.998252
3.02577
0.0
0.0
0.0
0.0
0.0
0.0
0.0
0.0
0.0
0.0
0.0
0.0
2.12638
0.0
0.0
0.0360283
0.725461
0.0
0.0
0.0
0.0
0.0
0.0
0.0
0.0
0.0
0.0
0.0
0.0
0.0
0.0
0.543999
0.0
0.0
0.0
0.0
0.0
0.0
0.0
0.0
0.0
0.0
0.0
0.0
0.0
0.0
0.0
0.0
2.72274
0.0
0.0
0.0
0.0
0.0
0.0
0.0
0.0
0.0
1.46432
0.0
0.0
0.0
0.0
0.0
0.0
0.0
0.0
0.0
0.0
0.0
1.56915
0.0
6.78406
0.0
0.0
0.0
0.0
0.0
0.0
0.0
0.0
0.0
0.0
0.0
0.0
0.0
0.0
0.0
0.0
3.49268
0.0
0.0
0.0
0.0
0.0
0.0
0.0
0.174319
0.927999
0.0
0.0
0.0
0.0
0.0
0.0
0.0
3.65303
0.0
0.0
0.0
0.0
0.0
0.0
0.0
0.0
0.0
0.0
0.0
0.0
0.0
0.0
0.0
0.0
0.0
0.0
0.0
0.0
0.0
0.0
0.0
0.0
0.0
0.0
0.0
0.0
0.0
0.0
0.0
0.0
0.0
0.0
0.0
0.0
0.0
0.0
3.00279
2.36047
1.39472
0.0
1.16556
0.0
0.0
1.21261
0.0
0.0
0.0
0.0
0.0
0.0
0.0
0.0
0.0
0.0
0.0
2.33656
0.0
0.0
0.0
0.0
0.0
0.0
0.251288
0.0
5.06256
0.0
0.0
0.0
0.0
0.0
0.0
0.0
0.0
0.0
0.0
0.0
0.0
0.0
0.0
0.0
0.0
0.0
0.0
0.575874
0.0
0.0
0.0
0.0
0.0
0.0
0.0
3.94231
0.0
0.0
0.0
0.0
0.0
0.0
0.0
0.0
0.0
0.0
0.0
1.54147
0.0
0.0
0.0
0.0
0.0
0.0
0.0
0.0
0.0
0.331267
0.0
0.0
0.0
0.0
2.64349
0.0
0.0
0.0
2.25948
0.0
0.0
0.0
0.0
0.0
0.0
0.0
0.0
0.0
0.0
0.0
0.0
0.0
0.0
0.0
0.0
0.0
0.0
0.0
0.0
0.0
0.0
0.777343
0.0
0.0
0.0
0.0
0.0
0.283177
0.0
0.0
0.0
0.0
0.0
0.0
0.0
0.0
0.0
0.0
0.0
0.830588
0.0
0.0
0.0
0.0
0.0
0.0
0.0
0.0
0.0
0.0
0.0
0.0
0.0
0.0
0.0
0.0
0.0
0.0
0.0
0.0
0.0
0.916478
0.0
0.0
0.233316
0.0
0.0
0.0
0.903853
0.0
0.0
0.0
0.0
0.919717
0.0
0.0
0.0
0.0
0.0
0.0
0.0
1.29349
0.0
0.398128
0.0
2.43976
0.203564
2.59782
0.0
0.0
0.680106
1.00649
0.0
0.0
0.0
0.0
0.0
1.28513
0.0
0.0
0.65971
0.0
0.0
0.0
0.0
0.0
0.0
0.0
0.0
0.0
0.0
0.0
0.0
0.0
0.0136189
0.0
0.0
0.0
0.0
0.0
0.0
0.0
3.12897
0.0
0.0
0.0
0.0
0.0
0.0
0.0118759
0.0
0.0
0.0
0.0
0.0
0.0
0.0
0.0
0.0
0.0
0.0
1.07662
0.0
0.0
0.0
1.0707
0.0
0.0
0.0
0.0
0.0
0.0
0.0
1.36777
0.515025
0.0
0.0
0.0
0.0
0.0
0.0
0.0
0.0
0.0
0.0
0.219499
0.0
0.0
0.0
0.0
0.0
0.0
0.768115
0.0
0.0
0.0
0.0
0.0
0.0
1.01095
0.0
0.190845
0.0
0.0
0.0
0.0
0.0
0.0
0.0
0.0
0.0563844
0.0
0.0
0.0
3.3339
0.0
0.0
2.15855
0.0
0.0
0.0
0.0
0.0
0.0
0.0
0.142519
0.0
0.0
0.0
0.0
2.35888
0.0
0.0
0.0
0.0
0.0
0.0
0.0
0.0
0.0
0.0
0.0
0.0
0.220622
0.0
0.0
0.0
0.0
0.0
0.0
0.0
0.0
0.0
0.0
0.0
0.0
0.0
0.0
0.0
0.459575
0.0
0.0
0.0
0.0
0.0
0.0
3.78724
0.0
0.927459
0.0
0.0
0.0
0.0
0.0
0.0
10.6112
0.0
0.0
0.0
0.0
0.0
0.0
1.57412
0.0
0.0
0.0
0.0
0.841359
0.380799
0.0
0.0
0.0
0.0
0.0
0.0
0.0
0.0
0.0
0.0
0.0
0.0
0.0
0.0
0.0
0.0
0.0
0.0
0.0
0.0
0.0
0.0
0.477597
0.0
0.0
0.0
0.0
0.0
0.0
0.0
0.0
0.685271
0.0
0.0
4.77759
1.12963
0.0
0.0
0.0
1.72721
0.0
0.0
0.0
0.0
0.0
0.0
0.0
0.0
0.0
0.0
0.0
0.0
0.0
0.0
0.0
0.0
0.0
0.0
0.0
0.0
0.0
4.18462
0.0
0.0
0.0
0.0
0.0
0.0
0.0
0.0
0.0
0.0
0.0
0.00368616
1.76757
0.0
0.0
0.0
0.0
0.0
0.0
0.0
0.0
0.0
0.0
0.225322
0.0
0.0
0.0
0.0
0.0
0.0
0.403817
0.0
1.08405
0.0
0.0
0.0
0.0
0.0
0.0
0.0
0.0
0.0
0.0
0.0
0.0
0.0
0.0
0.0
0.0
0.0
0.824931
0.0
0.0
0.227235
0.0
0.0
0.0
0.0
0.0
0.0
0.260488
0.0
0.0
0.0
0.0
0.0
0.0
0.0
0.0
0.0
0.0
0.0
0.0
2.804
0.0
0.0
0.0
0.0
0.0
0.0
0.0
0.0
0.0
0.0
0.0
0.0
0.0
0.0
0.0
0.0
1.04834
0.0
0.0
0.0
0.0
0.0
0.10172
0.0
0.0
0.0
0.0
0.0
0.0
0.0
0.816306
0.0
0.0
0.0
0.0
0.0
2.08214
0.0
1.01864
0.0
0.0
4.4079
2.34777
0.0
0.0
0.0
0.0
0.0
0.0
0.0
0.0
1.2704
0.0
0.0
0.0
0.0
0.498486
0.0
0.0
0.0
0.0
0.0
0.0
5.60992
0.0
0.0
0.0
0.0
0.0
0.0
0.0
0.0
4.24424
0.0
0.0
0.0
0.0
0.0
0.0
0.0
0.0
0.0
0.0
0.0
1.12141
0.0
1.24126
0.0
0.0
0.0
0.520216
0.0
0.0
0.0
0.0
0.0
2.47719
0.0
0.0
0.0
0.0
0.0
0.0
0.0
0.0
0.0
0.0
0.0
0.0
2.1019
0.0
0.0
0.0
0.0
0.0
0.0
0.0
0.0
5.21138
0.0
1.25933
0.0
1.07754
0.0
0.0
0.0
0.0
0.0
0.0
0.0
0.0
0.0
0.0
0.0
0.375202
0.0
0.0
0.0
1.42663
0.0
0.0
0.0
0.0
0.0
0.0
0.0
0.539948
0.30942
3.75773
0.0
0.0
0.0
0.0
1.9557
0.0
0.0
0.0
0.0
0.0
4.05999
0.0
0.0
0.0
0.0
0.0
1.78388
0.0
1.83446
0.0
0.0
1.90689
0.0
0.0
0.0
0.0
0.290902
0.0
0.0
0.0
0.0
0.0
0.0
0.0
0.0
0.0
0.0
0.0
0.0
0.0
0.0
0.0
5.82675
0.0
0.0
0.0
0.0
0.0
0.0
0.0
0.0
0.0
7.3642
2.285
0.0
0.0
0.0
1.95584
0.0
0.0
0.0
0.0
1.02343
0.0
0.0
4.18715
0.0
0.0
0.0
0.0
4.46535
0.0
0.0
0.0
0.0
0.0
0.614389
0.0
0.0
0.0
0.0
0.0
0.0
0.0
0.0
0.0
0.0
0.0
0.0
0.0
0.0
0.0
1.50063
0.0
0.0
0.0
0.0
0.0
0.440291
0.0
0.0
0.0
0.0
0.0
1.57578
0.0
0.0
0.0
0.0
0.0
0.0
0.0
0.565656
0.0
2.41794
0.0
2.2678
0.0
1.06148
0.0
0.0
2.0677
0.0
0.0
0.0
0.0
0.0
0.0
0.0
0.0
0.0
0.0
0.0
0.0
0.0
0.0
0.0
0.0
0.0
2.58185
0.0
0.0
0.0
0.0
0.0
0.0
0.0
0.0
1.26497
0.0
0.0
0.0
0.0
0.0
0.0
0.0
0.0
0.0
0.0
0.0
0.0
0.0
0.0
0.0
0.948212
0.0
0.0
0.0
0.0
0.539898
0.0
0.0
0.0
4.09251
0.0
0.0
2.9844
0.0
1.12683
0.0
0.0
0.16642
0.0
0.0
0.929922
0.607943
0.0
0.0
2.77486
0.0
0.0
0.246351
0.0
0.0
0.0
0.0
0.0
0.0
0.0
0.0
0.0
0.0
0.0
0.0
0.0
0.0
0.0
0.0
0.0
2.46666
0.0
0.0
0.0
0.0
0.0
0.507053
4.30335
0.0
1.88873
0.0
0.0
3.59012
0.0
0.0
0.0
0.369814
0.39173
0.0
0.0
0.0
1.83135
0.0
0.398059
0.0
0.0
2.54587
0.0
0.0
0.0
0.0
0.0
3.26779
0.0
0.0
1.7819
0.0
0.0
0.0
0.0
0.0
0.0
0.0
0.0
0.0
0.0
0.0
0.0
0.0
0.0
0.0
0.0
6.88575
1.16861
0.0
0.0
0.0
0.0
0.0
0.0
0.0
0.0
0.0
0.0
0.0
0.0
0.0
1.44273
0.0
0.0
0.0
3.24482
3.07851
0.0
0.0
0.0
0.0
0.0
0.0
0.0
0.0
0.0
0.0
0.0
1.22103
0.0
0.0
0.0
0.0
0.0
0.0
0.0
0.0
0.0
0.0
0.0
0.0
0.0
0.0
0.245841
0.0
0.0
0.0
0.0
2.1646
0.0
0.0
0.0
3.93632
0.0
0.0
0.0
0.0
0.0
0.0
0.0
0.0
0.339979
0.0
0.0
0.0
0.0
0.0
0.0
0.0
0.0
1.16209
0.0
0.0
4.34512
0.0
0.0
4.54818
0.0
0.0
0.0
0.0
0.0
0.407336
0.0
0.0
0.0
0.0
0.500882
0.0
0.0
0.0
0.0
0.0
0.0
0.0
0.0
0.0
0.0
0.0
0.0
0.0
0.0
0.0
0.0
0.0
0.0
0.778328
0.0
0.0
0.035714
0.0
0.0
1.43169
0.0
5.37429
0.0
0.0
0.0
0.0
0.0
0.0
0.0
0.0
0.0
0.0
0.0
0.0
0.0
0.0
0.0
0.0
0.0
0.0
0.0
0.0
0.0
