0.0
0.0
1.28988
0.0
0.0699378
0.0
0.0
0.0
0.0
0.0
0.0
0.0
0.0
0.586908
0.0
0.0
0.0
0.0
0.0
0.0
0.0
0.0
0.0
0.0
0.0
0.0
0.0
0.0
0.0
0.0
0.0
0.151111
0.0
5.5072
0.0
0.0
0.0
0.0
0.0
0.0
0.0
0.0
2.77076
0.0
0.0
0.0
0.0
0.425376
0.0
1.61707
0.0
0.171939
0.0
0.0
0.0
0.0
0.0
0.0
0.0
0.0
0.0
0.0
0.0
1.19931
1.26585
0.0
0.0
0.25212
0.0
0.0
0.0
0.0
0.0
0.0
0.0
0.0
0.0
0.0
0.0
0.0
0.889303
0.0
0.0
0.0
0.0
0.0
0.0
2.38022
0.0
0.0
0.0
0.0
0.0
0.0
0.0
0.0
0.0
0.0
2.28499
0.0
0.0
0.0
0.0
0.0
0.0
0.0
1.39
0.0
0.0
0.0
0.0
0.0
0.0
1.73411
0.0
0.0
0.0
0.0
1.47055
0.0
0.0
0.0
0.0
0.0
0.0
0.0
0.0
3.85348
0.0
0.0
0.0
0.0
0.0
0.0
0.0
0.0
0.0
0.0
4.61086
0.0
0.0
0.761686
0.0
0.0
0.0
0.0
0.0
0.0
0.0
0.0
1.06192
0.0
0.0
0.0
0.0
0.0
0.0
0.0
0.0
0.0
0.0
0.0
0.0
0.0
0.0
0.0
0.0
0.0
0.801268
2.24575
0.0
0.0
1.01948
0.0
0.0
0.0
0.974067
0.0
0.0
0.602485
3.96658
0.0
0.0
0.0
0.0
0.0
0.0
0.0
0.0
0.0
0.0
0.0
0.506962
0.0
0.0
0.0
0.0
0.0
0.0
3.80124
0.0
2.94855
0.0
0.0
0.0
0.0
0.0
0.0
0.0
0.0
0.0
0.0
0.0
0.0
0.0
2.57431
0.0
0.0
0.0
3.6705
0.0
0.50548
0.0
0.0
1.05763
0.0
0.0
0.0
0.0
0.0
0.0
0.0
0.0
0.0
0.0
0.0
0.0
0.0
0.0
0.0
0.0
0.0
0.0
0.879944
1.96964
0.0
0.0
7.10472
0.0
0.0
0.0
0.0
0.0
0.0
0.0
0.614019
0.0
0.0
0.0
0.0
0.0
0.0
4.09467
0.0
0.0
0.0
0.0
0.0
0.0
2.78709
0.0
2.11239
0.0
0.0
0.0
0.0
3.64372
0.0
0.0
0.0
0.0
0.0
1.00359
2.72423
0.0
0.0
0.0
3.80438
0.0
0.0
0.0
0.0
0.146614
0.0
0.0
0.0
0.0
0.0
0.0
0.0
0.0
3.09513
1.64818
0.0
0.0
2.95644
0.0
0.0
1.30591
0.0
0.0
0.0
0.0
0.0
0.0
0.0
0.0
0.0
1.69152
0.0
0.0
0.0
0.0
0.0
0.0
0.0
1.41982
0.0
0.0
0.0
0.0
0.0
0.0
0.0
0.0
0.0
0.0
0.0
0.0
0.0
0.0
0.0
0.0
0.0
0.0
0.0
0.0
0.0
0.0
0.0
0.0
0.0
0.0
0.0
0.0
0.0
0.0
0.0
0.0
0.0
0.0
0.0
0.0
0.0
0.0
0.0
0.0
0.0
0.0
0.0
0.0
0.0
0.0
0.0
0.0
0.0
0.0
0.0
0.0
0.0
0.0
0.0
0.0
0.0
0.0
0.0
0.0
3.83079
0.0
2.63352
0.0
0.0
0.0
3.26484
0.0
5.71426
3.4623
0.0
0.0
0.648705
0.0
0.0
0.0
0.0
0.0
0.0
0.0
0.0
0.0
0.0
0.0
0.0
0.0
0.0
0.0
0.0
0.0
0.0
0.0
4.81103
0.0
0.0
0.0
0.0
0.0
0.0
0.0
0.0
0.0
0.600925
2.2987
0.0
0.0
0.0
0.0
0.0
0.0
0.0
1.03338
0.0
0.0
0.344177
0.0
0.0
1.83044
0.0
0.0
0.0
0.0
0.0
0.0
0.0
0.0
5.38472
0.0
0.0
0.0
0.0
0.0
1.03806
0.0
0.797754
0.0
0.470521
0.0
0.0
0.0
0.0
1.69858
1.36793
0.0
0.0
0.0
0.0
0.0
0.62622
0.0
0.0
2.57
0.0
0.0
0.0
0.0
3.71432
0.0
0.0
0.0
0.0
0.0
0.0
0.0
0.0
0.0
0.0
0.0
0.649135
4.2402
2.26585
0.0
0.0
0.0
0.0
0.0
0.0
0.0
0.0
0.0
0.0
0.0
0.0
0.0
0.0
0.0
0.0
0.057616
0.0
0.0
0.0
0.0
0.0
0.0
0.0
0.0
5.31771
0.0
0.0
0.0
0.0
0.0
0.0
0.0
0.0
0.0
2.47925
0.0
0.0
0.522462
0.0
0.0
0.0
0.0
0.0
0.0
0.0
0.0
0.0
0.0
0.0
0.0
0.0
0.0
0.0
0.0
0.0
0.0
0.0
0.0
0.0
0.0
0.0
0.0
0.0
1.03194
0.68603
0.0
0.0
0.0
0.0
0.0
0.0
0.0
0.0
0.0
0.387436
3.60038
0.0
0.0
0.0
0.0
0.0
0.0
0.0
0.0
0.0
0.0
0.0
3.20112
0.0
0.0
0.0
0.0
0.546239
0.0
0.0
0.0
0.0
0.0
0.0
0.0
0.0
0.0
0.0
0.0
0.0281584
0.0
0.0
0.0
0.0
0.0
0.0
0.0
0.0
0.0
0.0
0.273155
0.0
0.0
0.0
0.0
0.0
1.20988
0.0
0.0
0.0
2.63921
0.0
0.0
0.0
0.0
0.0
0.0
0.0
0.0
0.0
0.0
0.0
0.0
0.0
0.0
0.0
0.0
0.0
0.0
0.0
0.0
0.0
0.0
0.0
0.0
0.0222523
0.0
0.0
0.0
0.0
0.0
0.0
0.0
0.0
0.0
0.0
0.7504
1.02713
0.0
0.0
0.0
0.0
0.422543
0.0
0.0
0.0
0.0
0.0
0.0
0.0
0.0
0.0
0.99791
0.0
0.0
0.0
0.0
0.0
0.0
0.809323
0.0
0.0
0.0
0.0
0.0
0.0
0.0
0.0
0.0
0.0
0.0
0.0
0.0
0.0
0.0
0.0
0.0
0.0
0.0
0.0
0.0
0.0
0.0
0.0
0.0
0.0
0.0
0.0
1.87032
0.0
0.0
0.0
0.0
0.0
0.0
0.0
0.0
0.0
0.0
0.0
0.0
0.0
0.0
0.0
1.34139
0.0
0.0
0.0
0.0
0.0
1.62815
0.0
0.0
0.0
2.89795
0.0
0.0
0.0
0.0
0.0
0.0
0.738957
0.0
0.0
0.0
0.0
0.0
0.0
0.0
0.0
0.0
0.0
0.0
1.95384
2.59965
0.0
0.197665
0.497859
0.0
0.0
0.0
0.0
0.0
0.0
0.0
0.0
0.0
0.0
0.0
0.0
0.0
0.0
0.0
0.0
0.0
1.46861
0.0
0.0
0.0
0.74153
0.0
0.0
1.57793
0.0
0.0
0.0
0.0
0.0
0.0
0.0
0.0
0.0
4.1908
0.0
0.0
1.45729
0.0
0.0
0.0
0.0
0.0
0.0
0.0
0.0
0.0
0.0
0.0
0.0
0.0
0.0
0.640405
0.0
0.0
0.0
0.0
0.0
0.0
0.0
0.0
0.0
0.0
0.0
0.0
0.0
0.155161
0.0
0.0
0.329881
0.0
0.0
0.0
0.0
0.0
0.0
1.32006
0.0
0.0
0.0
0.0
0.0
0.0
2.589
0.0
2.02783
3.71875
3.87976
0.0
0.0
0.593836
0.0
2.58249
0.0
0.0
0.0
0.0
0.0
4.79302
0.0
0.0
0.0
0.0
0.0
0.0
0.0
0.0
0.0
0.0
0.0
1.6678
0.0
0.0
0.0
0.0
0.0
0.0
0.0
0.0
1.03872
0.0
0.0
0.0
1.11566
0.0
0.0
0.0
1.40821
0.0
0.237169
0.0
0.0
0.0
0.0
0.415798
0.0
0.0
0.0
0.0
0.0
0.0
0.0
0.0
0.0
0.0
0.0
0.0
0.0
0.0
0.0
0.0
0.0
0.0
0.0
0.0
0.0
0.0
0.0
0.0
1.41768
0.0
0.0
0.0
0.0
0.0
1.04391
0.0
0.0
0.0
0.0
0.0
0.0
0.0
0.0
0.0
0.0
0.0
0.0
0.0
0.0
0.0
0.0
0.0
0.0
0.0
0.0
0.0
2.26296
0.0
0.0
0.0
0.0
0.0
0.0
0.0
0.0
0.0
1.66391
0.0
0.0
0.0
0.0
0.0
0.0
0.0
4.34196
0.0
0.0
1.03694
0.0
0.0
0.0
0.0
0.0
0.0
0.0
0.0
0.976172
0.0
0.0
0.0
0.0
2.63357
2.30824
0.0
0.0
0.0
0.0
0.0
0.0
0.474699
0.0
0.0
0.0
0.0
0.0
0.0
0.0
0.0
0.0
0.0
0.0
0.0
0.0
0.0
0.0
0.0
0.0
0.0
0.0
0.0
0.0
0.733273
0.0
0.0
0.0
0.0
0.0
0.0
0.0
0.0
0.0
0.0
0.0
0.0
0.0
0.489428
0.0
0.0
0.0
0.0
0.0
0.132852
0.143298
0.0
0.0
0.0
0.0
0.0
0.0
0.0
0.0
0.0
0.0
0.760781
0.0
0.0
0.0
0.0
0.0
0.0
0.0
0.0
0.0
0.0
0.0
1.57273
0.0
0.0
0.0
0.0
0.0
0.0
0.0
0.69708
1.51985
0.0
0.0
0.35352
0.0
0.0
2.32481
0.0
0.0
3.67207
0.0
0.0
0.0
0.0
0.271604
0.0
0.0
0.0
0.0
0.0
1.29148
0.0
0.0
0.0
0.0
0.0383175
0.0
0.0
0.0
0.0
1.88825
0.0
2.56123
0.0
0.0
0.0
0.0
0.0
0.0
0.0
0.0
0.0
0.0
0.0
0.0
0.36072
0.0
0.0
0.0
0.0
0.0
0.616171
0.0
0.0
0.0
0.0
0.0
0.0
0.0
0.0
0.293462
0.332184
0.0
0.0
0.0
0.0
0.0
0.0
1.93394
0.0
0.0
0.800817
0.0
0.0
1.6053
0.506174
5.1149
0.0
0.0
0.0
0.0
0.0
1.1976
0.0
0.0
0.0
0.0
4.88087
0.0
0.0
0.0
0.0
0.0
0.0
0.0
0.0
0.0
0.0213366
0.0
0.0
0.669883
0.0
0.0
0.0
0.97351
3.65247
0.0
0.0
0.0
0.0
0.0
0.0
0.0
0.0
0.0
0.0
0.0
0.0
0.0
0.0
0.0
2.48545
0.0
0.0
0.0
0.0
0.0
0.0
0.0
0.0
0.0
0.0
0.0
0.0
0.0
1.45025
0.0
0.0
0.0
0.192798
0.0
0.0
0.0
0.0
0.0
0.0
0.0
0.0
0.0
0.757995
0.0
1.20812
4.54457
0.0
3.29357
0.0
0.0
0.966375
2.02921
0.0
0.0
0.0
0.0
0.0
0.0
0.0
1.99671
0.0
1.19057
0.0
0.0
0.0
0.0
0.0
0.0
0.0
0.0
0.445382
0.0
0.0
0.0
0.0
0.0
0.0
0.0
0.0
3.97314
0.0
0.0
0.0
0.0
1.89069
0.0
0.0
0.0
0.0
0.0
0.0
0.0
0.0
0.0
0.0
0.0
0.0
0.0
0.0
0.0
0.0
0.0
1.17395
3.4643
0.492007
2.38763
0.0
0.0
0.0
0.0
0.0
0.0931633
0.0
0.0
0.0
0.0
0.0
5.99174
0.0
0.243023
4.15594
0.0
0.0
0.0
0.0
0.0
0.0
0.0
0.0
0.0
1.70434
0.0
3.78566
0.0
0.0
3.159
0.0
1.10413
0.0
0.0
0.0
0.0
0.0
0.0
0.0
0.0
0.0
0.0
0.0
0.0500587
0.0
0.0
0.0
0.0
0.0
0.0
0.0
0.0
0.0
0.0
0.0
0.0
0.0
0.0
0.0
0.0
0.0
1.56759
0.0
0.115737
0.0
0.0
0.2386
0.0
0.0
0.0
0.0
0.0
0.0
0.0
0.0
0.0
0.0
0.0
0.820813
0.0
0.0
0.0
0.0
0.0
0.0
0.0
0.0
0.0
0.0
0.0
0.0
5.67038
0.0
0.0
0.0
0.0127123
0.989547
0.0
0.0
0.0
0.0
0.0
0.0
0.0
0.125881
1.12141
0.0
1.42529
0.0
0.0
0.0
0.0
0.0
0.0
0.0
0.0
0.0
0.0
0.0
0.0
0.0
0.0
0.398803
0.0
0.0
0.0
0.0
0.235916
0.472692
0.0
0.0
0.0
0.0
0.0
0.0
0.0
0.0
0.746948
0.0
3.39424
0.0
0.238474
0.0
0.0
0.0
0.0
0.0
0.0
0.0
0.0
0.0
0.0
2.79196
0.616256
0.0
0.0
0.0
0.0
0.833158
0.0
0.0
0.0
0.0
0.0
0.0
0.0
0.0
0.0
0.0
4.51832
0.0
0.0
0.921081
0.0
0.0
0.0
0.0
0.0
0.0
0.0
0.0
0.0
0.358499
0.724837
0.0
0.0
0.0
0.0
0.0
0.0
2.08455
0.0
0.0
0.0
0.0
0.0
0.438461
0.0
0.0
0.0
0.0
0.0
0.0
0.0
1.06719
0.0
0.0
0.0
0.0
0.0
0.0
0.0
0.0
0.0
0.0
0.0
0.934248
0.0
0.0
0.0
0.0
0.0
0.0
0.0
0.0
3.08853
2.066
0.0
0.0
0.27155
0.0
0.0
0.0
0.0
1.4967
0.0
0.0
0.0
0.0
0.0
0.0
0.173985
0.0
0.0
0.0
0.0
0.0
0.0
0.0
0.0
4.81982
0.0
0.0
0.0
0.0
0.0
0.0
0.0
0.0
0.50993
0.0
1.60047
0.0
0.0
0.0
0.0
0.0
0.0
0.0
0.0
0.0
0.0
0.0
0.485448
0.0
0.0
0.0
0.0
0.538426
0.0
0.0
2.53734
0.0
0.0
0.0
0.0
0.0
0.0
0.0
0.0
2.40431
0.0
0.0
1.89731
0.0
0.0
0.0
0.0
0.0
0.0
0.0
0.0
0.0
0.0
0.0
0.0
0.0
0.0
0.0
0.0
0.0
0.0
0.0
0.0
0.0
0.0
0.0
0.0
0.0
4.29691
0.0
0.0
1.27992
0.038355
0.0
0.976521
0.0
0.0
0.0
0.0157758
0.0
0.0
0.0
0.0
0.0
0.0
0.0
0.0
0.0
0.0
1.38085
0.444994
0.0
0.0
0.192383
0.0
0.0
0.0
0.0
0.0
0.0
0.0
0.0
0.0
0.0
7.5866
0.0
0.0
3.71718
0.0
0.0
0.0
0.0
0.0
0.0
3.59199
0.0
0.0
0.0
0.0
0.0
1.26662
0.0
0.0
0.0
0.0
0.0
0.0
0.0869254
0.0
0.0
0.0
0.0
0.0
0.0
0.0
2.18085
0.0
0.0
1.32706
0.0
1.19225
0.0
2.92428
0.388411
0.0
0.0
0.0
3.05933
0.0
0.0
0.0
0.0
0.0
0.0
0.0
0.0
0.0
0.0
0.0
0.0
0.0
0.0
0.35022
0.0
0.0
0.0
0.0
1.9119
0.0
0.0
0.0
0.0
0.0
0.0
0.0452847
0.0
0.0
0.0
0.0
0.0
3.74191
0.0
0.0
0.0
0.0
0.0
1.54985
0.0
0.0
0.0
0.0
0.0
0.0
0.0
0.0
0.0
0.0
0.0
0.0
2.06994
0.0
0.0
0.976391
0.0846198
3.00838
0.0
0.0
0.0
0.0
0.0
0.0
0.0
0.0
0.0
0.0
0.0
0.0
0.0
0.0
0.0
0.0
0.0
0.0
0.0
0.0
0.0
0.0
0.0
0.0
5.45871
0.0
0.0
0.0
0.0
2.41667
0.757112
1.40765
0.316119
0.0
0.0
0.0
0.0
0.0
0.0
0.0
0.0
0.0
0.0
0.0
0.875722
0.0
0.0
0.0
0.0
0.0
0.0
0.0
0.0
0.0
0.0
0.0
0.0
0.0
0.0
0.0
0.0
0.0
0.0
0.0
0.0
0.0
0.0
0.0
0.0
0.0
0.0
0.0
0.0
0.0
0.0
0.0
0.0
0.830109
2.62241
0.0
2.395
0.0
0.0
0.0
0.0
0.0
0.0
0.0
0.0
0.0
2.06807
0.0
0.0
0.0
0.0
0.0
0.0
0.0
1.69549
0.0
0.0
0.0
0.0
0.0
0.0
0.0
0.0
0.0
0.0
0.0
0.0
0.0
0.0
0.0
0.0
0.0
0.0
0.0
0.0
0.0
0.0
0.0
3.83924
0.0
0.0
0.0
0.0
0.0
3.28367
0.0
0.0
0.0
0.0
0.0
0.0
0.0
4.87661
0.0
0.0
0.0
2.70425
0.0
0.0
0.0
0.0
0.0
0.0
0.0
0.0
0.0
0.0
0.0
0.355399
0.0
0.0
0.0
0.0
0.0
2.70661
2.04314
0.0
0.0
0.0
0.0
0.0
0.205002
0.0
0.181763
0.0
0.0
0.0
0.0
0.0
0.50258
0.0
0.0
0.0
0.0
0.0
0.0
0.0
1.16228
0.0
0.0
0.0
0.0
1.43083
0.0
0.0
0.0
0.525023
0.0
0.0
0.0
0.0
0.0
0.0
3.16752
0.0
0.0
2.27342
0.0
0.0
0.0
0.0
0.0
0.0
0.0
0.0
0.0
0.0
0.0
0.0
0.0
0.0
0.0
0.0
0.0
0.0
0.0
0.0
0.0
0.0
0.0
0.0
0.0
0.0
0.0
0.0
0.0
0.0
0.0
0.0
0.924283
0.0
0.0
4.04671
0.0
0.0
0.0
0.0
0.0
0.0
1.26819
0.0
0.0
0.0
0.0
0.0
0.0
0.0
0.0
0.0
0.0
0.0
0.0
0.756886
0.0
1.14582
0.0
0.0
1.9253
0.0
0.0
2.64349
1.45497
0.0
0.0
0.0
0.0
0.0
0.1746
0.735914
0.0
0.0
0.0
0.0
0.0
0.0
0.0
0.0151646
1.28782
0.0
0.0
0.0
0.0
0.0
0.0
0.0
0.0
0.0
0.0
0.0
0.694577
0.0
0.0
0.768804
0.0
1.07637
0.0
0.0
0.0
0.0
0.0
0.0
0.0
0.0
0.0
7.77953
0.0
0.0
0.0
0.0
0.0
0.0
0.0
0.0
0.0
0.0
0.0
0.0
0.797751
0.0
0.0
0.0
0.0
0.0
0.0
0.0
0.0
0.0
0.504347
1.82345
0.0
0.0
0.0
0.0
5.51766
0.0
0.0
0.0
0.0
0.0
0.0
0.0
2.10521
0.0
0.0
0.0
0.0
0.346852
0.0
4.22988
0.0
0.0
0.0
0.0
0.0
2.66851
0.81324
0.0
0.0
0.0
0.0
0.0
0.0
0.0
2.10532
0.0
0.0
0.0
0.0
0.0
0.0
0.0
0.0
0.0
0.0
0.355267
0.0
0.0
0.0
0.0
0.0
0.0
0.0
0.0
1.91526
0.0
0.0
0.0
0.0
2.55798
0.0
0.0
0.0
1.43622
0.0
0.0
0.0
3.23909
0.0
0.0
0.0
0.0
0.0
0.0
0.0
0.0
0.0
0.322696
0.0
0.0
0.0
0.0
0.0
0.0
0.0
0.0
0.0
0.0
0.0
0.0
0.0
0.0
0.0
0.0
0.0
0.0
0.0
0.0
0.986378
0.0
0.0
0.0
0.245097
0.0
0.0
0.0
0.0
0.0
0.0
0.0
0.0
0.0
0.0
0.0
0.0
0.0
0.0
0.0
0.0
0.0
0.0
1.57312
0.0
0.0
0.0
0.188117
0.0
0.0
0.0
0.0
0.0
0.0
0.0
0.0
0.0
0.0
0.0
0.0
0.0
0.0
0.0
1.12518
3.51636
0.0
0.0
0.0
0.0
1.89504
0.0
0.0
0.0
0.0
0.0
0.0
0.0
0.0
0.0
0.0
0.0
0.0
0.0
0.0
0.0
0.0
4.83914
0.0
0.0
0.0
2.05901
0.0
0.0
0.0
2.7635
0.0
0.0
0.0
1.04185
0.0
0.0
0.0
0.0
0.0
2.03814
0.0
0.0
0.0
0.0
0.0
0.0
1.99931
0.0
0.0
0.0
0.0
0.588044
0.0
0.341856
0.0
0.0
0.0
0.0
3.22293
0.0
4.21723
0.0
0.0
0.0
0.0
0.0
0.0
0.0
0.0
0.0
0.0
0.0
0.0
0.0
0.190225
0.0
0.0
0.0
0.0
0.0
0.0
6.0373
0.0
0.0
0.165221
0.0
0.0
0.0
0.0
0.714306
0.0
0.0
0.0
2.17382
0.0
0.0
0.0
0.0
0.0
0.0
0.0
0.0
0.0
0.0
0.0
3.98161
0.0
0.0
0.0
0.0
0.0
0.0
0.0
0.212088
3.80761
0.0
0.893925
0.0
0.653005
0.90533
0.0
0.0
0.0
2.54591
0.0
0.0
0.0
0.0
0.0
0.0
0.0
0.0
0.0
0.0
1.49907
0.0
0.0
0.0
0.0
0.860635
0.0
0.0
0.0
0.0
0.0
0.0
0.0
2.08921
0.0
0.0
0.0
0.0
0.0
0.0
1.46401
0.0
0.0
0.0
0.0
0.0
0.0
0.0
1.67191
0.0
0.0
0.0
0.0
0.0
0.0
0.0
0.688087
0.0
0.0
0.0
0.0
0.0
0.0
0.744435
0.0
0.0
0.0
0.0
3.64601
0.0
0.0
0.0
0.0
0.0
0.0
1.01013
0.0
0.0
0.0
2.06488
0.0
0.0
0.0
0.0
0.0
1.04241
0.0
0.0
0.0
0.094628
0.0
0.0
0.0
0.0
1.17167
0.0
1.05058
0.0
0.0
0.0
0.0
0.0
2.11715
0.0
1.67013
0.0
0.0
0.0
0.0
0.0
0.0
3.10747
0.0
0.0
0.0
0.0
0.0
0.0
0.0
0.0
0.0
0.0
0.0
4.63757
0.0
0.0
0.0
0.0
0.0
0.0
0.0
0.0
0.0
0.0
1.15751
6.80758
0.0
0.0
0.0
0.0
0.0
0.0
0.0
0.0
0.0
0.0
0.0
0.0
0.841398
0.0
0.0
0.0
0.0
0.0
0.0
0.880427
0.0
0.0
0.0
0.0
0.0
0.0
0.0
0.0
0.0
0.0
0.0
0.0
1.46076
0.0
0.0
0.0
0.0
0.780522
0.0
0.0
0.0
0.0
0.0
0.0
0.0
0.0
0.0
0.0
1.34811
0.0
0.0
0.0
0.0
0.0
0.0
0.0
0.0
0.0
0.0
0.0
0.0
0.375638
0.368341
0.0
0.0
0.0
0.0
2.72896
0.0
1.04381
0.0
0.0
0.0
0.0
0.0
0.0
0.0
0.0
2.05412
0.0
0.0
1.05669
0.0
0.0
0.0
0.0
0.0
0.0
0.0
0.0
0.0
0.0
0.0
0.0
0.0
0.0
0.0
0.0
0.0
1.15026
0.0
0.0
0.0
0.0
0.0
0.0
0.0
0.0
0.0
0.0
0.0
0.0
0.0
2.6852
0.0
0.0
0.0
0.0
0.0
0.0
0.0
0.0
0.0
0.889121
0.0
1.32475
0.0
0.952591
0.0
0.0
0.0
0.0
0.0
0.0
0.0
0.0
0.0
0.0
0.0
0.0
0.0
0.0
0.0
0.961897
0.0
0.0
0.0
0.0
0.0
0.0
0.0
0.0
0.0
0.0
0.0
0.0
0.0
0.0
0.0
0.0
0.0
0.0
0.0
0.0
0.0
0.0
0.0
0.0
0.0
0.0
0.409698
0.179613
0.0
0.515872
5.48751
0.0
0.0
0.0
0.758306
0.0
0.0
0.0
0.0
0.0
0.0773688
0.0
0.0
0.0
0.0
0.0
0.0
0.0
0.0
0.0
0.0
0.0
0.0
0.0
0.0
0.0
0.0
0.0
1.3161
0.0
2.7083
0.0
0.0
0.0
0.0
0.0
0.0
0.0
0.0
0.941914
0.0
0.0
0.0
0.0
0.0
0.0
0.0
0.0
0.0
0.0
3.0281
0.0
0.0
0.0
0.0
0.0925128
0.00769198
0.0
0.0
0.0
0.0
1.86778
0.0
0.0
3.60153
0.365187
0.0
0.0
0.0
6.61078
0.0
0.0
0.0
0.445145
0.0
0.0
1.80651
0.0
0.294497
0.0
0.0
0.0
0.0
0.0
0.0
0.0
0.0
0.0
0.0
1.21022
0.512538
0.0
0.0
0.0
0.0
0.0
0.0
0.0
0.0
0.0
0.0
0.0
0.0
0.0
1.7992
0.0
0.0
0.0
0.0
0.0
1.08304
0.0
0.0
2.90145
0.0
0.0
0.0
0.0
0.0
0.0
0.0
0.0
0.0
0.0
2.93353
0.0
0.0
0.0
0.0
0.70755
0.0
0.0
0.0
0.333888
0.0
0.0
0.0
0.0
0.0
0.0
0.0
0.0
1.45466
3.71912
0.0
3.18463
0.0
0.0
2.56671
0.0
0.0
0.853287
0.0
0.0
0.0
0.0
0.0
0.0
0.494675
0.0
0.0
0.596884
0.0
0.0
1.6011
0.0
0.0
0.0
0.0
0.0
0.0
0.0
0.0
0.0
0.0
0.0
0.0
0.0
0.0
0.0
0.0
0.0
0.0
0.0
1.99181
0.0
0.0
0.0
0.0
0.0
0.0
0.0
2.33746
0.0
0.0
0.0
0.0
0.0
0.0
0.0
0.0
0.0
0.0
0.0
0.0
2.80882
0.0
0.0
0.0
0.0
0.0
1.28577
0.0
0.0
1.40423
0.0
0.386618
0.0
0.0
0.0
0.0
0.0
0.0
0.0
0.0
0.0
0.0
0.0
0.0
0.0
0.0
0.0
0.0
0.899554
0.0
0.0
0.0
0.0
0.0
0.0
1.79484
0.0
0.0
0.0
0.0
0.0
0.0
0.0
0.0
0.0
0.0
0.0
0.0
0.0
0.0
0.0
0.0
0.0
0.0
0.0
0.0
0.0
0.0
0.0
0.0
0.0
0.0
0.0
0.0
0.0
2.55489
0.0
0.0
0.0
0.0
0.0
0.0
0.0
0.0
0.0
0.0
0.0
0.0
0.0
0.0
0.0
0.0
0.0
0.0
0.0
0.0
0.0
0.90219
0.0
0.124945
0.0
0.0
0.0
0.0
0.0
0.0
0.0
0.0
0.982267
0.0
0.0
0.0
1.70205
0.0
0.0
0.0
0.0
0.0
1.72872
0.0
0.0
0.156471
0.0
0.0
0.0
0.229691
0.0
0.0
0.0
0.0
0.0
0.0
0.0
0.0
0.0
2.83334
0.0
0.0
0.0
0.0
0.0
0.0
0.0
0.0
0.0
0.0
0.0
3.35892
0.0
1.16654
0.0
1.25394
0.0
0.0
0.0
0.0
0.0
0.0
0.0
0.0
0.0
0.0
0.0
0.0
0.0
0.0
2.17584
0.0
0.0
0.0
0.0
0.0
0.0
0.0
0.85759
0.0
0.0
0.0
0.0
0.0
0.0
0.0
0.0
4.92159
0.0
0.0
0.0
1.67547
0.0
0.0
0.0
0.0
0.0
0.0
0.0
0.0
0.0
0.0
0.0
0.0
0.0
0.0
0.0
0.0
0.0
0.0
0.0
0.0
0.0
0.0
0.0
0.0
0.0
0.0
0.0
0.0
0.0
0.0
0.0
0.0
0.0
0.0
0.0
1.74638
0.874812
0.0
2.01976
0.0
0.0
0.0
2.65293
0.0
0.0
0.0
0.0
0.0
0.0
0.0
0.0
0.0
1.79332
0.0
0.0
0.0
0.0
0.0
0.0
0.626786
2.206
0.0
0.0
0.061712
0.0
0.0
0.0
0.0
0.0
0.0
0.0
0.0
0.0
0.0
0.0
0.0
0.0
0.0
0.0
0.0
0.0
0.0
0.0
0.0
0.0
0.0
0.0
0.0
0.131566
1.4498
0.0
0.0
0.0
0.0
0.0
0.0
0.0
0.0
0.0
0.0
0.0
0.0
0.0
0.0
0.0
0.0
2.23199
1.37528
0.0
0.0
0.454879
0.0
0.0
0.0
1.68697
0.0
0.0
0.0
0.0
0.0
0.0
0.0
0.0
0.0
0.0
0.0
0.0
0.0
0.0
0.0
0.0
0.0
0.0
0.0
0.0
0.0
0.103943
0.0
0.0
0.0
0.0
0.0
0.0
0.0
0.0
0.11739
0.0
0.0
0.0
0.0
0.0
0.0
0.0
0.0
0.0
0.0
0.0
0.0
0.0
0.0
0.0
3.19867
0.392188
0.0
0.0
0.0
0.0
0.0
0.0
0.772987
0.0
0.0
0.0
0.0
0.0
0.0
0.0
0.0
0.0
0.0
0.0
0.0
0.0
0.264178
0.0
0.0
3.40462
0.0
0.0
0.0
0.0
0.0
0.0
0.0
0.0
0.0
0.0
0.0
0.0
0.0
0.0
0.0
0.0
0.0
0.0
0.0
0.0
0.902954
0.0
3.01078
0.0
0.0
4.87251
0.0
0.0
0.245327
0.0
0.0
0.0
2.79602
0.0
0.0
0.0
0.0
0.0
0.0
0.0
0.0
0.0
0.0
0.0
4.60562
0.0
0.0
0.0
0.360501
0.0
0.0
0.0
0.0
0.0
0.0
0.0
0.0
1.30419
0.0
0.0
0.0
0.0
0.0
0.0
2.00002
0.0
0.0
0.0
0.0
0.0
0.0
0.0
0.0
0.0
0.0
0.0
3.6862
0.0
0.0
0.0
0.986341
0.0
0.0
0.0
0.0
0.0
0.0
0.0
0.0
0.697531
0.0
0.0
0.0
0.0
0.0
0.0
0.0
0.0
0.0
0.0
0.0
0.0
0.0
0.0
0.0
0.0
1.32321
0.0
0.0
0.0
0.0
0.0
0.0
1.5321
0.0
0.0
0.0
0.0
0.103326
0.0
0.0
0.0
0.282275
0.0
0.0
0.0
0.0
0.0
0.0
0.0
0.0
0.0
0.435857
0.0
0.0
0.0
2.35576
1.49964
0.0
0.0
0.00168541
0.0
0.0
0.0
0.0
2.90502
0.0
0.331827
0.0
0.0
0.0
0.829938
0.0
1.06641
0.0
0.0
0.0
0.0
0.0
0.587344
0.0
0.0
0.0
0.0
0.0
0.0
0.0
0.0
0.0
0.0
0.86835
0.0
0.0
0.0
0.0
0.0
0.0
0.0
0.0
0.0
0.0
0.0
0.0
0.0
0.0
0.0
0.0
0.0
0.0
0.0
8.38571
0.0
0.0
0.0
0.0
0.0
0.0
0.0
0.0
0.0
0.0
1.76041
0.0
0.0
0.0
0.0
0.0
0.0
0.0
0.0
0.0
0.0
0.0
0.0
0.0216496
0.0
1.20327
0.0
0.0
0.0
0.0
0.0
0.0
0.0
0.0
0.0
0.0
0.0
0.0
0.0
0.0
0.0
2.34998
0.551168
0.0
0.0
0.0
0.0
2.76864
0.0
0.0
0.0
0.0
1.09721
0.0
0.0
0.0
0.329994
0.0
0.0
0.0
0.0
0.0
0.0
0.0
0.0
0.0
0.0
0.0
0.0
0.0
0.0
0.0
0.0
0.0
0.0
0.0
0.530564
0.547335
0.0
0.0
0.0
0.0
0.0
0.0
0.0
0.0
0.0
0.0
0.0
0.0
0.0
0.0
0.0
0.0
0.0
0.0
0.166846
0.0
0.0
0.0
0.0
0.580804
0.0
0.0
0.0
0.0
0.0
1.08127
0.0
0.0
0.0
0.0
0.0
0.0
0.0
0.0
0.0
0.0
0.0
0.606665
0.0
0.0
0.0
0.0
0.398662
0.0
0.0
0.0
0.510804
0.0
0.0
0.0
0.0
0.0
0.0
0.0
0.0
0.0
0.0
0.0
0.0
0.0
0.0
0.0
0.0
0.0
0.0
0.0
1.05246
0.0
0.0
0.0
0.0
0.0
0.0
0.0
0.0
1.93097
0.0
0.0
0.0
0.0
0.0
0.0
0.0
3.73387
3.22516
0.0
0.0
0.0
0.0
3.38517
0.756754
0.0
0.0
0.0
0.0
0.0
0.0
0.0
0.0
0.0
0.0
0.0
0.0
3.38917
0.0
1.87079
0.0
0.0
4.53622
2.78262
0.0
0.0
0.0
0.0
0.0
0.0
0.0
0.0
1.84794
0.0
0.0
0.0
0.0
1.85852
0.0
0.0
0.0
0.0
0.0
0.0
0.925408
0.0
0.0
0.0
0.0
0.498261
0.0
0.0
0.0
1.24773
0.0
0.0
0.0
0.116894
0.0
0.0
0.0
0.0
0.0
0.0
0.0
0.0
2.29258
0.0
0.0
0.0
0.0
0.647589
0.84252
0.0
0.0
0.0
0.809764
0.0
0.0
0.0
0.0
0.0
0.0
0.0
0.0
0.0
0.0
0.0
0.0
0.0
0.0
0.211571
0.0
0.0
0.0
0.0
0.0
0.0
0.0
3.43514
0.0
0.0
0.0
0.0
0.766094
0.136643
0.0
0.0
0.0
0.0
0.0
0.0
0.0
0.0
0.0
0.0
0.0
6.36155
1.60086
0.0
0.0
0.0
0.0
0.0
0.0
0.0
0.0
0.51684
1.98813
4.42202
0.0
0.0
0.0
0.0
0.222694
1.53885
0.0
0.0
0.0
0.0
0.791887
0.0
0.0
0.0
0.0
0.0
0.0
0.0
2.43839
0.0
0.0
4.97894
0.0
0.0
0.0
0.0
0.0
0.0
0.0
0.0
0.0
0.0
0.0
0.0
0.0
0.0
2.26321
0.0
0.0
0.0
0.0
0.0
1.7386
0.0
0.0
0.0
0.0
0.0
0.0
0.0
0.0
0.0
3.13271
1.34529
0.0
0.169597
0.0
0.180313
0.0
0.0
0.0
0.0
0.0
0.0
0.0
3.92495
0.0
0.0
0.0
0.0
0.467192
0.0
0.0
0.0
0.0
0.0
0.0
0.0
0.0
0.0
0.0
0.0
0.0
0.0
2.84448
0.0
0.0
0.0
0.0
0.0
0.0
0.0
0.659995
0.0
0.0
0.0
0.0
1.54514
0.0
0.0374828
0.0
0.0
0.0
0.0
0.0
0.0
1.1972
0.0
0.0
0.0
0.0
1.43779
0.0
0.0
4.19796
0.0
0.0
0.371119
0.838549
0.0
0.0
1.00885
0.0
0.0
0.0
0.0
0.0
0.0
0.0
0.0
0.0
0.0
0.0
0.0
0.0
0.0
0.0
0.0
0.0
0.0
0.0
0.0
0.0
0.0
1.53949
0.0
0.0
0.0
4.98831
1.30689
0.0
0.0
0.0
0.0
0.0
0.0
0.0
0.0
0.0
0.0
0.0
0.0
0.0
0.0
0.0
0.0
0.0
0.0
0.0
0.0
0.0
0.0
0.0
2.09028
0.0
0.0
0.904003
0.0
2.85751
0.0
0.0
1.95805
0.0
0.406872
0.243524
0.0
0.0
0.0
3.19717
0.0
0.0
0.0
0.0
0.0
0.0
0.0
0.0
0.0
0.0
2.01131
0.0
0.0
0.0
0.0
0.0
0.0
0.0
0.0
0.278878
0.679927
0.0
0.0
0.0
0.0
0.0
0.0
0.0
0.0
0.221261
0.0
0.0
3.18971
0.0
0.0
0.0
3.73775
0.0
0.0
0.0
0.0
2.06432
2.77575
2.45397
0.0
0.0
0.0
0.0
0.0
0.0
0.0
0.0
1.43769
0.0
0.0
0.0
0.0
0.0
0.0
0.0
0.0
0.0
0.0
0.0
0.0
0.04976
0.0
0.0
0.0
0.0
0.0
0.0
4.31229
0.0
0.0
0.0
0.0
0.0
0.0
0.0
0.0
1.05016
0.0
0.0
0.0
0.0
0.0
2.82556
0.0
0.0
0.0
0.815145
2.12871
0.0
0.0
0.0
0.0
0.252863
0.0
0.0
0.0
0.0
0.0
0.0
0.0
0.0
0.0
0.0
0.0
0.782608
0.0
0.0
0.0
0.0
0.0
0.0
0.0
0.0
0.157258
2.94136
0.0
0.0
0.0
0.0
0.0
0.0
0.0
0.0
4.21433
0.0
0.0
0.0
0.0
0.0
0.0
0.0
0.0
0.0
0.0
0.0
0.0
0.0
0.0
0.0
0.0
0.0
1.34597
0.0
0.0
3.18438
0.0
0.0
0.628182
0.0
0.0
0.0
0.0
0.0
4.05397
0.0
0.0
0.0
0.0
0.84634
0.0
0.0
0.0
0.0
0.0
0.0
0.0
0.0
0.0
0.0
0.0
0.0
0.0
0.0
0.0
0.0
0.0
0.0
0.395365
3.52878
0.0
0.0
0.0
0.0
0.0
0.0
7.45795
0.0
0.0
0.0
0.0
0.0
0.0
1.40006
0.0
0.0
0.259278
0.0
0.0
0.0
0.0
0.0
0.0
0.0
1.22746
1.36509
0.0
0.0
