0.0
0.0
4.28197
0.0
4.67001
0.0
0.0
0.0
0.0
0.0
0.0
0.0
0.0
0.0647425
0.0
0.0
0.0
0.0
0.739971
0.0
0.0
1.61761
0.0
0.0
0.0
0.0
0.0
0.0
0.0
0.0
0.0
0.75855
0.0
1.63478
0.0
0.0
0.0
0.0
0.0
0.0
0.0
0.0
1.62046
0.0
0.0
2.6289
0.0
1.42776
0.0
0.954914
0.0
0.0
0.00774962
0.0
0.0918001
0.0
0.0
0.0
0.0
0.0
1.73531
0.0
0.0
1.80275
0.245889
0.0
0.0
0.0
3.24356
0.0
0.0
0.0
0.0
0.0
0.0
0.0
0.137361
0.0
0.244424
0.0
0.927583
0.0
0.0
0.191092
3.95991
0.0
0.0
0.0
3.39575
0.0
0.0
0.0
0.0
0.0
0.0
0.0
0.0
0.0
0.0
0.0
0.0
0.0
0.838209
0.0
0.0
4.17318
0.48714
0.0
0.0
0.0
0.0
0.0
0.0
0.689412
0.000604302
0.0
0.0
0.800662
2.35035
0.0
0.0
0.0
0.0
0.0
0.0
0.0
0.0
2.55598
0.38699
0.0
0.0
0.0
0.0
0.0
5.521
0.0
0.0
0.0
1.59362
0.0
0.0
1.53249
0.0
0.0
0.0
0.0
0.0
0.0
3.12943
0.0
0.0
2.12125
0.0
0.0
0.0
0.0
0.0
0.0
0.0
0.0
0.0
0.111068
0.0
0.0
0.0
0.0
0.0
0.0
0.0
0.526176
0.0
0.387089
1.28838
0.0
0.0
0.0
0.0
0.644439
0.713784
0.0
1.21479
0.0
0.0
0.0
0.0
0.0
2.47409
0.0
0.0
0.527375
0.0
0.0
3.30141
2.94624
0.0
0.0
0.0
0.0
0.0
0.275791
0.0
0.0
0.0
0.0
0.0
0.0
0.0
0.0
0.0
0.0
0.0
0.0
0.0
0.0
1.01516
0.0
0.0
0.0
0.0579058
1.41471
0.0
1.38638
0.0
0.0
0.0
0.0
0.0
0.0
0.0
0.0
0.0
0.0
0.0
1.76661
0.0
0.0
0.0
0.0
0.0
0.0
0.0
0.0
0.0
2.08527
0.0
0.0
0.0
0.472832
0.0
0.0
3.8625
0.0
0.0
0.0
0.0
0.0686506
0.0
1.12661
0.0
0.0
0.0
0.0
1.41513
0.0
0.0
0.0
2.16927
0.0
0.0
0.0
0.0
0.0109464
0.196475
0.168948
0.0
0.0
1.36045
0.0
0.842628
0.0
0.0
0.0
0.162133
1.61223
0.0
0.0
0.0
0.0458774
0.0
0.0
0.0
0.0
0.0
0.0
0.340092
0.0
0.0
0.0
0.0
0.0
0.0
5.56631
2.12371
0.0
0.122373
0.0
0.0
0.0
0.0
0.0
0.0
0.0
0.0
0.0
0.0
0.0
0.0
0.0
0.0
0.0
0.0
0.0
0.0
0.0
0.0519799
0.0
0.823659
0.0
0.0
0.0
0.0
0.0
0.0
0.0
1.04808
0.0
0.0
0.0
0.0
0.0
0.0
0.289353
0.372304
0.0
0.0
0.0
0.0
0.0
0.760405
0.0
0.0
0.0
0.0
0.0
0.0
0.0
0.0
0.0
0.0
0.320586
0.0
0.0
0.0
0.0
0.0
0.456954
0.0
0.0
0.0
0.683815
0.0
0.0
0.0
0.0
0.0
0.0
0.534265
1.47848
0.0
0.65495
0.0
0.0
0.0
0.0
0.0
0.0
0.0
2.79409
0.0
0.0
0.0
1.04148
0.0
0.0
0.0
0.0
5.04874
0.0
0.0
0.0
0.0
0.0
0.0
0.0
2.4865
0.0
0.0
0.0
0.0
0.0
0.0
0.0
0.0
0.0
2.53212
0.0
0.0
0.0
0.0
0.267491
0.0
0.0
0.0
0.0
0.800488
0.0
0.0
0.0
1.05215
0.0
2.13558
0.0
0.0
1.00184
0.0
0.0
0.0
0.0
1.3299
0.0
0.0
0.0
0.0
0.0
0.0
0.00951315
0.0
0.0
0.768772
0.0
0.0
0.0795003
0.0
0.774654
0.0
0.0
0.0
0.0
0.0
3.24516
0.0
2.23124
1.57694
0.0
0.0
0.0
0.0
0.0
2.92489
2.6491
0.0
4.16544
0.0
0.0
0.0
2.55303
0.0
0.0
1.85852
0.0
0.0
0.0
0.0
0.764225
0.0
0.0
0.0
0.0
0.207108
0.0
0.0
0.0
0.0
0.0
0.0
1.1168
0.557829
0.819524
3.73372
0.0
0.0
0.0
0.0
0.0
0.0
0.587413
0.0
0.0
0.0
0.0
0.0
2.46985
0.0
0.0
0.0
0.0
0.0
0.0
0.0
0.0
0.0
0.0658166
0.0
0.00221267
1.57495
0.350308
0.0
0.0
0.0
0.0
0.0
0.0
3.3394
1.34174
0.0
0.0
2.71916
0.0
0.0
0.0
0.0
0.0
0.0
3.39536
0.0
0.0
0.0
0.0628949
0.0
0.0
0.0
1.57841
0.0
0.0
0.0
0.0
0.251166
0.0
0.0
0.0
0.0
0.0
0.0
0.0
0.0
0.0
0.514155
0.0
1.23286
0.0
0.0
0.0
0.439192
1.50645
0.0
0.938223
2.28287
0.0
0.0
0.0
0.0
0.0
0.520603
1.81975
0.0
0.0
0.772993
0.0
0.0
0.0
0.0
0.0
0.39934
0.0
0.0
0.0
2.2788
0.0
0.0
0.0
0.0
0.0
0.0
0.0
0.0
0.0
1.67759
0.0
0.0
0.0
0.0
0.0
0.0
0.0
1.13759
0.0
0.0
0.0
0.0
0.0
5.30028
0.053072
0.0
0.0
0.0
0.0
0.0
0.0
0.0
0.0
0.0
0.0
0.0
0.0
0.0
0.0
1.26629
0.0
0.0
0.0
0.0
0.0
0.0
1.85258
0.0
0.0
2.09986
0.0
0.0
0.0
0.0
0.0
0.0
0.0
0.0
0.0
0.0
0.0
0.0
0.0
1.0557
1.28198
0.0
0.0
0.0
1.23868
0.0
0.0
0.0
0.0
0.0
0.0
0.550692
0.0
0.0
1.73006
0.0
0.0
0.0
0.0
0.0
0.0
0.401318
2.17037
0.0
0.0
0.0
0.0
0.577164
0.0
0.0
0.0
0.0
0.0
0.0
0.0
0.0
0.0
0.0
0.0
0.0
0.0
0.0
0.763295
0.0
0.0
0.0
0.318879
0.0
0.0
0.0
0.0
1.89987
0.0
0.435619
0.0
0.0
1.09314
0.0
0.0
0.279282
0.0
0.0
0.0
1.72963
0.0
0.0
0.0
2.68121
0.0
0.0
2.36276
0.0
0.0
0.322416
0.0
0.0
0.0
0.00411761
0.0
0.0
0.0
0.0
0.0
0.0
0.0
0.0
0.0
0.0
0.0
0.0
0.228561
0.0
0.0
0.0
0.0
0.0293891
3.66075
1.382
0.846247
2.33554
2.21873
0.0
0.0
0.0
0.0
0.0
0.873749
0.126905
0.0
0.0
0.0
0.0
2.63732
0.0
0.0
0.0
1.60038
0.0
3.5877
0.0
0.0
0.0
0.0
0.0
0.0
0.0
0.0
0.0
0.0
0.0
0.0
0.0
0.0
0.607249
0.0
3.13761
0.0
2.14712
2.5543
0.0
0.0
0.0
3.10855
0.0
0.0
0.0
0.0
0.0
0.0
0.0
0.0
0.0
0.0
0.0
0.0
1.95015
0.0
0.0
0.0
0.0
0.0
0.0
0.0
0.0
0.535098
0.0
0.0
0.0
0.0
1.23831
0.875746
0.0
0.0
0.0
0.0
0.0
0.0
0.0
0.0951187
0.0
0.923433
1.16157
0.0
3.89394
0.0647578
0.0
0.131991
0.0947027
0.0
0.0
0.0
0.0
0.0
0.804728
0.0
0.0
1.03968
0.0
0.0
0.137494
0.0
0.0
0.0
0.0
0.0
0.0
2.24382
0.0
0.0
0.0
0.0
0.0
0.0
0.0
0.0
0.863729
0.0
0.203198
2.41484
0.0
2.30545
1.4562
0.0
0.0
0.0
0.0
0.0
0.0
0.0
0.694293
4.39561
0.0
0.0
3.66825
0.0
0.0
0.0
0.0
0.0
0.815002
0.0
0.0
0.0
1.11496
0.0
0.0
0.0
2.61888
0.0207312
0.0
0.0
0.0
0.0
0.0
0.0
0.0
0.0
0.0
0.0
0.0
0.0
0.0
0.0910617
0.0
0.0
0.0
0.0
0.0
4.03137
1.30191
0.0
0.0
0.0
0.0
0.0
0.0
0.0
0.0
0.0
0.0
0.0
0.0
2.69731
0.851145
0.0
0.0
0.0
0.0
2.09533
0.518402
3.9685
0.0
0.0
0.0
0.0
0.0
0.0
0.0
0.964962
0.0
0.0
0.0
0.0
0.0
0.0
0.0
0.220193
0.0419181
0.0
0.259966
0.0
0.854076
0.0
0.0
0.317629
0.0
0.0
0.0
0.0
0.0
0.506971
4.83171
0.0
0.0
0.133276
0.0
0.0
0.0
0.0
0.0
0.0
0.0
0.0
0.0
0.0
0.0
0.0
0.0
0.0
0.0
0.0
0.0
0.0
0.0
0.0
0.0
0.0
0.0
0.0
0.0
0.0
0.0
0.0
1.46599
0.290998
0.0
2.52917
0.0
0.0
0.0
0.0
0.0
0.0
0.0
0.0
0.53765
0.0
0.0
0.0
0.296662
0.0
0.0
0.0
2.06533
0.646218
0.0
0.0
0.0
0.0
0.0
0.0
0.0
0.868621
0.0
0.0
0.296813
0.0
0.0
0.0
0.0
0.0
0.0
0.0
0.0
0.425295
0.0
0.616022
0.0
0.0
0.0
0.0
0.0
0.918724
0.0
4.68589
4.29555
0.0
4.93758
0.0
0.0
0.0
0.0
0.0
0.69523
0.0
0.0
0.0
0.0
0.0
0.0
0.0
0.0
0.0
0.0
0.0
0.0
0.773624
0.0
0.0
0.0
0.0
0.0
0.0
0.0
0.0
0.0
3.05157
0.0
0.0
0.0
0.0
0.0
0.0
0.0
0.0
0.0
0.0
0.0
0.0
0.0
0.0
0.0
0.0
0.0
0.0
0.564391
0.0
2.45847
0.0
0.0
0.0
0.0
0.0
1.5157
1.98552
0.0
0.00426729
0.0
0.0
0.0
0.0
0.0
0.0
0.0
0.0
0.0
0.0
0.0
0.0
0.0
0.0
0.567022
3.42325
0.0
0.0
3.30997
1.74773
0.0
0.553241
1.21093
0.0
0.0
0.0
3.51802
0.0
0.0
0.729109
0.0
0.0
0.0
0.0
0.0
0.0
2.6386
0.0
0.0
2.41269
0.0
0.0
0.0
0.0
3.75767
0.0
1.15664
0.0
0.852672
0.0
0.0
2.29991
0.0
0.0
0.198109
0.0
0.0
0.0
0.0
0.0
0.992031
0.0
0.0
0.0
0.0
0.0
0.0
0.0
0.0
0.0734747
0.0
0.0
0.0
0.0
0.0
0.0
0.0
0.347517
4.14845
0.0
0.0
0.0
0.0
0.293807
0.0
0.0
0.0
0.0
4.63294
0.0
0.0
3.56407
0.0
0.0
0.0
0.0
0.0
4.45411
0.0
0.0
0.0
0.0
0.0
1.25015
0.489276
0.0
0.0
0.0
0.0
0.0
1.71257
0.0
0.0
0.0
0.0
0.0
0.0
3.12013
0.0
0.0
0.0
0.0
0.0
0.0
0.0
3.07285
0.0
0.119486
0.227229
0.0
0.0
0.0
2.0982
0.0
0.0
0.0
0.0
0.0
0.0
0.0
0.0
0.0
0.0
0.0
0.0
0.0
0.0
0.0
0.365737
0.941357
0.0
0.0
0.0
0.0
0.0
0.0
0.0
0.14884
0.0
0.0
0.0
0.459593
0.0
1.90516
0.0
0.0
3.49935
0.0
0.0
0.0
0.0352359
0.0
0.0
0.0
0.644986
0.0
0.252312
0.0
1.65655
0.0
0.0
1.79829
0.0
0.0
0.0
0.0
0.0
0.0
0.573417
0.580958
0.0
0.0
0.0
0.142394
0.0
0.0
0.0
0.0
0.0
0.0
0.0
0.0
0.0
0.0
0.0
0.0
0.0
0.224605
0.0
0.424196
1.11003
0.26167
0.0
0.0
0.0
0.0
4.95763
0.0
1.66948
2.30478
0.0
0.807386
0.0
0.0
0.0
0.0
0.0
0.0
0.0
0.0
1.10859
0.0
0.0
1.30937
0.0
0.0
0.0
0.0
0.0
0.0
0.0
0.0
2.03104
0.0
0.0
0.0
0.0
1.57379
1.42344
1.8053
0.979719
2.9195
0.0
0.0
0.0
1.086
0.0
1.17388
0.0
0.0
0.0
0.0
0.0
3.63142
0.0
0.0
0.262405
0.0
1.81999
0.0
0.0
0.0
0.0
0.0
0.581687
0.196467
0.0
0.0
0.0
1.10662
0.0
0.0
0.0
0.0
0.0
0.0
0.0
0.0
0.0
1.27124
0.0
0.209171
0.0
0.0
1.10264
0.0
0.0
0.0
0.0
0.0
1.75009
0.0
0.0
0.0
0.0
0.0
0.0
0.0
0.0
0.0
0.600288
0.0
0.0
0.0
0.0
1.56263
0.0
0.0
0.0
0.0
0.0
1.80843
1.94319
1.41033
0.0
0.0
0.0
0.0
0.0
0.0
0.0
0.0
0.0
0.0
1.60737
0.0
0.0
0.0
1.56263
0.0
1.17547
0.247137
0.0
0.0
0.0
0.0
0.0
0.45299
0.0
0.0
0.0
0.0
0.0
0.0
0.0
0.0
0.178246
0.0
0.0
0.0
0.0
0.0
0.0
0.0
0.0
0.0
4.78265
0.0
0.21018
0.0
0.0
0.0
0.0
0.0
0.0
2.60947
0.0
1.68108
0.0
0.0
0.0
0.0
0.0
0.762201
0.0
0.0
3.82317
0.0
3.12843
0.0
0.0
1.58538
0.0
0.987695
0.0
0.143726
0.0
0.0
0.0
0.75344
0.0
0.0
1.26693
0.0
0.147556
0.0
0.207992
0.0
0.0
0.0
0.0
0.111387
0.0
0.0
0.0
5.61478
2.58722
0.0
0.0
0.0
0.0
0.403937
0.0
0.0
0.0
3.18922
0.0
0.0
0.0
0.0
0.0
0.0
0.0
0.0
1.0228
1.83212
0.0
0.0
0.0
0.0
0.0
0.0
0.261051
0.477195
0.0
0.356895
0.0
0.0
0.0
0.0
0.0
0.0
0.0
0.0
0.0
0.0
0.0
0.0
0.0
0.0
0.0
0.0
0.0
0.551773
0.0
0.0
1.34909
0.0
0.0
0.0
0.0
0.0
0.0
1.29208
0.0
0.106917
0.0
0.0
2.07086
0.966064
0.0
0.206219
0.0
0.0
0.483752
0.0
0.986789
0.0
0.0
0.0
0.0
0.0
0.341901
0.0
0.0
0.0
0.0
0.0
0.344269
0.0
0.0
0.0
0.0
0.0
0.0
0.0
0.0
0.311422
0.0
0.372276
2.5465
0.0
0.0
0.0
0.0
0.0
0.0
4.12539
0.0
0.0
0.0
0.0
1.5711
0.0
0.0
0.0
0.0
0.0
0.0
0.0
0.0
0.164159
0.0
0.0
0.0
0.0
0.421201
0.0
0.0
0.0
3.78254
0.0
0.0
3.14518
0.0
0.708403
0.0
0.0
0.0
0.0
2.9576
0.0
0.0
1.70399
0.0
0.162584
1.78743
0.0
0.0
0.0
0.0
0.0
0.0
0.51602
0.0
0.0
0.0
0.0
0.0
0.0
0.675557
0.0
0.0
0.0
0.0
0.0
0.0
0.0
1.4648
0.0
0.0
0.0
0.0
3.65468
0.0
0.0
0.343816
0.0
0.0
1.13241
0.482508
0.0
0.0
0.0
0.0
0.214622
0.0
0.0
2.53073
0.0
0.0
1.03898
0.0
0.0
0.0
0.0
0.0
0.29933
0.0
0.0
0.0
0.0
0.0
0.0
0.0
0.0
0.703628
0.0
0.0
0.0
0.0
0.0
0.0
0.0
0.0
0.0
0.0
0.0
0.108222
0.0
0.144353
1.22726
2.38066
0.0
0.0
0.0
0.0
3.42706
1.25631
0.0
0.0
0.0
0.0
0.0
0.0
0.0
2.3231
0.0
0.301341
0.0
2.01999
0.336516
3.63464
0.0
1.57826
0.0
0.0
0.0
0.0
0.0
0.0
0.0
0.0
0.0
0.0
0.0
0.0
0.0
0.0
0.0
0.224921
0.0
0.0
0.123149
0.0
0.0
0.0
0.0
0.0
0.0
0.0
0.0
0.0
0.0
0.0
0.0
0.371844
0.0
0.0
0.0
0.0
0.0
0.0
0.917142
0.0
0.642482
0.0
0.0
1.40186
0.43266
0.0
0.0
2.12638
0.0
0.0
0.00803483
0.0217216
0.0
0.0
0.0
0.0
0.0
0.0
0.252665
0.0
0.0
0.0
0.0
0.0
0.0
0.0
0.0
0.0
0.26999
0.0
0.0
0.0
0.0
0.0
0.0
1.52105
0.0
0.0
0.000262216
0.0
0.0
0.0
0.0
0.0
0.0
0.943663
0.0
0.0
0.0
0.0
0.0
0.0
0.0
1.86347
0.0
0.0
0.0
0.0
0.0
0.0
0.727532
2.36289
0.0
0.0
0.813116
0.0
0.0
0.0
0.0
0.0
3.88429
0.0
3.81006
0.0
0.0
0.0
0.0
0.0
0.0
0.839793
0.0491955
0.0
0.0
0.0
0.0
0.0
0.0
0.0
0.0
0.0
0.0
0.0
0.0
0.0
1.25064
0.0
0.0
3.84885
0.0
0.0
0.0
0.0
0.0
0.0
0.298026
0.0233115
0.0
0.0
2.94823
0.0
0.0
0.0
0.0
0.0
0.0
0.976706
0.0
0.0
0.0
0.0
0.0
0.0
0.0801364
0.0
0.604955
0.0
0.0
0.0
0.0
0.0
0.0
0.0
0.0
0.0
0.900056
0.0
0.0
0.0
0.0
1.0322
0.0
0.999344
0.0
0.0
0.0
0.0
0.0
0.0
0.0
0.0
0.0
3.01938
1.24527
0.1613
4.39498
0.0
0.0
0.0
0.0
2.12461
0.0
1.52225
0.0
0.0
0.0
0.0
1.89372
1.29945
0.0
0.0
0.0
1.41494
3.06053
0.0
0.0
3.44614
0.0
4.33681
2.55995
0.0
0.0
0.0
0.0
0.0
2.78504
0.0
0.0
0.0
4.41824
0.0
0.0
0.0
1.50034
0.0
0.0
0.0
0.0
0.994104
0.0
0.0
2.63957
0.0
0.0
0.0
0.0
0.0
0.353009
0.0
0.381444
1.78471
0.0
0.0
0.0
0.0
0.0
0.0
0.0
0.0
0.0
0.0
0.0
3.34267
0.0
0.0
0.0
0.0
1.9207
0.0
0.0
0.0
0.0
0.0
0.0
1.31756
1.76145
0.0
0.0
0.0
0.0
0.0
0.0
0.0
0.0
0.0
0.0
2.85491
0.0
0.0
0.0
0.0
1.96456
0.0
0.0
0.0
0.0
0.0
0.0
0.0
0.0
0.0
0.0
0.0
0.0
0.0
0.0743086
2.97492
0.0
0.0
0.0
0.0
0.0
3.58696
0.0546472
0.0
0.0
1.83156
0.0
0.0
0.0
0.0
0.135491
0.0
0.0
0.0
0.0
0.0
0.0
0.0
1.23588
0.909114
0.0
0.0
0.0
0.0
0.0
0.0
0.0
0.0
0.771618
0.0
0.0
0.0
0.0
0.0
0.0
0.0
0.298755
0.0
0.979893
0.0
0.0
0.0
0.0
5.43697
0.0
0.0
0.0
0.0
0.0979949
0.0
0.0
0.294011
0.0
2.03952
0.0
0.0
0.0
0.0
1.11881
1.26489
0.0
0.0
0.0
2.36807
0.0743729
0.0
2.47806
0.606557
0.385165
0.0
7.11395
0.0
0.0
0.0
0.0
1.45049
0.0
0.0
2.15656
0.0
0.0
0.0
0.0
0.0713589
0.0
0.0
0.0
0.0
0.0
0.0
0.0
0.0
0.0
0.0
0.606595
0.0
0.0
0.0
0.0
1.80151
0.0
1.06678
0.0
1.75276
0.0
0.0
0.0
0.519867
0.0
0.0
0.0
0.0
0.0
0.0
0.0
0.0
0.0
0.330709
2.71501
0.0
0.0
0.0
0.0
2.83388
0.0
0.0
0.0
0.0
0.0
0.0
1.08161
0.0
0.0
0.0
0.0
0.0
0.0
0.0
0.561782
0.0
0.0634679
0.0
0.0
0.0
2.69244
0.0
0.0
0.0
0.0
0.0
0.0
0.0
0.234187
0.0
0.0
0.0
0.0
0.0
2.0722
0.0
0.0
0.0
0.0
0.0
1.38008
0.995248
0.0
0.0
0.0
0.0
2.66285
0.0
0.755439
0.0
0.0
0.0
0.0
1.25203
0.0
1.68427
0.0
0.0
0.0
0.0
0.0
0.0
0.0
0.0
0.0
0.0
0.0
0.0
0.0
0.0
0.0
0.0
0.0
0.0
0.0
0.0
2.25715
0.0
0.0
4.6701
0.0
0.0237265
0.182938
0.0
0.0
0.0
0.0
0.0
0.0
0.0
0.0
0.0
1.56736
0.0
0.0
0.906411
0.0
0.0
0.0
0.0
0.0
1.17535
0.0
0.62815
0.0
0.0
0.0
0.323809
0.109524
0.674794
0.0
2.22679
0.0
0.0
0.0
0.0
0.0
0.0
1.78826
0.0
4.35274
0.0
0.0
0.0
3.73455
0.0
0.0
0.0
0.0
0.0
0.0
0.0
0.0
0.0
0.0
0.0
0.0
0.0
0.0
0.0
0.0
0.0
0.592486
1.5196
0.0
0.247138
0.0
0.0
0.0
4.18522
0.0
0.0
0.0
0.0
0.0
0.0
0.0
0.0
0.0
0.0
0.0
0.0
0.0
0.0
0.0
0.0
0.0
0.0
1.04489
0.0
0.0
0.0
0.0998024
1.29278
0.0
0.0
0.0
2.40943
0.0
0.0
2.68256
1.77502
0.0536902
0.0
1.5328
0.0
0.0
0.0
1.73372
0.0
0.125415
0.0
0.0
0.0
0.510527
0.0
0.0
0.0
1.47572
0.0
0.0
0.0
0.207008
0.0546784
0.0
1.66629
0.0
3.15232
0.488351
0.0
0.0
0.0
0.0
2.81632
0.0
0.0
0.0
0.0
0.0
0.0
0.313792
0.947459
0.0
0.0
0.0
0.584096
0.0
0.0
0.248103
0.0
0.0
0.406131
0.0
0.0
0.817378
0.0
0.0
0.511045
0.0
0.0
0.0
0.0
0.0
1.53846
0.0
0.0
0.0
0.0
0.0
0.0
0.0
0.0
2.23468
0.0
0.0
0.0
0.0
0.0
0.0
0.0
0.0
0.0
0.0
0.0
0.0
0.0
0.0
0.504094
0.0
0.0
0.0
0.0
0.0
0.0
0.0
0.0
0.0
1.16966
0.0
0.0
1.82212
0.678646
0.0
0.0
0.451531
0.0
0.0
0.0
0.0
0.0
0.0
0.433056
0.0
0.446413
0.0
0.0
0.0
0.665345
0.0
0.0
1.21745
0.0
0.0
0.0
0.0
0.0
0.0
0.0
0.0
0.0
1.3559
0.0
1.44323
0.0
3.15549
0.0
0.0
0.0
0.0
0.0
0.0
0.0
0.0
0.0
0.0
0.0
2.0908
0.0
3.94136
0.0
1.45315
0.0
0.0
0.0
0.0
0.0
0.0
0.0
0.0
0.0
0.0
0.0
0.0
0.0
2.28992
0.0
0.0
0.0
0.0
0.0
0.0
0.0
0.0
0.0
0.0
0.0
0.0
0.0
0.520252
1.90727
0.0
0.0
0.0
0.0
0.170521
0.0
0.809965
0.0
0.257944
0.0
1.49176
0.0
0.0
0.0
1.00493
0.0
0.0
0.0
0.0
0.0
0.0
0.0
0.960823
0.0
0.0
0.0
0.0
0.0
0.0
0.0
0.0
0.0
0.0
0.0
0.0
0.0
0.0
0.0
0.0
0.0
0.0
0.0
0.0
0.0
0.0
0.0
0.476623
0.0
0.0
0.0
0.0
0.0
0.0
0.0
0.0
0.0
2.19027
0.0
1.47501
0.0
0.0
0.171782
0.0
0.0
0.0
0.0
0.0
0.0
0.0
0.0
0.0
0.0
0.0
0.0
0.0
0.0
0.0
0.0
0.0
0.0
1.5446
0.997864
0.0
0.0
0.0
0.0
0.0
0.145135
0.0
1.5996
0.0
0.63543
0.0
4.02286
0.0
0.0
0.0
0.748657
0.0
0.0
0.0
0.0
0.0125862
0.0
0.511031
2.08194
0.0
0.0
0.0
0.0
0.0
0.0
1.63851
0.0
3.42742
0.177583
0.0
0.0
1.05845
0.0
0.0
1.2343
0.169944
0.0
4.00874
0.0
0.0
0.0
5.41735
0.0
0.0
0.0
1.3017
0.0
0.0
2.05206
0.0
0.0
0.0
0.0
0.0
0.0
0.0
0.0
0.0
0.0
0.786811
0.0
4.46221
0.0453048
0.0
0.724652
0.0
0.546288
3.27306
0.0
0.0
0.0
1.14249
0.0
0.938071
0.253511
0.0
2.36427
0.0
0.0
0.0
0.0
0.0
0.589516
0.0
0.683959
0.0
0.904398
0.0
0.0
0.0
0.0
0.834288
0.0
0.0
0.0
3.34065
0.0
0.0
0.0
0.0
1.62048
0.0
0.0
0.0
0.0
0.644869
0.0
0.0
0.0
0.0
0.0
0.0
0.0
3.75921
0.0
0.0
1.27921
0.29092
0.0
0.0
0.203478
0.0
0.0
0.0
0.0
1.09562
0.0
0.0
0.0
0.0
0.0
0.0
0.0
0.0
0.519
0.0
0.0
0.0
0.0
0.0
0.0
0.0
0.0
0.0
0.0
0.737327
0.0337187
0.0
0.0
0.684379
0.0
0.0
0.398506
2.18031
0.0
0.0
0.980908
0.0
0.0
0.0
0.0
0.0
0.0
0.0
0.797224
0.0
0.0
0.0
0.0
0.981891
0.0
0.0
0.0
0.0
0.135516
0.0
0.0
0.0
1.41715
0.0
0.205699
0.883577
0.0
1.75513
0.0
0.0
0.0
0.0
0.0
0.0
0.0
0.0
0.395859
0.0
0.0
0.0
0.0
0.0
0.500144
0.0
0.0
0.0
0.0
0.0
0.0
5.07828
0.0
0.0
0.0
0.0
0.0
0.0
0.280681
0.0
0.0
0.0
0.0
0.0
0.0
0.0
0.0
0.0
0.0
0.0
0.0
0.0
0.0
0.0436192
0.0
0.0
1.18514
0.0
0.0
0.0
0.0
0.0
0.0
0.0
0.0
0.0
0.0
0.0
0.0
0.186997
0.0
0.0
0.0
0.0
0.0
0.0
0.0
0.0
0.0
0.0
0.0
0.905197
0.92591
4.10119
0.0
0.0
0.0
0.0
0.0
0.0
1.88959
0.239699
0.0
0.0
0.0
0.0
0.0
0.0
2.57215
1.86682
0.0
1.29143
0.0
0.0
0.0
0.0
0.0
1.16982
0.0
0.0
0.0
0.0
0.0
0.0
0.0
0.0
0.0
0.0
1.59446
0.0
0.0
0.0
0.0
0.0
0.0
0.0
0.0
0.0
1.4505
0.0
0.0
0.0
0.0
0.0
0.0
0.0
0.0
0.0
0.0
0.0
0.0
0.0
3.76617
0.0
2.08821
0.0
0.0
0.0
0.0
0.0
0.0
0.0
0.0
0.0
0.895091
0.0
0.0
0.0
0.0
4.68949
0.0
0.0
0.0
0.0
0.0
0.0
0.0
0.0
0.417818
2.98363
0.0
0.0
0.0
0.0
0.0
0.0
0.0
0.0
0.0
0.0
0.0
0.0
0.0
0.0
0.0
0.0
0.0
0.0
0.0
0.0
0.0
0.218251
0.0
0.0
0.0
0.0
0.0
0.0
0.0
0.0
0.0
0.0
0.0
0.0
0.336739
0.0
0.0
0.0
0.0
0.0
0.0
0.0
0.0
0.0
0.0
1.54804
1.0412
1.52347
0.0
1.66181
0.0
1.33585
0.0
0.0
0.0
0.0
0.0
0.632875
1.02737
0.0
0.0
0.0
0.0
2.35086
0.88783
0.0
0.0
0.243353
0.0978727
0.99678
1.16068
1.32393
0.0
2.2274
0.0
0.711451
0.0
0.0
1.81583
0.0
0.0
0.0
0.387707
0.0
0.0
0.0
0.0
0.346901
0.0
2.03278
0.0
0.0
4.4406
0.0
0.0
0.0
0.0
0.0
0.0
0.0
0.638688
0.0
0.0
0.0
0.0
0.0
0.0
0.0
1.11875
0.0
0.0
0.0
2.58152
0.0
0.0
0.647831
0.0
0.331989
0.938725
0.0
0.942754
0.95842
2.79401
0.0
0.0
0.0
0.0
0.0
0.0
0.0
3.19582
1.47888
0.0
0.0
0.0
0.0
0.0
0.0
0.718279
0.0
0.263591
0.0
0.0
0.0
0.246203
0.0
0.0
0.0
0.0
0.0
0.0
0.0
0.0
0.0
0.0
0.0
0.344798
0.0
0.0
1.76014
4.58315
0.0
0.0
0.0
0.00607145
0.0
0.0
0.0
1.69314
1.83808
0.0
0.0
3.01763
0.0
0.0
0.0
0.0
0.0
0.0
0.0
0.0
2.03275
0.0
0.0
0.0
0.0
0.0
0.0
0.213445
0.0
0.0
0.0
0.0
0.0
1.63351
0.0
0.0
1.37613
0.0
1.71121
0.0
0.0
0.0
0.0
0.0
0.0
2.63435
0.0
0.0
0.0
0.0
0.0
0.0
0.0
0.630566
0.0
0.0
0.0
0.183358
0.0
1.07895
0.0
0.0
0.0
0.0
1.33945
0.159291
0.0
0.0
0.0
0.780638
2.15643
3.35252
0.0
0.0
0.0
0.0
0.0
0.0
0.0
0.0
0.0
1.69317
0.0
0.0
0.0
0.0
0.0
0.0
0.0
1.53915
0.0
0.0
0.0
0.0
1.8752
0.0
0.0
0.0
0.0
0.0
0.0
3.56488
0.268179
0.0
1.74801
0.0
0.0
0.0
0.0
0.0
0.0
0.0
0.0
1.37969
1.39045
0.0
0.0
0.112504
0.0
0.0
0.0
3.46736
0.0
1.70974
0.0
0.0
0.0
0.0
0.0
0.0
0.0
0.0
0.118256
0.0
0.0
0.0
0.0
0.414147
0.494146
0.0
0.0
0.0
0.0
0.0
2.77882
0.0
0.0
0.0
0.161416
0.0
0.329808
0.282064
0.15046
0.0
0.0
0.063268
0.0512911
0.0
0.0
0.0
0.0
0.0
0.0
0.0
1.33649
0.0
0.0
0.0
1.06252
0.285312
0.0
0.0
0.0
2.18351
2.08739
0.0
0.0
1.25922
0.0
0.0
0.0
0.0
0.0
0.0
0.0
0.0
0.0
0.0
0.297069
0.0
0.883617
0.0
0.0
0.436989
0.0
0.0
0.18466
0.0
0.0
0.0
0.0
0.169935
0.0
0.0
0.0
0.204124
0.0
0.405828
0.0
0.744962
0.0
0.0
0.0
0.0
0.0
0.0
0.0
0.0
2.03763
0.0
0.941495
0.0
0.0
0.0
0.0
1.21593
1.0819
2.91201
0.64197
0.0
0.0
0.0
0.0
0.0
1.151
0.0
0.0
0.0
0.0
0.874808
0.0
0.0
1.77407
0.0
0.0
0.0
0.0
0.0
0.0
0.0
0.0
0.0
0.181318
0.0
0.0
0.0
0.0
0.0
0.0
0.0
0.0
0.0
0.0
0.0
0.0
0.0
0.0
0.0
0.0
0.0
2.40611
0.0
0.0
0.0
0.0
3.47017
1.23765
0.0
0.0
0.0
1.67874
0.0
0.0
0.0
0.0
0.0
0.0
0.0
0.0
0.0
0.0
0.0
0.0
0.0
0.0
0.0
0.0
0.495447
0.0
0.0
0.0
0.0
0.551187
0.0
0.0
2.07428
0.0
0.0
0.388443
0.0
0.0
0.0
0.0
0.0301517
0.794367
0.0
0.0
0.0
0.0
0.0
0.0
0.0
1.62288
0.0
0.0
0.0
0.372181
0.0
0.949645
1.27597
0.0
0.0
0.0
0.252718
0.0
2.71366
0.0
0.0
0.0
0.0
0.0
0.0
0.0
0.0
0.0
0.0
0.0
0.0107737
0.0
0.0
0.0
0.0
0.724211
3.33193
0.0
0.0
4.36763
1.124
0.402964
0.0
0.0
0.0
0.0
1.21441
0.0
0.0
0.0
0.580591
0.0
0.0638634
0.0
0.0
0.0
0.0
0.0
0.0
3.03505
0.0
0.0
0.0
0.0
4.21085
0.0
0.0
0.0
0.0
0.0
0.0
1.80112
0.0
0.0
0.477346
0.0
2.6371
0.0
0.0
0.808479
0.0
0.0
1.52394
0.0
1.62961
0.0
0.0
0.467222
0.0
1.98162
0.630527
0.0
0.0
0.0
0.489919
0.0
0.00747675
0.0
0.859037
0.0
0.0
5.10788
0.0
0.0
0.0
0.0
0.0
0.0
0.0
0.0
0.0
3.80563
0.0
0.0
0.0
0.0
0.0
0.0
0.0
0.0
0.0
0.0
0.0
3.78296
0.0
0.0
0.0
0.207292
0.0
0.0
0.0
0.0
3.41351
0.0
0.0
0.0
1.21346
0.0
0.0
2.78483
0.0
0.0
0.0
0.0
3.52598
0.651196
0.0
0.0
0.0
0.0
0.0439232
0.0
0.0
0.0
0.0
0.0
0.0
0.0
0.0
0.0
0.0
0.0
0.0
0.0
0.0
0.0
0.0
0.0
0.0
2.15955
0.0
0.0
0.0
0.0
0.0
0.0
0.0
0.654045
2.09188
0.0
1.55305
0.0
0.0
0.0
0.0
0.0
0.0
0.0
0.0
1.60628
1.91177
0.0
0.0
0.0
0.540982
0.0
0.0
0.0
2.00294
0.0
0.0
0.874253
0.0
0.0
0.0
0.0
2.71827
2.96956
3.35303
0.0
0.0
0.0
0.0
0.674416
0.0
0.0
0.0
3.42863
0.0
1.1199
0.0
0.0
0.0
0.0
0.0
0.485021
0.0
1.27606
0.0
0.0
3.61516
0.0
0.0
0.0
0.0
0.0
0.0
0.0
0.0
0.0
1.47778
0.0
0.0
1.30331
0.0
0.0
0.0
0.0
0.0
1.40374
0.444865
2.64301
0.0
0.0
0.0
0.0
1.59549
0.0
0.0
3.33519
0.0
0.0
1.10767
0.0
0.0
0.0
3.26957
0.0
0.0
0.0
0.0
0.197651
0.0
0.0
3.13396
0.0
0.484426
0.928764
0.0
0.311261
0.0
0.981073
0.0
0.0
0.378399
1.92677
3.70289
0.0
0.0
0.0
0.0
0.0
0.0
0.0
0.0
0.0
0.0
0.0
0.0
0.0
0.0
0.0
0.0
0.0
0.0
0.0
1.12811
3.56091
0.0
0.0
0.0
0.0
0.626884
1.81863
0.0
0.0
0.0
0.0
0.0
0.0
0.0
0.0
0.0
1.18341
0.0
3.4639
0.0
0.0
0.0
1.15979
0.198104
0.0
3.8541
0.0
0.0
0.0
0.0
0.0
0.0
0.0
0.0
0.0
0.0
0.0
0.204658
2.34128
0.138307
0.0
0.0
0.0
0.0
0.0
0.0
0.235462
0.0
0.0
0.0
0.0
0.703582
0.0
0.0
2.41586
0.0
0.0
0.0
0.0
0.0
0.0
0.0
0.0
0.0
0.0
0.928372
0.0
0.0
0.0
0.297262
0.381311
4.16076
0.0
2.07481
0.0
1.92214
0.0
0.0
4.26304
0.0
0.153061
0.0
0.0
0.398168
0.0
0.773329
2.6394
0.0
0.0
0.0
0.0
0.0
0.0
0.0
0.0
0.827637
0.0
0.0
0.0
0.0
0.593914
0.385803
0.0
0.0
0.0
0.0
0.0
0.0
0.0
0.0
0.796216
0.723036
0.0
0.2434
0.0
0.0
1.09121
0.907892
0.0
0.0
2.24985
1.84229
0.0
3.83594
0.0
0.0
0.0
0.0
0.0
0.0
0.0
0.0
1.38044
0.0
0.0
0.0
0.0
2.32656
0.0
0.0
0.0
0.0
0.0
2.07462
0.0
0.0
0.0
0.180001
0.0
0.927184
0.0
0.0
0.0
0.0
0.0
0.0
5.00465
0.0
0.0
0.0
0.842022
2.03998
0.0
0.628622
0.0
0.0
0.0
0.0
0.0
0.304503
0.0
0.0
0.261687
0.0
0.0
0.0
1.82425
0.0
0.921143
0.0
0.0
0.0
1.41804
0.0
0.0
0.0
0.0
0.0
0.0
0.0
0.0
0.0
0.0
0.0259081
0.0
0.325452
0.0
0.0
0.0
0.0
0.431662
0.0
0.0
1.37005
0.0
0.0
0.0
0.0
0.0
0.0
0.0
0.0
0.0
0.922166
0.0
0.0
0.0
0.0
0.0
2.83367
0.0
0.0
0.0
0.0
1.2823
0.0
0.1899
4.98891
0.0
0.0
0.471716
0.0
0.0
1.23526
0.0
0.0
0.0
0.0
1.03841
0.0
0.607206
0.688909
0.0
0.617735
0.0
0.0
0.0428796
0.0
0.0
0.0
0.0507267
0.0
0.0
0.644779
0.0
0.0
1.05214
0.0
0.0
0.0
0.0
0.0
0.0
0.0
0.0
0.0
0.0
0.0
0.0
0.447549
0.0
0.0
0.0
0.660245
0.0
0.710091
0.0
0.0
0.0
0.0
0.0
2.16175
0.0
0.0
0.0
0.0
0.0
0.0
0.0
0.0
0.0
0.0
0.0
0.0
0.0
0.0
0.950043
0.0
0.053327
0.0
0.077972
0.0
0.0
