0.0
0.0
2.72876
0.0
0.0
0.0
0.0
0.0
0.0
0.0
0.0
0.0
0.0
0.0
0.0
2.03512
0.0
0.0
0.204272
0.0
0.0
0.0
0.0
0.0
0.0
0.0
0.0
0.0
0.0
0.0
0.0
0.0
0.0
4.31055
0.0
0.0
0.837101
0.0
0.0
0.0
0.0
0.0
4.92998
0.0
0.0
0.0
1.99111
0.0
0.0
3.11419
0.00556405
0.0
0.0
0.0
0.0
0.0
0.0
1.40459
0.0
0.0
0.0
0.0
0.0
3.72557
1.55559
0.0
0.0
0.0
0.0
0.0
0.0
0.0
0.0
0.0
2.71847
0.0
0.130844
0.0
0.0
0.0
2.16683
0.0
0.0
0.0
0.0
0.0
0.0
0.0
1.06832
0.0
0.0
0.0
0.0
0.0
0.0
0.0
0.0
0.0
0.0
0.0
0.0
0.0
0.0
0.0
0.0
0.0
1.25577
0.0
0.0
0.0
0.0
0.0
0.0
3.63589
0.657207
0.0
0.0
0.0
0.0
0.0
0.0
0.0
0.0
0.0
0.0
0.0
0.0
0.163403
0.0
0.0
0.0
1.26789
0.0
0.0
3.49166
0.0
1.64391
1.8532
0.0
0.0
0.0
0.0
0.0
0.0
0.0
0.0
0.0
0.0
0.0
0.0
0.0
0.0
0.0
0.0
0.0
0.298697
0.0
1.55559
0.0
0.0
0.0
0.0
0.0
0.0
0.0
0.0
0.0
0.0
0.0
4.18355
0.0
1.43005
0.0
0.0
0.0
0.0
0.0
0.0
0.0
0.00977311
0.713497
0.0
0.0
0.0
0.0
0.366231
0.0
0.0
0.0
0.0
0.0
0.0
7.52537
1.32272
0.0
0.0
0.0
0.0
0.0
0.57647
0.0
1.07251
0.0
0.0
0.0
0.0
0.0
0.0
0.0
0.0
0.0
0.82654
0.0
0.0
0.0
0.991822
0.0
0.0
0.0
0.0
0.0
1.58974
0.0
0.0
0.0
0.0
0.0
1.97954
0.0
0.0
0.0
0.0
0.0
0.0566046
0.0
0.0
0.0
0.0
0.0
0.247603
0.0
0.0
0.0
0.442424
2.42589
0.0
0.0
3.87583
0.0
0.0
0.867779
1.16721
0.0
0.0
0.0
0.0
0.0
1.61373
0.0
0.0
0.0
0.0
0.400576
0.0
0.0
0.0
0.0
0.0
0.0
2.16114
0.0
0.0
0.0
0.0
0.0
0.0
2.15609
0.163224
0.0
0.0
0.0
0.0
1.47317
4.80003
0.0
0.0
0.0
0.0
0.0
0.0
0.0
0.0
0.0
0.0
0.508001
0.0
0.0
0.0
0.0
0.0
0.0
6.15907
0.891375
0.0
0.0
4.99583
0.0
0.0
0.0
0.0
0.0
0.0
0.0
1.03462
0.0
0.0
0.0
0.0
0.0
0.0
0.0
0.0
0.0
0.0
0.0
0.0
1.36229
0.0
0.0
1.19807
0.0
0.0
0.0
0.0
0.424544
0.0
0.0
0.0
0.0
0.0
0.0
0.0
0.0
0.0
2.18965
0.0
0.0
0.0
0.0
0.0
0.0
0.0
0.0
0.0
0.0
0.0
0.0
0.685885
0.0
1.95099
0.0
0.0
0.0
0.0
0.0
0.246473
0.0
0.0
0.0
0.0
0.0
0.0
0.0
0.0
0.0
0.0
0.0
0.0
0.0
3.17493
0.0
0.0
0.0
0.0
0.0
0.0
0.0
4.90271
0.0
0.0
0.0
0.0
0.0
0.0
0.0
3.86055
6.79318
0.0
0.0
0.399075
0.0
0.0
0.0
0.0
0.0
0.0
0.0
0.0
0.0
0.0
0.0
0.0
0.0
0.0
0.0
0.0
0.0
0.0
0.0
1.26463
0.0
0.0
2.51332
0.0
0.0
0.0
0.0
0.0
0.0
2.15258
1.47826
0.9087
3.71519
1.6964
0.0
0.0
0.0
0.0
2.16713
0.0
0.0
0.0
0.0
0.0
0.171657
0.0
0.039396
0.0
0.0997042
0.0
0.0
0.0
0.0
3.86034
0.0
0.0
0.0
0.0
0.0
0.0
0.0
2.65023
0.0
0.0
0.0
0.0
0.0
0.0
0.0
1.75207
0.0
0.0
0.0
0.0
0.0
0.474969
0.0
0.0
1.11404
0.0
0.0
0.0
0.0
2.63214
0.0
0.0
0.0
0.0
0.0
0.0
0.0
0.0
0.0
0.0
0.0
0.0
3.77573
0.329817
0.0
0.0
0.0
0.0
0.0
0.0
0.483449
0.0
0.0
0.0
0.0
0.0
0.0
1.80438
0.0
0.0
0.0
0.0
0.0
2.07926
0.0
0.0
0.0
0.0
0.0
0.0
0.0
0.0
0.0
0.0
0.0
0.0
0.220309
0.0
2.39943
3.17101
0.0
0.0
2.02444
0.0
0.0
0.0
0.0
0.0
2.45549
4.37958
0.0
0.0
0.0
0.0
0.0
0.0
0.0
0.0
0.0
0.0
0.0
0.0
0.308648
0.0
0.0
0.0
0.0
2.32756
0.0
0.0
0.0
0.0
0.0
0.0
0.0
0.0
0.0
0.0
0.873457
1.9083
0.015592
0.0
0.0
0.0
0.137719
0.0
0.0
0.0
1.97499
1.24315
0.0
0.0
0.891369
0.0
0.0
0.0
0.0
0.0
1.11856
0.0
0.0
0.0
0.0
0.0
0.00428239
0.0
0.0
0.0
0.0
0.0
0.0
0.0
0.0
0.0
2.50361
0.0
1.23913
0.0
0.774351
0.0
0.0
0.0
0.0
0.0
0.0
0.0
5.10299
0.0
0.0
0.0
0.0
0.0
0.0
0.0
0.0
0.0
0.0
0.0
0.0
0.0
0.0
0.0
1.48335
0.0
0.0
0.0
0.0
0.0
0.0
0.837545
0.0
0.750537
0.0
0.0
0.0
0.0
0.0
2.18057
0.0
0.0
0.0
0.0
0.0
0.79393
0.0
0.0
1.324
1.30215
0.0
0.0
0.0
0.0
0.0
0.0
0.0
0.0
0.0
0.0
0.0
0.0
0.313645
0.0
0.4267
0.0
0.806975
0.0
0.0
0.0
0.0
0.637209
0.0
0.0
0.0
0.0
0.102357
0.0
0.0
0.0
0.0
0.0
0.0
0.0
0.0
0.0
0.0
0.0
0.0
0.0
0.0
0.0
0.0
0.0
0.0
0.0
0.0
0.0
0.0
0.0
0.915192
0.0
0.0
0.0
0.0385017
0.0
0.0
0.0
0.0
0.847536
0.0
0.0
0.0
2.06898
0.0
0.0
2.59005
0.761992
0.0
0.0
0.0
0.0
1.35982
0.0
0.0
0.0
0.338081
0.0
0.0
0.0
0.0
0.0
0.110409
0.0
0.0
0.0
0.0
0.0
0.746634
0.0
0.0
0.0
0.0
0.0
0.382331
0.0
0.0
0.0
1.89498
0.873118
0.0
0.0
0.0
0.0
1.46382
0.0
0.0
0.0
0.0
0.0
0.0
1.87695
0.0
0.0
0.664869
0.0
0.0
4.16893
0.0
0.0
0.0
0.0
0.0
0.0
0.0
0.0
0.0
0.0
0.0
1.94429
0.0
0.268001
0.0
0.0
3.75839
0.0
0.0
0.0
0.0
0.0
1.72012
1.24333
0.0
0.199817
0.0
0.363018
0.0
0.0
0.0
1.11666
0.0
0.0
0.0
0.0
2.12016
0.0
1.203
0.0
0.0
0.0
0.0
0.0
0.0
0.0
0.0
0.0
1.0925
0.0
0.0
0.0
0.0
0.0
0.0
0.0
0.0
0.0
0.0
0.0
0.0
2.41496
1.96735
0.0
0.0
0.0
0.0
0.408876
2.1186
1.03233
0.0
0.0
2.83159
0.0
0.0
0.0
0.0
0.0
0.0
0.0
1.23137
1.22123
0.0
0.0
0.0
0.0
0.694636
1.1322
0.0
1.84256
0.0
0.0
0.0
0.0
0.0
0.0
0.0
0.0
0.0
0.0
0.0
2.79159
0.0
0.0
0.0
0.0
0.0
0.0
0.0
0.0
0.0
1.13187
0.0
0.0
1.09826
0.0
0.0
0.0
0.0
0.0
0.0
0.0
0.0
0.0
0.0
0.0
0.0
0.0
2.38897
0.0
0.0
0.0
0.0
0.0
0.0
0.0
0.0
2.59127
1.42619
0.0
0.0
0.0
0.0
0.0
0.0
0.0
0.0
0.628633
0.0
0.0
0.0
0.0
0.177856
0.0
0.0
1.82303
0.0
0.0
0.0
0.406882
0.0
0.0
0.0
0.637106
0.0
0.0
0.0
0.0
0.0
0.0
0.0
0.0
0.0
0.0
0.0
0.0
0.0
5.18273
0.0
1.74461
0.0
0.0
0.0
0.325905
0.0
0.0
0.0
3.31482
0.0
0.94001
0.0
0.0
0.0
0.0
0.0
0.0
0.0
0.0
0.0
0.0
0.0
0.0
1.93872
0.0
1.08718
3.32403
0.0
0.0
0.0
0.0
0.0
0.0
0.45856
0.0
0.0
0.0
0.0
0.0
0.0
0.0
0.0
0.0
0.0
0.0
0.0
0.0
0.0
0.0
0.0
0.0
0.0
0.0
0.0
0.0
0.740911
0.0
0.0
0.0
0.0
0.875282
0.0
0.0
0.0
0.671232
0.0
0.0
0.0
0.0
0.413576
0.764338
0.0
0.0
0.0
0.304746
2.11456
0.0
0.0
0.0
0.0
0.0
0.0
0.0
0.0
0.30696
0.0
0.0
3.55248
0.0
1.23825
0.288005
0.0
0.0
0.0
0.0
0.0
0.0
0.0
0.0
0.0
0.0
0.0
0.0
0.0
0.0
0.0
0.0
0.768412
1.71886
0.0
0.0
0.0
1.19611
0.0
0.213267
0.0
0.0
0.0
0.0
0.0
0.0
0.0
0.0
0.0
0.0
0.0
0.0
0.0
2.1019
0.0
0.0
0.0
0.0
0.0
0.0
0.0
0.0
0.0
1.53592
0.0
1.76941
0.0
0.0
0.0978809
0.0
0.0
0.0
0.0
0.0
0.0
0.0
0.0
0.0
0.0
0.0
0.0
0.0
0.0
0.0
0.0
0.0
0.0
0.0
0.0
0.0
0.0
0.0
1.14323
0.0
0.0
0.0
0.0
0.0
0.0
0.0
0.0
0.0
0.0
0.0
0.0
0.0
2.81488
1.17884
0.0
0.870245
0.0
0.0
0.162481
0.0
0.0
1.67333
0.0
1.82763
0.0
0.266934
5.35669
0.0
0.0
0.0
0.0
0.193531
0.0
0.0
2.687
0.0
0.0
0.0
0.0
0.0
0.0
0.0
1.22732
3.25288
1.70141
0.0
0.0
0.0
0.0
0.0
0.0
1.82185
0.542159
0.0
0.516059
0.0
0.0
0.0
0.0
0.0
0.0
0.0
0.0
0.0
0.0
0.0
0.0
0.0
0.0
0.856773
0.0
0.250138
0.0
0.0
1.33765
0.0
0.0
0.0
0.395308
0.0
0.0
0.0
0.0
0.0
0.0
0.0
0.0
0.0
0.0
0.0
0.0
4.91973
0.0
1.52205
0.0
0.0
0.0
1.86876
0.0
0.0
0.566959
0.0
0.0
0.0
0.0
0.0
0.0
2.73539
0.0
0.0
2.75435
0.549382
0.0
0.0
0.0
0.0
0.144451
0.127841
0.0
0.0
0.0
0.0
0.0
0.0
0.0
4.29432
0.0
0.0
0.0
0.0
0.0
0.0
0.0
0.0
0.0
0.0
0.0
0.124263
0.0
0.0
0.0
0.0
0.0
0.273941
0.0
0.0
0.0
0.0
0.0
2.34315
0.0
3.68228
0.0
0.0
0.0
0.0
0.0
0.0
0.0
0.0
0.0
0.0
0.0
4.71358
0.0
0.0
0.307945
0.0
0.0
0.0
0.0
0.0
0.0
0.0
0.0
0.0
0.0
0.0
1.6902
0.0
0.0
2.00979
0.0
0.0
0.0
0.0
0.0
0.0
0.0
1.03749
0.39568
0.0
0.0
1.39822
0.0
0.967819
0.124817
0.0
0.0
0.0
0.0
0.0
0.0
0.0
0.0
0.0
0.644316
0.0
0.0
0.0
2.00372
0.283501
0.0
0.0
0.0
0.0
0.0
0.50042
3.7922
0.0
0.0
0.0
0.0
0.0
0.536476
0.0
0.0
0.0
0.0
0.0
0.391867
0.0
0.566186
0.0
0.0
0.0
0.0
0.0
0.0
0.0
0.0
0.0
0.0
0.0
0.0
0.0
0.0
1.30828
0.288778
0.0
3.05491
1.7954
0.0
1.28857
0.209419
0.0
0.0
0.612411
0.0
2.06666
0.0
0.0
0.0
0.0
0.0
0.0
0.0
0.0
0.0
1.84128
0.0
0.0
0.0
0.0
3.01715
0.5923
0.0
0.0
0.0
0.676603
0.0
0.0
0.0
0.0
0.0
0.0
0.0
0.0
0.0
1.14867
0.0
0.18608
0.0
0.0
0.0
0.0
0.0
0.0
0.0
0.0
0.0
1.20846
0.0
0.0
0.0
0.0
0.0
0.0
0.0
0.0
0.0
0.0
0.0
0.0
1.3109
0.0
0.514519
0.0
0.0
0.0
0.0
1.37107
0.0
0.0
0.0
0.0
0.0
0.0
0.0
0.0
0.0
0.0
0.0
0.0
0.979797
0.0
0.0974194
0.0
4.08067
0.0
0.738889
0.0
2.09512
0.0
0.0
0.0
0.0
1.52669
0.0
0.0
0.0
0.0
0.0
0.0
0.0
0.0
2.44533
0.0
0.0
0.0
0.0
0.0
0.0
0.0
0.0
0.0
0.0
0.0
2.14472
0.0
0.0
0.0
0.0
0.0
0.0
0.0
0.0
3.42702
0.0
1.24136
0.0
0.0
0.0
0.0
0.0
0.0
0.600733
0.0
4.14704
0.0
0.0
0.0
0.0
0.0
0.0
0.0
0.0
0.0
0.0
0.0
0.0
0.0
4.55457
0.0
4.02366
1.12215
0.0
0.0
0.0
0.0
0.0
0.0
0.0
0.0
0.0
2.72038
0.0742683
0.0
0.0
0.0
0.0
0.0
0.0
0.420405
0.0
0.0
0.0
0.0
0.0
0.0
0.0
0.0
0.555375
1.68719
0.0
0.0
0.0
0.0
0.0
0.0
0.0
1.75761
0.359156
0.0
0.0
0.0526787
0.0
0.0
0.0
0.0
0.0
0.0
0.0
0.0
0.0
0.0
0.0
0.0
0.0
0.0
0.0
0.0
0.0
0.0
0.0
0.0
0.374328
0.0
0.0
0.0
0.0
1.76245
0.0
0.0
0.0
0.0
0.0
0.0
0.519762
0.0
1.56508
0.0
0.0
0.0
0.0
0.0
0.0
0.0
3.45565
0.0
0.0
0.0
2.30519
0.0
0.0
0.0
0.0
0.0
1.19924
0.0
0.0
0.0
0.0
0.0
0.0
0.0
0.0
0.0
0.0
0.753986
2.24807
0.0
0.0
0.0
0.0
0.0
0.0
1.96812
0.0
0.0
0.591431
0.0
0.0
0.0
0.0
0.0
0.0
0.0
0.0
0.893543
0.0933819
0.0
0.0
0.0
0.0
0.642178
0.0
0.0
1.30353
0.0
0.0
3.16098
0.127132
0.0
0.0
1.92697
1.20667
0.0
0.0
0.0
2.80759
0.0
0.0
0.0
0.0
0.0
1.06445
0.0
0.0
0.0
0.0
0.0
0.0
0.0
0.0
0.0
0.0
0.0
0.0
0.0
0.0
0.989625
0.0
0.0
0.0
0.0
0.0
0.0
0.0
0.0
0.0
0.0
0.0
4.29207
0.0
0.0
0.00769806
0.0
0.0
0.0
0.0
0.0
0.0
0.0
0.0
0.0
0.0
0.0
1.39885
0.0
0.96748
0.0
0.0
0.0
0.0
0.0
2.19744
1.57937
0.0
0.0
0.0
0.0
0.0
0.0
0.0
0.0
0.0
0.0
0.0
0.0
0.0
0.0
0.0
0.0
0.0
0.0
0.0
0.0
0.0
0.0
0.0
0.0
5.77616
0.0
0.0
0.0
0.0
0.973652
0.0
4.81773
1.32203
0.0
0.0
0.0
0.0
0.0
0.434164
0.0
0.0
0.28437
1.94165
0.0
0.0
0.0
0.0
0.0
0.0
0.0
0.0
0.0
0.0
0.0
0.0
0.0
0.0
0.0
0.0
0.0
0.0
0.0
0.0
0.0
0.0
0.0
0.0
0.0
0.0
0.0
0.0
0.0
0.0
0.0
0.0
0.0
0.0
1.09265
4.70805
0.0
0.0
0.0
0.0
0.0
0.0
2.95743
0.0
0.0
0.0
0.0
1.89758
0.871199
0.0
0.0
0.0
0.0
0.0
0.0
2.63961
0.0
0.0
0.0
0.0
0.0
0.650082
0.0
1.37561
0.0
0.0
0.0
0.0
0.0
0.0
0.0
0.0
0.647903
0.0
0.0
0.0
0.0
0.0
0.0
4.06504
0.0
0.0
0.0
0.0
0.0
0.0
0.0
0.0
0.0
0.0
0.0
0.0
0.0
2.20262
0.0
0.0
0.0
6.13212
0.0
0.0
0.0
0.0
0.0
0.752135
0.0
0.0
0.0
0.0
0.191773
0.105833
0.0
0.67603
0.0
0.0
0.0
0.0
4.12793
0.0
0.0
0.0
0.0
0.0
0.0
0.0
0.0
0.0
0.0
0.0
0.0
0.0
0.0
0.0
0.0
0.0
0.0
0.369367
0.0
0.0
6.60054
0.0
0.0
0.0
0.0
0.0
0.0
0.0
0.0
1.17549
0.784877
0.599426
0.685019
0.0
2.03878
0.0
0.0
0.0
0.0
1.6117
0.0
1.68788
0.0
0.0
0.0
0.0
2.39944
0.0
0.70779
0.0
0.154309
0.0
0.136578
0.0
0.0
0.0
0.0
0.0
0.0
0.0
0.0
0.0
0.0
0.0
0.0
0.0
1.76608
0.0
1.22618
0.0
0.0
0.0
1.2972
0.0
0.0
1.55608
0.0
0.0
3.2699
0.0
0.0
0.0
0.0
0.0
0.0
1.3644
0.0
1.50631
0.0
0.521364
0.0
0.0
0.0
0.0
0.0
4.40736
0.0
0.0
1.9582
0.0
2.9671
0.0
0.0
1.61414
0.623125
0.0
0.0
0.0
0.0
0.0
1.13765
0.0
0.0
0.0
3.82301
1.25451
0.0
0.0
0.0
1.96502
0.0
0.0
0.0
0.0
0.0
0.0
0.0
0.0
0.0
0.0
0.0
0.0
0.0
0.0
1.98433
0.0
0.0
1.55338
0.0
0.0
0.0
0.0
0.0
0.0
0.0
0.0
0.0
0.0
0.0
0.0
0.436447
0.0
0.0
0.0
0.0
0.0
0.0
0.0
0.0
1.11198
3.99314
0.0
0.0
0.0
0.0
0.0
0.377632
0.0
0.0
0.0
0.0
0.0
0.0
0.891309
0.0
0.0
5.84278
0.0
0.0
0.0
0.0
0.0
0.0
0.0
4.32937
0.0
0.0
0.0
0.0
0.0
0.0
3.28939
0.0
0.0
0.721417
0.0
0.0
2.1007
0.0
0.0
0.0
0.0
0.0
0.0
0.0
0.0
0.0
0.0
0.0
0.0
0.0
0.0
0.0
1.83658
1.80664
0.398684
0.0
0.260309
0.0
0.0
0.0
0.0
0.843011
0.0
2.5418
0.0
0.0
0.0
0.0
0.0
0.0
4.53128
0.122444
0.0
0.0
0.0
0.0
0.0
0.0
5.55016
0.0
4.218
0.0
0.0
0.0
0.0
0.0
0.328383
0.0
2.57227
0.0
0.0
0.0
0.0
0.01021
0.0
0.0
0.0
0.0
0.0
0.0
0.0
0.0
0.0
0.0
0.0
3.54643
0.32838
0.0
0.0
1.04772
1.82195
1.3438
0.0
0.618663
0.0
0.963249
0.0
0.0
0.0
0.0
0.0
0.0
0.0
0.0
0.0
0.0
0.0
0.0
0.489236
0.0
0.0
0.0
0.0848487
0.0
0.0
1.11918
0.130748
0.0
0.0
0.0
0.0
0.0
2.85949
0.0
0.0
0.0
0.0
0.0
0.0
0.0
0.0
0.0
1.10717
2.97074
0.0
0.0
0.0
0.0
1.07932
0.0
0.0
0.0
0.0
0.0
0.0
0.0
0.0
0.0
0.0
0.0
0.632193
0.124342
0.0
3.04305
0.0
3.22612
0.0
0.0
0.0
0.0
0.0
0.0
0.0
0.0
0.0
0.0
0.453517
0.0
0.0
0.0
0.624385
0.0
0.0
0.0
0.0
0.0
0.0
0.0
0.0
0.0
1.58511
0.0
0.0
0.0
0.0
3.71469
0.0
0.949404
0.0
0.0
0.0
0.0
2.97356
0.17295
4.89676
0.0
0.0
0.0
0.0
0.0
0.0
0.0
0.0
0.0
0.0
0.0
0.0
0.0
0.0
0.0
0.870681
0.0
0.0
0.0
0.0
6.89635
0.0
0.0
3.20156
0.0
0.0
0.0
0.0
0.0
0.0
0.0
0.0
0.933413
0.0
0.0
0.0
0.0
0.0
0.0
0.00241709
0.0
0.0
0.0
0.0
0.0
1.15789
0.0
0.0
0.0
0.0
0.0
0.0
0.0
0.661653
0.0
0.0
0.0
1.87485
0.0
0.0
0.0
0.0
3.79295
0.0
2.12198
0.0
0.0
0.0
0.358149
0.0
0.0
0.725425
0.0
2.36402
0.0
0.0
0.0
0.0
2.67033
0.0
0.0
0.0
0.0
0.0
0.0
0.0
1.58488
2.29856
0.0
0.0
0.0
0.0
0.484755
2.77148
0.0
0.0
0.0
0.0
0.0
0.0
0.0
0.0
0.0
0.0
0.0
0.0
0.0
0.0
0.0
0.0
0.0
0.0
5.14355
0.0
0.0
0.0
0.0
2.36567
0.360765
0.0
0.0
1.98693
0.0
0.744376
0.00594464
0.0
0.0
0.0
3.75324
0.0
0.0
0.0
3.56841
0.0
0.0
0.0
0.0
0.0
2.27943
0.0616837
0.0
0.0
1.17012
0.0
0.0
0.0
0.200288
0.963916
0.0
0.0
1.28898
0.540474
0.0
0.0
0.0
0.0
0.0
0.0
0.0
0.0
0.0
0.0
0.0
0.0
0.0
0.0
0.0
0.0
0.0
0.197557
0.0
0.0
0.0
0.0
0.0
0.761332
2.46394
0.0
0.0
0.0
0.0
0.0
0.0
0.0
0.0
0.0
0.0
3.27409
0.0
0.0
0.0
0.818326
0.0499446
0.0
0.0
0.0
0.0
0.0
0.0
0.0
0.0
0.0
0.0
0.0
0.0
0.0
0.0
0.0
0.0
0.0
0.0
0.673536
0.0
0.0
0.0
0.0
0.0
0.0
0.0
0.0
0.0
3.18382
0.0
0.0
0.0
0.0371107
0.0
0.0
0.0
0.0
0.0
0.0
0.0
0.0
0.0
0.0
0.0
0.0
0.0
0.0
0.0
0.0
0.0
0.0
0.0
0.0
0.0
0.0
0.0
0.0
0.0
0.605598
0.0
0.0
0.0
0.0
0.463698
0.0
0.968224
0.0
0.0
0.0
0.0
0.0
0.0
0.0
0.0
0.0
0.0
2.36001
1.7216
0.0
1.42605
0.0
0.891312
0.0
0.0898901
1.3344
0.0
0.0
0.0
0.0
0.0
0.0
0.0
0.0
0.0
0.0
0.0
0.0
0.0
0.0
0.0
0.0
0.0
0.0
0.0
0.0
0.0
0.0
0.0
0.0
3.33044
0.0
0.0
0.0
0.0
0.0
0.0
0.0
0.0
0.0
0.0
0.0
0.0
0.0
0.0
1.26994
1.02862
0.0
0.0
0.0
0.0
0.0
0.0
0.0
0.0
0.0
0.0
0.0
0.0
4.17005
0.0
0.0
0.0
0.0
0.0
0.0
0.0
0.0
0.0
0.0
0.0
0.0
0.0
0.0
0.0
0.0
0.0
0.0
0.0
0.216171
0.0
0.443831
0.0
0.0
0.0
0.067453
0.0
0.0
0.0
0.0
0.166838
0.0
0.0
0.0
0.0
0.0
0.0
0.0
0.0
0.0
0.0
0.0
0.0
0.0
0.0
0.0
1.76696
0.0
0.0
0.0
0.0
0.0
0.705378
0.0
0.0
0.0
0.0
0.0
0.0
0.0
0.0
3.98884
0.0
0.0
0.664919
0.0
0.0
0.0
0.0
0.0
0.0
0.0
0.0
0.0
0.680674
0.0
0.28989
0.0
0.0
0.0
0.0
1.66808
0.0
0.0
0.0
0.754382
0.0
0.0
0.0
0.0
0.0
1.91928
0.0
0.0
0.0
2.76451
5.40533
0.0
0.0
0.0
1.42427
0.0
0.0
0.0
0.0
0.0
0.0
2.97979
0.0
0.0
0.0
0.313848
0.0
0.0
0.0
0.0
0.0
0.0
1.73639
0.0
0.0
1.0579
0.0
2.38443
0.0
0.0
0.0
0.0
0.0
0.0
0.0
0.0
0.0
0.0
0.0
2.55235
0.0
0.0
0.0
0.0
0.0
1.75375
0.0
0.0
0.0
0.750192
2.39154
0.0
0.0
0.0
0.0
0.0
0.0
0.0
0.30677
1.8571
0.0
0.0
0.0
0.0
0.0
0.0
0.0
0.0
0.455152
0.0
0.37002
0.0
0.0
0.0
0.0
0.0
0.206636
0.600669
0.76056
3.11085
1.37593
0.0
0.0
0.288396
0.0
0.0
2.53948
0.0
0.0
0.0
0.0
0.0
0.57781
0.0
0.907938
0.0
0.448644
0.881359
0.0
0.0
0.0
0.0
0.0
0.232597
0.0
0.236638
0.0
0.0
0.0
0.0
0.0
0.0
0.0
0.0
0.0
0.0
2.87559
0.0
0.0
2.69357
0.0
0.0
0.0
0.0
0.0
3.35949
0.0
0.0
0.0
0.0
0.0
0.248873
0.0
0.0
0.0
0.0
0.0
0.0
0.0
2.33072
2.76855
0.0
0.0
0.376795
0.0
0.0
2.39394
0.0
0.0
0.0
0.0
0.0
0.0
0.0
0.0
3.87292
0.0
0.0
0.0
0.0
0.356682
5.40098
0.0
0.0
0.0
0.0
0.0
0.34066
3.58217
0.0
0.0
0.0
0.0
0.0
0.0
0.0
0.0
0.0
0.0
0.0
1.28368
0.0
0.0
0.0
0.0
0.0
1.45494
0.0
0.0
0.0
0.0
0.0
0.0
0.981437
2.59511
0.0
0.0
0.0
0.0
0.0
3.16687
0.0
0.0
0.0
0.0
0.871738
0.00500238
0.0
0.0
0.0
0.0
0.0
0.0
0.0
0.0
0.855351
0.0
0.0
0.0
4.09188
1.0674
0.110511
0.0
0.507368
0.0
0.0
0.0
0.693176
0.0
0.0
0.0
0.0
0.0
0.0
0.0
0.0
0.0
0.0
3.60677
0.0
0.0
0.0
1.44515
0.0
0.718202
0.0
0.0
0.0
0.0
0.0
0.0
0.0
0.0
0.0
0.0
2.36091
0.0
0.0
0.0
0.0
0.0
0.0
0.0
0.0
0.0
0.0
0.0
0.0
1.86026
1.86727
0.0
0.0
0.0
0.0
0.0
0.0
0.0
0.456299
0.0
4.95444
0.0
0.922707
0.0
0.0
0.0
0.0
2.39149
0.0
0.0
0.0
0.0
0.0
0.0
0.0
0.0
0.0
0.0
0.0
0.0
0.0
0.0
0.0
0.535585
1.04111
0.955948
0.0
0.683501
0.0
0.0
0.0
0.0
0.0
0.0
1.82217
0.0
0.0
0.0
1.44557
0.0
0.0
0.0
1.1699
0.0
0.0
0.0
0.0
0.0
0.0
0.0
0.0
1.22471
0.0
0.0
0.0
0.0
0.0
0.0
0.0
0.0
0.0
0.0
0.0
0.0
0.0
0.0
0.0
0.0
0.0
0.0
0.0
0.0
0.0
0.62545
1.78095
2.24027
0.0
0.0
0.0
0.0
0.270618
0.0
0.0
0.0
0.0
0.0
0.0
0.0
1.49376
0.0
0.0
3.25307
1.76296
0.0
0.0
3.64442
0.0
0.0
0.0
0.0
0.0
0.649456
0.0
0.0
0.0
0.0
0.0
0.0
0.0
0.0
0.0
0.0
0.0
0.0
0.0
0.0
0.0
0.0
0.0
0.91902
2.42099
0.0
0.205568
0.0
0.0
0.357061
0.0
0.0
5.97292
0.0
0.0
0.0
0.0
0.0
0.0
0.0
0.0
0.0
0.0
0.0
0.0
0.0
0.0
0.0
0.0
3.81094
0.0
0.0
5.35397
0.0
0.0
0.0
0.0
0.0
0.0
0.0
0.0
0.0
0.0
0.540229
0.0
0.0
0.0
0.0
0.0
0.0
2.09422
0.227611
0.0
0.0
0.0
0.0
0.0
0.0
0.0
0.0
0.0
0.0
0.0
0.0
0.0
0.0
1.38838
0.0
0.84632
0.0
3.20858
0.168569
0.0
0.0
0.697981
0.0
0.057559
0.0
0.0
0.0
0.0
0.0
0.0
0.0
0.747636
2.30279
0.0142417
0.0
0.0
0.0
0.0
0.0
0.0
0.0
0.154415
0.0
0.0
0.0
0.740948
0.0
0.0
0.0
0.0
0.0
0.0
0.0
5.04128
0.0
0.0
2.06319
0.0
0.0
0.0
0.0
1.93799
0.0
0.0
0.0
0.0
0.0
0.0
0.0
0.0
0.0
0.000297219
0.0
1.7685
0.0
0.0
0.0
3.86751
0.0
2.93436
0.0
0.0
0.0
0.0
0.0
0.0
0.0
0.0
0.0
0.966271
0.0
0.0
1.51628
0.0
0.0
0.0
0.0
0.0
0.0
0.0
0.254028
2.18468
0.0
0.0
0.0
0.0
0.0
0.0
0.0
0.0
0.0
0.0
0.0
0.0
1.06215
0.0
0.0
0.0
0.684327
0.0
0.0
0.91596
0.0
0.181874
1.12308
0.0
0.886166
0.0
0.0287939
0.0
0.0
0.0
0.196858
0.0
1.02176
0.0
0.0
1.91945
0.0
0.0
0.0
0.0
0.0
0.0
0.0
0.0
0.0
0.0
0.0
0.0
0.0
0.0
0.0
0.0397301
0.0
0.119417
0.0
0.0
0.0
0.0
0.0
0.0
0.0
0.383773
0.25801
0.0
0.0
0.0
0.0
0.0
0.0
0.0
0.0
0.0
0.0
0.0
0.0
1.60025
0.0
0.0
0.0
0.0
0.0
0.0
0.0
0.0
2.0397
0.0
0.0
2.63985
0.0
0.0
0.0
0.0
0.0
0.0
0.0
4.39989
0.0
0.0
0.0
0.0
4.01433
0.0
0.0
0.0
0.792195
0.0
0.0
0.0
0.0
0.0
0.0
1.10365
0.781697
0.0
0.0
0.0
0.0
0.0
0.0
0.0
0.0
0.0
0.0
0.0
0.0
0.0
0.0
0.0
0.0
0.0
0.0
0.0
0.0
0.0
0.0
0.0
0.0
0.0
0.0
0.0
0.0
0.0
0.0
2.50021
0.0
10.4862
0.0
0.0
0.0
0.0
0.0
1.75831
0.0
0.0
0.0
0.0
0.0
2.06561
1.88051
0.0
0.0
0.0
0.0
0.0
0.0
0.0
0.976866
0.0
0.0
0.0
3.15871
0.0
0.0
0.0
0.0
0.0
0.0
0.0
0.0
0.0
0.0
1.07095
0.0
0.0
0.0
0.0
0.0
0.602354
0.0
0.0
2.54346
0.0
0.0
2.96688
3.27169
0.0
0.0
0.0
1.65001
1.44167
0.0
0.0
0.0
0.0
0.0
0.0
0.0
0.0
0.0
0.0
0.0
0.0
0.0
0.0
0.0
0.0
0.0
0.0
0.0
0.0
0.860025
0.0
0.169343
2.01694
0.0
0.0
0.0
0.0
0.0
0.0
0.0
0.0
3.97798
1.36408
0.0
0.0
0.0
0.0
0.0
0.0
0.0
0.0
0.0
0.0
0.0
0.0
2.11284
0.904229
0.0
0.0
0.0
0.0
0.0
2.68375
0.0
0.0
0.0
0.0
0.0
0.0
0.0
0.0
0.0
0.0
0.0
0.0
0.263899
0.0
0.0
0.0
0.693646
0.0
0.0
0.0
2.64052
0.0
1.48289
0.0
0.0
0.0
0.0
0.0
1.06019
0.0
0.0
0.0
0.0
1.09829
0.0
0.0
1.90627
0.0
0.0
0.0
1.45344
0.620996
0.0
0.0
0.0
0.0
0.0
0.0
0.0
0.0
0.0
0.0
0.0
0.0
0.0
0.788358
0.0
2.72358
0.0
0.0
0.0
0.0
0.0
1.44642
0.0
0.0
0.0
0.0
0.0
0.0
0.0
3.92692
0.0
0.0
0.0
0.0
0.0
1.86799
0.0
0.0
0.0
0.0
0.548271
5.21722
0.0
0.0
0.0
0.0
0.0
0.0
0.0
0.0
0.0539611
0.0
0.0
0.0
0.0
0.0
0.0
0.0
0.0
0.0
0.0
0.0
5.31541
0.0
0.658251
0.0
0.0
2.00533
0.0
0.0
0.0
3.62069
0.0
0.0
0.0
2.61428
0.0
0.0
0.0
0.0
0.0
0.0
0.0
0.845061
0.0
0.0
0.0
0.0
0.0
2.74574
1.08806
0.0
0.0
0.0
0.998304
0.0
0.0
0.250761
0.0
0.0
0.0
0.0
0.0
0.0
0.0
0.0
0.0
0.0
0.0
0.0
0.0
0.0
0.0
0.0
0.0
0.0
0.0
3.7553
0.74736
0.413227
0.0
4.88757
1.34258
0.237194
0.0
0.0
0.0
0.0
0.0
0.0
0.0
0.0
0.0
0.0
0.0
1.06185
0.0
2.68367
0.0
1.724
0.0
0.0
0.0
0.0
0.0
3.19593
2.05449
2.99454
0.0
0.0
0.0
0.0
3.90922
0.442168
0.0
0.0
0.0
0.0
1.27276
0.0
0.720718
0.0
0.0
0.0
3.41522
0.0
2.73136
0.0
0.0
4.66069
0.0
0.0
0.0
0.0
3.13114
0.0
0.0
0.0
0.0
0.0
0.0
0.0
0.0
0.0
0.0
0.0
0.0
0.0
0.0
0.0
5.62443
0.0
0.0
0.0
0.0
0.148558
0.0
0.0
0.0
0.0
6.56352
1.43534
0.0
0.0
0.0
0.0
0.0
0.0
0.0
0.0
1.75217
0.0
0.0
1.46308
0.0
0.0
0.0
0.0
0.0
0.0
0.0
0.0
0.0
0.0
0.612021
0.0946896
0.0
0.0
0.0
0.0
0.0
0.0
0.445926
0.0
0.0
0.0
0.0
0.0
0.0
0.0
1.87424
0.0
0.0
0.0
0.0
1.8883
4.33029
0.0
0.0
0.0
0.0
0.0
4.93492
0.0
1.12533
0.0
0.0
0.035182
0.0
3.12994
0.0
0.0
2.6451
0.0
4.82909
1.603
0.0351945
0.0
0.0
1.00837
0.0
1.28574
0.0
0.0
0.0
0.252742
0.0
0.0
0.0
0.0
0.0
0.0
0.0
0.0
0.0
0.0
0.0
0.0
0.0
0.0
0.0
0.0
0.66708
0.0
0.0
0.0
5.52753
0.0
0.0
0.0
0.0
0.0
0.0
0.0
0.0
0.0
0.0
0.0
0.0
0.0
0.0
0.0
1.93258
0.0
0.0
0.0
0.0
3.76282
0.0
0.0
0.0
0.151103
0.0
0.0
3.7991
0.0
0.0
0.0
0.0
0.0
0.0
0.131863
1.99549
1.0164
0.0
0.0
4.37565
0.0
0.0
0.0
0.0
0.0
0.0
0.0
0.0
0.0
0.0
2.28279
0.0
0.0
0.0
0.0
0.0
0.0
0.0
2.54478
2.20432
0.98323
0.0
0.0
0.0
0.0
0.0
0.0
0.697128
0.0
1.51616
0.0
0.0
2.32501
0.0
0.0
0.466043
0.0
0.0
0.0
0.0
0.0
1.63236
1.60962
2.63883
0.0
0.539033
1.40547
0.0
0.0
0.0
0.323084
0.0
2.41041
0.0
0.0
2.74846
0.0
0.0
0.0
0.0
0.0
0.0
0.0
0.0
0.0
2.0967
0.0
0.0
0.0
0.0
2.69046
0.0
4.25611
2.50715
0.0
0.0
0.0
0.0
1.02599
0.0
0.0
1.37783
0.0
0.0
0.0
0.43919
0.0
1.60562
0.0
1.47749
0.0
0.0
0.0
0.0
0.0
0.0
0.0
1.20269
0.0
0.0
0.0
0.0
0.0
0.0
0.387315
0.0
0.0
0.0
1.62323
0.0
0.0
0.0
0.0
0.0
0.0
0.0
0.282478
0.0
3.36714
0.0
0.0
0.0
0.0
0.0
0.361638
0.0
0.0
0.0
1.69663
0.0
0.0
1.38294
0.0
0.0
0.0
0.0
2.67063
0.431918
0.0
1.23547
0.0
0.0
0.0
0.0
0.0
0.0
3.58862
0.0
0.0
4.7431
0.0
0.0
0.904801
0.0
0.0
0.0
0.0
0.0
3.89781
0.0
0.0
0.0
0.735232
0.0
0.0
0.0
0.0
0.0
0.132573
0.0
0.0
0.0
0.0
0.0
0.0
0.0
0.0
0.0
4.26228
0.0
0.0
0.0
0.0
0.0
0.0
0.0
0.0
0.080558
0.280391
0.0
2.04732
0.0
0.0
0.0
0.0
0.0
0.0
2.50262
0.0
0.0
2.42925
0.0
0.0
0.0
0.0
0.0
0.0
0.0
0.0
0.0
0.0
0.0
