0.665803
0.0679402
2.90436
0.0
2.2156
0.0
0.0
0.0
0.0
0.0
0.0
0.0
0.0
1.08139
0.0
0.0
0.0
0.0
0.0
0.0
0.0
1.06379
0.0
0.0
0.0
0.0
0.0
0.0
0.0
0.0
0.0
2.98151
0.0
5.0606
0.0
0.0
0.0
0.0
0.0
0.0
0.0
0.0
3.48737
0.0
0.0
0.527161
0.0
0.0
0.29023
0.990087
0.630509
0.0
0.0
0.0
0.0
0.0
0.0
0.0
0.0
0.0
0.0
0.0
0.0
2.69319
0.0
0.0
0.0
0.0
0.0
0.0
0.0
0.0
0.161654
0.0
0.0
0.0
0.0
1.0927
0.0
0.0
3.74243
0.0
0.0
0.0
0.0
0.0
0.0
0.19194
0.0
0.0
0.0
0.0
0.0
0.0
0.0
0.0
0.0
0.0
3.58839
0.0
0.0
0.242869
0.0
0.0
0.0
0.0
0.0
0.0
0.0
0.0
0.0
0.0
0.0
2.69744
1.83617
0.0
0.0
0.168211
0.746918
0.0
0.0
0.0
0.0
0.0
0.0
0.0
0.0
5.93433
0.0
0.0
0.0
0.0
0.0
0.0
0.012735
0.0
3.76789
2.02312
0.576925
0.0
0.0
0.768982
0.0
0.0
0.0
0.0
0.0
0.0
0.8533
0.0
0.0
0.0
0.0
0.0
0.0
0.0
0.0
0.0
0.0
0.0
0.106563
0.0
0.458974
0.0
0.0
0.0
0.0
0.0
0.203742
0.300667
0.0
0.0
1.29664
0.0927492
0.0
0.0
1.69697
0.0
0.0
0.0
0.898189
0.0
0.0
0.0
0.0
0.303192
0.980302
0.0
0.0
0.0
0.0
0.0
2.86834
3.05126
0.0
0.0
0.0
0.0
0.0
2.59895
0.0
0.713148
0.0
0.4814
0.0
0.0
0.0
0.0
0.0
0.0
0.0
0.0
0.0
0.0
0.0
1.15365
0.0
0.0
0.0
0.0
0.0
0.439857
0.0
0.0
0.263799
0.0
0.0
1.76498
0.0
0.0
0.0
0.0
0.0
0.37004
0.0
0.0
0.0
0.0
0.0
0.0
0.0
0.0
0.0
0.0
0.0
0.283974
0.0
2.54215
0.0
0.0
0.0
0.43198
0.0
0.0
0.0
0.0
0.0
0.924868
0.0
0.0
0.0
0.0
2.28965
0.0
0.0
0.0
0.548418
0.0
0.0
3.86886
0.381422
2.62047
0.0
0.0
0.0
0.0
1.20755
0.0
0.0
0.0
0.0
1.71569
1.38899
2.211
0.0
0.0
0.0
0.0
0.0
0.0
0.0
0.0
0.0
0.0
0.304112
0.0
0.244801
0.0
0.0
0.0
0.0
4.49338
3.93088
0.0
0.0
3.03475
0.0
0.0
2.76549
0.0324494
0.0
0.0
0.0
0.0
0.0
0.0
0.0
0.0
0.0
0.0
0.0
0.0
0.0
0.0
0.0
0.0
0.0
0.0
0.0
0.0
0.0
0.0
0.0
0.0
0.0
0.0
0.0
0.0
0.0
0.0
0.0
0.0
0.0
0.0
0.0
0.0
0.0
0.0
0.492244
0.0
0.0
0.0
0.0
0.0
0.0
0.0
0.0
0.0
0.0
3.58976
0.0
0.0
0.0
0.0
0.0
0.0
0.0
0.0
0.0
0.0
0.0
0.0
0.0
0.0
0.0
0.0
0.0
0.0
0.0
1.04819
0.0
0.0
1.75836
0.368561
0.0
0.0
0.0
4.64976
0.0
1.79453
0.0
0.41095
0.0
0.05369
0.0
3.69294
4.41426
0.0
0.0
0.0
0.0
0.0
0.0
0.0
0.0
0.0
0.0
0.0
0.0
0.0
0.0
0.0
0.0
0.0
0.0
0.0
0.0
0.0
0.0
0.997318
0.0
0.0
0.0
0.0
0.0
0.0
0.0
0.0
0.0
0.421012
2.80647
0.0
0.0
0.0
0.0
0.0
0.0
0.0
0.651432
0.0
0.0
0.0
0.0
0.0
0.0
0.0
0.0
0.0
0.495409
0.0
0.0
0.410404
0.0
5.13985
0.0
0.0
0.0
0.0
0.0
0.296131
0.0
0.16996
1.01389
0.0
0.0
2.25248
0.0
0.0
0.0
3.72151
0.0
0.19749
0.0
0.0
0.0
0.0
0.0
0.0
4.43767
0.0
0.0
0.0
0.0
0.355735
0.0
0.0
0.0
0.0
0.0
0.0
0.0
0.0
0.0
0.0
0.0
0.0
0.0
0.0
0.0
0.0
0.0
0.0
0.0
0.0
0.0
0.0
0.0
0.0
0.0
0.0
0.0
0.705087
0.0
0.0
0.0
0.0
0.0
2.62209
0.0
0.0
0.0
0.0
0.0
3.33509
0.0
0.0
0.0
0.0
0.0
0.0
0.0
0.0
4.66365
3.07041
0.0
0.0
0.758463
0.0
0.0
0.0
0.0
0.0
2.54061
0.0
0.0
0.0
0.0
0.0
0.0
0.0
0.0
0.0
0.0
0.0
0.0
0.0
0.0
0.0
0.0
0.0
0.0
0.0
0.0
0.0
0.0
0.0
0.0
0.0
0.0
0.0
0.0
0.0
0.0
0.0
1.26477
1.37983
0.0
0.0
0.0
0.0
0.0
0.0
2.28724
0.0
0.0
0.0
2.93837
0.0
0.0
0.0
0.0
0.0
1.42663
0.0
0.0
0.0
2.37338
0.0
0.0
0.0
0.0
0.0
0.0
0.0
1.33517
0.0
0.0
0.0
1.89276
0.0
2.31843
0.0
0.346411
0.0
1.33223
0.687205
0.0
0.0
0.0
0.0
4.03911
0.0
0.0
0.0
3.40498
0.0
0.0
0.0
0.0
0.0
0.0
0.0
0.0
0.0
0.0
0.304809
3.43893
0.0
0.0
0.0
0.0
0.0
0.0
1.67395
0.0
0.0
0.0
0.0
0.0
0.0
0.0
1.49202
0.0
0.0
0.0
0.0
0.0
0.938848
0.0
0.0
2.11576
2.56692
0.0
0.0
0.0
1.25113
0.0
0.0
0.0
0.0
0.0
0.0
0.354171
0.0
0.0
0.0
0.831881
0.931594
0.0
0.0
0.0
0.0
0.0
0.880074
0.0
0.0
0.0
0.0
0.0
0.0
0.0
0.0
0.0
0.0
0.0
0.0
0.0
0.0
0.0
0.0
0.0
0.25219
0.0
0.107635
0.0
0.0
0.0
0.0
0.0
0.0
0.0
0.0
1.82424
0.0
0.0
0.0
0.0
0.0
0.0
0.0
0.0
0.0
0.0
0.0
0.55249
1.4374
0.0
0.0
2.0489
0.459792
0.0
3.06218
0.0
0.0
4.28516
3.04544
0.0
0.0
3.30638
0.0
1.73153
0.0
0.0
0.0
0.0
2.57927
0.0
0.0
0.0
0.0
0.891493
0.0
0.0
0.0
0.0
0.0
0.267202
0.0
0.0
0.0
2.17151
0.0
0.0
0.0
0.0
0.0
0.0
0.0
0.0
0.0
0.0
0.0
0.0
0.0
0.0
0.0
1.38775
1.84135
0.0
2.10036
0.0
0.0
0.0
0.0
0.0
0.0
0.0
0.0
0.0
0.0
0.0
0.550927
0.0
0.997846
0.0
0.0
5.39046
0.0
0.0
0.106802
0.0
0.0
0.0
0.0
0.0
0.0
0.0
0.0
0.0
0.0
0.0
0.0
0.0
0.0
0.0
0.933111
0.0
0.0
0.0
0.864696
0.0
0.0
0.0
0.0
0.0
1.70032
0.0
0.0
0.0
0.0
0.0
1.48314
0.0
0.0
0.0
0.0
0.0
0.0
0.0
0.0
0.216509
0.302912
2.18308
0.0
0.0
0.0
0.0
0.0
1.42199
0.085175
0.0
0.0
0.0
0.0
2.50308
0.0
0.0
0.0
0.0
0.0
1.96603
2.12312
0.0
0.0
0.0
0.0
0.0
2.83746
0.0
0.0
0.0
0.0
0.0
1.71211
0.0
0.0
0.0
0.0
0.0
0.0
0.0
1.77265
0.0
0.0
0.0
0.0
0.0
0.0
0.0
0.0
0.226851
1.11872
0.381929
0.0
0.0
0.0
0.181944
0.0
0.0
0.0
0.0
0.0
0.0
0.0
0.0
0.0
0.0
0.0
2.39621
0.0
0.0
0.0
0.0
0.0
0.0
0.0
0.0
1.88596
0.033074
0.0
0.0
0.312237
0.0
0.0
0.229962
0.0
0.0
0.683277
0.0
0.0
1.8246
0.0
0.0
0.0
0.0
0.165961
0.0
0.0
0.0
0.449837
0.0
0.0
0.0
2.30371
0.729314
0.0
0.404468
0.0
0.0
0.0
0.0
0.947146
0.0
0.0
0.0
0.0
0.0
0.931186
0.0
2.86684
0.0
0.0
0.0
0.0
0.0
0.0
0.0
7.37516
0.0
0.0
0.0
0.0
0.0
0.0
0.0
0.0
0.0
0.0
0.0
0.0
0.0
0.0
4.40175
0.0
1.71909
3.40032
0.0
0.0
0.0
0.0
0.0
0.0
0.210216
0.0
0.0
0.286021
0.0
0.0
0.0
0.0
0.0
0.0
0.0
0.0
0.0
0.276635
0.0
0.0
0.0
0.0
0.0
0.0
0.0
0.0
1.32408
0.0
0.281948
0.0
0.0
1.4219
0.0
0.0
0.0
1.4865
0.0
0.0
0.0
0.0
0.0
0.0
4.32124
0.0
0.0
0.0
2.63066
1.20657
0.0
0.0
0.0
0.0
0.0
0.0
0.0
0.482824
0.0
0.0
0.0
0.0
0.0
0.0
0.0
0.0
0.0
0.574687
0.0
0.0
0.0
1.80851
1.09363
0.0
0.0
0.0
0.0
0.0
0.0
0.0
0.580182
4.0965
0.543825
0.0
0.0
0.449677
0.0
1.50051
0.482704
0.0
2.20482
0.0
0.0
0.0
0.939406
0.0
0.0
0.0
0.0
0.0
0.0
0.425991
0.0
0.0
0.0
0.0
0.0
0.0
0.0
0.0
0.0
1.8426
0.0
0.454046
0.0
0.0
0.6351
0.0
0.89731
0.0
0.0
0.0
0.0
0.0
0.0
0.0
2.02156
0.0
0.0
0.869045
0.0
0.0
0.0
0.0
0.0
0.0
0.0
0.0
0.0
0.0
2.21052
1.01029
0.0
0.0
0.0
0.0
0.0
0.0
0.0
0.452905
0.0
0.0
0.0
0.0
0.0
0.651081
0.0
3.53901
0.0
0.0
0.0
0.0
0.0
1.18416
0.0
0.923549
0.0
0.0
3.31965
0.0
0.0
0.0
0.0
0.0
0.0
0.0
1.14977
0.0
0.0
0.0
0.0
1.80206
0.0
0.0
0.0
0.321618
1.02405
0.0
0.340703
0.0
0.0
0.0
0.0
0.0
1.13393
1.45381
0.0
0.0
0.0
0.0
0.0
0.0
2.70351
0.0
0.0
0.0
0.0
0.0
0.0
0.0
0.0
0.0
0.0
0.0
0.0
0.0
4.68523
0.0
0.0
0.0
0.0
0.0
0.0
0.0
1.92497
0.0
0.0
0.0
0.0
0.0
0.750804
0.0
0.0
5.97204
0.0
0.0
0.0
0.0
0.917351
0.133099
0.0
0.280374
0.0
0.0
0.0
0.0
0.607869
0.0
0.0
3.39748
0.0
0.0
2.87368
0.0
0.0
0.0
0.0
0.0
1.04832
0.0
0.0
0.0
0.0
0.0
0.0
1.32853
0.0
2.28842
0.0
0.0
0.0
0.0
0.0
2.40624
0.0
0.0
0.0
0.0
0.0
0.0
0.0
0.0
0.0
0.0
0.0
0.0
0.0
0.0
0.0
0.0
0.0
5.15024
0.0
2.33146
0.0
0.0
0.0
0.0
0.0
0.0
0.0
0.0
0.0
0.0
0.0
6.47964
0.0
0.0
3.81394
0.0
0.0
0.0
0.0
0.0
0.694728
0.0
0.0
0.0
0.473271
0.0
2.95858
0.0720978
0.0
0.0128083
0.0
0.0
0.0
0.0
0.0
0.0
0.0
0.0
0.0
0.0
0.0
0.0
0.0
0.0
0.0
0.0
0.0
0.0
0.0
0.0
0.0
0.0
0.0
0.0
0.0
0.0
0.0
0.0
3.24908
0.0
0.0
0.0
0.0
0.0
0.0
0.0
1.92793
0.0
0.0
0.0
0.0
0.0
0.0
0.0
0.0
0.0
0.0
0.0
3.64434
0.0
0.0
0.0
0.0
0.0
0.0
0.0
0.0
0.0
0.0
1.12018
0.456263
0.154768
0.0
0.0
0.0
0.0
0.172704
0.0
0.0
2.11752
0.0
0.620542
0.146429
0.0
0.0
0.0
0.0
2.55176
0.0
0.0
0.0
0.0
0.0
0.0
0.0
0.0
3.42771
0.20802
0.0
0.0
0.0
0.227814
0.565813
1.11236
0.0
0.0
0.0
0.0
0.388276
0.0
0.0
0.0
0.0
0.0
0.0
0.0
0.0
0.0
0.0
2.57589
0.0
0.0
0.0
0.0
0.0
0.0
0.0
0.0
0.0
1.44745
0.0
0.0
3.58804
0.0
0.0
0.0
0.0
0.0
0.175648
0.0
0.0
0.0
0.0
0.0419999
2.31286
0.0
0.0
0.841992
0.0
4.32639
0.0
0.0
0.0
0.0
0.0
0.0
0.0
0.0
0.0
0.0
0.0
0.0
0.0
0.0
0.0
0.0
3.60691
0.0
0.0
0.0
0.920907
0.0
0.0
0.0
0.0
0.0
0.0
0.0
0.0
0.0
0.0
0.0
0.0
0.0
0.0
0.0
0.0
0.0
0.0
0.0
0.0
0.0
1.9304
0.0
0.495178
0.0
0.216339
0.0
0.0
0.0
0.0
0.0
0.0
0.0
0.0
5.40908
1.57301
0.0
0.0
0.0
0.0
0.0
0.0
0.0
0.0
0.0
1.40093
0.0
0.0
0.0
0.0
0.0
0.662357
0.0
0.0
0.0
0.0
0.0
0.0
0.0
2.66941
0.0
0.0540799
3.05424
0.0
0.0
0.0
0.0
0.0
0.0
0.571749
0.0
0.0
3.90137
0.0
0.0
0.0
0.0
0.0
0.0
0.0
0.0
0.0
0.0
0.0
0.0
0.0
0.641505
1.48479
0.0
1.53348
2.94697
0.0
1.66933
0.0
0.0
0.0
0.0
0.0
0.192246
2.03226
0.0
0.0
1.54148
0.0
0.0
0.0
0.0
0.0
0.0
0.0
0.0
0.0
0.0
0.0
0.0
0.0
0.0
0.366728
0.0
0.0
0.0
0.0
0.0
0.0
0.0
0.0
0.0
0.0
3.63414
0.0
0.878363
0.0
0.0
0.0
0.0
0.0
0.0
1.85003
0.347799
0.0
0.0
0.0
0.0
0.0
0.0
0.0
0.0
0.0
0.0
0.0286369
0.0
0.0
0.0
0.706072
0.0
0.0
0.0
0.0
0.0
0.0
0.0
0.0
0.0
0.0
0.0
0.0
0.0
0.955655
0.0
0.0
0.0
0.0
1.27532
0.444549
6.27079
0.0
0.0
0.0
0.0
0.0
0.347935
0.0
0.0
0.0
0.0
0.0
0.0
0.0
0.0
0.0
0.0
0.0
0.415342
0.920659
0.0
0.0
2.27608
0.154694
3.73162
0.117482
0.0
0.0
1.63757
0.765516
0.0
0.0
0.0686447
1.79886
0.0
0.0
0.0
0.0
0.0
2.16331
0.0
0.0
0.0
1.12473
0.0
0.0
0.73439
0.0
0.0
0.0
0.0
0.0
0.0
0.0
0.0
0.0
0.0
0.0
0.0
0.0
2.66806
0.0
0.950477
0.0
0.0
0.0
0.415179
0.0
0.0
0.0
0.0
0.0
0.249587
1.76546
0.0
0.0
0.0
0.0
0.0
0.0
0.0
0.722993
0.0
0.0
0.0
2.39797
0.0
0.0
0.0
0.363797
2.40702
0.0
0.0
0.0
0.0
0.0
0.435104
0.0
0.0
0.0
0.0
0.0
0.0
0.0
0.0
0.0
0.0
0.0
0.0
0.0
0.0
0.0
0.0
0.0
0.0
5.74137
0.0
0.0
0.0
0.0
0.0
0.481066
1.24371
0.139741
0.0
0.0
0.0
0.0
0.0
0.0
0.0
1.24166
0.0
0.0
0.0
0.0
0.0
0.0
0.0
0.409205
0.0
0.0
0.0
0.0
0.0
0.0
0.934837
0.0
0.0
0.0
0.0
0.0
0.0
0.120711
0.0
0.0
0.0
0.0
0.0
0.0
0.0
0.0
0.0
0.0
0.259868
0.0
0.0
0.0
3.1832
1.47465
0.0
0.544804
0.0
0.0
0.0
0.0
0.0
0.0
0.0
0.0
0.0
2.91798
0.307489
0.0
0.0
0.0
0.0
0.0
0.0
1.39627
0.0
0.0
0.189616
0.0
0.0
0.0
0.0
0.0
0.0
0.627617
0.0
0.0
0.0
0.0
0.861525
0.0
0.0
0.0
0.0
0.0
0.0
0.0
0.0
2.13248
0.0
0.0
0.0
0.0
0.0
4.13065
0.0
0.0
0.0
0.0
0.0
0.0
0.0
0.0
0.0
0.0
0.0
2.32505
0.0
0.0
0.0
0.0
0.0
0.0
0.0
0.0
0.0
0.0
0.00880522
2.76598
0.0
0.0
0.0
0.0
0.0
1.27136
1.77832
0.0
0.0
0.0
0.0
0.0
0.0
0.0
0.400112
0.0
0.0
0.0
0.0
0.0
0.0
0.0
0.0
0.0
0.0
0.0
1.01338
0.0
2.92465
0.0
0.0
0.0
0.0
1.79147
0.0
0.0
0.0
0.278964
2.50807
0.253582
2.40657
0.0
0.0
0.0
0.0
0.0
0.0
1.20001
0.0
0.0
0.0
1.79539
0.0
0.0
0.0
0.0
1.58167
0.0
0.0
0.0
0.0
0.0
0.0
0.0
0.0
0.0
0.0
0.0
0.893544
2.22092
0.0
0.0
0.0
0.0
0.543894
0.0
0.0
0.0
0.0
0.0
0.0
0.0
0.0
3.63027
0.0
0.972725
0.0615204
0.0
0.0
0.0
0.0
0.0
0.0
1.35089
0.0
0.660128
0.0545485
0.0
0.0
0.0
0.0
0.0
0.0
0.0843586
0.0
3.3624
0.0
0.0
0.573331
0.0
0.0
1.55039
0.0
0.0
0.0
0.0
0.0
0.0
1.02599
0.0
0.0
0.0
2.34365
3.09413
0.0
0.0
0.882074
0.0
4.01368
0.0
0.0
0.0
0.0
0.0
0.0
0.0
0.0
0.0
0.0
0.0
0.0
0.0
2.80587
0.0
0.0
0.0
0.0
0.0
0.0
0.0
0.0
0.0
0.0
0.0
0.0
3.2116
0.0
0.0
0.527587
0.0
1.19392
0.0
0.0
0.0
0.0
0.0
0.0
2.04893
0.0
0.0
0.0
0.0
0.0
0.0
0.0
0.0
0.0
0.0
0.0
1.85269
0.0
0.0
0.30061
0.0
6.02777
0.0
0.0
0.0
0.0
0.0
0.0
0.0
3.49557
0.0
0.0
0.0
0.0
0.0
0.0
5.34655
0.0
0.0
0.0
0.0
0.0
7.18924
0.0
0.0
0.0
0.0
0.0
0.0
0.0
0.020045
0.0
0.0
0.0
0.0
0.0
0.0
0.0
0.450329
0.0
1.02053
0.0
0.0
0.0
0.0
1.61436
0.0
1.57558
0.0
0.0179187
0.0
0.0
2.48406
0.0
0.0
0.0
4.66667
0.142255
0.0
0.0
0.0
0.0
0.595202
0.0
7.49528
0.0
2.09737
0.0
0.0
0.0
0.0
0.0
0.0
0.0
0.543444
0.0
0.0
0.0
0.0
2.77577
0.0
0.0
0.0
0.0
2.57413
0.0
0.0
0.0
0.0
0.0
0.936154
1.39103
0.0
0.0
0.0
0.792737
2.58735
0.0
0.0
3.09295
0.694601
0.0
0.0
0.0
0.0
0.288784
0.0
0.0
0.0
0.0
0.0
0.0
0.0
1.32212
0.130243
0.0
0.0
0.0
0.0
0.0
0.0
0.0
0.0
0.0
0.0
0.0
0.0
0.0
0.0
0.0
0.0
0.0
0.0
0.0
0.0
0.0
0.0
0.0
0.0
4.81518
0.973007
0.0
0.0
0.0
0.365134
0.0
0.0
0.0
0.0
0.0
0.0
0.0
0.0
0.0
0.0
0.421959
0.0
0.0641513
0.0
2.1438
0.0
1.40234
0.0
0.0
0.0
3.08364
0.0
0.0
0.51735
0.0
0.0
0.0
0.0
0.0
0.0
0.0
0.0
0.0
0.0
0.0
0.0
0.0
0.0
0.0
0.0
0.245077
0.0
0.0
0.0
0.0
0.0
5.66296
0.0
0.0
0.0
0.0
0.566135
0.0
4.37504
0.0
5.80964
0.0
0.0
0.0
0.0
0.0
0.0
0.0
0.0
0.0
0.0
0.0
0.0
0.0
0.0
0.0
2.6969
0.196991
0.0
0.0
0.0
3.11698
0.0
0.0
2.83371
0.0
0.0
0.0
0.0
0.0
0.0
0.0
0.0
0.0
0.0
0.0
0.0
0.0
0.0
0.0
0.0
0.0
0.0
0.0
0.0
3.36122
0.392962
0.0
0.0
0.0
0.0
0.0
0.848381
0.00937147
4.06404
0.0
0.278848
0.0
0.0
0.146312
0.0
0.0
0.0
1.25826
0.0
1.35738
0.0
0.0
0.0
0.0
0.0
0.0
0.0
0.0
0.660576
0.0
0.0
0.0
0.0
2.55437
0.0
0.0
0.0
0.0
0.0
0.0
0.0
1.5302
0.814296
0.0
0.0
0.0
0.0
0.0
3.78714
0.0
0.0
0.0
0.0
0.0
0.0
0.0
0.0
0.0
0.992889
0.0
0.0
0.0
0.0
0.0
1.94357
0.0
0.0
3.04655
0.0
0.0
0.0
0.0
1.50582
0.0
0.0
0.0
2.89346
0.0
0.0
1.06254
0.0
0.0
0.0
2.52622
0.0
0.0
0.0
2.27846
0.0
0.0
0.0
0.0
0.0
0.283995
0.0
0.0
0.668239
2.30844
0.0
0.0
0.0
1.12259
3.61258
1.85889
0.0
0.0
0.0
0.0
0.0
0.0
0.216878
0.0
0.0
0.0
0.0
0.0
0.0
0.0
0.0
0.0
0.569334
0.0
0.0
0.0
0.0
0.0
0.0
1.45109
0.0
0.0
0.0
2.82958
0.0
1.19848
0.0
0.0
0.16259
0.0
0.0
0.0
0.0
0.0
0.0
3.83934
0.110434
0.0
0.0
0.0
0.0
0.0
0.0
0.163975
0.0
0.0
0.0
0.0
0.0
0.0
0.0
0.0
1.13603
0.0
0.0
0.0
0.0
0.0
0.0
0.0
0.0
0.0
0.0
0.0
0.0
0.0
0.0
0.0
0.0
0.0
0.0
0.0
0.0
0.0
0.0
0.0
0.0
0.0
0.0
0.0
0.0
0.0
0.0
0.0
3.15695
0.0
0.0
0.0
0.0
0.0
0.0
0.0
0.0
0.0
0.0
0.0
0.0
0.0
1.60205
0.0
0.0
0.0
0.0
3.73536
0.0
0.0
0.0
0.0
0.0
0.335468
0.0
0.0
0.0
0.47185
0.709381
0.0
0.0
0.0
0.0
1.11216
0.0
0.961118
0.0
0.0
0.832857
0.0
0.0
0.0
0.0
0.0
0.0
0.0
0.0
0.0
0.0
0.0
0.0
0.0
0.0
0.0
0.0
0.0
0.0
0.0
0.0
0.0
0.0
0.0
0.0
2.62887
0.0
0.0
0.0
0.0
0.0
0.0
0.0
0.0
0.0
0.837994
0.0
0.0
0.0
0.0
0.0
0.0
0.0
0.0
0.0
0.0
0.0
0.0
0.0
0.0
0.0
0.0
0.0
0.0
0.0
1.53235
0.0
0.0493561
0.0
0.0
0.0
0.0
0.0
0.0
0.0
0.0
0.0
0.0
0.0
0.0
0.0
0.0
0.0
0.0
0.0
0.0
0.269454
0.0
0.0
0.0
0.0
0.0
0.971992
0.0
0.0
1.0635
3.73468
0.0
0.50953
0.0
0.0
0.0
0.0
0.0
0.0
0.457945
1.67114
0.0
0.0
0.0
0.0
0.0
0.0
0.0
0.0
0.0
0.0
0.0764601
0.0
0.0
0.0
0.0
0.0
0.0
0.0
0.0
2.57841
0.0
0.0
0.0
0.953427
0.0
0.0391823
0.0
1.62906
0.0
0.0
0.0
0.142004
0.0770957
0.0
0.0
0.0
0.0
3.27757
0.0
0.0
0.0
0.0
0.0
0.0
0.0
0.0
0.0
0.0
0.0
0.0
0.0
0.0
0.0
1.70745
1.08492
0.0
0.0
0.0
8.80144
0.0
0.0
0.0
0.463756
0.0
0.0
1.76542
0.0
0.249248
0.0
0.0
0.0
0.0
0.0
0.0
0.0
0.0
0.0
0.0
2.01295
1.97163
0.0
0.32406
0.0
0.0
0.0378378
0.431788
0.0
0.0
0.0
0.0
0.0
0.0
0.0
1.28996
0.0
0.0
0.0
0.0
0.0
0.0
0.0
0.0
0.0
2.72262
0.864397
0.0
0.0
0.0
0.0
0.0
0.0
0.0
1.87056
0.989219
0.0
0.0
0.0
0.0
0.0
0.0
0.0
0.0
0.407826
0.0
0.0
0.0
0.0
0.0
0.0
0.0
0.728102
3.5901
0.0
2.35524
1.16815
0.0
0.0
3.06833
0.0
0.0
0.0
0.0840185
0.0
0.0
0.0
0.0
0.0
0.0
0.0
0.0
0.391705
0.0
0.0
0.384308
0.0
0.0
0.0
0.0
0.0
0.0
0.0
0.0
0.0
0.0
0.0
0.0
0.0
0.0
0.0
0.0
1.02589
0.0
0.0
0.0
0.0
0.155379
0.0
0.0
0.589702
1.10023
0.732113
0.0
0.0
0.0
0.0
1.46844
0.0
0.0
0.0
0.0
0.0
0.0
0.0
3.97334
1.72825
1.95533
0.0
0.484095
0.0
0.0
3.75795
0.0
0.0
0.0
0.0
1.38417
0.0
0.0
1.20977
4.11189
0.0
0.0
0.0
0.0
0.0
4.02425
0.0
0.0
0.0
0.0
0.0
0.297174
3.78675
0.0
0.0
0.0
0.0
0.0
0.0
0.0
0.0
0.0
0.0
0.0
0.0
0.0
0.0
0.0
0.0
0.0
0.0
0.0
0.0
0.0
0.256598
0.0
0.0
0.0
2.89702
0.0
0.0
0.0
0.0
0.0
0.0
0.0
0.0
0.0
0.0
0.555377
3.79768
0.0
0.0
0.0
0.0
0.0
0.0
0.0
0.0
1.82439
0.0
0.0
0.0
5.09509
0.0
0.105923
0.0
3.89721
0.0
0.0
0.0
0.0
1.82203
0.0
0.0
0.0
0.0
0.0
0.0
0.0
0.0
0.0
1.12557
0.0
0.0
0.0
0.0
0.0
0.0
0.0
0.0
0.0
0.52255
0.0
0.0
0.0
0.0
0.0
0.0
2.70341
0.0
0.0
0.0
0.0
0.0
0.0
0.0
0.0
0.0
2.52605
0.0
0.0
0.521356
0.0
0.0
0.0
0.0
0.0
0.0
0.0
0.0
0.781479
0.0969674
6.01255
0.294558
2.0862
0.0
0.0
0.0
0.0
1.36691
0.0
0.0
0.0
0.0
0.727638
0.0
0.0
0.0
0.0
2.24174
0.0
0.0
0.0
0.0
0.0
0.0
0.0
1.46115
0.0
0.0
0.0
0.0
0.0
0.0
0.0
0.0
1.62865
0.0
0.0
0.0
0.0
0.0
0.0
0.0
0.0
0.0
0.0
0.0
0.0
0.0
0.0
0.0
0.0
0.764034
0.0
0.0
0.0
0.0
0.0
0.196268
0.0
0.0
0.0
0.693977
0.0
0.0
1.51917
0.0422764
0.0
0.0
0.0
0.0
0.0
0.0
0.0
2.08778
1.59219
0.0
0.0
2.06966
0.0
0.0
0.100308
0.0
0.0
0.0
0.0
0.0
0.0
0.0
0.0
0.0
0.0
0.0
3.18724
0.0
0.0
0.0
0.0
0.0
0.0
0.0
0.0
2.56291
0.0
0.0
0.0
0.0
0.0
0.0
0.0
0.0
0.5896
0.0
0.0
0.0
0.0
0.0
0.0
0.0
0.0
0.0
1.59083
0.0
0.0
0.0
0.0
0.0
0.0
0.0
0.147001
0.0
0.0
0.0
0.0
0.0
0.0
0.0
0.0
0.0
0.0
0.0
1.17905
0.0
0.0
0.0
0.0
0.692946
0.0
0.0
2.08348
0.0
1.23363
0.0
0.0
0.0
0.0
2.85173
0.0
0.0
0.0
0.121384
0.0
0.0
0.0
0.0
0.0
0.0
0.877834
0.0
0.0
0.0
0.0
0.0
0.0
0.0
0.0
0.721634
0.0
0.0
0.0
0.0
0.0
0.0
1.70449
0.0
0.0
0.0
4.00422
0.131096
0.0
0.0
1.13903
0.675115
0.0
0.0
0.0
0.0
0.0
0.0
0.0
0.0
2.69272
0.0
0.0
0.0
0.0
0.0
0.0
0.0
1.25714
0.0
0.0
0.0
0.0
0.0
2.72834
0.0
0.0
0.0
0.0
0.0
0.0
0.0
1.77144
0.0
0.0
0.0
0.0
0.0
0.0
0.0
0.0
0.0
0.0
0.0
2.02081
0.0
0.0
0.0
0.0
0.0
0.0
0.0
3.08759
0.0
0.0
0.0
1.41274
0.0
4.39682
0.0
0.0
0.0
0.0
0.0
0.0
0.0
0.647818
0.0
0.553579
0.0
0.0
0.11753
0.0
0.357407
0.0
0.0
0.0
0.0
0.0
0.0
2.87859
0.0
0.0
0.0
0.0
0.0
0.0
0.0
0.0
0.0
0.0
0.0
0.0
5.19676
0.0
0.0
0.0
0.0
0.0
0.0
0.0
0.0
0.0
0.0946682
0.0
0.0
0.0
0.782907
0.0
0.273456
0.0
0.0
3.23207
0.0
0.0
0.0
3.18527
0.0
0.0
0.0
0.0
0.0
0.323194
0.0
0.0
0.299171
0.0
0.0
0.0
0.0
0.0
0.0
0.0
0.0
0.0
0.0
0.0
0.0
0.0
0.0
0.0
0.0
0.0
0.910084
0.0
1.8557
0.0
0.0
0.0
0.563263
0.464087
0.0
0.540329
0.0
0.0
0.0
0.0172181
0.0
0.0
0.0
0.0
1.49444
0.0
0.0
0.0
4.29067
0.0
0.0
0.0
0.0
0.0
0.0
0.0
0.00117856
0.0
0.0
0.0
0.0
0.0
0.0
0.0
0.989221
0.0
0.0
0.537203
0.0
0.0
0.0
0.0
0.161909
0.0
0.0
0.0
0.0
0.0
0.469055
0.0
0.0
0.0
0.0
0.0
0.0
0.0
0.0
0.0
0.0
0.0
0.0
0.0
0.0
2.34071
0.0
0.0
0.0
0.0
0.0
0.0
0.770731
0.0
1.12715
0.0
0.0
0.0
0.0
1.13327
0.0
7.07319
0.0
0.0
0.0
0.0
0.0
0.0
0.0
0.0
0.0
0.0
0.0
1.93595
1.83389
0.0
0.0
0.0
0.0
0.0
0.0
0.0
0.0
0.0
0.0
0.0
1.21283
0.0
0.0
0.0
0.0
0.0
0.0
0.0
0.0
0.0
0.0
1.09243
0.0
0.331312
0.0
0.0
0.0
0.0
2.14765
0.0
3.48576
0.0
0.0
2.61692
2.66699
0.0
0.0
0.0
0.956417
1.47824
0.0
0.0
1.01718
0.0
0.0
0.0
0.0
0.0
0.0
0.0
0.0
0.0
0.0
0.0
0.0
1.12748
0.0
0.0
0.0
0.0
5.68598
0.0
1.95064
0.0
0.0
0.0
0.0
0.0
0.0
0.0
0.0
0.0
2.06721
0.0
0.0
0.0
0.0
0.0
0.0
0.0
0.0
0.0
0.0
0.0
0.0
0.0
0.292629
0.0
0.0
0.0
0.0
0.0
0.0
1.90834
0.0
0.0
0.0
0.0
0.0
0.0
0.0
0.0
0.0
0.492968
0.0
0.0
3.50773
0.0
0.0
0.0
0.0
0.0
0.0
0.0
3.51327
0.0
0.344744
0.0
0.0
0.0
0.0
0.0
0.0
0.0
0.0
0.0
0.0
0.0
0.0
0.0
1.93227
0.272213
0.0
0.0
2.71784
0.0
0.0
0.0
0.0
0.0
0.0
0.0
0.0
0.0
0.0
0.0
0.0
0.0
0.0
0.0
0.0
1.54277
0.0
0.0
0.0
0.0
0.0
0.0
0.0
0.0
0.0
0.0
0.0
0.0
0.337922
1.39598
0.0
0.0
0.0
0.170916
0.0
1.71764
0.0
0.304641
0.0
0.0
5.37062
1.06117
0.0
0.0
0.0
0.0
0.0
0.0
0.0
0.0
0.0
0.0
0.0
0.0
0.0
0.458688
0.0
0.0
0.0
0.498062
0.0
0.0
5.62796
0.0
1.05955
0.0
1.54262
0.0
0.0
0.0
0.0
0.0
0.0
0.0
0.0
2.19888
0.0
0.0
0.0
0.0
0.0
0.0
0.0
0.0
0.0
0.0
0.0
0.0
0.0
0.0
0.0
0.0
0.0
0.0
0.254635
0.727063
0.0
0.927215
0.0
0.0
0.0
0.0
0.0
0.0
0.0
0.0
0.0
0.0
1.04935
0.0
0.0
0.0
0.0
0.0
0.0
0.0
0.0
4.48481
0.0
3.4341
0.0
4.09061
0.410669
1.849
0.0
0.0
0.0
4.29528
0.0
0.0
0.0
0.0
0.0
0.877979
0.0
2.22731
0.0
2.25135
0.0
0.0
0.0
0.0
0.0
0.0
0.0
0.0
0.0
3.25765
1.11225
0.0
0.0
0.0
2.72043
0.0
0.0
0.0
0.0
0.0
0.298889
0.0
0.0
0.0
0.0
0.0
1.47038
0.0
3.12454
1.51405
0.0
0.0
0.0
0.0
0.0
0.0
0.0
0.0
0.0
0.0
0.0
1.22338
0.0
0.0
0.0
0.0
1.3135
0.0
0.0
0.0
0.0
0.0593174
3.57167
0.0
0.0
0.0
0.0
1.3354
0.0
0.0
0.0
0.0
4.15508
0.0
0.0
0.0
0.0
0.676248
0.0
0.0
0.0
0.0
2.08608
0.0
0.0
6.60784
0.0
0.0
0.0
0.0
1.37014
0.0
0.0
0.0
0.0
0.0
1.1175
0.0
0.0
0.0
0.0
0.0
0.0
0.0
4.86503
0.0
0.0
0.0
0.0
0.0
0.0
0.0
3.34526
0.0
0.0
0.0
0.0
1.51369
0.268443
0.0
0.522005
0.0
0.0
0.0
3.43375
0.0
0.0
0.0
0.0
0.0
0.0
0.964602
0.0
0.0
3.89756
0.0
2.07451
0.897437
0.217113
0.0
0.0
2.49451
0.0
0.0
0.0
0.0
0.0
0.0
0.0
1.57093
0.0860521
0.0
0.0
0.0
0.0
0.0
0.0
0.0
0.0
0.236666
0.0
0.0
0.0
1.41617
0.0
0.0
0.0
0.0
3.75019
0.0
0.0
0.0
0.0
0.0
0.0
0.0
0.191718
0.0
0.0
0.0
0.0
0.0
0.0
0.0
0.0
0.0
0.0
0.0
0.0
3.18072
0.0
0.0
0.0
4.01155
0.0
0.0
1.60889
0.0
2.65043
0.0
0.0
0.0
0.0
2.64696
1.48276
1.80635
0.0
0.0
4.35022
0.0
0.0
0.0
0.0
0.0
0.0
0.0
0.0
0.0
2.37452
1.49739
0.0
0.0
0.0
0.0
0.0
0.0
0.0
1.03915
0.0
1.60012
0.0
0.0
0.0
0.0
0.0
0.0
0.0
0.0
2.43201
0.0
0.0
1.81456
0.0
0.0
0.0
0.0672987
0.0
0.0
0.641497
0.0
1.45112
0.0
1.45726
0.0
3.52354
3.85498
0.0
0.0
0.0
0.534638
0.0
1.9153
0.0
0.0
2.78453
0.0
0.0
0.0
0.148288
0.0
0.0
0.0
0.0
0.0
0.0
0.0
0.0
0.0
0.0
0.0
0.0
3.99203
0.52669
0.0
0.0
0.0
0.0
0.620089
0.0
0.0
0.0
0.0
0.0
0.0
0.0
0.0
1.72807
0.0
1.4913
0.0
0.647061
0.843006
0.0
0.0
0.0
0.0
0.0
0.0
0.0
0.0
0.0
0.0
0.0
1.47359
0.0
0.0
0.0
0.0
0.0
0.0
0.0
0.0
0.0
0.0
0.0
0.0
0.0
0.0457656
0.263471
0.0
0.0
1.19772
0.0
0.970685
0.0
0.0
0.0
3.198
0.0
0.0
0.0
0.0
0.0
0.0
0.0
1.41165
0.0
0.0
0.0
0.0
0.0
0.0
0.0
0.0
0.0
0.0
0.0
0.0
6.27242
0.0
0.0
2.46817
0.0
0.0
0.0
0.0
0.0
2.92174
0.0
0.0
0.0
0.0
0.0
0.990683
0.0
0.0
0.0
0.0
0.0
0.0
0.0
0.0
0.0
0.0
0.0
0.0
0.0
0.0
0.0
0.0
0.0
0.0
1.11269
0.0
0.95371
0.0
2.54718
1.10904
0.0
4.63138
0.0
0.0
0.0
0.0
0.0
0.0
1.98817
0.0
0.0
0.612253
0.0
0.487437
0.0
0.0
0.0
0.0
0.0
0.0
0.0
0.0
0.0
