0.0
0.0
0.0
0.0
0.448891
0.0
0.0
0.0
0.0
0.0
0.0
2.33512
0.0
0.0
0.0
0.0
0.0
1.67277
2.09024
0.0
0.0
0.0539323
0.0
0.0
0.0
0.0
0.0
0.0
0.0
0.0
0.0
2.83513
0.0
4.42007
0.0
0.0
0.0
0.0
0.0
0.0
0.0
0.0
1.40685
0.0
0.0
1.59523
1.60803
0.0
0.0
1.52155
0.0
0.0
0.0
0.0
0.316899
0.0
0.0
0.0
0.0
0.0
0.276517
0.0
0.0
2.80664
0.0
0.0
0.0
0.0
0.845601
0.0
0.0
0.0
0.0
0.0
0.0
0.0
0.0
0.856332
0.0
0.0
0.0
0.0
0.0
0.0
1.22502
0.0
0.0
0.0
0.0
0.0
0.0
0.0
0.0
0.0
0.0
0.0
0.0
0.0
1.06583
0.0
0.0
0.0
0.0
0.0
0.0
0.0
1.2179
0.0
0.0
0.728674
0.0
0.0
0.0
3.19311
1.15747
0.0
0.0
3.04474
0.870965
0.0
0.0
0.0
0.0
0.0
0.0
0.0
0.0
3.09139
0.0
0.0
0.0
0.0
0.0
0.0
0.454085
0.0
0.0
0.0354873
0.178472
0.0
0.0
4.00058
0.0
0.0
0.0
0.0
0.179301
0.0
0.37731
0.0
0.0
0.0
0.0
0.0
0.0
0.0
0.0
0.0
0.0
0.0
0.0
0.0
0.0
0.0
0.0
0.0
0.0
0.0
2.28231
4.51368
0.0
0.0
0.0
0.54915
0.0
0.0
0.0
0.0
2.94645
0.0
4.50812
0.0
0.0
0.0
0.0
0.0
0.0
0.0
0.0
1.43482
0.0
0.0
3.84486
0.879103
0.0
0.0
0.0
0.0
0.0
3.3436
0.0
2.93817
0.0
0.0
0.0
0.0
0.0
0.0
0.0
0.0
0.0
0.0
0.0
0.0
0.0
0.549613
0.0
0.0
0.0
0.363858
0.0
2.00011
0.0
0.0
0.0
0.0
1.96536
0.0
0.0
0.0
0.0
0.0
0.0
0.909075
0.0
0.0
0.0
1.1902
0.0
0.0
0.0
0.0
0.0
3.78444
0.0
0.0
0.0
3.03204
0.0
0.0
2.58936
0.0
0.0
0.0
0.0
0.80009
0.0
0.0
0.0
0.0
0.0
0.0
0.0
0.0
0.0
0.0
2.50141
0.0
0.0
1.67674
0.0
0.174103
0.0
0.0
0.0
0.0
1.21676
0.0
0.0
0.0
0.0
0.0
2.19601
4.56146
0.0
0.0
0.0
0.0
0.0
0.0
0.0
0.0
0.0
0.109524
0.910022
0.0
0.0
0.0
0.0
0.0
0.0
3.62412
0.449828
0.0
0.0
0.0
0.0
0.0
1.35504
0.0
0.0
0.0
0.0
0.0
0.0
0.0
0.0
0.0
0.0
0.0
0.0
0.0
0.0
0.0
0.0
0.0
0.0
0.0
0.0
0.0
0.0
0.0
0.0
0.0
0.748823
0.0
0.0
0.0
0.0
0.0
0.0
0.0669338
0.0
0.0
0.0
0.300852
0.0
0.0
2.07829
0.0
0.0
0.0
0.0
0.0
0.0
0.0
0.0
0.0
0.0
0.0
0.0
0.0
0.0
0.0
0.0
0.0
0.0
0.0
0.0
0.0
0.0
0.0
0.0
0.0
0.0
0.0
0.0
0.0
0.0
1.71265
0.0
0.0
0.0
0.0
0.656762
0.0
0.0
0.687115
0.0
0.0
0.0
0.0
0.0
0.0
0.0
0.0
4.3038
0.0
0.0
0.0
0.0
0.0
0.0
0.0
0.0
0.0
0.173813
0.0
0.0
0.0
0.0
0.0
0.0
0.0
0.956336
0.0
0.0
0.0
0.0
1.75819
0.0
0.0
0.0
0.0
0.0
0.0
0.0
0.0
0.0
0.803087
3.3653
0.0
0.0
0.0
0.0
0.0
0.0
0.0
0.540673
0.0
0.0
1.4293
0.0
0.0
0.0
0.0
0.0
0.0
1.65466
0.960857
0.685308
0.0
0.0
3.2998
0.0
0.0
0.0
0.0
0.0
0.0
0.0
1.32549
0.0
0.0
0.948133
0.156916
0.0
0.0
0.0
4.87841
0.0
0.0
0.0
0.0
0.0
0.0
0.178677
0.0
0.0
0.0
0.0
0.0
0.0
0.218495
0.0
0.0
0.0
1.34868
0.0
0.0
0.0
0.0
0.0
0.0
0.0
2.27429
3.35082
0.411147
0.0
0.0
0.0
0.0
0.0
0.0
0.0940948
0.0
0.0
0.0
0.0
0.0
0.0
1.66298
0.0
0.0
0.0
0.0
0.0
0.585788
0.0
0.0
0.0
0.0
0.0
0.831662
0.0
1.31532
0.0
0.0
0.0
0.0
0.0
0.0
2.89507
2.12582
0.0
0.0
1.39762
0.0
0.0190929
0.0
0.0
0.0
0.637236
0.576565
0.0
0.0
0.0
0.0
0.0
0.0
0.0
2.30528
0.0
0.0
1.35915
0.0
0.0
0.0
0.227952
0.0
0.0
0.0
0.0
0.611484
0.0
0.0
0.656695
0.0
0.0
0.0
0.0
0.0
0.0
0.0
0.0
0.0
0.0
0.0
0.0
0.0
0.0
0.0
0.0
1.77392
0.719631
0.0
3.04616
1.94388
0.0
0.0
0.0
0.0
3.09872
0.0
0.0
0.0
0.0
0.0
0.0
0.0
0.0
0.0
0.0
0.0
0.767599
0.0
0.0
0.0
0.0
0.0
1.99493
0.0
0.0
0.0
0.0
0.0
0.0
0.0
0.0
0.0
3.29152
0.0
0.0
0.0
1.53167
0.0
0.0
0.0
0.0
0.0
0.0
0.0
0.0
0.0
0.0
0.80376
2.25956
0.0
0.0
0.0
0.0
0.0
0.0
0.0
0.0
0.0
0.0
0.0
0.0
0.0
0.0
0.0
0.0
0.0
0.0
0.0
0.0
0.768406
0.0
0.0
0.0
2.41418
0.0
0.0
0.0
0.0
0.230507
0.0
0.0
0.0
0.0
0.0
0.0
0.0
2.46091
0.0
2.05459
0.0
0.0
0.0
0.0
0.0
0.0
1.34891
0.0
0.0
0.0
0.0
0.0
0.0
0.0
0.0
0.0
0.0
0.0
0.0
0.0
0.0
0.0449691
0.0
0.0
0.0
0.0
1.38261
0.0
0.0
0.0
2.61269
0.0
0.0
0.0
0.0
0.0
0.0
2.39954
0.0
0.0
0.767668
0.0
0.0
0.0
0.0
0.0
0.0
0.0
0.0
0.0
0.0
4.66762
0.0
0.0
0.0
0.0
0.0
0.659132
0.0
0.0
0.0
0.914589
0.0
0.0
0.0
0.0
0.0
0.0
0.0
0.0
0.0
0.0
0.0
0.635568
0.757333
0.0
1.99286
0.0
0.0
0.0
0.0
0.0
0.0
3.79494
2.30873
0.0
0.0
0.0
0.0
0.0
0.0
0.0
0.0
0.0
0.0
0.0
3.23474
0.0
0.368231
0.0
0.0
0.0
2.71651
0.0
0.0
0.0
0.0
0.0
0.0
0.0
0.0
0.0
0.0
0.919687
0.567123
0.0
0.0
0.0
0.0
1.43257
0.0
0.0
1.64012
0.0
0.0
0.0
0.0
0.0
0.0
0.0
0.0
0.0
0.0
0.0
0.0
0.0
0.0
0.0
0.0
0.208039
0.0
0.0
0.0
0.0
0.0
0.0
0.0
0.0
1.89918
0.0
0.0
0.0
0.0
0.0
0.950576
0.0
0.0
0.0
0.0
0.0
0.0
0.0
0.0
0.0
0.0
2.28801
0.0
0.733592
1.23977
0.821138
0.0
0.0
0.0
0.0
0.0
1.98455
0.0
0.36921
0.0
0.0
0.0
0.0
0.0
0.78099
0.233435
0.0
0.0
0.0
0.0
0.0
0.300392
0.0
0.0
0.0
0.0
0.0
0.0
0.0
0.0
0.0
0.0
1.66313
2.78986
0.0
0.547719
0.0
0.0
0.149457
0.0
0.0
0.0
0.0
0.0
0.0
1.39267
0.0
0.0
2.27697
0.0
0.0
0.0
0.0
0.0
0.0
0.0
0.0
0.0
0.0
0.0
0.0
0.0
4.41784
0.0
0.0
0.0
0.0
0.0
0.0
0.0
0.0
0.0
0.0
0.0
0.0
0.0
0.0
0.0
0.0
0.0
0.0
0.0
0.0
0.0
0.0
0.0
0.0
0.0
0.0
0.0
0.0
0.0
0.0
0.0
0.0
0.0
0.0
1.37654
0.0
0.0
0.691643
0.0
0.0
1.76495
0.0
0.0
0.0
0.0
0.0
0.0
0.0
0.0
0.0
2.63702
0.0
0.0
0.0
1.20708
0.0
0.0
0.0
0.0
0.0
0.173838
0.0
0.0
0.0
0.0
0.0
0.0
0.0
0.0
0.0
0.168187
0.0
2.58154
2.50961
0.0
0.0
3.90413
0.0
0.0
0.0
0.0
0.0
0.0
0.0
0.0
0.0
0.0
0.0
0.0
0.0
0.0
0.0
1.5288
0.0
0.0
0.0
0.0
0.0
0.0
0.0
0.0
0.0
0.0
0.0
0.0
0.609819
0.0
0.0
0.400738
0.0
0.631398
0.0
0.0
0.0
0.0
0.0
0.0
0.0
0.0
0.799923
0.0
0.0
0.0
0.0
0.0
0.0263527
0.0
0.0
0.0
0.520336
0.0
0.0
0.0
0.0
1.79717
0.0
0.0
0.0
0.0
0.0
0.0
0.0
0.0
0.0
0.0
0.0
0.0
0.0
0.0
0.773805
0.0
0.0
0.0
0.0
1.70599
0.0
0.308236
0.210261
2.21605
4.1761
0.0
0.0
0.0
0.0
0.0
0.0
0.0
1.06055
0.0
0.0
0.0
0.0
0.0
0.0
0.0
0.0
0.0
0.0
0.106321
0.0
0.0
0.0
0.0
0.0
0.870401
0.0
0.0
0.0
2.55201
0.0
0.0
0.0
0.0
0.0
0.0
0.0
0.0
0.0
0.057136
0.0
0.0
0.0
0.0
0.0
0.0
0.0
0.0
0.0
0.0
1.83342
0.0
0.0
0.0
0.0
0.0
0.0605152
0.0
0.621269
0.0
1.67107
0.0
0.0
0.0
0.0
0.0
0.0
0.0
0.0
0.0
0.0
0.0
0.403277
1.908
0.0
2.71845
0.0
0.0
0.0
0.0
0.0
1.32694
0.0
0.0
0.0
0.185635
0.261254
0.0
0.0
0.0
0.0
0.0
0.0
0.0
0.0
0.0
0.934767
0.0
0.0
4.42992
0.0
0.0
0.0
0.220149
1.03318
0.0
0.0
0.0
0.0
0.0
0.0
0.0
0.0
0.0
0.0
0.0
0.0
0.57309
0.0
0.0
0.462764
0.0
0.0
0.0
0.0
0.0
0.105654
0.0
0.0
0.0
0.0
0.0
0.0
0.0
0.0
0.0
0.0
0.0
0.296435
0.0
0.0
0.0
0.0
0.0
0.0
0.0
0.0
0.0
1.69893
0.0
0.0
3.58268
0.0
0.708277
0.0
0.0
0.0
2.29169
0.0
0.0
0.0
0.0
0.0
0.0
1.67065
0.791405
0.0
1.86241
0.0
0.0
1.75206
0.0
0.0
0.0
0.0
0.0
0.97455
1.12074
0.0
0.0
0.222448
0.0
0.0
0.0
0.0
0.0
0.0
0.0
0.0
0.0
0.371267
0.0
2.66829
0.0
0.0
0.0
0.0
0.517729
0.0
0.0
0.0
0.0
0.0
0.0
0.0
0.0
0.0
0.0
0.0
0.611216
0.0
0.0
0.0
0.0
0.0
0.0
0.0
0.0
0.0
0.0
0.0
0.0
0.0
1.4297
0.0
0.0
4.7467
0.0
0.0
0.0
0.0396785
0.0
0.0
0.0
0.0
0.0
1.33277
1.23825
2.39927
0.0
0.0
3.1251
0.0
0.771922
0.0
0.0
0.0
0.0
0.0
0.0
0.0
0.0
0.0
1.67613
0.0
0.0
0.0
0.0
0.0
0.0
0.0
0.0
0.0
0.0
0.0
0.0
0.871992
0.0
0.0
0.0
1.01072
0.0
0.0
0.0
0.0
0.0
0.0
0.0
1.0125
0.0
0.0
0.0
0.0
0.0
0.0
0.0
0.0
0.0
0.0
0.0
0.384914
0.0
0.0
0.0
0.0
0.0
0.333569
0.0
0.0
0.0
0.0
0.0
1.08979
1.29796
0.0
0.0
0.0
1.00751
0.0
1.28174
2.05523
0.0218654
0.0
0.0
0.00908139
0.0
0.0
0.0
0.0
0.0
0.0
0.0
0.0
0.0
0.0
0.0
0.0
0.0
0.0
0.0
0.0
0.0
0.0
0.0
0.432717
1.73872
0.0
3.07125
0.0
0.0
0.672472
0.0
0.0
0.0
0.0
0.0
0.0
0.0
0.0
1.38011
0.0
0.0
0.0
0.0
0.0
0.0
0.0
0.0
0.0
0.0
0.0
0.0
0.0
0.0
0.277338
0.0
0.0
0.0
0.0
0.0
0.424304
0.0
0.0
0.0
0.211331
0.0
0.0
0.0
0.0
0.0
0.0
3.08398
0.0
0.0
0.0
0.0
0.0
0.0
0.0
0.0
0.0
0.0
0.0
0.0
0.0
0.0
0.0
0.0
1.83161
0.0
0.0
0.0
0.958384
0.0
0.0
0.0
0.0
0.0
0.0
0.0
0.0
0.0
0.0
0.0
0.0
0.0
0.0
0.0
0.0
0.0
0.0
0.0
0.0
0.0
0.0
0.0
1.82799
0.0
0.0
0.0
0.0
0.0
0.0
0.0
0.0
0.0
0.0
1.36691
0.0
0.0
0.0
0.0
0.0
0.0
0.0
0.0
2.09604
0.0
0.0
0.0
0.0
0.0
0.0
0.0
0.0
0.0
0.0
0.0
0.0
0.0
0.0
0.0
1.67819
0.0
1.20512
0.0
0.0
0.0
0.0
0.0
0.0
0.0
0.0
0.0
0.0
3.91929
0.440836
0.0
0.0
0.0
0.0
0.0
0.0
0.0
0.0
0.0
0.0
0.0
0.0
0.0
0.0
0.0
0.0
0.816151
0.0
0.0
0.0
0.0
0.0
0.0
0.0
0.0
0.0
0.0
0.0
0.0
0.0
0.0
0.0
0.0
0.0
0.0
0.0
0.0
0.0
0.0
0.0
0.0
0.0
0.0
0.0
0.0
0.0
0.363611
0.0
0.0
0.0785916
0.0
0.0
0.0
0.0
0.0
0.0
0.0
0.120664
0.0
0.0
0.0
0.0
0.195919
0.0
0.0
0.0
0.0
0.0
0.0
0.0
0.0
0.63383
0.0
0.0
0.0
0.0
0.0
0.0
0.0
0.0
0.0
0.0
0.0
0.0
0.0
0.0
0.0
0.0
0.0
0.0
0.0
0.0
1.33577
1.97093
0.0
0.0
0.0
0.0
0.0
0.0
4.26488
0.0
0.0
0.0
0.152621
0.0
0.0
0.0
0.0
0.0
0.0
0.0
0.0
0.0
0.0
0.0
0.0
0.0
0.0
1.02102
0.0
0.0
0.0
1.29617
0.0
1.58211
2.42593
0.0
0.690312
0.0
0.0
0.0
0.0
1.00304
0.0
0.0
0.808674
0.0
0.0
1.34439
0.0
0.0
0.0
0.0
0.0
0.0
1.69441
0.0
0.0
0.0
0.0
0.0
0.0
0.0
0.0
0.0
0.0
0.0
0.0
0.0
0.0
0.0
0.0
0.0
0.0
0.0
2.39272
0.0
0.0
0.0
0.0
0.0
2.30776
0.0
0.0
0.0
0.0
0.0
0.0
0.0
0.0
1.9814
0.0
0.0
0.0
0.0
0.0
0.0
0.0
0.0
0.0
0.0
0.0
0.0
0.0
0.0
1.47424
0.0
0.0
0.0
0.0
0.0
0.0
0.0
0.0
0.0
0.0
0.0
0.0
0.0
0.0
0.0
0.0
0.0
0.0
3.35532
0.0
0.0
0.0
0.041891
1.76364
0.0
3.55262
0.0
0.422984
0.0
0.0
0.0
0.0
0.0
0.0
0.0
0.0
1.0457
0.0
2.76401
0.0
1.81422
0.0
0.0
0.0
0.0
0.0
0.0
0.0
0.0
0.0
0.0
0.0
0.0
0.0
0.0
0.0
0.0
0.0
0.0
0.0
0.0
0.0
0.0
1.35239
0.0
0.0
0.0
0.0
0.0
0.0
0.0
0.0
0.876162
0.0
0.0
0.0
0.0
0.624093
0.0
0.0
0.0
0.0
0.0
0.0
1.19751
1.87487
0.0
0.0
2.93222
0.0
0.0
0.0
0.353703
0.0
0.0
0.0
0.0
0.0
0.0317483
0.0
0.0
0.0
0.0
0.0
0.0
0.0
0.0
0.0
0.0
1.26942
0.0
0.0
0.0
0.0
0.0
0.0
2.02498
0.0
0.0
0.0
0.0
0.0
3.43136
0.0
0.0
0.0
0.0
1.85351
0.0
0.0
0.0
0.0
0.0
0.0
0.0
0.0
0.0
0.0
0.0
0.0
0.0
0.0
0.0
0.0
0.0
0.0
0.0
0.0
0.0
0.0
0.0
0.0
0.0
3.61644
0.0
0.0
0.0
0.0
0.0
0.0
0.0
0.0
0.0
0.0
0.0
0.0
0.0
0.773179
0.0
0.0
0.0
0.0
0.0
0.0
0.0
0.0
0.0
0.0
0.0
0.0
1.08536
0.0
0.0
0.0
0.0
0.0
1.95667
0.0
0.0
0.0
0.0
0.0
0.0
0.0
2.42545
0.0
2.67769
0.0
0.192289
0.0
0.0
0.0
0.0
0.0
0.0
0.0
0.0
0.0
0.0
0.0
0.0
0.0
0.0
0.0
0.0
0.0
0.0
0.0
0.0
0.0
0.459326
0.0
0.0
0.0
0.0
0.0
0.0
0.0
0.0
0.0
0.0
0.0
2.54392
1.11686
0.0
0.0
0.0
0.0
0.0
0.0
0.252499
0.0
0.0
0.0
0.0
0.0
0.0
0.979631
0.0
0.0
0.716034
0.0
1.24917
1.67337
1.22317
2.90043
0.754241
0.0
3.90277
3.00417
0.0
0.0
0.0
0.0
0.0
0.618726
0.0
0.0
0.0
2.27238
3.05626
0.0
0.0
2.67636
0.0
0.873405
0.0
0.0
0.462448
0.0
0.0
0.605173
0.0
0.0
0.0
0.0
0.0
0.0
0.0
1.37807
1.6141
0.0
1.32427
0.0
0.0
0.0
0.0
0.0
0.0
0.0
0.0
0.0
2.15429
0.0
0.0
0.0
0.0
1.11548
0.0
0.0
0.0
0.0
0.0
0.0
2.26016
1.07641
0.0
0.0
0.0
0.0
0.0
2.18516
0.0
0.0
0.0
0.0
1.91733
0.0
0.0
0.0
0.0
2.96387
0.0
0.0
0.0
0.0
0.0
0.539766
0.0
1.3031
0.0
0.0
0.0
0.0
0.0
0.0
0.791362
0.0
0.0
0.0
0.0
0.0
3.79786
0.0
0.0
0.0
1.56686
0.0
0.0
0.0
0.0
0.00357831
0.0
0.0
0.0
0.0
0.0
0.0
0.0
0.0
0.0
0.0
0.0
0.0
0.0
1.8692
0.0
0.0
0.0
0.0
0.0
0.0
0.0
0.0
0.0
0.0
2.35161
0.0
0.0
0.0
0.0
0.0
0.456014
0.0
9.32226
0.0
0.0
0.0
0.0
0.0
0.0
0.0
0.0
0.0
0.938201
0.0
0.0
0.0
0.0
0.464915
0.0
0.0
0.0
0.0
0.0
0.0
0.0
0.0
0.0
0.0
0.0
2.20788
0.0
0.0
0.0
2.31199
0.0
0.0
0.0
2.40679
0.0
0.0
0.0
0.0
0.0
0.0
0.0
0.0
0.0
0.0
0.0
0.0
0.0
0.0
0.0
0.367799
0.0
0.0
3.28545
0.0
0.0
0.0
0.0
0.0
0.648505
0.0
0.0
0.0
0.0
0.0
0.0
0.0
0.0
0.0
0.0
0.0
0.0
0.0
0.0629731
0.903367
0.0
0.0
0.0
0.0
0.0
0.0
0.0
0.0
0.0
0.0
0.0
0.0
0.0
0.0
0.0
0.0
0.0
0.0
0.0
0.985151
0.0
0.0
0.0
0.0
0.0
1.12046
0.0
0.0
0.479822
0.911145
0.0
0.0
0.000436246
0.0
0.0
0.0
0.0
0.0
0.0
0.0
0.0
0.0
0.0
0.0
0.0
0.89002
4.88971
0.0
0.0
0.0
0.0
3.22285
0.0
0.0
0.0
0.0
0.0
0.0
2.77481
0.0
5.09086
0.0
0.0
0.0
0.0
0.0
0.0
0.0
0.0
0.0
0.0
0.0
0.0
0.0
0.0
0.0
0.0
0.0
0.0
0.0
0.0
4.50594
0.0
0.0
1.68896
0.0
4.73561
0.0
0.0
0.0
0.0
0.0
0.0
0.0
0.0
0.0
0.0
0.867097
0.0
0.0
0.0
0.0
0.0
0.223175
0.0
0.0
0.158807
0.0
0.0
0.0
0.0
0.0
0.0
2.03366
3.01928
0.0
1.69678
0.0
0.243568
0.0
0.0
0.0
0.0
3.31893
0.0
0.0
0.0
0.0
0.0
0.0
0.0
0.0
0.0
0.0
0.0
0.0
0.0
0.0
0.0
3.4879
0.0
0.0
0.0
0.0
0.0
0.0
0.0
0.0
2.19507
0.0
0.0
0.0
0.0
0.0
3.39196
0.0
0.0
0.0
0.0
0.0
0.0
0.0
0.0
0.0
0.935157
0.0
0.0
1.37171
0.0
0.0
0.0
0.0
0.0
0.0
0.0
0.0
0.0
0.0
0.0577387
0.0
0.0
0.0
0.0
0.0
0.0
4.36085
0.0
0.0
0.0
0.0
0.0
0.0
0.0
3.44258
0.0
0.0
0.0
0.0
0.0
0.788861
0.0
0.0
0.0
0.0
0.0
0.0
0.0
0.0
2.27368
0.0
1.42831
0.0
0.0
0.0
0.0
0.0
0.0
0.0
0.0
0.0
0.0
0.0
0.0
0.0
0.0
1.0437
0.0
0.0
0.0
0.0
1.31594
0.0
0.0
0.0
0.0
0.0
0.0
0.0
0.0
2.67827
0.0
0.0
0.0
0.0
0.0
0.0
0.0
0.0
1.16528
1.28491
0.0
0.0
0.0
0.0
0.0
0.0
0.0
0.0
0.0
0.0
0.816032
0.0
0.0
0.0
0.0
0.0
0.0
0.0
0.0
0.0
0.0
0.0
0.0
0.0
0.0
0.0
0.0
0.0
0.0
0.0
0.0
0.0
1.7357
0.0
0.0
0.0
0.0
0.0
0.0
0.0
0.0
0.0
0.0
0.0
0.0
0.0
0.0
0.0
2.95527
0.0
0.0
0.0
0.0
0.0
0.0
0.0
0.0
0.0
0.0
0.0
0.0
0.0
0.0
0.0
0.0
0.0
0.0
4.07167
0.0
0.968192
0.0
0.0
0.0
0.0
0.0
0.0
0.0
0.0
0.0
0.0
0.0
0.0
0.0
0.0
0.0
2.76681
0.0
0.0
0.0
0.0
0.0
0.0
0.0
1.86562
0.0
0.0
0.0
0.0
0.0
0.0
0.0
0.0
0.0
0.0
0.0
0.0
0.0
0.0
0.0
0.0
0.0
0.0
0.0
2.39343
0.709902
0.0
0.0
0.0
1.10945
1.76462
0.0
0.0
0.0
0.0
0.0
0.153213
0.0
0.156071
0.0
0.0
0.0
0.0
0.0
0.0
0.0
0.0
0.0
0.0
0.0
0.0
0.0
0.0
0.0
0.0
0.0157243
0.0
0.0
0.0
0.0
0.0
0.0
0.0
0.0
0.0
0.0
0.0
0.0
0.0
0.0
0.0
0.0
0.551042
0.0
0.0
0.0
0.0
0.0
0.0
0.0
0.0
0.0
0.0
0.0
2.80026
0.0
0.0
1.98376
0.0
0.0
0.0
0.0
0.0
0.0
1.27347
0.7772
0.0
0.0
2.27785
0.0
0.0
0.0
0.0
0.185418
0.0
0.0
0.0
0.0
0.0
0.0
0.0
0.0
0.0
0.0
0.0
0.536694
0.0
0.0
0.0
1.71736
0.0
2.81826
0.0
0.0
0.0
0.0
0.0
0.0
0.0
0.0
0.617947
0.0
0.0
0.0
0.0
0.0
0.0
0.0
0.0
0.0
0.0
0.0
0.0
0.0
0.0
0.0
0.0
0.0
0.0
4.27294
2.65528
0.0
0.0
0.0
3.29282
0.0
0.0
0.0
0.588633
0.0
0.0
6.03438
0.0
0.0
0.0
0.0
0.0
0.0
0.0
0.0
0.0
0.0
0.0
0.0
2.26398
0.0
0.0
0.0
1.16314
0.0
0.381102
0.0
0.0
0.0
0.0
0.0
0.0
0.0
0.0
3.22995
0.0
0.0
0.0
0.0
0.0
0.0
0.0
0.0
0.0
0.663741
0.0
0.0
0.0
0.0
1.84471
0.0
0.0
0.0
4.05658
0.0
0.0
0.565679
0.0
0.0
0.0
0.0
0.0
0.0
0.376925
0.0
0.0
0.0
0.0
0.0
0.0
0.0
2.49556
1.48143
0.0
0.390728
0.0
0.0
0.0
0.0
0.0
0.0
1.5728
0.0
0.0
0.0
1.27404
0.0
0.0
0.0
0.0
0.0
0.0
0.019079
0.0
1.95783
0.0
0.0
0.0
0.0
0.0
0.145281
0.0
0.0
3.20579
0.0
0.0
0.0
0.0
0.0
0.0
0.236902
0.0
0.0
0.0
2.64538
0.0
0.609521
0.0
0.0
0.0
0.0
0.0
0.0
0.0
0.0
0.0
0.0
0.0
0.0
0.0
0.0
0.0
0.534327
0.0
2.18194
2.27884
0.0
0.0
0.463787
0.0
0.0
3.28297
0.0
0.0
0.0
0.0
0.0
0.0
0.0
0.0
3.12556
0.0
0.0
0.0
0.0
0.0
1.28635
0.0
0.0
0.0
0.0
0.0
1.67285
4.96912
0.0
0.0
0.0
0.0
0.0
0.0
2.60656
0.0
0.0
0.0
0.0
0.0
0.0
0.0
0.0
0.0
0.0
0.0
0.0
0.0
0.0
0.0
0.0
0.0
0.0
0.0
0.0
0.0
0.0
0.0
0.0
1.3879
0.0
0.0
0.0
0.0
0.0
0.0
0.0
0.0
0.0
0.0
0.0
0.0
0.0
0.0
0.0
0.0
0.0
0.827985
3.25554
0.29657
0.0
0.043543
0.0
0.0
0.0
0.0
0.0
0.0
1.27754
0.0
0.0
0.0
0.0
0.0
0.0
0.915813
0.0
0.344673
0.0
0.0
0.0
0.0
0.0
0.916083
0.0
0.0
0.0
0.104493
0.0
0.0
0.0
0.0
0.0
0.0
0.0
0.0
0.0
0.0
0.0
0.0
0.0
0.0
0.0
0.0
3.22486
0.0
0.0
0.0
0.0
0.0
0.0
1.43462
0.0
0.0
0.0
0.0
0.0
0.0
3.73111
0.0
0.133724
0.0
0.0
0.0
0.0
0.0
0.0
0.0
0.0
0.0
0.0
0.0
0.0
0.0
0.0
3.9466
0.0
0.0
0.0
0.0
0.0
0.0
0.0
0.0
1.99028
0.0
0.0
0.647056
0.0
0.0
0.0
0.0
1.59977
0.0
0.0
0.0
0.0
0.0
0.0
0.0
0.0
0.0
0.0
0.0
0.0
0.0
0.0
0.0
0.0
0.0
0.0
0.0
0.0
0.0
0.0
0.0
0.0
0.0
0.0
0.0
0.0
0.0
2.45995
0.0
0.0
0.0
0.0
0.0
0.0
0.0
0.0
0.861962
0.585642
0.952589
0.0
0.36827
0.0
0.0
1.17985
0.0
0.0
0.0
0.0
0.0
0.0
0.0
0.0
0.0
0.0
1.23749
3.50035
0.0
0.0
1.39137
0.0
0.0
0.0
0.0
0.0
5.18175
0.0
0.0
0.0
0.0
0.0
0.0
0.0
0.0
1.98424
0.0
0.0
0.0
0.0
0.0
0.0
0.0
0.0
0.0
2.52049
0.0
0.0
0.773533
0.0
0.0
0.0
0.0
4.66402
0.0
0.0
0.0
0.0
0.0
0.0
0.0
0.0
0.0
0.0
0.0
0.0
0.0
0.0
0.0
0.0
0.0
0.0
0.0
0.132783
1.68797
0.0
0.0
0.0
0.0
0.0
0.0
0.0
0.0
1.16812
1.55539
0.0
0.0
0.0
0.0
0.0
0.0
1.50952
2.11183
0.0
0.0
0.0
0.0
0.0
0.0
0.0
0.0
0.0
0.0
0.0
0.0
0.0
0.0
1.85986
0.0
0.0
0.0
0.522251
0.0
0.669831
0.0
0.0
1.42497
0.0
0.0
0.0
0.0
0.0
0.0
0.0
0.0
1.83521
0.0
0.0
0.0
0.0
0.0
0.0
0.0
0.0
0.0
0.0
0.0
0.0
0.0
0.775906
0.0
0.0
0.0
0.0
0.0
0.0
0.0
1.59145
0.0
0.0
0.0
0.0
0.0
0.0
0.0
0.757358
0.0
0.0
0.0
0.750037
0.0
0.0
0.0
0.0
0.0
0.0
0.544734
4.60808
0.0
0.0
0.0
0.120587
2.8409
1.01262
0.0
0.0
0.0
0.0
0.0
0.0
0.0
0.606939
0.0
0.886848
0.0
0.0
0.0
0.0
0.0
0.0
0.0
0.0
0.0
0.0
0.0
0.0
0.876216
0.0
0.0
0.111403
0.0
0.0
0.0
0.0
0.0
0.0
0.0
0.0
0.702618
0.0
0.0
0.0
0.0
0.0
0.0
6.94483
0.0
0.0
2.08577
0.0
0.0
0.0
0.0
0.0
0.0
0.0
0.0
1.76075
0.0
0.0
0.0
4.59967
0.0
0.0
0.0
0.0
0.0
0.0
0.0
0.0
0.0
0.0
0.0
0.0
0.0
0.0
0.0
0.0
0.0
0.0
0.0
0.0
0.0
0.0
0.0
0.0
0.0
0.0
1.35685
0.0
0.0
0.0
0.0
0.0
0.0
1.22778
0.0
0.0
0.0
0.0
0.0
0.0
0.0
0.0
0.0
0.0
0.0
0.0
0.0
0.0
4.37482
0.0
0.0
3.5251
0.0
0.0
0.0
0.0
0.0
0.0
0.0
0.0457609
0.0
0.0
0.0
0.0
0.384585
0.0
0.0
0.0
0.0
0.0
0.0
0.0
0.0
0.0
0.0
0.0
0.0
0.0821513
0.0
0.0
0.0
0.0
0.0
0.0
0.0
0.0
0.0
0.368177
0.0
0.577517
0.0
0.0
0.0
1.42549
0.0
0.0
0.0
0.0
0.0
0.0
2.09139
0.0
1.32863
0.0
0.0
0.0
0.0
2.39841
0.0
4.83245
0.0
0.0
0.0
0.0
0.0
0.0
0.0
0.0
0.0
0.0
1.31643
0.127683
0.0
0.0
0.0
0.0
0.0
0.0
0.0
0.0
0.0
0.0
0.0
0.0
1.07488
0.0
0.0
0.0
0.0
0.0
0.0
0.0
0.0
0.0
0.0
0.238042
0.0
0.0
0.0
0.0
0.0
0.0
0.0
0.0
0.0
0.0
0.0
2.8079
0.0
0.0
0.0
0.0
3.70985
0.0
0.0
0.0
2.6628
0.0
0.0
0.0
0.0
0.0
0.0
0.0
0.0
0.0
0.0
0.0
0.0
0.0
0.0
0.0
0.0
0.0
2.02984
0.0
0.0
1.38741
0.0
0.0
0.0
0.0
0.0
0.0
0.0
0.0
0.0
1.20126
0.0
0.0
0.0
0.0
0.0
0.0
0.0
0.0
0.0
0.0
0.0
0.0
0.0
0.946449
0.0
0.0
0.0
0.0
0.0
2.05742
0.0
0.0
0.0
0.0
0.0
0.0
0.0
0.0
0.0
0.0
0.0
0.0
0.0
0.0
0.0
0.0
0.0
0.0
0.0
0.0
0.353434
0.0
0.0280261
0.0
0.0
0.0
0.0
0.0
0.0
0.0
0.0
0.0
0.0
0.0
0.0
0.0
0.0
0.0
0.0
0.0
3.90323
0.0
0.0
0.0
0.0
2.49784
0.0
0.0
0.0
0.0
0.0
0.0
0.0
0.0
0.0
0.0
0.0
1.41223
0.0533673
0.0
0.0
0.0
0.0
1.15936
0.0
0.0
0.0
0.0
0.0
0.0
1.04081
0.0
0.0
0.0
0.0
0.0
0.0
1.65432
0.0
0.0
0.0
0.0
2.7655
0.0
0.0
0.0
0.0
0.0
0.0
0.0
0.0
0.0
0.0
0.0
0.0
0.0
0.0
0.0
0.0
0.0
0.0
0.0
0.0
0.0
1.89785
0.0
0.0
0.0
0.0
0.0
0.0
0.0
0.0
3.14277
0.0
0.0
0.0
0.0
0.0
0.0
0.641494
0.0
0.0
0.0
0.0
1.12427
0.572219
0.253162
0.0
0.243792
0.0
0.0
0.0
0.0
0.0
0.0
0.0
0.0
0.0
0.0
0.0
0.0
0.0
0.0
0.0
0.0
0.0
0.0
0.0
0.0
0.0
0.0
0.0
0.0
0.0
0.0
0.0
0.0
0.0
2.82307
0.0
1.99496
0.0
0.739808
0.736287
0.0
0.0
0.0
0.0
0.0
0.0
1.95305
0.559647
0.0
0.0
0.0
0.0
0.0
0.0
3.15328
0.0
0.0
0.0
0.0
0.0
0.912075
0.0
2.52078
0.505692
3.75135
0.0
0.0
0.0
0.0
0.839525
0.0
0.0
0.0
0.0
0.0
2.51155
0.0
0.0
0.0
0.0
0.0
0.909482
0.0
0.00703073
0.0
0.0
3.63797
0.0
0.0
0.0
0.0
1.51956
0.0
0.608901
0.0
0.0
0.0
0.0
0.0
0.0
0.0
0.0
0.0
0.0
0.0
1.02169
0.0
3.03273
0.0
0.0
0.0
0.0
0.0
0.0
0.0
0.0
0.0
3.27808
0.0
0.0
0.0
0.0
2.78186
0.0
0.0
0.0
0.0
1.68854
0.0
0.0
0.675279
0.0
0.0
0.0
0.0
2.66622
0.0
0.0
0.0
0.0
1.57681
0.425805
0.362519
0.0
0.0
0.0
0.0
0.0
0.0
1.25529
0.0
0.0
0.0
0.0
0.0
0.0
0.0
0.0
0.0
0.0
0.0
0.0
0.0
1.97733
0.0
0.0
0.0
0.0
0.0
3.5716
0.0
0.0
0.0
0.0
0.0
0.0
2.37162
0.0
0.0
1.81582
0.0
2.42715
0.0
1.06641
0.0
0.0
0.0
0.0
0.0
0.0
0.0
0.0
0.0
0.0
0.0
0.0
0.0
0.0
0.0
0.0
0.0
0.571988
0.0
0.0
0.27936
0.0
0.0
0.0
0.0
1.59137
0.0
0.0
0.0
0.0
0.0
0.0
0.0
0.0
0.0
0.0
0.0
0.0
0.0
0.0
0.0
0.0
0.0
0.0
0.0
0.54266
0.0
0.0
0.0
0.0
1.25843
0.0
0.0
0.0
7.22773
0.0
0.0
7.47462
0.0
0.0
0.0
0.0
0.0
0.0
0.0
5.15645
2.31331
0.0
0.0
0.0
0.0
0.0
0.267633
0.0
0.0
0.0
0.0
0.0
0.0
0.0
4.26426
0.0
0.0
0.0
0.0
0.0
0.0
0.0
0.0
0.0
0.0
0.0
0.0
0.0
1.64828
0.437431
0.0
1.41455
0.0
2.20642
0.0
0.0
4.79988
0.0
0.0
0.0
5.01829
0.0
0.0
0.0
0.0
2.86387
2.1742
0.0
0.0
0.0
0.0
0.0
0.0
0.0
0.0
0.0
4.27854
0.0
0.0
0.0
0.0
0.0
0.0
0.0
0.0
0.0
0.0
0.0
0.0
0.280565
0.0
0.0
0.0
0.0
0.0
0.0
2.1879
0.0
0.0
0.0
0.0
0.0
0.595191
0.0
0.0
0.0
0.0
0.0
0.0
0.0
0.0
0.762322
0.0
1.82001
0.0
2.27169
0.635527
0.0
0.0
0.0
0.0
0.0
0.0
0.0
0.0
0.0
1.69049
0.0
2.08987
0.0
0.0
0.0
0.613162
0.0
0.0
0.0
0.0
0.0
0.0
0.0
0.0
0.0
0.859357
0.547752
0.0
0.0
0.0
0.0
0.481522
0.0
0.0
0.0
1.13758
0.0
0.0
0.0
0.0
0.0
0.0
0.0
0.0
1.95583
0.0
1.12411
0.0
0.0
0.0
0.0
0.0
0.0
1.46919
0.935123
0.0
2.1189
0.0
0.0
1.07923
0.0
0.0
0.0
0.0
0.0
2.65103
0.0
0.0
0.0
0.0
0.0
0.0
0.043083
0.0
0.0
0.0
0.0
0.0
0.0
0.0
0.0
0.0
0.0
0.0
0.0
0.0
0.0
0.0
0.0
0.0
3.18385
0.0
0.758604
0.0
0.77826
0.1532
0.0
0.0
0.0
0.0
0.0
0.0
0.0
0.0
0.0
0.0
0.0
0.228697
0.0
0.0
0.0
0.0
0.0
0.0
0.0
0.0
0.0
0.0
0.0
