0.0
0.0
4.21729
0.0
0.0
0.0
0.0
0.0
0.0
0.0
0.0
0.0
0.0
1.61638
0.0
0.259703
0.0
0.0
0.897321
0.0
0.0
1.37221
0.0
0.0
0.0
0.0
0.0
0.0
0.0
0.0
0.0
1.08976
0.0
5.56248
0.0
0.0
0.0
0.0
0.0
0.0
0.0
0.0
1.5169
0.0
0.0
0.499713
0.530403
0.0
0.0
1.24965
0.189644
0.0
0.0
0.0
0.0
0.0
0.0
0.0
0.0
0.0
0.0
0.0
0.0
4.49866
0.390699
0.0
0.0
0.0
0.0
0.0
0.0
0.0
0.0
0.0
0.0
0.0
0.0
0.0
0.0
0.0
2.45117
0.0
0.0
0.0
0.0
0.0
0.0
0.0
0.0
0.0
0.0
0.0
0.0
0.0
0.0
0.0
0.0
0.0
0.822835
0.0
0.0
0.0
0.0
0.0
0.0
0.0
0.0
0.0
0.0
0.0
0.0
0.0
0.0
0.415262
0.0
0.0
0.0
0.0
1.39966
0.0
0.0
0.0
0.0
0.0
0.0
0.0
0.0
4.01205
0.0
0.0
0.0
0.0
0.0
0.0
0.0
0.0
0.0
0.0
0.0
0.0
0.0
0.0
0.0
0.0
0.0
0.0
0.0
0.0
2.2895
0.0
0.0
0.0
0.0
0.0629829
0.0
0.0
0.0
0.0
0.0
0.0
0.0
0.0
0.0
0.0
0.0
0.0
0.0
0.0
0.844796
0.0
0.0
0.0
1.72359
0.0
0.0
0.0
0.0
0.0
0.0
0.0
1.87198
0.0
0.0
0.0
0.0
0.0
1.30344
0.0
0.0
0.0
0.0
0.0
1.92104
0.57495
0.0
0.0
0.0
0.0
0.0
0.899377
0.0
0.0
0.0
0.0
0.0
0.0
0.0
0.0
0.0
0.0
0.0
0.13327
0.0
0.0
0.32134
0.0
0.0
0.0
0.0
0.444696
0.0
3.14134
0.0
0.0
0.0
0.0
0.0
0.641734
0.0
0.0
0.0
0.0
0.0
0.784856
0.0
0.0
0.0
0.0
0.0
0.0
0.0
0.0
0.0
1.19047
0.0
0.0
0.0
0.222803
0.0
0.0
0.458032
0.0
0.0
0.0
0.0
0.510568
0.0
2.51954
0.0
0.0
0.0
0.0
2.29265
0.0
0.0
0.0
1.22173
0.0
0.0
0.0512678
0.0
0.137041
0.0
0.0
0.0
0.0
0.267187
0.609859
0.0
0.0
0.0
0.0
0.0
0.0
0.0
0.0
0.0
0.0
0.0
0.0
0.0
0.0
0.0
0.0
0.0
0.0
0.0
0.0
0.0
0.0
0.0
6.65457
1.44865
0.0
1.41896
1.2302
0.0
0.0
0.0
0.0
0.0
0.0
0.0
0.0
0.0
0.0
0.0
0.0
0.0
0.0
0.0
0.0
0.0
0.0
0.433593
0.0
1.29726
0.0
0.0
0.842743
0.0
0.0
0.0
0.0
0.0
0.0
0.0
0.0
0.0
0.0
0.0
0.0
0.0
0.0
0.964081
1.12783
0.0
0.0
0.0
0.0
0.0
0.842346
0.0
0.0
0.0
0.0
0.0
0.0
0.0
0.0996731
0.0
0.0
0.0
0.0
0.0
1.42774
0.0
0.0
0.0
0.0
0.0
0.0
0.0
0.0
0.284712
0.0
0.0
0.0
0.0
0.164505
0.0
0.0
0.0
0.198164
0.0
0.0
0.0
4.23614
0.0
4.30294
0.0
0.0
0.0
0.0
0.0
1.96736
2.25731
0.0
0.0
0.0
0.0
0.0
0.0
0.0
0.440738
0.0
0.0
0.0
0.0
0.0
0.0
0.0
0.0
0.0
3.09998
0.0
0.0
0.0
0.0
0.0
0.0
0.0
0.98194
0.0
0.0
0.0
0.0
0.0
0.0
0.0
4.17605
1.32366
0.0
0.0
0.0
0.0
0.0
0.0
1.20119
0.0
0.0
0.775759
0.0
0.0
0.0
0.0
0.0
0.0
0.0
0.0
0.0
0.0
0.0
1.53345
0.0
0.0
0.0
0.0
0.0
0.446586
0.0
0.0
0.0
0.0
0.0
0.0
0.0
0.0
0.562494
2.02445
0.0
0.0
0.0
0.0
0.0
1.14873
0.0
0.0
1.4093
0.0
0.0
0.0
0.0
0.0
0.0
0.0
0.0
0.0
0.0
0.0
0.0
0.0
0.0
0.0
0.0
0.0
0.0
0.0
0.0
0.0
0.0
0.0
0.0
0.0
0.0
0.0452642
0.0
0.0
0.0
0.0
0.0
3.11949
0.0
0.0
0.0
0.0
0.0
3.09349
0.0
0.0
0.0
0.0
0.0
0.631703
0.0
0.0
0.0
0.0
0.0
0.0
0.0
0.0
0.0
2.75382
0.0
0.0
2.93666
0.0
0.0
0.0
0.0
0.0
1.81776
1.77521
0.0
0.0
0.0
0.0
0.0
0.0
0.0
0.0
0.0
0.0
0.0
0.95973
0.492695
0.0
0.0
0.0
0.0
0.0
0.0
0.0
0.0
0.0
2.04539
0.0
0.0
0.0
0.0
0.0
0.0
1.01716
1.72311
2.8848
0.0856374
0.0
0.0
0.0
0.0
0.0
3.09524
0.0
0.0
0.0
1.93103
0.0
0.0
0.0
0.0
0.0
0.0
0.0
0.0
0.0
1.79318
0.0
0.0
0.0
0.0
0.0
0.0
0.0
0.0
0.0
0.0
0.0
0.679441
0.0
0.237773
0.0
0.0
0.0
0.792107
0.0
0.0
0.0
0.0
0.0
5.94744
0.0
0.0
0.0
1.6648
0.0
0.0
0.0
0.0
0.0
0.0
0.0
0.0
0.0
0.0
0.0
1.43324
0.0
0.0
0.0
0.0
0.0
0.0
2.5008
0.0
0.0
0.0
0.0
0.0
0.0
0.0
1.42335
0.0
0.0
0.0
0.0
0.0
0.0
0.0
0.0
0.0
1.03855
0.0
0.0
0.0
0.0
0.0
0.0
0.0
0.0
0.0
0.0
0.0201875
0.0
0.0
0.0
0.0
0.0
0.0
0.0
0.0
0.0
0.0
2.2537
0.0
0.0
0.0
0.0
0.0
0.0
0.0
0.0
0.0
0.0
0.0
0.0
0.0
0.0
0.0
0.0
0.0
0.0
0.0
0.0
0.0
0.0
0.0
0.0
0.0
0.0
0.0
0.841802
5.76611
0.0
0.0
0.0
0.0
0.0
0.0
0.0
0.0
0.0
0.0
0.0
0.0
0.0
0.0
0.0
1.68138
0.0
0.0
1.12842
0.0
0.0
1.24779
2.28569
0.0
0.0
1.57157
0.0
0.0
0.0
0.0
0.0
0.0
0.0
0.0
0.0
0.0
0.0
0.762618
0.0
0.0
0.0
0.0
0.0
0.0
0.678613
2.51696
0.0
3.27442
4.10415
0.0
0.0
0.0
0.0
0.0
0.0
0.0
0.0
0.0
0.0
0.0
0.0
0.0
0.0
0.0116782
0.0
0.0
0.0
0.0
0.0
0.0
1.61825
0.0
0.0
0.0
0.0
0.0
0.0
0.0
0.585039
0.0
0.0
0.0
0.0
4.99447
0.0
0.315232
1.85288
0.0
0.0
0.0
0.0
0.0
0.0
0.0
0.0
0.0
0.0
0.0
0.0
0.0
0.0
0.0
1.01065
2.28913
0.0
0.0
0.0
0.0
0.0
0.0
0.0
0.0
0.0
0.0
0.0
0.0
0.0
0.0
0.0
0.0
0.532159
0.0
0.0
0.0
0.0
0.0
0.0
0.0
0.055674
0.880987
0.0
1.83348
0.0
0.0
1.65214
1.38727
1.11958
0.0
0.0
0.149371
0.0
4.60624
0.0
0.0
0.0
0.0
0.0
1.9968
1.17772
0.0
0.0
0.0
0.0
0.0
0.0
0.0
0.0
0.0
0.0
0.607508
1.25008
0.0
0.0
0.0
0.0
0.0
0.0
0.0
0.0
0.0
0.0
0.0
0.0
0.0
0.0
0.0
0.0
0.0
0.365672
0.0
0.0
2.26888
0.0
0.0
0.0
0.0
0.0
0.0
0.0
0.0
0.0
0.0
0.0
0.0
0.0
2.69868
0.0
0.0
0.0
0.0
0.0
0.0
0.0
0.0
0.0
0.0
0.0
0.0
1.06531
0.0
0.0
0.0
0.0
0.0
0.0
0.0
0.0935224
0.0
0.0
0.0
0.0
0.0
0.00564843
0.0
0.0
0.0
0.0
0.0
0.0
0.0
1.15765
1.35417
0.0
0.0
0.0
0.0
0.0
0.0
4.43396
0.0
0.0
0.0
0.337681
0.0
0.590441
0.0
0.311525
0.0
0.0
0.0
0.0
0.550183
0.0
0.0
3.50949
0.387725
0.0
0.0
0.0
0.0
0.0
0.0
0.0
0.0
0.0
0.0
0.0
0.0
0.0
2.99675
0.0
3.64408
0.0
0.0
0.0
0.0
0.0
0.0
0.0
0.0
0.0
0.0
0.632964
0.0
0.0
0.0
0.0
0.0
0.0
0.0
0.0
0.0
0.0
0.0
0.0
0.0
0.0
0.0
0.0
0.0
0.0
3.48576
0.0
0.0
0.737342
0.0
0.0
0.0
0.0
0.0
0.0
0.0
0.0
1.33147
0.0
0.0
0.0
0.0
0.0
0.0
0.0
2.06948
2.64256
0.0
0.0
0.0
0.0
0.0
0.0
0.0
0.0
0.0
0.0
1.78995
0.0
0.0
0.0
0.0
0.0
0.0
0.0
0.0
0.0
0.0
1.07623
0.0
0.0
0.0
0.0
0.0
0.0
0.0
0.328973
2.17244
1.1831
4.56469
0.0
0.0
0.0
0.0
0.0
0.839133
0.0
3.34792
0.0
0.0
0.0
0.0
0.0
0.0
0.0
0.0
0.0
0.0
2.97551
0.0
0.0
0.0
0.0
0.0
0.0
0.0
0.0
0.0
1.83391
0.0
0.0
0.0
0.0
1.14184
0.0
0.0
0.0
0.0
0.0
0.0
0.0
0.0
0.0
1.57582
0.0
0.0
0.158852
0.0
0.0
0.0
0.0
0.0
0.0
0.0
0.0
0.7931
1.39217
0.0
0.0
0.0
0.0
0.0
0.0
0.0
0.0
0.0
0.0
0.0
0.0
0.0
0.0
0.0
0.0
0.0
3.74571
0.0
0.0
0.419948
0.0
0.0
0.0
0.0
0.568515
0.0
0.0
4.24227
0.0
0.0
0.0
0.0
0.0
0.0
0.0
1.73596
0.0
1.48246
0.0
0.0
2.78125
0.0
0.0
0.0
3.73507
4.74182
0.0
0.0
0.0
0.0
0.0
0.0
0.106396
0.0
1.12495
0.0
0.0
0.0
0.0
0.0
0.0
0.0
0.0
0.0
0.0
0.0
0.0
0.0
0.0
0.0
0.569193
0.0
0.0
0.0
0.0
2.48163
0.0
0.0
0.0
0.0
0.0
0.0
1.55855
0.0
0.0
0.0
0.0
0.0
0.0
0.280496
0.0
0.967201
9.12388
0.0
0.0
0.0
0.0
0.0
3.67032
0.0
0.622385
0.0
0.0
0.0
0.69308
0.401531
0.0
0.0
2.60743
0.0
0.0
2.23948
0.0
0.0
0.0
0.0
0.0
0.866379
0.0
0.0
0.0
0.0
0.0
0.0
0.0
0.0
2.53019
0.0
0.00943285
0.0
0.0
0.0
0.0
2.03946
0.0
0.0
0.0
0.0
2.07185
0.0
0.0
0.0
0.0
0.0
0.0
0.0
0.0
0.0
0.056579
0.4883
2.1559
0.0
2.67727
0.0
0.0
0.0
0.0
0.0
0.0
0.0
0.0
0.0
0.0
0.0
7.2062
0.0
0.0
1.58194
0.0
0.0
0.0
0.0
0.0
0.0
0.0
0.0
0.0
0.45541
0.310626
0.225595
0.0
0.0
5.51851
0.0
0.0
0.0
0.0
0.0
0.296552
0.0
0.603515
0.0
2.30816
0.0
0.804599
0.0
0.0
0.0
0.0
0.0
0.0
0.0
0.0
0.0
0.0
0.0
0.0
0.0
0.0
0.0
0.0
0.117765
0.0
0.0
0.0
0.0
0.0
3.08695
0.03103
1.65654
0.0
0.0
0.0
0.0
0.0
0.0
0.0
0.167852
0.0
0.0
0.0
3.51098
0.0
0.0
0.0
0.0
0.0
0.0
0.0
0.0
0.0
0.0
0.0
0.0
1.16316
0.0
0.0
0.0
0.0
0.0
3.51689
0.0
1.13647
0.0
0.0
0.0
0.0
0.0
3.61669
0.0
0.0
0.0
0.0
0.0
1.46035
0.0
0.0
0.0
0.0
1.85883
2.48829
0.0
0.0
0.0
0.0
0.216551
0.0
0.0
0.0
0.0
0.0452442
0.0
0.0
0.0
0.0
0.0
0.0
0.0
0.0
0.0
0.0
0.0
0.861299
0.0
0.0
0.0
0.0
0.0
0.0
0.0
0.0
0.0
0.0
0.0
0.0
0.788771
0.0
0.0
0.0
0.0
0.0
0.0
0.0
0.0
0.0
0.0
0.0
0.0
0.0
0.0
0.0
0.0
4.26938
1.15369
0.754687
0.0
0.0
0.0
0.0
0.0
0.0
0.0
0.0
0.0
0.0
0.814682
0.0
0.0
0.0
5.0613
0.0
1.27201
0.0
0.444266
0.0
0.0
0.0
0.0
0.0
0.0
0.0
0.0
0.0
0.0
0.0
0.0
0.0
0.0
0.0
0.0
1.08371
0.0
0.0
0.0
0.0
0.82308
0.0
1.37054
0.0
0.0
0.0
0.0
0.0
0.0
0.0
0.0
0.0
0.0
3.40963
0.0
0.24273
1.80718
0.0
0.0
1.43197
0.0
0.0
0.503091
0.0
0.0
0.0
0.0
0.0
0.0
0.0
0.0
0.0
0.0
0.0
0.0
0.0
0.0
0.0
2.61714
0.0
0.0
0.310153
0.140997
0.0
0.0
0.0
0.0
0.0
0.0
0.0
0.0
2.31803
0.0
0.0
0.0
0.0
0.0
0.0
0.0
0.0
0.0
0.0
0.0
0.0
0.0
0.0
0.0
0.0
0.0
0.0
0.0
1.1378
0.0
0.0
0.0
0.0
0.0
1.36305
1.30393
0.0
0.0
0.796219
0.0
0.0
0.0
0.0
0.0
0.0
0.0
0.0
0.0
0.0
0.0
0.0
0.0
0.0
0.0
0.0
0.0
0.0
0.0
0.0
0.0
0.0
0.0
0.0
0.0
0.890987
0.0
0.0
0.0
0.0
0.0
0.0
0.0
0.120829
0.711089
0.0
0.0
0.0
0.0
0.0
0.0
0.0
0.0411827
0.0
0.0
0.0
0.648231
0.0
0.0
0.0
0.0
0.0
0.0
0.0
0.0
0.0
0.0
0.0
0.0
0.0
0.0
0.0
0.0
3.15395
3.55961
0.0
0.0
0.0
0.0
0.648417
0.0
3.65415
0.0
0.0
0.0
0.0
0.0229012
0.0
0.0
0.0
0.0
0.0
0.0
4.24413
0.0
0.0
0.0
0.0
0.0
0.0
0.0564163
0.0
0.0
0.544759
3.33285
3.26863
1.02847
2.35461
0.0
2.38141
1.74581
0.0
0.0
0.0
3.43542
0.0
0.0
0.0
0.0
0.0
1.32651
0.0
0.0
0.0
0.0
0.0
0.0
1.3431
0.0
0.0
0.0
0.0
0.0
0.0
0.0
0.0
0.0
0.0
0.0
0.0
0.0
0.0
0.194294
0.479275
0.0
0.0
0.0
5.49049
0.0
0.0
0.0
0.0
0.0
0.31795
0.119782
0.0
0.0
0.0
0.0
0.0
0.0
0.0
1.07011
0.0
0.0
0.0
0.991467
0.0
0.0
0.0
0.0
0.888079
0.0
0.0
0.0
0.0
0.0
0.0
0.0
0.0
0.0
0.0
0.0
0.0
0.0
0.0
0.0
0.0
0.0
0.0
0.0
0.0
0.0
0.0
0.0
0.0
2.50846
0.0
0.0
0.0
0.0
2.51315
3.09044
2.48821
2.41133
0.0
0.0
0.0
0.0
0.0
0.553755
0.0
0.0
0.0
0.563521
0.0
0.860976
0.0
0.0
0.0
0.0
0.0
0.0
0.0
0.0
0.0
0.0
0.400747
0.0
0.0
0.0
0.0
0.0
0.0
0.0
0.0
0.0
0.0
0.0
0.0
0.0
0.0
0.0
0.0
0.0
0.0
0.0
0.0
0.0
0.397311
0.0
0.0
0.0
0.0
0.0
0.0
0.0
0.0
0.0
0.0
0.0
0.0
0.0
0.0
0.0
0.0
0.0
0.0
0.0
0.0
2.11515
0.0
0.0
0.0
0.0
0.0
0.0
0.0
1.06103
0.0
0.0
0.0
0.0
0.0
0.0
0.0
0.0
0.0
0.0
0.0
0.0
0.0
0.0
0.0
3.5171
0.0
0.0
0.0
0.0
0.0
3.98106
0.0
0.0
0.0
0.0
3.05881
0.0
0.0
0.0
0.0
0.0
0.0
3.78756
0.0
0.0
0.0
0.0
0.182024
0.0
0.0
0.247525
0.0
0.0
1.10093
0.64878
0.0
0.0
0.0
0.0
1.66769
0.0169345
0.881458
0.0
0.0
0.0
0.0
0.0
0.0
0.0
0.0
0.0
0.0
0.0
0.0
0.0
0.0
0.0
0.0
0.0
0.0
0.0
0.0
0.0
2.58883
0.0
0.0
1.37905
0.0
0.180354
0.0
0.0
0.0
1.05196
0.492661
0.952379
0.0
0.0
0.0
0.0
0.352645
0.0
0.0
1.00438
0.0
0.955141
0.0
0.0
0.0
0.0
0.0
0.0
0.564032
0.0
0.0
0.0
0.277398
0.0
0.0
0.0
0.0
0.0
0.0
0.0
0.0
0.395394
0.0
0.0
0.0
0.0
0.233275
0.0
0.325942
0.0
0.0
0.0
0.656555
0.0
0.0
3.87754
0.0
3.2382
1.42464
0.0
2.65076
0.0
2.33467
0.0
0.0
1.22941
0.0
0.685508
0.0
0.0
0.0
0.0
0.0
0.0
0.0
2.44336
0.0
0.235286
1.77146
0.0
1.19136
0.0
0.0513899
4.92685
1.88867
0.0
0.0
0.0
0.0
0.0
2.59118
0.0
0.0
0.0
3.20577
0.13321
0.0
0.0
0.0
0.754825
0.0
0.0
0.0
0.0
0.0
0.0
0.8311
0.0
0.0
0.0
0.0
0.0
0.0
0.0
3.18122
0.572241
0.0
0.344667
0.0
0.0
0.0
0.0
0.0
0.0
0.0
0.0
1.06484
0.868639
0.0
2.10881
0.396291
0.0
0.0
0.0
0.0
0.0
0.0
0.0
0.0
3.94191
0.0
0.0
0.0
0.0
0.0
0.0
0.0
1.22359
0.0
0.0
0.0
3.4083
0.0
0.0
0.0
0.0
3.83962
0.0
0.0
0.0
0.0
0.0
0.0
0.0
2.60748
0.0
0.0
0.0
0.0
0.0
0.0
2.79644
0.0
0.0
0.0
0.0
0.0
6.29308
0.0
0.0
0.0
0.0
0.0
0.0
0.0
0.0
1.89805
0.0
0.0
0.0
0.0
0.0
0.0
0.0
0.0
1.94255
0.0
0.0
0.0
0.0
0.0
0.0
0.918866
0.0
1.45841
0.0
0.0
0.0
0.0
0.0
0.760185
4.76031
0.0
0.0
0.0
0.0
0.0
0.0
0.0
7.77055
0.0
0.165868
0.0
0.0
0.0
0.0
0.0
0.0
0.0
1.87239
0.0
0.0
0.0
0.0
2.96516
0.0
0.0
0.0
0.0
0.783794
0.0
0.0
0.0
0.0
0.509188
0.0
1.7941
0.0
0.0
0.0
1.04956
1.6164
0.0
0.0
0.226596
0.0
0.0
0.0
0.0
0.238171
0.0
0.0
0.0
0.0
0.0
0.0
0.0
0.0
0.0
0.200771
0.0
0.0
0.0
0.0
0.0
0.0
0.0
1.40793
0.0
0.0
0.0
0.0
0.556102
0.0
0.0
0.0
0.0
0.0
0.0
0.0
0.0
0.0
0.0
0.0
7.25041
0.0
0.0
0.0
0.0
2.08536
0.0
0.0
0.0
0.0
0.0
0.0
0.0
0.0
0.0
0.0
0.0
0.0
0.0
0.0
0.202174
0.0
0.947713
0.0
0.0
0.0
2.71579
0.0
0.0
0.958316
0.0
0.0
0.0
0.0
0.0
0.0
0.0
0.0
0.0
0.0
0.0
0.0
0.0
0.0
0.0
0.0
0.0
0.169807
0.0
0.307487
0.0
0.0
2.28881
0.0
0.384984
0.0
0.0
0.513996
0.0
0.276991
0.0
4.00252
0.0
0.0
0.0
0.0
0.0
0.0
0.0
0.0
0.0
0.0
0.0
0.0
0.0
0.0
0.0
0.0
0.0
0.0
0.222339
0.0
4.68458
0.0
0.0
1.26562
0.0
0.0
0.0
0.0
0.0
0.0
0.0
0.0
1.87982
0.0
0.0
0.0
0.0
0.0
0.0
0.0
0.0
0.0
0.0
0.0
0.0
1.31679
0.0
0.0
0.0
0.0
0.0
0.0
0.0
2.61147
0.0
2.037
0.0
0.410495
0.305358
0.0
0.0
0.0
5.22633
0.0
0.161428
0.0
0.0
0.0
0.0
0.0
0.0
0.0
0.0
1.14772
0.0
0.0
0.0
0.0
0.948543
0.0
0.0
0.0
0.0
0.0
0.0
0.0
1.11008
1.95402
0.523882
0.68378
0.0
0.0
0.0
4.90956
0.0
0.0
0.0
0.0
0.0
0.0
0.0
0.0
0.0
0.0
0.0
0.0
0.0
0.0
0.722467
0.0
0.0
0.0
1.05851
0.0
2.65108
0.0
0.592659
0.681901
0.112866
0.0
0.0
3.99938
0.0
0.0
0.0
0.0
0.0
0.0
2.74368
0.0
0.0
0.0
0.673841
0.0
0.0
0.0
0.0
0.0
1.12197
0.0
0.0
0.0
0.983887
0.0
0.0
0.0
4.07158
5.15204
1.37195
0.0
0.0
0.0
0.0
0.0
0.0
0.0
0.0
0.0
0.0
0.0
0.0
0.0
0.0
0.0
0.574028
0.0
0.0
0.0
0.0
0.0
0.0
0.0
0.0
0.0
0.0
0.0
2.33745
0.0
0.436268
0.0
0.0
0.0
0.0
0.0
0.0
0.0
0.0
3.77358
2.5924
0.0
0.0
0.0
0.0
0.0
0.0
0.0
0.0
0.0
0.0
0.0
0.0
0.0
0.0
0.0
0.0
0.0
0.0
0.0
0.0
0.0
0.144052
0.0
0.0
0.0
0.0
0.0
0.0
0.0
0.0
0.0
0.0
0.377766
0.0
0.0
0.0
0.0
0.0
0.0
0.0
0.0
0.0
0.0
0.0
0.0
0.0
0.0102236
0.0
2.97045
0.0
0.0
0.0
0.0
0.0
0.0
0.140108
0.0
0.0
0.0
0.0
0.0
0.0
0.0
0.0
0.0
0.0
0.0
3.20238
0.0
2.39235
0.0
0.0
0.0
0.0
0.0
0.0
0.0
0.0
0.0463533
0.0
0.483296
0.0
0.0
0.0
0.0
0.0
0.0
0.0
0.885415
0.0
0.0
0.0
0.0
0.0
0.0
0.0
0.0
0.0
0.0
0.0
0.204869
0.0
0.0
0.0
0.0
0.0
0.0
0.0
0.0
0.0
0.0
0.0
0.0
0.0
0.0
0.0
0.0
0.0
0.0
0.0
0.0
0.0
0.0
0.148364
0.0
0.465045
0.0
0.0
0.0126483
0.676018
0.0
0.0
0.0
0.0
0.0
0.0
0.0
0.199707
0.0
0.0
0.0
0.0
0.0
0.370856
0.0
0.0
0.0
0.0
0.0
0.0
0.0
0.0
0.0
0.0
0.0
0.0
0.0
0.0
0.0
0.0
0.0
0.0
0.0
0.0
0.233926
0.0
0.0
0.0
0.0
0.0
1.95133
1.29221
0.0
2.07814
0.14926
0.0
0.0
0.0
0.0
0.0
0.0
0.0
0.0
0.0
0.312684
0.0
0.0
0.0
0.0
0.902738
0.0
0.0
0.0
0.0
0.0
1.62006
0.0
0.0
0.0
0.0
0.0
0.0
0.0
0.0
4.32529
0.0
0.0
0.0
3.86179
0.0
0.0
0.0
0.0
0.0
0.0
0.0
0.0
0.0
0.0
0.0
1.14855
0.0
0.0
0.0
0.170035
0.0
0.0
0.0
0.280996
0.172139
1.28646
0.286539
0.0
0.0
0.0
0.0
0.0
0.0
4.30072
3.07675
0.0
0.0
0.0
3.15981
0.0
0.0
0.0
0.0
0.0
0.0
5.29742
0.0
0.0
0.0
0.0
0.0
0.0
0.0
0.0
0.0
0.0
2.98215
0.0
1.5501
1.65908
0.0
0.990992
0.0
0.0
0.688331
0.0
0.0
0.0
0.0
0.0
0.0
0.0
0.0
2.37465
0.0
0.0
0.0
0.0
0.0
0.0
0.0
0.38883
0.0
1.16169
0.0
0.0
0.0
0.0
0.0
0.0
0.0
0.0
0.0
4.6033
0.0
0.0
0.0
0.0
0.0
0.0
0.0
0.0
0.0
0.0
0.0
0.0
0.0
0.0
0.0
0.0
0.850396
3.9895
0.0
2.16587
1.22598
0.0
0.0
3.17707
0.0
0.0
0.776149
0.0
1.24111
0.0
0.0
0.0
0.996365
0.0
0.0
0.0
0.0
0.0
0.0
1.14577
0.0
0.0
0.0
0.0
0.0
0.0
0.0
0.0
0.0
0.0
0.0
0.0
0.0
0.0
0.0
0.0
2.2516
0.0
0.0
0.387803
0.0
0.704298
0.0
0.0
0.0
0.0
2.84632
0.367189
0.0
0.0
0.0
0.0
0.0
0.0
0.0
0.0
0.0
0.991373
0.0
2.47944
5.88145
0.0
0.0
0.0
0.0
0.0
1.23499
0.0
0.0
0.179838
0.0
0.0
0.0
0.0
0.630616
0.0
0.0
0.0
0.0
0.0
0.0
0.215684
0.0
0.370043
0.0
0.0
0.0
0.387651
5.14564
0.0
0.0
0.606314
0.0
0.0
0.0
2.91312
0.0
0.0
0.0
0.0
0.0
0.0
0.0
0.0
0.0
0.290525
0.00718501
0.0
0.0
0.0
0.0
0.0
0.0
0.0
0.551262
0.0
0.0
0.0
0.0
0.0
0.0
0.0
0.0
0.0
0.0
0.0
1.61878
0.0
0.0
0.0
0.0
0.0
0.0
0.0
0.0
0.666204
0.0
0.0
0.0
2.1998
1.46133
0.823623
0.0
0.0
0.0
0.0
0.0
0.0
0.0
0.0
0.0
0.0
0.0
0.0
0.0
0.0
0.0
0.0
1.20182
0.0
0.0
0.0
0.536243
0.0
0.0
0.0
0.0
0.0
0.0
0.0
0.0
0.0
0.0
0.0
0.0
4.66219
0.0
0.0
0.0
0.0
0.0
0.0
0.0
0.0
0.0
0.421967
0.0
0.0
0.0
0.0
0.0
0.0
0.0
0.0
0.0
0.0
0.0
0.466559
0.0
3.87953
0.0
2.47801
0.0
0.0
0.0
0.0
0.878192
0.0
0.0
0.0
0.0
0.0
0.0
0.0
0.0
0.0
1.08304
0.0
0.0
0.0
0.0
0.0
0.0
0.0
0.724579
0.0
0.0
0.0
0.0
0.0
0.0
0.0
0.0
0.155889
0.0
0.0
0.0
0.0
0.0
0.0
0.0
0.0
0.0
0.0
0.0
0.0
0.0
0.0
0.0
0.0
0.0
0.0
0.0
0.0
0.0
0.0
0.0
0.0
0.0
0.0
1.81746
0.0
0.0
0.0755095
0.0
0.0
0.0
0.0
0.0
0.0
0.0
0.0
2.31104
0.0
0.327965
0.0
0.140313
0.0
0.894503
0.0
0.0
0.0
0.0
0.0
0.0
0.0
0.0
0.0
1.30177
0.0
0.0
4.83579
0.0
0.0
0.0
0.0
0.0
0.525979
0.0
0.0
0.0
1.1571
0.387744
0.0
0.0
0.307078
0.0
0.0
0.0
0.56178
0.0
0.0
0.0
0.0
0.0
0.0
0.0
0.0
0.0
0.0
0.0
0.0
0.219645
0.0
0.0
0.0
0.0
2.35439
0.0
0.0
0.0
0.0
0.0
0.0
0.0
0.358439
0.0
0.0
0.0
0.0
0.0
0.0
0.0
0.0
0.0
0.0
0.0
2.53246
0.0
2.87002
0.0
0.0
0.0
0.0
0.256996
0.0
0.0
0.0
1.05804
0.0
0.0
0.0
0.0
0.0
0.0
0.0
0.0
0.0
0.0
0.0
0.0
0.0
0.0
0.0
3.11648
0.0
0.0
0.0
0.0
0.0
0.0
0.0
0.0
0.0
0.0
0.466116
0.0
0.0
0.0
0.0
0.641426
0.620916
0.0
0.0
0.0
0.0
0.0
0.0
0.0
1.27379
0.644018
0.0
0.0
0.0
0.0
0.0
0.0
1.35166
2.81658
0.0
0.0
0.0
0.0
0.0
0.0
0.0
0.0
0.0
0.0
0.0
0.0
1.02606
0.0
0.0
0.0
0.0
0.0
0.0
0.0
0.0
0.0
0.0
0.0
1.45261
0.0
0.0
0.0
0.0
0.0
0.0
0.149863
0.0958835
0.0
0.0
0.0
3.78667
0.0
0.73527
0.0
0.0
0.0
0.0
0.0
0.0
0.0
0.0
0.0
2.13798
0.210979
0.656419
0.0
0.0
0.0
0.0
0.0
0.0
0.0
0.0
0.0
2.74884
0.0
0.0
0.0
0.0
0.0
0.0
0.0
0.0
0.0
0.0
0.0
0.0
2.22989
0.0
0.0
0.0
0.0
0.468415
0.0
1.14537
0.0
0.365851
1.56534
0.0
0.0
0.0
0.0
0.0
0.0
0.0
0.0
0.209205
0.0
0.0
0.0
0.182176
0.0
0.0
0.0
0.0
0.0
0.0
0.0
0.0
0.0
0.0
0.0
0.0
0.0
0.0
0.0
0.0
0.0
1.22646
0.0
0.0
0.0
0.0
0.0
0.0
0.0
1.15211
0.525471
0.0
0.0
0.0
0.0
0.0
3.65207
0.2822
0.0
0.0
0.656919
0.0
0.0
0.178387
0.0
0.0
0.0
0.0
0.0
0.0
0.0
0.0
0.747934
0.0
0.0
1.25084
0.0
0.0
0.0
1.96669
0.0
0.0
0.0
0.0
0.0
0.0
0.0
0.0
0.0
0.0
1.43331
0.0
2.70816
0.0
1.66379
0.0
0.365022
0.0
0.0
0.0
0.0
0.0
0.0
0.0
0.0
0.0
0.279838
0.0
0.0
0.0
0.0
0.0
0.0
1.37277
0.0
0.0
0.0
0.0
0.0
0.0
0.0
0.0
0.0
0.0
1.36885
0.0
0.464743
0.0
0.0
0.0
0.0
2.44643
0.0
10.666
0.0
0.0
0.0
0.0
0.0
0.292456
0.0
0.0
0.0
0.0
0.0
0.0
0.0
0.0
1.12348
0.0
0.0
0.0
0.0
0.0
0.0
0.0
0.0
0.0
0.0
0.0
0.0
0.0
0.0
0.0
0.0
0.0
0.0
0.0
0.0
1.69224
0.0
0.0
0.0
0.0
0.0
0.0
3.37213
0.0
0.0
0.0
0.0
4.85625
4.29267
0.0
0.0
0.0
0.122664
0.0
0.0
0.0
0.0
0.0
0.0
0.0
0.0
0.0
0.0
0.0
0.0
0.0
0.0
0.0
0.0
0.0
0.0
0.0
0.0
0.0
3.49036
0.0
1.5246
0.938354
0.0
0.0
0.0
0.0
0.0
0.0
0.0
0.844856
0.0
0.0
0.0
0.0
0.0
0.0
0.0
0.0
0.0
0.0
0.195445
0.0
2.12649
0.0
0.0
1.43823
0.0
0.0
0.0
0.0
0.0
0.00539494
0.0
0.0
0.0
0.0
0.0
0.0
0.0
0.0
0.0
0.0
0.0
0.0
1.07276
0.0
0.0
0.0
0.0
0.0
0.0
0.0
1.11554
0.0
0.0
0.0
0.0
0.0
0.0
0.347096
0.0
0.0
0.0
0.0
0.0
1.08816
0.0
0.0
1.16897
0.0
0.0
0.0
1.09152
0.0
0.560791
0.0
0.0
0.0
0.0
0.0
0.0
0.0
0.0
0.0
0.0
0.0
0.0
0.0
0.0
2.74279
0.0
0.0
0.028189
0.0
0.0
2.93212
0.0
0.0
0.0
0.0
0.0
0.0
0.705761
0.770395
0.0
0.0
0.0
0.0
0.0
0.229836
0.0
0.0
0.0
0.0
4.6885
1.84534
0.0
0.0
0.0
0.0
0.0
0.0
0.0
0.0
0.417411
0.0
0.0
0.0
0.0
0.389045
0.0
0.290193
0.0
0.0
0.0
0.0
4.13652
0.0
0.0
0.0
0.0
0.0
0.0
0.0
0.0
0.813773
0.0
0.0
0.0
2.64286
0.0
0.0
0.0
0.0
0.0
0.0
0.0
2.06334
0.0
0.0
0.0
0.0
0.0
1.69445
0.712394
0.0
0.0
0.0
0.0
1.36344
0.0
0.379154
0.0
0.0
0.0
0.0
0.0
0.0
0.0
0.0
0.0
1.41995
0.682342
0.0
0.0
0.0
0.0
0.51128
0.0
0.0
1.04701
5.96476
0.0
1.85816
0.0
2.03403
0.0
2.16785
0.0
0.0
0.0
0.0
0.0
0.0
0.0
0.0
0.0
0.898339
0.0
0.992772
0.0
1.93675
0.0
0.0
0.0
0.464343
0.0
0.0
0.0
2.98913
0.070673
2.92849
0.0
0.0
0.0
0.0
1.93596
0.0
0.0
0.0
2.6724
0.0
0.0
0.0
0.0
0.0
0.0
0.0
0.0777627
0.0
0.07001
1.16291
0.0
2.78717
0.0
0.0
0.0
0.0
0.0
0.0
0.0
0.0
0.0
0.400275
0.0
0.0
0.0
0.0
1.17126
0.0
0.0
0.0
0.0
0.0
4.19777
0.0
0.0
0.0
0.0
0.662874
0.0
0.0
0.0
0.0
4.8634
1.17382
0.0
0.0
0.0
2.52226
0.0
0.0
0.0
0.0
2.77647
0.0
0.0
1.85105
0.0
0.0
0.0
0.0
0.189985
0.0
0.0
0.0
0.0
0.0
3.9055
0.118464
0.0
0.0
0.0
0.0
0.0
0.0
2.24639
0.0
0.0
0.0
0.0
0.0
0.0
0.0
2.24097
0.0
0.0
0.0
0.0
4.60798
1.67819
0.0
1.44858
0.0
0.0
0.0
4.02391
0.0
0.662695
0.0
0.0
0.0
0.0
0.835731
0.340135
0.0
3.15693
0.0
2.22683
0.128508
0.181073
0.0
0.0
2.65518
0.0
0.0
0.0
0.0
0.0
0.0
0.0
0.743727
0.0
0.0
0.0
0.0
0.0
0.0
0.0
0.0
0.0
0.0
0.0
0.0
0.0
0.0
0.0
0.0
0.0
0.0
2.96389
0.0290134
0.0
0.0
0.0
0.0
0.0
0.0
0.0861967
0.0
0.0
0.0
0.0
0.0
0.0
0.0
1.47711
0.0
0.0
0.0
0.0
2.2138
0.0
0.0
0.0
1.48249
0.0
0.0
0.905506
0.0
1.03172
0.0
0.0
0.0
0.0
0.0
2.01977
0.0
0.0
0.0
4.64379
0.0
0.0
0.0
0.0
0.0
0.0
0.0
0.0
0.0
0.0
0.0
0.0
0.0
0.0
0.0
0.0
0.0
0.0
0.562594
0.0
2.03229
0.0
0.0
0.0
0.0
0.0
0.0
0.0137907
0.0
0.643269
0.0
0.0
1.50848
0.0
0.0
0.0469448
0.0
0.0
0.0
0.0
0.0
1.0546
0.0
0.491247
0.0
0.834885
0.0
0.0
0.0
0.0
2.03211
0.0
2.56479
0.0
0.0
0.0390292
0.0
0.0
0.0
0.733671
0.0
0.0
0.0
0.0458085
0.0
0.0
0.0
0.0
0.0
0.0
1.07856
0.0
6.35908
0.611172
0.0
0.0
0.0
0.0
0.0
0.0
0.0
0.0
0.0
0.0
0.0
0.21294
0.802289
2.78861
0.0
0.0
0.0
0.855838
0.0
0.0
0.0
0.0
0.0
0.0
0.0
0.0
0.0
0.0
0.0
0.0
0.0
0.0
0.0
0.0
0.0
0.297622
0.0
0.0
0.0
0.0
0.0
0.0
0.0
0.0
0.0
0.0
0.0
0.0
0.0
0.0
0.0
0.0
0.0
0.0
3.18453
0.0
0.0
0.0
0.0
0.0
0.0
0.0
0.0
0.0
0.0
0.719526
0.0
0.0
0.0
0.0
0.0
0.0
1.69134
0.0
0.0
3.02617
0.0
0.0
1.98342
0.0
0.0
0.0
0.0
0.0
2.89408
0.0
0.0
0.0
0.131887
1.01408
0.0
0.0
0.0
0.0
0.0
0.0
0.0
0.0
0.0
0.0
0.0
0.0
0.0
0.0
1.1565
0.0
0.0
0.0
1.69043
0.0
0.0
0.0
0.0
0.0
0.0
0.0
5.39457
0.0
0.0
0.0
0.0
0.0
0.0
0.334853
0.0
0.0
0.0
0.0
0.0
0.0
0.0
0.0
1.642
0.0
0.0
0.0
0.0
0.0
