0.0
0.0
0.252158
0.0
3.06849
0.0
0.0
0.0
0.0
0.512425
0.0
0.0
0.0
0.0
0.0
0.0
0.0
0.0
0.147148
0.0
0.0
0.5467
0.0
0.0
0.0
0.0
0.0
0.0
0.0
0.0
0.0
3.16371
0.0
1.37156
0.0
0.0
0.0
0.0
0.0
0.0
0.0
0.0
5.16381
0.0
0.0
2.70636
0.0
0.123812
0.0
0.0
0.0
0.0
0.0
0.0
0.787924
0.0
0.0
0.0
0.0
0.0
2.93161
0.0
0.0
1.44427
0.0
0.0
0.0
0.0
8.32535
0.0
0.0
0.0
0.0
0.0
0.0
0.0
0.0
0.0
0.0
0.0
0.0
0.0
0.0
0.0
0.0
0.0
0.0
0.0
1.64134
0.0
0.0
0.0
0.0
0.0
0.0
0.0
0.0
0.0
0.0
0.0
0.0
0.0
1.54162
0.0
0.0
2.12664
0.0
0.0
0.0
0.731783
0.0
0.0
0.0
0.742396
0.0
0.0
0.0
2.14482
0.758896
0.0
2.68359
0.0
0.0
0.0
0.0
0.0
0.0
6.17238
1.50224
0.0
0.0
0.0
0.0
0.0
2.81357
0.0
0.0
0.0
2.89448
0.0
0.0
0.0
0.0
0.0
0.0
0.0
0.0
0.0
4.10212
0.0
0.0
0.0
0.0
0.0
0.0
0.0
0.0
1.87177
0.0
0.0
0.0
0.0
0.0
0.0
0.0
0.0
0.0
0.0
1.63647
0.82471
0.0
0.0
2.72953
0.0
0.0
0.0
0.0
0.0
0.0
0.0
1.37835
0.0
0.0
0.0
0.0
0.0
0.0
0.0
0.0
3.52278
0.489909
0.0
2.30992
0.0
0.0
0.0
0.0
0.0
0.0
0.0
0.0
1.74564
0.0
0.0
0.0
0.0
0.0
0.0
0.0
0.0
0.0
0.0
0.0
0.0
1.50359
0.0
0.0
0.0
0.0
2.78862
0.0
1.04995
0.0
0.0
0.0
0.0
0.0
0.0
0.0
0.0
0.0
0.0
0.0
0.0
0.0
0.0
0.0
0.0
0.0
0.0
0.0
0.0
2.62481
0.0
0.0
0.0
0.0
2.67372
0.0
0.0
0.149035
0.0
0.0
0.0
0.0
0.0
0.0
0.0
0.0
0.0
0.0
0.0
1.60384
0.0
0.0
0.0
2.84812
0.0
0.0
0.504285
0.0
0.521876
0.0
0.0
0.0
0.0
6.25779
0.0
0.0
0.0
0.0
0.0
0.651163
5.49073
0.0
0.0
0.0
0.0
0.0
0.0
0.0
0.0
0.0
0.0
0.0
0.0
0.0
0.0
0.0
0.0
0.0
5.64714
0.0
0.0
0.0
0.0
0.0
0.0
0.0
0.0
0.0
0.0
0.0
0.0
0.0
0.0
0.0
0.0
0.0
0.0
0.0
0.0
0.0
0.0
0.0
0.0
1.70672
0.0
0.0
0.0
0.0
0.0
0.0
0.109742
0.75168
0.0
0.0
0.0
0.0
0.0
0.0
0.277166
0.0
0.0
0.0
1.38165
0.0
0.0
0.0
0.0
0.0
0.0
0.0
0.0
0.0
0.0
0.0
0.0
0.0
0.0
0.0
0.0
0.0
0.0
0.0
0.0
0.0
0.0
0.0
0.0
0.0
0.0
0.0
0.0
0.0
0.0
0.0
0.0
0.0
0.0
0.0
0.0
0.0
0.652945
0.0
0.0
0.0
3.51048
0.0
0.0
0.0
2.02042
0.0
0.0
0.0
0.0
5.75641
0.0
0.0
0.0
0.0
0.0
0.0
0.0
1.43173
0.0
1.38633
0.0
0.0
0.0
0.0
0.0
0.0
0.0
4.40022
0.0
0.0
0.0
0.0
0.96676
0.0
0.0
0.0
0.0
0.0
0.0
0.0
0.0
0.0
0.0
1.89688
0.0
0.0
0.0
0.0
0.0
0.0
0.0
0.0
0.0
0.0
2.02342
0.0
0.0
0.0
0.774552
0.0
0.0
0.0
0.0
0.0
0.0
0.0
1.26126
0.0
0.0
0.0
0.0
0.0
2.56594
0.0
4.55676
0.0555712
0.0
0.0
5.2094
3.39016
0.0
0.631131
3.63433
0.0
2.0842
0.0
0.0
0.0
2.89737
0.0
0.0
0.0
0.0
0.0
0.0
0.0
2.61199
0.0
0.0
0.0
0.419578
0.0
0.0
0.0
0.0
0.0
0.0
0.0
0.0
2.03986
0.692668
4.85903
1.14664
0.0
0.0
0.0
0.0
0.0
0.0
0.0
0.0
0.0
0.0
0.0
0.0
0.0
0.0
2.03573
0.0
0.0
0.0
0.0
0.0
0.0
0.0
0.0
0.0
0.538189
0.772254
0.0
0.0
0.0
0.0
0.0
0.0
2.89973
1.98965
0.0
0.0
4.98767
0.0
0.329538
1.18122
0.0
0.0
0.0
5.67269
0.0
0.0
0.0
0.0
0.0
0.0
0.0
0.0932703
0.0
0.0
6.08232
0.0
0.0
0.0
0.0
0.0
0.0
0.0
0.0
0.0
0.0
0.0
0.0
0.0
0.0
0.0
0.0
0.0
0.0
4.38819
0.0
0.0
0.0
0.0
0.0
0.0
0.0
0.0
0.0
3.65235
0.199911
0.0
1.88702
2.19978
0.0
0.0
0.0
0.0
1.53954
0.0
0.0
0.0
0.0
0.0
0.0
0.0
0.0
0.0
0.0
2.28211
0.0
0.0
3.07035
0.0
0.0
0.0
0.0
0.0
0.0
0.0
0.0
0.0
0.0
0.0
0.0
0.0
4.81858
0.0
0.0
0.0
0.0
0.0
0.0
0.0
0.0
0.0
0.0
0.0
0.0
0.0
0.0
0.0
2.98861
0.0
0.0
0.0
0.0
0.0
0.0
4.76464
0.0
0.0
3.85674
0.0
0.0
0.0
0.0
0.0
0.0
0.0
0.0
0.0
0.0
0.0
0.0
0.0
0.0
1.51055
0.0
0.0
0.0
0.0731763
0.0
0.0
0.0
0.0
0.0
0.0
0.0
0.0
0.0
0.0
0.0
0.0
0.0
0.0
0.0
0.0
0.0
5.37084
0.0
0.0
0.0
0.0
0.0
0.0
0.0
0.0
0.0
0.0
0.0
0.0
0.0
0.0
0.0
3.13611
0.0
0.0
0.0
7.35557
0.0
0.0
0.0
1.30169
0.0
0.0
0.0
0.0
1.16835
0.0
0.0
0.0
0.0
0.0
0.0
0.0
0.0
0.0
0.0
0.0
4.12792
0.0
0.0
0.0
0.159431
0.0
0.0
0.113241
0.0
0.0
0.0
0.0
0.0
0.0
0.247039
0.0
0.0
0.0
0.0
0.0
0.0
0.0
0.0
0.0
0.0
0.0
0.0
0.0
0.0
0.0
0.0
0.0
0.0
3.84647
0.0
2.01975
4.40687
2.03355
0.0
0.0
0.0
0.0
0.0
0.0
0.0
0.589349
0.0
0.0
0.0
7.5002
0.0
0.0
0.0
1.51444
0.0
5.98821
0.0
0.0
0.0
0.0
0.0
0.0
0.0
0.0
0.0
0.0
0.0
0.0
0.0
0.0
0.0
0.0
0.0
0.0
3.00649
4.16754
0.0
0.0
0.0
3.28937
0.0
0.0
0.0
0.0
0.0
0.0
0.0
0.0
0.0
0.0
0.0
0.0
5.47494
0.0
0.0
0.0
0.0
0.0
0.0
0.0
0.0
0.885112
0.0
0.0
0.0
0.0
0.0
0.0
0.0
0.0
0.0
0.0
0.0
0.0
0.0
0.0
0.0
0.0
0.0
0.0
5.07666
0.250137
0.0
0.0
1.58864
0.0
0.0
0.0
0.0
0.0
0.0
0.0
0.0
0.0
0.0
0.0
0.0
0.0
0.0
0.0
0.0
0.0
0.0759398
1.12529
0.0
0.0
1.05534
0.0
0.0
0.0
0.0
0.0
0.313791
0.0
0.0
3.78076
0.0
0.389563
0.0
0.0
0.0
0.0
0.0
0.0
0.0
0.0
0.0
3.27532
0.0
0.0
4.12437
0.0
1.26724
0.0
0.0
0.0
0.0
0.0
0.0
0.377956
0.0
0.0
0.0
0.0
6.31382
0.856708
0.0
0.0
0.0
0.0
0.0
0.0
0.0
0.0
0.0
0.0
0.0
0.0
0.0
0.0
0.0
0.0
0.0
0.0
0.0
0.171649
0.0
0.0
0.0
0.0
0.0
0.0
0.0
0.0
0.0
0.0
0.0
0.0
0.0
1.47721
0.0
0.0
0.0
0.0
0.0
1.97854
0.0
8.2164
0.0
2.60075
0.0
0.0
0.0
0.0
0.0
1.04865
0.0
0.0
0.0
0.0
1.77487
0.0
0.0
0.841567
0.0
0.0
0.0
0.0
0.0
0.0
0.0
0.0
0.0
0.0
0.0
0.0
0.0
0.580895
0.0
0.0
0.0
3.65823
0.0
0.0
0.0
0.0
0.0
0.0
0.0
0.0
0.0
0.0
0.0
0.0
0.0
0.0
0.0
0.0
0.0
0.0
0.0
0.0
0.0
0.0
0.0
0.0
0.0
0.0
0.0
0.0
0.839126
0.145844
0.0
5.13518
0.0
0.0
2.30674
0.0
0.0
0.0
0.0
0.0
0.0
0.0
0.0445972
0.0
0.55439
0.0
0.0
0.0
0.0
0.0
0.0
0.0
0.0
0.0
0.0
0.0
0.0
2.31455
0.0
0.0
0.0
0.0
0.0
0.0
0.0
0.0
0.0
0.0
0.0
3.4175
0.0
0.0
0.0
0.0
0.0
0.0
0.0
0.170241
0.0
7.65311
1.1147
0.384802
3.8123
0.0
0.0
0.0
0.0
0.0
0.0
0.0
2.35771
0.0
0.0
0.0
0.0
0.0
0.0
0.0
0.0
0.0
0.0
0.0
0.0
0.0
0.0
0.0
0.0
0.0
0.0
0.0
0.0
9.96058
0.0
0.362767
0.0
0.0
0.0
0.0
0.0
0.0
0.0
1.43659
0.0
0.0
0.0
0.0
0.0
0.0
0.0
0.0
0.0
0.0
7.72439
0.0
0.0
0.0
0.0
0.0
0.0
2.95019
0.459471
0.0
2.47962
0.0
0.0
0.0
0.0
0.0
0.0
0.0
0.0
0.0
0.0
0.0
0.0
0.0
0.290719
5.91622
0.0
0.0
3.15392
0.92031
0.0
0.288712
0.503607
0.0
0.0
0.0
6.65033
0.0
0.0
0.0
0.0
0.0
0.0
0.0
3.70318
0.0
1.32731
0.0
0.0
4.21143
0.0
0.0
0.0
0.0
9.1082
0.0
0.0
0.0
0.0
0.0
0.0
2.51685
0.0
0.0
0.0
0.0
0.0
0.0
0.0
0.0
1.61514
0.0
0.0
0.0
0.0
0.0
0.0
0.0
0.0
0.0
0.0
0.0
0.0
0.0
0.0
0.0
0.0
0.0
4.99885
0.0
0.0
0.0
0.0
0.634496
0.0
0.0
0.0
0.0
4.61317
0.0
0.0
3.56143
0.0
1.506
0.0
0.0
0.616699
3.86837
0.0
0.0
0.0
0.0
0.0
2.11536
0.0
0.5088
0.0
0.0
0.0
0.0
2.29666
0.0
0.0
0.0
0.0
0.0
0.0
1.54115
0.0
0.0
0.0
0.0
0.0
0.0
0.0
3.53411
0.0
1.71353
0.429401
0.0
0.0
0.0
3.40173
0.0
0.0
0.0
0.0
0.0
0.0
0.0
0.0
0.0
0.0
0.0
0.0
0.0
0.0
0.0
0.0
1.26283
0.0
0.0259997
0.0
0.0
0.0
0.0
0.0
2.46621
0.0
0.0
0.0
0.0
0.0
8.75247
0.0
0.0
7.41681
0.0
0.0
0.0
0.872181
0.0
3.37572
0.0
0.0
0.0
3.11725
0.0
3.47197
0.0
0.0
2.49918
0.0
2.20078
0.0
0.0
0.0
0.0
0.0
0.0
0.0
0.0
0.0
0.0
0.0
0.0
0.0
0.0
0.0
0.0
0.0
0.0
0.0
0.0
0.0
0.679279
0.0
0.0851584
0.0
0.0
2.86779
0.0
0.0
1.5544
0.0
0.0
1.9334
0.0
0.0
2.90057
0.0
0.0
0.0
0.0
0.0
0.0
0.503548
0.0
0.387709
0.0
3.63534
0.0
0.0
0.0
0.0
0.0
0.0
0.0
0.0
0.0
0.0
0.0
2.86055
4.01215
0.0
0.0
0.0
0.0
1.56097
0.0
0.0
0.117392
0.0
0.0
0.0
0.0
0.0
0.0
1.98449
0.0
0.0
0.0
0.0
4.173
0.0
0.0
0.0
0.0
0.0
0.0
0.0
0.0
0.0
0.0
4.03796
0.0
0.0
5.23979
0.0
1.78162
2.01753
0.0
0.0
0.0
0.0
0.0
0.0
0.0
0.0
1.17135
0.0
0.0
0.0
0.490729
0.0
0.0
0.0
0.0
0.0
0.0
2.05606
0.0
0.0
0.0
0.0
0.0
0.0
0.0
0.0
0.0
0.0
0.0
0.0
0.0
0.0
0.0
0.0
0.0
0.0
0.0
0.0
0.94165
0.0
2.12017
0.0
0.0
0.0
0.0
0.0
0.0
0.0
0.0
0.0
0.0
2.80426
0.0
0.0
0.0
3.2076
0.0
1.8661
0.383139
0.0
0.0
0.0
0.0
0.0
0.0
0.0
0.0
0.0
0.0
0.0
0.0
0.0
0.0
0.0
0.0
0.0
0.0
0.0
0.0
0.0
0.0
0.0
0.0
3.36118
0.0
0.0
0.695343
0.0
0.0
0.0
0.0
0.0
0.0
0.0
1.37139
1.20425
0.0
0.0
0.0
0.0
0.0
0.0
0.0
4.97948
0.0
0.49001
0.0
0.0
0.526032
0.0
1.52724
0.0
0.0
0.0
0.0
0.0
0.0
0.0
0.0
0.247103
0.0
0.868543
0.0
0.0
0.0
0.0
0.0
0.0
0.0
0.0
0.0
0.0
0.824154
0.0
0.0
0.0
0.0
0.0
0.0
0.0
0.0
0.0
2.53308
0.0
0.0
0.0
0.0
0.0
0.0
0.0
0.0
0.0
1.02126
0.0
0.0
0.0
0.0
0.0
0.0
0.0
0.0
0.0
2.89645
0.0
0.0
0.0
0.0
0.0
0.0
0.0
0.0
0.0
0.0
0.0
0.0
0.0
0.0
0.0
0.0
0.0
0.0
0.0
0.0
3.12464
0.0
0.0
0.0
0.0
0.0
0.0
2.36484
0.0
0.0
0.0
0.0
0.0
0.0
0.0
3.79219
0.0
0.0
0.0
0.0
0.0
0.0
0.0
0.0
0.0
0.0
0.0
0.0
0.0
0.0
0.0
0.0
0.915392
0.0
0.0
0.0
0.0
0.0
0.0
0.0
0.0
5.83257
0.0
2.3399
6.15457
0.0
0.0
0.0
0.0
0.0
1.3856
4.94396
0.0
0.0
0.0
3.86104
0.0
0.0
0.0
0.0
0.0
0.0
0.0
0.0
0.0
0.0
0.0
0.0
0.0
0.0
0.0
0.0
0.0
0.0
3.41926
0.0
0.0
2.83458
0.0
5.89177
0.0
0.0
0.0
0.0
6.12647
0.0
0.0
3.82138
0.0
1.40152
3.3612
0.0
0.0
0.0
0.0
0.0
0.0
1.40163
0.0
0.0
0.0
0.0
0.0
0.0
3.58879
0.0
0.0
0.0
0.0
0.0
0.0
0.0
0.0
0.0
0.0
0.0
0.0
5.75623
0.0
0.0
0.0
0.0
0.0
2.70979
0.516635
0.0341533
0.0
0.0
0.0
0.0
0.0
0.0
5.89224
0.0
0.0
0.0
0.0
0.0
0.0
0.0
0.0
0.0
0.0
0.0
0.0
0.0
0.0
2.24729
0.0
0.0
2.07904
0.0
0.0
0.0
0.0
0.0
0.0
0.0
0.0
0.0
0.0
0.0
0.0
0.0
0.0
0.0
3.40453
0.0
0.0
0.0
0.0
7.34256
0.0441395
0.364278
0.0750079
0.0
0.0
0.0
0.0
0.0
1.48524
0.0
0.0
0.0
0.0
0.0754626
7.89693
0.0
2.1141
0.0
0.0
0.0
0.0
0.0
0.0
0.0
0.0
0.0
0.0
0.0
0.0
0.0
0.0
0.0
0.0
0.0
0.0
0.924851
0.0
0.0
0.0
1.12445
0.0
0.0
0.0
0.0
0.0
0.0
0.0
0.0
0.0
0.0
0.0
0.0
0.0
0.0
0.0
0.269539
0.0
0.114305
0.0
0.0
3.85747
0.839842
1.90602
0.0
5.08393
0.0
0.0
0.0
0.0
0.0
0.0
0.0
0.0
0.0
1.01963
0.0
0.0
0.0
0.0
5.69217
0.0
0.0
0.0
0.248791
0.0
3.11565
0.0
0.0
0.0
0.0
0.0
0.0
0.965354
0.0
0.0
0.0
0.0
0.0
2.3263
0.0
0.0
0.0
0.0
0.0
0.0
0.0
0.0
2.31782
0.0
0.0
0.0
0.0
1.14311
0.0
0.0
0.0
0.0
0.0
0.0
0.0
0.0
0.0
0.0
0.0
0.0
0.0
0.0
2.18722
1.39703
9.71551
0.0
0.0
0.0
0.0
0.0
0.0
0.0
0.0
0.0
0.0
0.0
0.0
0.0
0.0468032
0.0
0.0
0.0
0.0
0.0
0.0
0.0
0.0
0.0
0.0
0.0
0.0
2.85731
0.0
0.0
0.0
0.0
0.0
0.0
0.0
0.0
1.53604
0.0
0.0
0.0
0.0
0.0
0.0
0.0
0.0
1.83898
0.0
0.0
0.0
0.0
0.0
0.0
0.0
0.0
0.0
0.0
0.0
0.0
0.0
0.0
0.0
0.0
0.0
0.0
0.0
0.0
0.0
0.0
0.0
0.0
0.0
0.0
0.0
0.0
0.0
0.0
0.0
1.88824
0.0
4.22469
1.29424
0.0
3.65119
0.0
0.0
0.0
0.0
0.0
0.0
0.0
0.0
0.0
0.0
0.0
1.17558
0.0
0.0
0.167289
0.0
4.24388
0.0
0.585864
0.0
8.12364
0.0
5.45156
3.25576
0.0
0.0
0.0
0.0
0.0
0.0
0.0442833
0.0
0.0
5.86253
2.4089
0.0
0.0
4.41819
0.0
0.0675844
0.0
0.0
1.15719
0.0
0.0
3.08893
0.0
0.0
0.0
0.0
0.0
1.23702
0.0
0.0
3.24164
0.0
1.69361
0.0
0.0
0.0
0.0
0.0
0.0
0.0
0.0
0.0
5.95749
0.0
0.0
0.0
0.0
1.93207
0.0
0.0
0.0
0.0
0.0
0.0
0.0868543
0.0
2.91064
3.72167
0.0
0.0
0.0
0.0
0.0
0.0
0.0
0.0
6.57196
0.0
0.0
0.0
0.0
4.87284
0.0
0.0
0.0
0.0
0.0
0.0
0.0
0.0
0.0
0.0
0.0
0.0
0.0
0.0
1.6264
0.0
0.0
0.0
0.0
0.0
4.70936
0.0
0.0
0.0
4.58373
0.0
0.0
0.0
0.0
0.0
0.0
0.0
0.0
0.0
0.0
0.0
0.0
0.0
0.0
0.0
0.0
0.0
0.0
0.0
0.0
0.0
0.0
0.0
0.0
0.0
0.0
0.0
0.0
0.0
0.0
5.93014
0.0
0.780113
0.0
0.0
0.0
0.0
7.98826
0.0
0.0
0.0
0.0
0.630703
0.0
0.0
0.0
0.0
3.95964
0.0
0.0
0.0
0.0
1.72214
0.0
0.0
0.0
0.0
0.0
0.0
0.0
0.0
0.0
0.0
0.0
7.06535
0.0
0.0
0.0
2.00357
0.0
0.0
0.0
0.0
0.0
0.0
0.0
0.0
0.0
0.0
0.0
0.0
0.0
0.0
2.00857
0.0
0.0
0.0
0.0
0.0
0.0
0.0
0.0
0.0
0.0
0.0
0.0
0.0
0.154698
0.0
0.0
0.0
0.0
0.0
0.0
0.0
0.0
0.0
0.0
0.0
0.0
0.0
0.0
4.99072
0.0
0.0
0.0
0.0
2.88022
0.0
0.0
0.0
0.0
0.0
0.0
0.0
0.0
0.0
0.0
0.0
0.326921
0.0
0.0
0.0
0.0
0.0
0.0
0.0
0.0
1.74517
0.0
0.0
0.0
0.504635
0.0
0.0
0.0
6.03908
0.0
0.0
0.0
0.0
0.0
1.07499
0.0
0.0
0.0
0.0
0.0
1.76199
2.48286
0.0
0.0
0.0
0.0
2.55375
0.0
0.0
0.0
0.0
0.0
0.0
4.9946
0.0
5.8563
0.0
0.0
0.0
0.0
1.64273
0.0
0.0
0.0
0.0
0.0
0.0
0.0
0.0
0.0
0.0
0.0
0.0
0.0
0.0
0.0
7.30007
0.0
0.0
2.19521
0.0
1.08459
0.0
0.0
0.0
0.0
0.0
1.15022
3.54272
0.0
0.0
0.0
2.10685
0.0
0.0
0.0
0.0
0.0
0.0
0.0
0.0
1.98713
0.0
4.15437
0.0
0.0
0.0
0.0
3.07591
0.0
0.0
3.9302
0.0
0.0
0.0
0.0
0.0
0.0
4.47323
0.0
0.0
0.0
0.0
0.0
2.83949
0.0
0.0
0.0
0.0
0.986847
0.0
0.0
0.0
0.0
1.16864
0.0
0.0
0.0
0.0
0.0
0.0
0.0
0.0
0.00379509
0.0
1.63505
0.0
0.0
0.0
5.67191
0.0
0.0
0.0
0.0
0.0
0.0
0.0
0.0
0.0
0.0
0.0
0.0
0.0
0.0
0.0
0.0
0.837505
1.59034
2.6035
0.0
0.0
0.0
0.0
2.71755
0.0
0.0
0.0
2.06194
0.0
0.0
0.919164
2.69652
0.0
0.0
1.11366
0.0
0.0
0.0
4.28687
0.0
0.466475
0.0
0.0
0.0
2.94317
0.0
0.0
1.98575
0.0
0.0
0.0
0.0
0.0
0.0
0.0
2.93513
0.0
0.0
0.0
0.0
0.0
3.94364
2.08297
0.282323
0.0
0.0
0.0
0.0
0.0
0.0
0.0
0.0
0.0
0.0
0.0
0.0
0.0
0.0
0.0
0.0
0.0
0.502372
0.0
0.0
4.56472
0.0
0.0
0.0
0.0
0.0
0.0
0.0
0.0
0.286392
0.0
0.0
0.0
0.0
0.0
0.0
0.0
0.0
3.71846
0.0
0.0
0.0
0.0
0.0
0.0
0.0
0.0
0.0
0.0
0.0
0.0
0.0
0.0
0.0
0.0
0.0
0.0
0.0
0.0
0.0
0.0
0.0
0.0
0.397142
0.0
0.0
0.0
3.44909
0.0
0.0
0.0
0.0
0.0
0.0
0.0
0.0
2.60971
0.0
0.0
1.84416
0.0
0.0
0.0
0.914916
0.0
0.0
0.527343
0.0
0.0
0.0
0.0
0.0
0.0
0.0
0.0
0.0
0.340413
0.0
0.0
0.0
4.51953
0.0
0.0
0.0
0.0
0.0
0.0
0.0
0.0
0.0
0.0
1.17311
0.0
0.0
0.78185
0.0
3.2018
0.0
0.0
0.0
0.0
0.0
0.0
0.0
0.0
0.0
0.0
0.0
0.0
0.0
4.45647
0.0
0.0
0.0
0.0
0.0
0.0
0.0
0.0
0.0
0.0
0.0
0.0
0.0
0.0
0.0
0.0
0.0
0.0
0.0
2.10014
0.0
0.0
0.0
0.0
0.0
1.68488
0.0
0.0
0.0
0.0
0.0
0.0
0.0
0.0
0.0
0.0
0.0
0.0
0.0
0.0
0.0
0.0
0.0
0.0
0.0
0.0
0.0
0.0
0.0
0.0
0.0
0.0
0.0
0.0
0.0
0.0
0.0
0.0
0.0
0.0
0.0
5.855
0.0
0.0
1.24153
0.0
0.0
0.0
0.0
0.0
0.0
0.0
0.0
2.09234
0.0
0.0
0.102568
1.68872
0.0
0.0
0.0
0.0
0.0
0.0
0.0
0.0
0.0
0.0
0.0
0.0
0.0
0.0
0.0
0.0
0.0
2.2074
0.0
0.0
0.0
0.0
0.0
0.0
1.78183
0.0
7.80174
0.0
0.4523
0.0
7.72869
0.0
0.0
0.0
0.0
0.0
2.51825
0.0
0.0
0.0
0.0
2.0076
0.0
0.0
0.0
0.0
0.0
0.0
0.0
1.89617
0.0
0.0
0.0
0.0
0.0
0.0
0.0
1.57591
0.0
0.0
4.79039
5.61037
0.0
0.0
0.0
9.32343
0.0
0.0
0.0
0.713397
0.0
0.0
4.3509
0.0
0.0
0.0
0.0
0.0
0.0
0.0
1.58988
0.0
0.730048
0.0
0.0
5.08168
0.0
0.0
0.0
0.0
0.0
1.71847
0.0
0.0
0.0
0.0
0.0
0.0
2.20493
0.0
6.00765
0.0
0.0
0.776979
0.0
0.0
0.0
0.0
1.83279
2.25973
0.0
0.0
0.0
0.0
0.0
7.38166
0.0
0.0
0.0
3.75016
0.0
0.0
0.0
0.0
0.0525754
0.0
0.0
0.0
0.0
0.0
0.0
0.0
0.0
0.0
0.0
0.0
0.0
8.28318
0.16753
0.539155
0.0
0.064883
0.0
0.0
0.0
0.0
0.0
0.0
0.0
0.0389993
0.0
0.0
0.0
0.0
0.0
0.0
0.0
0.0
0.0
0.0
0.0
0.0
0.0
0.0
0.0
0.0
0.0
0.0
0.0
0.7067
0.0
0.0
0.0
0.0
0.0
0.0
4.46346
0.0
0.0
0.0
0.353415
0.0
0.0
0.0
0.0
0.0
0.0
0.0
0.0
0.0
0.0
0.0
0.0
0.0
1.40657
0.0
0.0
0.0
0.0
0.408662
0.0
1.51056
0.0
0.0
0.0
0.0
0.0
0.0
0.0
0.0
0.0
0.0
0.0
6.18917
0.0
0.0
0.0
0.0
0.0
0.0
0.0
0.0
0.0
0.0
0.0
0.0
0.0
0.0
0.0
6.46486
0.0
0.0
0.0
0.0
0.0
0.0
0.446814
0.0
0.0
0.0
0.0
0.0
0.0
0.0
0.0
0.0
0.0
0.0
0.0
0.0
0.0
0.0
0.0
0.0
0.0
0.0
0.0
0.0
0.0
0.0
0.0
3.55387
0.0
0.0
0.0
0.0
0.0
0.0
0.0
0.0
0.0
0.0
0.0
0.0
0.0
0.0
0.0
0.0
0.0
0.0
2.76923
2.79218
0.0
2.10201
0.0
0.0
0.0
0.0
3.29955
0.0
0.0
0.0
0.0
0.0
0.0
0.0
0.0
2.30307
0.0
0.0
0.0
0.0
0.0
0.0
0.0
2.89465
0.0
0.0
0.0
0.48928
0.0
0.0
0.0
0.0
0.0
0.0
1.06497
0.0
0.0
0.0
0.0
0.0
0.0
0.0
0.0
0.0
1.89577
0.0
0.0
0.0
0.0
0.0
0.0
0.0
0.0
0.0
0.0
0.0
0.0
0.0
4.42463
0.0
1.67856
0.0
0.0
0.0
0.0
0.0
0.0
0.0
0.0
0.0
0.936098
0.0
0.0
0.0
0.0
9.73403
0.0
0.0
0.0
0.0
0.0
0.0
0.0
0.0
1.52105
4.47493
0.0
0.0
0.0
0.0
0.0
0.0
1.55437
0.0
0.0
0.0
0.0
0.0
0.0
0.0
0.0
0.0
0.0
0.0
0.0
0.0
0.0
0.0
0.0
0.0
0.0
0.0
0.0
0.0
0.0
0.0
0.0
0.0
0.0
0.0
0.0
0.0
0.0
0.906965
0.0
0.0
0.0
0.0
0.0
0.0
0.0
0.225499
0.164498
0.0
0.0
2.06116
0.0
0.0
0.979733
1.87513
0.0
0.0
0.0
0.0
0.0
0.0
0.0
0.0
0.0
6.42914
0.0
0.0
0.0
0.0
0.0
0.0
0.0
2.37984
0.0
1.12138
2.67173
0.0
0.0
0.0
0.0
0.0
0.0
0.0
0.0
0.0326881
0.0
0.0
0.0
0.0
0.0
0.0
0.0
0.0
0.823004
0.0
0.0
0.0
0.0
0.0
0.0
0.0
5.58205
0.0
0.0
0.0
0.0
0.0
0.0
0.0
0.0
0.0
0.0
0.0
0.284149
0.0
0.0
0.0
0.0
0.0
2.76405
0.0
0.0
2.914
0.0
0.0
0.0
0.0
0.0
0.141283
0.0
0.0
4.5177
4.06071
0.0
0.0
0.0
0.0
0.0
0.0
0.683897
0.0
0.535697
0.0
0.0
0.0
0.0
0.0
0.0
0.0
0.0
0.0
0.0
0.0
0.0
3.11292
0.0
0.0
0.0
0.0
0.0
0.0
3.99928
0.0
0.0
0.0
0.0
0.0
0.0
0.0
0.0
0.372579
0.0
0.0
0.0
0.0
0.0
0.0
0.0
0.0
0.0
0.0
0.0
0.0
0.0
0.0
0.0
0.0
0.0
0.0
0.0
0.0
0.0
0.0
0.0
0.0
5.14637
0.0
0.0
2.9618
0.0
0.0
0.0
0.0
0.526168
0.0
0.0
0.0
0.0
0.0
0.0
0.0
0.0
0.0
0.0
0.0
1.61584
0.0
0.0
0.0
0.0
0.0
0.51397
0.0
0.0
0.0
0.0
0.0
0.0
0.0
0.0
0.0
3.03869
0.0
0.0
0.0
0.0
0.0
0.0
0.0
0.229613
0.056959
0.0
0.0
0.0
0.0
0.0
0.0
2.16106
0.0
0.0
0.0
0.0
0.0
0.0
0.0
0.0
0.0
0.0
0.0
0.0
0.0
0.0
0.0
7.33933
0.0
0.0
0.0
0.0
0.0
0.0
0.0
0.0
0.0
0.0
0.0
0.0
0.0
0.0
0.0
3.08741
0.0
0.0
0.0
0.0
0.0
0.0
0.0
0.0
0.0
0.0
0.0
0.0
0.0
0.0
0.0
0.0
0.0
0.0
0.0
0.0
0.0
0.0
0.0
0.0
0.0
0.0
3.37843
0.0
0.0
0.0
0.0
0.0
4.29496
0.134598
0.670045
0.0
0.0
0.0
0.0
0.0
0.0
0.0
0.0
0.0
0.0
0.0
0.704992
0.0
0.171556
0.0
0.0
0.0
0.0
0.0
0.0
0.0
3.30974
0.0
0.0
0.0
0.0
0.0
0.0
0.0
0.0
0.0
5.34968
0.0
0.0
0.0
0.0
0.0
3.51597
0.0
0.0
0.809663
0.0
0.0
0.0
0.0
0.0
0.0
0.0
0.0
0.0
0.0
3.43638
0.141219
0.0
3.32813
0.0
0.0
0.0
0.0
0.0
0.0
0.0
0.0
0.0
0.0
0.0
0.0
0.0
0.0
0.0
0.0
0.0
3.0853
0.0
5.32704
0.29453
0.0
0.0
0.0
0.0
0.0
0.0
0.0
0.0
0.0
1.1389
0.0
0.0
0.0
0.0
0.0
0.0
1.67481
0.0
0.0
0.0
0.0
0.0
0.0
1.72242
1.00114
0.0
0.0
0.0
0.0
0.0
0.0
0.0
0.0
0.0
0.0
0.0
0.0
0.0
0.0
0.388669
0.0
1.48731
0.0
0.0
0.0
0.0
7.85647
0.0
0.0
0.0
0.0
2.45985
0.0
0.0
0.0
0.0
0.0
0.0
0.0
0.0
0.0
0.0
0.0
0.0
0.0
0.0
0.0
0.0
2.41292
0.0
0.0
0.0
0.0
2.54473
0.0
0.0
1.13266
0.0
0.0
0.0
0.0
0.0
0.0
0.0
3.30586
1.37924
0.0
0.0
0.0
0.0
0.0
0.0
0.0
0.714453
0.0
0.0
0.0
0.0182196
0.0
0.0
3.38082
0.0
0.202244
0.0
0.0
0.0
2.13969
0.0
0.0
0.0
0.0
0.0
0.0
0.0
0.0
0.0
0.0
0.0
0.0
0.0
0.0
0.0
0.0
0.0
7.67945
0.0
0.0
2.53049
0.0
0.0
0.0
0.0
0.0
0.16881
2.3933
0.0
0.0
0.0
0.0
0.0
0.0
0.0
0.0
0.0
0.0
0.0
0.0
3.70353
0.0
0.0
0.0
0.0
7.64066
0.0
0.0
0.0
0.0
0.0
0.0
0.0
0.0
0.0
0.0
0.0
2.67978
0.0
0.0
0.175471
0.0
0.892531
1.06515
0.0
0.0
0.0
0.0
0.0
0.0
0.77499
0.0
0.0
0.0
0.0
0.61303
0.0
0.0
0.0
0.0
0.0
0.0
8.18067
0.0
0.0
0.0
0.0
0.0
0.0
0.0
0.0
0.0
4.24007
0.0
0.0
0.0
0.0
0.0
0.0
0.0
0.0
0.762362
0.0
0.0
8.55015
0.0
0.0
0.0
0.0302118
0.0
0.0
0.0
0.0
0.273885
0.0
0.0
0.0
1.32668
0.0
0.0
1.8192
0.0
0.0
0.0
0.0
2.63291
8.33336
0.0
0.0
0.0
0.0
0.0
0.0
0.0
0.0
0.0
0.0
0.0
0.0
0.0
0.0
0.0
0.0
0.0
0.0
0.0
0.0
0.0
0.0
0.0
0.0
0.0
0.0
1.59154
0.0
0.0
0.0
0.0
2.46249
2.72107
0.286706
0.204973
0.0
0.0
0.0
0.215651
0.0
0.0
0.0
0.0
0.879693
0.989046
0.0
0.0
0.0
0.0
0.0
0.0
0.0
0.0
0.0
0.0
1.13862
0.0
0.0
0.0
0.0
0.0
3.61527
10.4849
0.0
0.0
0.0
0.0
0.0
0.0
0.0
0.0
1.42084
0.0
4.6264
0.0
0.0
0.0
0.0
0.0
0.0
0.0
1.28927
0.0
0.0
4.38815
0.0
0.0
0.0
0.0
0.0
0.0
0.0
0.0
0.0
0.0
0.0
0.0
3.66577
0.0
0.0138046
0.0
0.0
0.0
0.0
0.0
3.40577
0.0
0.0
0.0
0.0
0.0
0.0
0.0
1.49587
0.0
0.0
5.71246
0.0
0.0
0.0
4.67053
0.0
0.0
0.0
0.0
0.0
0.0
0.0
0.0
0.0
0.0
0.0
0.0
3.73609
0.0
1.09123
0.0
0.0
0.531224
0.0
1.15515
0.0
0.0
0.0
0.0
0.0
0.0
0.0
0.0
1.35325
0.0
0.0
0.0
0.0
0.0
0.0
0.0
0.0
2.75375
0.0
0.0
1.16202
0.0
0.0
0.0
0.0
0.0
1.44159
0.0
0.0
0.0
0.0
0.0
0.0
0.0
0.0
0.0
1.62391
0.0
3.90011
2.43658
0.0
0.0
0.0
0.0
0.0
0.0
0.0
0.0
0.0
0.0
0.0
0.0
2.08916
0.0
0.0
0.0
0.0
0.0
6.07517
0.0
0.0
0.0
0.0
0.0
0.0
0.0
1.4538
0.0
0.0
0.497767
0.0
0.0
0.0
0.0
0.0
0.0
0.0
0.0
0.0
0.0
0.0
0.0
0.0
0.0
0.0
0.0
0.0
0.0
0.0
0.0
0.0
5.58097
0.0
4.60512
0.0
3.96476
0.0
0.0
7.04331
0.0
0.0
0.0
0.0
0.0
0.0
1.15791
1.02627
0.0
0.0
0.0
0.0
0.0
0.0
2.24355
0.0
0.0
0.0
0.0
0.0
0.0
0.0
1.72311
0.0
0.0
0.0
0.0
0.0
0.0
0.0
0.0
1.64194
0.0
0.0
0.441997
0.0
1.42709
0.0
0.0
0.707654
0.0
1.30147
0.935933
0.0
6.91509
0.0
0.0
0.0
1.71302
0.0
0.459194
0.0
0.0
5.56418
1.22743
0.0
0.0
0.0
0.0
0.625623
0.0
0.0
0.0
0.0
4.88055
0.0
0.0
0.935829
0.0
0.0
0.392882
0.0
0.0
0.0
0.0
0.0
0.0
0.0
0.0
0.0
0.0
0.0
1.79396
0.0
5.96929
0.0
0.0
0.0
0.0
0.0
0.0
0.0
0.0
3.24563
0.0
0.0
0.0
0.0
0.0
2.20789
0.0
0.0
0.0
4.81035
0.0
0.0
0.0
0.0999965
0.0
0.0
0.0
0.0
0.0
0.0
0.0
0.0
3.58736
0.0
0.0
0.0
0.0
0.0
0.0
0.0
0.0
0.0
0.0
0.0
0.858382
0.0
0.0
0.41819
0.0
0.0
0.0
0.0
0.0
0.0
0.0
0.0
1.96516
0.0
0.0
0.0
0.0
0.0
0.0
0.0
2.39313
0.0160034
0.0
0.0
0.0
0.0
0.0
0.0
2.001
0.0
0.0
0.924294
0.0
0.0
0.0
0.0
0.0
0.0
0.0
0.0
0.0
0.0
3.23774
0.0
0.0
0.0
0.0
0.0
0.0
2.13603
0.0
0.0
0.0
0.0
0.0
0.0
0.0
0.0
0.0
0.0
0.0
0.0
0.0
0.0
0.0
0.0
0.146068
4.09827
0.0
0.0
0.0
0.0
0.161264
0.0
3.4244
0.0
0.0
0.0
0.0
0.0
0.0
0.0
0.0
0.0
0.0
0.0
0.0
0.0
0.0
0.0
0.0
0.0
0.0
0.0
0.0
0.0
