0.0
0.0
2.57622
0.0
2.46337
0.0
0.0
0.0
0.0
0.0
0.0
0.0
0.0
2.10843
0.324325
0.0
0.0
0.0
0.327552
0.0
0.0
1.6328
0.0
0.0
0.0
0.0
0.0
0.0
0.0
0.0
0.0
1.39726
0.0
4.3916
0.0
0.0
0.0
0.0
0.0290684
0.0
0.0
0.0
2.182
0.0
0.0
0.122497
0.0278172
0.0
0.0
3.4762
1.21369
0.0
0.0
0.0
2.40486
0.0
0.0
0.0
0.0
0.0
2.10711
0.0
0.0
1.44002
0.446502
0.0
0.0
0.0306118
0.0
0.0
0.0
0.0
0.0
0.0
0.0
0.0
0.0
0.0
0.204897
0.0
0.156881
0.0
0.0
0.0
0.0
0.0
0.0
0.0
0.0
0.0
0.0
0.0
0.0
0.0
0.0
0.0
0.0
0.0
1.49727
0.0
0.0
0.0
0.0
0.0
0.0
0.0
0.907076
0.0
0.0
0.429547
0.0
0.0
0.0
0.0
0.0
0.0
0.0
0.0
1.78707
0.0988801
0.0264964
0.0
0.0
0.0
0.141976
0.0
0.0
3.31023
0.0
0.0
0.0
0.0
0.0
0.0
0.365939
0.0
0.0
0.0
1.47504
0.0
0.0
0.953123
0.0
0.0
0.0
0.0
0.501085
0.0
0.0
0.0
0.0
0.0
0.0
0.0
0.0
0.0
0.319885
0.0
0.0
0.0
0.0
0.0
0.0
0.0
0.0
0.410072
0.0
0.0
0.0
0.0
0.0
1.33933
1.19454
0.656021
0.0
0.0
0.0
0.0
0.0
0.0
0.0
0.0
0.560203
0.0
0.0
0.493982
0.0
0.0
0.0
1.26932
0.0
0.0
1.20811
0.0
0.0
0.0
0.0
0.0
0.0
3.16707
0.0
0.0
0.0
0.0
0.0
0.0
0.0
0.0
0.0
0.0
0.0
0.882157
0.0
0.0
0.0
0.966671
0.0
0.0
0.0
1.32814
0.0
3.38613
0.0
0.0
0.0
0.0
0.0
0.285077
0.0
0.0
0.0
0.0
0.0
0.138122
0.0
0.0
0.0
0.0
0.0
0.0
0.0
0.0
0.0
0.0730738
0.0
1.73276
0.0
0.96972
0.0
0.0
0.0
0.0
0.0
0.0
0.0
0.0
0.0
0.0
0.0
0.0
0.0
0.0
2.1752
0.0
0.0
0.0
0.219541
0.0
1.05819
0.0
0.0
0.0643122
0.0
0.0
0.0
0.0
0.41837
1.00587
0.0
0.0
1.06034
0.0
0.745451
0.603625
0.0
0.0
0.0
0.0484186
0.0
0.0
0.0
0.0
0.0
0.0
2.80812
0.0
0.0
0.0
0.0
0.0
0.0
3.09316
0.0
0.0
0.0
0.933506
0.0
0.0
0.712176
0.0
0.0
0.0
0.0
0.0
0.0
0.0
0.0
0.0
0.762513
0.0
0.0
0.0
0.0
0.0
0.0
0.0
1.84719
0.099999
0.0
0.0416884
0.0
0.0
0.0
0.0
0.299492
0.0
1.37428
0.0
0.0
0.0
0.0
0.0
0.0
0.0
0.0
1.34324
0.0
0.0
0.0
0.0
0.0
0.0
0.0
0.0
0.0
0.0
0.0
0.407847
0.0
0.784145
0.0
0.0
0.0
0.0
0.0
0.0
0.0
0.0
0.0
0.0
0.0
0.0
0.0
0.0
0.0
0.0
0.0
0.0
0.0
0.374294
0.0
0.0
0.0
0.0
0.0
0.0
0.0
1.88174
0.830893
1.19872
0.0
0.0
0.0
0.0
0.0
2.25463
1.20084
0.0
0.0
0.0490513
0.0
0.0
0.0
0.0
1.29143
0.0
0.384516
0.0
0.0
0.0
0.380484
0.0
0.0
0.0
0.159563
0.0
0.0
0.0
0.0
0.0
0.0
0.0
0.0
0.0
0.0
0.0
0.0
0.0
0.0
0.832676
2.46439
0.0
0.0
0.0
0.0
0.0
0.0
0.0
0.0
0.0
0.0
0.0
0.0
0.0
0.0
0.740437
0.0
0.0
0.0
0.0
0.0
0.0
0.0
2.23016
0.0
0.0
0.0
0.0
0.0
0.0
0.0
0.0495565
0.0
0.0
0.0
0.0
0.0
0.0
0.0
0.0
0.0
1.21867
0.0
0.0
0.0
0.00241208
0.807764
0.0
1.47911
0.0
0.0
0.0
0.0
1.06517
0.0
0.0
0.0
0.0
0.0
0.164552
0.0
0.0
0.0
0.0
0.0
0.0
2.42592
0.0
0.0
0.0
0.0
0.991297
0.0
0.0
0.0
0.235666
0.0
0.0
0.0
0.0
0.0
1.36477
0.0
0.0
0.553943
0.0
0.0
2.22317
0.0
0.0
0.0
0.0
0.0
1.01719
0.0
0.385515
0.0
0.0
0.0
0.0
0.0
0.0
0.528064
0.354579
0.0
0.0
1.83187
0.0
0.0
0.0
0.0
0.0
0.110843
0.489976
0.0
0.0
0.0
0.0
0.0
0.0
0.0
0.0
0.0
0.0
0.0
0.0
2.36828
0.0
0.879446
0.0
0.0
0.0
0.0
0.0
0.0
0.0
1.77777
0.0
0.0
0.0
0.0
0.35145
0.0
0.480163
0.0
2.64495
0.281953
0.0
0.0
0.0
0.909005
0.0
0.0
0.0
0.0
0.0
3.24916
0.0
0.0
0.0
0.0
0.0
0.851695
0.0
0.0
0.0
0.169204
0.0
0.0
0.0
0.0
0.0
0.0
0.0
0.572693
0.0
0.01658
0.0
0.0
0.0
0.0
0.0
0.0
0.0
0.0
0.0
0.0
0.0
0.0
0.0
5.0797
0.0
0.0
0.0
2.70384
0.0
0.0
0.0
0.0
0.0
0.0
0.0
0.0
0.0
0.0
0.0
1.96752
0.0
0.186564
0.0
0.0
0.0
0.0
1.5404
0.0
0.0
0.0
0.0
0.0
0.0
0.0
0.0
0.0
0.0
0.0
0.381645
0.0
0.0
0.0
0.0
1.01116
2.38478
0.0
0.0
0.0
0.0
0.748219
0.0
0.0
0.0
0.0
0.0
0.0
0.0
0.0
0.0
0.956296
0.0
0.0
0.0
0.0
0.0
0.0
1.64586
0.0
0.0
0.0
0.0
0.0
0.0
0.0
0.0
0.0
0.0
0.0
0.0
0.0
0.0
0.0
0.0
0.0
0.0
0.0
0.00317189
0.220608
0.0
0.0
0.0
0.0
0.0
0.0
0.0
2.89094
0.0
0.0
1.11392
0.0
0.0
0.19969
0.0
0.0
0.0
0.0
0.0
0.0
1.20735
0.0
0.0
0.848754
0.500283
0.0
0.0
0.0
0.0
0.0
1.96074
0.0
0.0
0.326488
0.0
0.0
0.0
0.0
0.0
0.0
0.0
0.0
0.0
0.0
0.0
0.0
1.62111
0.0
0.0
0.0
0.0
0.0
0.0
2.26443
0.0
0.689984
0.200529
0.0
0.0
0.0
0.0
0.0
0.0
0.0
0.0
0.0
0.0
0.0
0.0
0.0
0.0
0.0
0.0
0.0
1.31805
0.0
0.115808
0.0
2.6986
0.0
0.0
0.0
0.0
0.0
0.0
0.0
0.0
0.0
0.0
0.142757
0.0
1.9604
0.0
0.0
3.79174
0.0
0.0
0.0
1.2379
0.0
2.36772
0.0
0.0
0.0
0.0
0.0
0.0
0.0
0.0
0.0
0.0
0.0
0.0
0.0
0.0
0.0
0.0
0.0
0.0
0.0
0.196886
0.0
0.0
0.0
0.0
0.0
0.208322
0.0
0.0
0.0
0.0
0.0
0.0
0.0
0.0
0.0
0.0
0.0
0.0
0.0
0.0
0.0
1.11002
1.58154
3.31453
0.0
0.0
0.0
0.0
1.94265
0.0
0.0
0.0
0.0
0.0
2.08605
0.887433
0.0
0.0
0.0
0.0
0.0
1.62231
0.0
0.0
0.0
0.0
0.122924
0.0
0.0
0.0
0.0
0.0
0.0
0.0
0.0
1.53254
0.0
0.0
0.0
0.0
0.0
0.0
0.0
0.0
0.0
2.43635
0.0
0.0
1.77149
0.0
0.0
0.0
0.0
0.0
0.0
0.394126
0.0
0.0
0.0
0.0
0.0
0.0
3.69468
0.0
0.0
0.0
0.0
0.0
0.0
0.0
0.0
0.0
0.0
0.0
0.0
0.515102
0.0
0.471125
0.0
0.0
0.0
0.0
0.0
0.0
0.0
0.0
0.0
0.0
0.0
0.0
0.0
0.0
0.0
0.69658
0.0
0.0
0.0
1.14268
0.0
0.0
0.727517
0.0
0.0
1.68327
0.0
1.11297
0.0
0.0
0.0
0.0
0.0
1.26914
0.0
0.0
0.0
0.0
0.0
0.0
1.02772
0.0
0.0
3.82593
0.0
0.0
0.0
0.0
0.0
0.0
0.0
0.0
0.0
0.0
0.0
0.0
0.0
0.0
0.889474
0.0
1.53012
0.919956
0.0
0.0
0.0
0.0
0.0
0.0
3.12109
0.38493
0.0
0.0
1.40027
0.0
0.0
0.0
0.0
0.0
0.0
0.0
0.0
0.0
0.0
0.0
0.0
0.0
0.0
0.0
0.0
0.0
1.54164
0.0
0.0
0.791867
0.0
0.0
0.0
0.0
0.0
0.0
0.0
0.0
0.0
0.0
0.356936
0.0
0.0883767
0.0
0.0
0.0
0.0
0.211559
0.0
0.0
0.0
0.0
0.0
0.0
0.0
3.74098
1.59473
0.0
1.86263
0.0
0.0
1.42389
0.0
0.0
0.0
0.0717936
0.0
1.64188
0.0
0.0
0.704044
0.0
0.0
0.0
0.0
0.319071
0.0
1.91675
1.25135
3.74256
1.89042
0.0
0.0
0.0
0.0
0.0
0.341124
0.0
1.15981
0.0
0.0
0.0
0.0
0.67252
0.0
0.0
0.2428
0.0
0.0
0.0542113
0.0
0.0
0.0
0.0
0.0
0.0
0.0
0.0
0.0
2.16581
0.0
1.31464
0.0
0.0
0.0
0.0
0.0
0.0
0.0
0.0
0.0
0.0
0.0
0.0
0.914623
0.0
0.0
0.0717073
0.0
0.0
0.0
0.0
0.0
0.0
0.0
0.0
0.0
0.838145
0.0
0.305034
0.0
0.0
0.0
0.0
0.0
0.0
0.0
0.0
0.0
0.0
0.0
0.0
0.0
0.0
0.0
3.83015
0.0
0.0
0.0
0.0
0.0
0.0
0.0
0.0
0.0
1.39744
4.27226
0.0
0.0
0.0
0.0
0.0
0.0
0.0
0.912073
0.0
0.711368
0.0
0.0
1.67281
0.0
0.0
0.179677
3.04308
3.75238
0.0
0.0
0.0
0.0
0.0
0.0
0.0
0.0
0.0
0.0
0.0
0.0
0.0
0.0
0.0
2.16303
0.0
0.0
0.0
0.0
0.0
0.0
0.0
0.0
0.638051
0.0
0.0
0.0
0.0
2.71778
0.0
0.0
0.0
1.24842
0.0
0.0
0.0
0.0
0.0
0.0
0.0
0.0
0.0
0.0
0.0
0.0
4.69285
0.0
0.0
0.0
0.0
0.136623
1.68923
0.0
0.0
0.0
0.0
0.0
0.209208
0.0301862
0.0
0.0
0.0
0.0
0.0
2.90423
0.0
0.0
0.0
0.0
0.0
0.636514
0.0
0.0
0.0
0.0
0.0
0.0
0.521177
0.0
4.72403
0.0
0.0
0.0
0.0
0.181741
0.0
0.0
0.0
0.0
0.0
0.0
0.519101
0.0
0.0
0.0
0.0
0.0
0.0
0.087603
0.0
0.0
0.0
0.0
0.469097
0.0
0.0
0.0
0.0
0.0
0.0
0.0
1.1016
0.0
0.0
0.0
0.33592
0.0
3.46529
0.0
0.0
0.20792
0.0
0.0
0.0
1.87835
0.0
0.0
0.0
0.0
0.0
0.0
0.0
2.31285
0.0
0.0
1.3063
0.0
0.262027
0.0
0.0
0.0
0.0
0.226774
0.0
0.0
2.18011
0.0
0.0
0.0
0.0
0.0
0.0
0.0
0.0
0.0
0.0
0.334378
0.0
0.0
0.0
1.19417
0.0
0.0
0.0
0.0
0.0
0.0
0.0
0.0
0.0
0.496571
0.0
0.63314
0.0
0.0
0.381005
0.0
0.0
0.0
0.0
0.0
0.0
0.0
0.0
0.394407
0.0
0.0
0.0
0.0
0.0
0.0
0.0
0.0
0.0
0.0
0.0
0.194095
3.54291
0.0
0.0
0.0
0.0
0.110536
0.772312
0.0
0.0
0.0
0.0
0.0
0.0
1.35762
0.665979
1.67627
0.0
0.0
0.0
0.0
0.0
0.0
0.0
0.0
0.0
0.738542
2.40647
0.0
0.0
0.0
0.0
0.515302
0.0
0.0
0.495083
0.0
2.86112
0.438043
0.0
0.0
0.0
0.0
0.0
0.0
0.954234
0.0
0.0
0.0
2.74048
0.0
0.216729
0.0
0.0
0.0
0.0
0.0
0.0
0.0
1.79281
0.0
0.0
1.97427
0.0
0.0
0.0
0.0
1.15637
0.0
0.0
0.510777
0.0
0.0
2.77387
1.9162
0.0
0.0
0.0
0.0
1.61364
0.0
2.39003
1.03196
0.0
0.0
0.0
0.0
0.0
0.0
0.0
0.0
0.0
0.870959
0.0
0.0
0.0
2.01011
0.0
0.0
0.0
1.09955
0.0
0.0
0.0
0.0
0.0
0.0
0.0
0.0
0.0
0.0
0.0
0.0
0.0
0.0
0.0
0.0653954
0.0
0.0
0.0
0.0
0.0
0.0
0.0
0.857938
0.0
0.0
0.0
0.0
0.0
0.0
0.0
0.0
0.0
0.0
2.00436
0.0
0.0
0.00320223
1.13526
0.0
0.975778
0.0
0.0
0.0
0.0
0.0
0.0
0.0
0.0
0.0
0.0
0.0
0.0
0.0
0.0
0.0
0.0
0.0
0.0
3.61733
0.0
0.0
0.0
0.0
0.0
0.0
0.0
0.0
0.423288
0.0
1.44014
0.0
0.141045
0.0
0.0
0.0
0.0
0.0
0.0
0.0
0.0
0.0
0.0
0.0
0.0
0.0
0.0
0.712077
0.0
1.19039
0.473119
0.0
1.42639
0.0
0.0
0.0
0.0
0.0
0.0
0.677094
0.823031
0.0
0.0342412
0.0
0.0
0.0
0.0
0.0
0.0
0.0
0.0
0.0
0.0
0.0
0.0
0.0
0.0
0.0
0.0
0.0
0.0
0.0
0.0
0.0
0.0
0.0
0.0
0.0
1.25058
0.0
0.0
0.0
0.0
0.0
0.0
0.0
1.11561
0.300889
0.0
0.0
0.0
0.0
0.0
0.0
0.0
0.0
0.0
0.0
0.0
1.08264
0.0
0.0
0.0
0.315262
0.0
0.872982
0.0
0.0
0.0
0.0
0.0
0.0
0.0
0.0
2.32829
0.0
1.2838
0.707288
0.0
0.0
0.0
0.0
0.0
1.81732
3.01279
0.0
0.0
0.0
0.814316
0.0
0.0
0.0
0.0
0.0
0.0
0.0
0.0
0.0
0.0
0.0
0.769898
0.0
0.0
0.0
0.28936
0.0
0.259795
0.219391
2.11335
0.448164
0.0694406
0.0
0.0
1.56896
0.0
0.0
0.0
1.03611
0.0
0.0
0.298454
0.0
0.0
2.16514
0.0
0.0
0.0
0.0
0.0
0.0
0.757721
0.0
0.0
0.0
0.0
0.0
0.0
1.26501
0.0
0.0
0.0
0.0
0.0
0.0
0.0
0.0
2.22857
0.0
0.0
0.0627646
0.684095
0.0
0.0
0.0
0.0
0.0
0.494708
0.0
0.0
0.0
0.0
0.0
0.0
0.0
0.0
0.0
0.0
0.0
0.0
0.0
0.0
0.0
0.0
0.0
1.49298
0.0
0.0
0.0
0.0
0.0
0.0
0.0
0.0
0.0
0.0
0.0
0.0
0.0
0.0
0.0
0.0
0.0
0.0
0.0
0.0
0.302693
0.0
0.0
0.662214
2.186
0.0
0.0
0.0
0.0
2.37771
0.0
1.77869
0.0
0.0
0.0
0.0
0.0
0.0
1.15008
0.0
0.0
0.0
3.35972
0.0552405
2.43144
0.0
0.430889
0.0
0.0
0.0
0.0
0.0
0.0
0.0
0.0
0.959406
0.0
0.0
0.0
0.0
0.0
0.0
0.0
0.0
0.0
0.0
0.0
0.0
0.0
1.68957
0.0
0.0
0.0
0.0
0.0
0.0
0.0
0.43374
3.34663
0.0
0.521112
0.0
0.0
0.0
0.0
0.0
0.0
0.0
0.0
0.0
0.551804
1.08037
0.0
0.0
0.0
0.0
0.0
0.0
1.55611
0.0564632
0.0
0.0
0.162754
0.0
0.377865
0.0
0.707185
1.45576
0.0
0.0
0.0
0.0
0.0
0.0
0.0
0.0
0.0
0.0
0.0
0.0
0.0
0.0
0.672976
0.0
0.0
0.0
0.0
0.0
2.54529
0.0
0.0
0.0
0.0
0.0
0.158924
0.0
0.0
1.04903
0.0
0.0
0.813379
0.0
0.711691
0.0
0.0
0.0
0.0
0.0
0.0
0.0
0.0
1.03388
0.0
0.0
0.0
0.0
0.0
0.0
0.0
2.86498
0.0
0.0
0.0
0.0
0.0
0.0
0.0
2.27377
0.0
0.0
0.0
0.0
0.0
0.284847
0.0
0.0
0.0
0.0
0.0
0.0
0.0
0.570281
0.0
0.0
0.0
0.0
1.14933
0.0
0.0
0.0
0.0
0.0
0.0
0.0
0.0
0.0
0.0
0.606082
0.0
0.0
0.0
0.0
0.0
0.0
0.0
0.0
0.0
0.0
0.0
0.0
0.0
0.0
0.0
0.0
0.0
0.0
0.0
0.0
2.45345
0.0
0.0
0.596982
3.09977
0.0
0.0
0.0
0.0
0.0
0.0
0.0
0.0
0.0
0.0
0.0
0.0
0.0
4.21749
0.0
0.560457
0.437133
0.0
2.07462
0.0
4.8478
0.0
0.0
0.0
0.0
0.0
0.0
0.0
0.0
0.0
0.0
0.0
0.0
0.341105
0.0
1.01696
1.65801
0.0
0.0
0.0
0.0
2.50903
1.65474
0.0
0.0
0.0
0.0
0.0
4.1221
0.0
0.0
0.0
0.47617
0.942254
0.0
0.0
0.0
3.05115
0.0
0.0
0.0
0.0
0.0
0.0
1.4107
0.510565
0.0
0.0
0.0
0.0
0.0
0.0
2.46667
1.00038
0.0
1.59912
0.0
0.0
0.0
0.0
0.0
1.15626
0.0
0.0
0.0
3.72359
0.0
0.0
0.0
0.0
1.79146
0.0
0.0
0.0
0.0
0.0
0.0
1.43789
0.0
0.491097
0.0
0.0
0.0
0.0
0.0
0.0
0.0
0.0
0.0
2.92491
0.0
0.0
0.0
0.0
3.61521
0.0
0.0
0.0
0.0
0.0
0.0
0.0
0.832528
0.0
0.0
0.695621
0.0
0.0
0.0
2.29718
0.0
0.0
0.0
0.0
0.0
0.356197
0.0
0.0
0.0
0.0
0.0
0.0
0.0
0.0
1.02241
0.0
1.53076
0.0
0.0
0.0
0.0
0.0
0.0
0.0
0.0
0.0
0.0
0.0
0.351067
0.0
0.0
0.0
0.0
0.0
0.0
0.0
0.0
3.63494
0.0
3.39741
0.140379
0.0
0.383323
0.0
0.0820539
0.0
0.0
3.42798
0.0
1.02894
0.494547
0.0
0.0
0.0
0.0
0.0
0.0
1.14318
0.0
0.0
0.0
0.0
1.79897
0.0
0.0
0.0
0.23509
0.0544265
0.0
0.0
0.0
0.0
0.0
0.0
0.199446
0.0
0.0
0.0
3.67905
1.14144
0.0
0.0
0.874074
0.0
0.0
0.0
0.0
0.0
0.0
0.0
0.0
0.0
0.0
0.0
0.0
1.16675
0.0
0.0
0.0
0.0
0.0
0.0
0.0
0.111353
0.00300911
0.775188
0.0
3.82418
0.0
0.0
0.0
1.13323
0.0
0.0
0.0
0.0
0.0
0.0
0.0
0.0
0.0
0.0
2.77452
0.0
0.0
0.0
0.0
1.5606
0.0
0.0
0.0
0.0
0.0
0.0
0.0
0.0
0.0
0.0
0.0
0.0
0.0836649
0.0
0.944609
0.0
1.27306
0.0
0.0
0.0
0.931467
0.0
0.0
1.2365
0.0
0.0
0.0
0.0
0.0
0.0
0.0
0.0
0.0
0.0
0.0
0.0
0.0
0.0
2.38743
0.0
0.0
0.0
0.0
0.0
0.0
0.0
3.19428
0.0
1.7399
0.0
0.0
0.22876
0.0
3.13499
0.0
2.96207
0.0
0.0
0.0
0.124403
0.839935
0.0
0.0
0.0
0.0
0.0
0.0
0.0
0.0
0.0
0.0
0.0
0.0
0.0
0.0
0.0
2.34273
0.0
0.0
0.814368
0.0
0.0
0.0
0.0
0.0
0.0
0.0
0.0
2.28334
0.0
0.0
0.0
0.0
0.0
0.0
0.0
0.0
0.0
0.0
0.0
0.0
0.0
0.0
0.0
0.945063
0.0
0.0
0.502696
0.849501
3.41222
0.0
0.0
0.0
0.0
0.827267
0.0
0.0
0.0
2.95919
0.0
1.06822
0.0
0.0
0.0
1.4413
0.0
0.0
0.0
0.0
0.245268
0.0
0.0
0.0
0.0
0.0
0.0
0.0
0.0
0.0
0.0
0.0
0.0
0.452855
2.39485
0.0
0.0943938
0.0
0.0
0.0
1.23165
0.0
0.0
0.0
0.0
0.0
0.0
0.0
0.0
0.0
0.0
0.0
0.0
0.110769
0.0
0.0
0.890839
2.50217
0.0
0.0
0.0
0.0
0.0
0.90089
0.0
0.0
0.0
0.0
2.77486
0.0
0.0
0.0782693
0.0
0.0
0.0
2.70861
0.0
0.0
0.0
0.0
0.0
0.0
0.0
0.0
0.0
0.675681
0.0
0.0
1.56133
2.42359
0.0
0.0
0.0
0.717648
2.99217
1.86811
2.36721
0.0
0.0
0.0
0.0
0.0
0.0
0.0
0.0
0.0
0.0
0.0
0.0
0.0
0.0
1.53657
0.0
0.0
0.0
0.0
0.908844
0.0
0.0
0.0
0.0
0.0
0.0
2.42492
0.0
0.0
0.0
0.0
0.0
0.0
0.0
0.0
0.0
0.0
0.886941
1.66748
0.0
0.0
0.0
0.0
0.0
0.0
0.0
0.0
0.0
0.0
0.0
0.0
0.0
0.0
0.0
0.0
0.0
0.0
0.0
0.579818
0.0
0.0
0.0
0.0
0.0
0.0
0.0
0.0
0.0
1.09762
0.0
0.0
0.71885
0.0
0.0
0.0
0.0588467
0.0
0.0
0.0
0.0
0.0
0.0
0.0
0.0
0.0
3.05189
0.0
2.04533
2.36067
0.0
0.0
0.0
0.0
0.0
0.0
0.0
0.0
0.0
0.0
0.0
0.829158
0.100316
0.0
0.0
0.0
1.36756
1.98434
0.0
2.42916
0.0
0.0
0.0
0.0
0.0
0.0
0.0
0.0
0.484981
0.0
0.0
1.49806
0.0
0.390012
0.0
0.185488
0.0
0.931311
0.784128
0.0
0.0
0.0
0.0
0.0
0.017865
0.0
0.0
0.0
0.0
1.20465
0.28295
0.0
0.0
0.0
0.0
0.0
0.0
0.0
0.0
0.0
0.0
0.0
0.0
0.0
0.0
0.0
0.0
0.0
0.0
0.0
0.0
0.0
0.717589
0.0
0.0
0.0
0.0
0.0
0.0
0.0
0.0
0.0
0.0
0.0
0.0
0.0
0.0
0.0
0.0
0.0
0.0
0.0
0.0
0.0
0.0
0.0
0.0
0.0
0.0
0.0
0.0
0.0
0.0
0.0
0.0
0.0
0.0
0.0
0.0
0.0
0.0
0.0
0.0
0.0
0.0
0.0
0.253599
0.0
0.0
0.0
0.515045
1.47051
0.0
0.847926
2.20083
0.0
0.0
0.274726
0.0
0.0
0.0
0.0
0.0
0.0
0.0
0.0
0.0
1.41334
0.0
0.934601
0.0
0.0
0.0
0.156327
0.0
1.29187
0.0
0.0
0.0
0.0
0.0
0.0
0.0
0.0
3.42667
0.0
0.0
0.0
2.6468
0.0
0.0
0.0
0.0
0.0
0.0
0.0
0.201748
0.0
0.0
0.0252143
0.0
0.0
0.0
0.0
0.221062
0.0
0.0
0.0
0.0
1.78039
0.0
0.0
0.0
0.0
0.0
0.529705
0.0
0.0
1.07917
2.65393
0.0
0.0
0.0
3.11265
0.0
0.0
0.0
1.13304
0.0
0.0
0.0
0.0
0.0
1.52595
0.0
0.0
0.0
0.0
0.0
0.0
0.0
0.775208
0.0
1.24738
3.94512
0.0
0.630359
0.0
0.0
0.0745217
0.0
0.111189
0.0
0.983714
0.0
0.0
0.0
0.0
0.0
0.0
0.0
1.03359
0.0
0.0
0.0
0.0
0.0
0.0
0.728867
1.29102
0.0
0.0
0.0
0.724856
0.0
0.0
0.0
0.0
1.00753
0.0
0.0
0.0
0.0
0.0
0.0
0.0
0.0
0.0
0.0
0.0
0.678209
0.0
0.0
0.0
0.0
2.32081
3.57332
0.0
1.11849
1.02371
1.51528
0.0
0.876589
0.0
0.0
1.13067
0.0
0.0
0.0
0.40735
0.0
0.0
0.0
0.0
0.0
0.0
0.0
0.0
0.0
0.0
0.0
0.0
0.0
0.0
0.0
0.0
0.0
0.0
0.0
0.0
0.0
0.0
0.0
0.0
0.0562143
0.0
0.0
0.0
1.10104
0.0
0.0
0.0
0.0
0.0
0.0
1.18421
0.504619
0.0
0.0
0.0
1.00693
0.0
0.0
0.0
0.0
0.0
0.0
0.851908
2.73447
2.8889
0.0
0.0
0.0
0.0
0.0
1.20612
0.0
0.0
0.0
0.740113
0.140727
0.0
0.0
1.15679
0.421807
0.0
0.0
0.0
0.0
0.0
0.0
0.0
0.0
0.0
0.0
0.0
0.0
2.18133
0.0
0.0
0.0
0.0
0.0
0.0
1.07404
0.0
0.0
0.0
0.0
0.0
0.0
0.0
0.0
0.0
0.0
0.0
0.0
0.0
0.0
0.0
0.0
0.0
0.0
0.0
0.0
0.0
0.0
0.0
0.0
0.159499
0.0
0.0
0.0
0.0
0.933808
1.62831
0.0
0.0
0.0
0.0
0.0
0.0
0.0
0.0
2.4869
0.0
0.0
0.919908
0.0
0.233043
1.30042
0.405132
1.69172
0.0
0.0
0.0
1.18576
0.0
0.0
0.0
0.0
0.0
0.0
0.0
0.390462
0.0
0.0
1.04917
0.0
0.0
0.0
0.0
0.0
0.0
0.0
0.0
0.0
0.766246
0.0
0.0
0.0
0.0
0.0
0.0
0.0
0.0
0.600842
0.0
0.0
0.0
0.0
0.0
0.0
0.0
2.37684
0.0
1.02032
0.582063
0.0
0.0
0.0
0.0
0.0
0.0
0.0
0.0497625
0.0
0.0
1.92205
0.0
0.931116
0.0
0.0
0.0
0.0
0.324505
0.0
0.0
0.0
0.0
0.0
0.0
0.0
0.0
0.0
1.49683
0.0
0.0
0.0
0.0
0.0
0.0
0.0
2.04706
0.0
1.03215
0.0
0.0
0.0
0.0
0.0
0.0
2.10666
0.0
0.0
0.0
1.33341
0.0
0.0
0.0
0.0
0.0
0.0
0.0
0.0
0.0
0.0
2.45166
0.0
0.0
0.0
0.0
0.0
0.974151
0.0
0.0
0.0
0.0
0.0
0.579102
0.0
0.0
1.9747
2.73926
0.0
0.0
0.0
0.0
0.0
0.0
0.0
0.665226
0.0
0.337619
0.0
0.0
0.0
0.0
0.0
0.0
0.0
0.0
0.0
0.0
0.0
0.0
0.523812
0.735497
0.0
2.52951
1.70902
0.0
0.0
1.10576
0.0
0.0
0.0
0.0
0.0
0.0
2.08561
0.0
0.0
0.0
0.0
0.0
0.0
0.0
1.2144
0.0
0.403585
0.0
0.0
0.0
0.0
0.0
0.0
0.0
1.25193
0.0
0.0
0.0
0.0
0.0
0.0
0.0
3.05062
0.0
0.0
0.0
0.0
0.0
0.279271
0.0
0.0
0.0
0.0
0.0
0.0
0.0
0.0
0.0
0.0
0.107512
0.0
0.0
1.34968
0.0
0.0
0.0
0.0
0.563341
0.0
1.10849
0.0
0.0
0.0
0.0
0.0
0.0
0.0
0.0
0.0
0.0
0.0
0.81014
0.0
0.0
0.0
0.0
0.0
0.0
0.0
0.814301
0.0
0.0
0.0
0.0
0.0
0.0
0.0
0.0
0.0
0.0
0.0
0.425069
0.0
0.0
0.0
0.0
0.0
0.0
0.0
0.0
0.0
0.0
0.0
0.0
0.0
0.446488
0.0
0.0
0.0
0.0
0.0
0.0
0.0
0.0
0.0
0.0
0.0
0.0
0.0
0.0
0.0
0.0
0.0
0.0
0.0
0.0
0.0
0.0
0.0
1.29602
0.0
0.0
0.0
0.118898
0.396004
0.232411
0.0
0.0
1.29372
0.0
0.0
0.0
0.0
0.0
0.0
0.0
1.23227
0.0
0.0
0.0
0.0736644
0.0
4.2201
0.0
0.0
0.56236
0.0
0.523771
0.0
0.0
0.0
0.0
0.0
0.587585
0.0
0.0
0.0
0.0
0.0
0.0
0.0
0.0
0.0
0.0
0.9041
0.0
0.0
0.0
0.0
0.0
0.0
0.0
0.0
0.0
0.0
0.0
0.0
0.0
0.0
0.0
0.0
0.0
0.0
0.0
1.739
0.0
0.0193375
0.0
0.0
0.0
0.0
0.0
0.0
0.0
0.0
0.0
0.574128
0.0
0.0
0.0
0.626458
0.0
0.0
0.0
0.977765
0.0
0.0
0.0
0.0
0.0
0.0
0.0
0.0
0.0
0.0
0.0
0.130795
0.0
0.0
0.0
0.0
0.0
0.0
0.0
0.0
0.0
0.0
1.07583
0.0
0.0
0.0
0.0
0.0
1.65126
0.377567
0.0
0.0
0.0
0.0
0.0
0.805887
0.0
0.0
0.0
0.0
0.0
0.0
1.42343
0.0
0.0
0.0
0.0
0.0
0.0
0.0
0.0
1.54812
2.81476
0.0
0.0
0.726455
0.0
0.0
0.0
0.0
2.27607
0.0
2.1218
0.0
0.0
0.0
0.0
0.0
0.00420609
0.0
0.0
0.0
0.0
0.0
0.139502
0.0
0.0
0.0
0.0
0.0
0.0
0.0
0.0
0.0
0.0
1.6816
0.0
0.0
0.0
2.58762
0.0
0.0
0.0
0.0
0.0
0.0
0.0
0.0
0.0
0.0
0.0
0.916995
0.0
1.07091
0.0
4.65715
0.165633
0.0
0.0
0.0
0.0
0.0
0.0
0.0
0.0
0.0
1.22361
0.0
1.42349
0.0
0.27937
0.0
0.0
0.0
0.0
0.0
0.0
0.0
0.0
0.0
0.0
1.00636
0.0
0.0
0.0
0.0
0.0
0.0
0.0
0.0
0.0
0.0
0.0
0.0
0.0
0.0
0.0
0.0
1.98206
0.0
0.0
0.401509
0.0
4.13075
0.44039
0.0
0.213396
0.0
0.0
0.0
0.0
0.0
0.0
0.933178
0.0
0.0
0.0
0.0
0.0
0.0
0.0
0.0
0.0
0.0
0.0
0.0
0.0
0.0
0.0
0.0
3.02525
0.0
2.45994
0.279108
0.0
0.0
0.0
0.0
0.0
0.0
0.0
0.0
0.0
0.456243
0.0
0.0
0.0
0.0
0.0
0.0
0.0
0.0
0.0
0.0
0.0
0.0
0.0
1.82609
0.0
0.0
0.0
0.0
0.0
0.424091
0.0
0.0
0.0
0.0
0.0
0.0
0.0
0.0
0.0
0.0
0.0
0.0
0.0
0.0
0.0
0.0
0.0
0.0
0.0
0.0
2.27143
0.0
0.0
0.0
0.0
0.0
0.0
0.0
0.0
0.0
0.0
0.0
0.0
0.0
0.0
0.0
1.55921
0.52606
0.0
0.0
4.51692
0.0
1.06296
0.0
0.264667
0.209982
0.0
0.0
0.0
0.0
0.0
0.0
0.495127
0.0
0.0
0.0
0.0
0.0
0.167363
0.0
0.0
3.11298
0.0
1.47678
0.0
0.0
0.0
0.0
0.0
0.0
2.48433
0.0
0.0
0.0
0.0
0.0
0.0
2.88919
0.0
0.0
0.0
0.0
4.89977
0.0
0.0
0.0
0.0
0.0
0.0
0.0
0.0
0.0
2.91594
0.0
0.0
0.0
0.0
0.0
0.0
0.0
0.0
0.919095
0.0
0.0
2.76108
0.0
0.0
0.0
0.0
0.0
0.0
0.0
0.0
1.00871
0.0
0.0
0.0
3.52384
0.0
0.0
1.00192
0.0
0.0
0.0
0.0
0.0
1.53111
0.0
0.0
0.0
0.0
1.23323
0.0
0.0
0.0
0.0
1.87759
0.0
0.0
0.0
0.0
0.0
0.0
0.0
0.0
0.0
0.0
0.0
0.0
0.0
0.0
0.0
0.0
0.0
0.0
0.0
0.0
0.0
2.96689
3.04885
1.10165
0.0
0.0
0.0
0.0
1.6331
0.0
0.0
0.0
0.0
0.0
0.30079
0.0
0.0
0.0
0.0
0.0
2.78118
0.0
0.0
0.0
0.0
0.0
0.0
0.0
0.0
0.0
1.62881
2.61954
4.16296
2.26968
0.0
0.0
0.0
0.0876049
0.0
0.0
0.0
1.87512
0.0
0.0
0.0
0.0
0.0
0.0
0.0
0.0
0.0
0.0
0.0
0.0
2.95019
0.0
0.0
0.0
0.0
0.691764
0.0
0.0
0.0
0.0
0.113946
0.0
0.0
0.0597088
0.0
1.84977
0.0
0.0
0.0
0.0
0.0
3.72731
0.0
0.0
0.0
0.0
2.50463
0.0
1.57902
0.0
0.0
6.2094
0.0
0.0
0.0
0.0
0.0
0.0
0.0572052
0.0
0.0
3.5524
0.0
0.0
0.0
0.0
0.0
0.0
0.0
0.671717
0.0
0.0
0.0
0.0
0.0
0.0277953
0.0
0.0
0.0
0.0
0.0
0.0
0.0
0.783717
0.0
0.0
0.0
0.0
0.0
0.0
0.0
1.21178
0.0
0.0
0.0
0.0
1.63822
0.0
0.0
0.0
0.0
0.0
0.0
0.0
0.0
0.0
0.0
0.0
0.0
0.0
2.16554
0.0
0.0
2.51056
0.0
1.62216
0.0
0.0
0.0
0.0
0.809892
0.0
0.0
0.0
0.0
0.0
0.0
0.0
0.390387
0.0
0.0
0.0
0.0
0.0
0.0
0.606866
0.0
0.0
1.0881
0.0
0.0
0.0
0.0
0.140511
0.0
0.0
0.0
1.07732
1.07801
0.0
0.0
0.0
0.0
0.0
0.0
0.0
0.0
0.0
0.0
0.0
0.0
0.0
0.412729
0.0
0.0
0.0
0.0
0.0
0.819909
0.0
0.0
0.0
2.20165
0.0
0.0
0.0
0.0
0.0
0.0
0.0
1.10983
0.0
0.325963
1.67754
0.0
0.0
0.0
1.56762
0.0
0.0
0.0
0.0
0.0
0.0
0.0
0.0
0.0
1.8563
1.9401
0.0
0.0
0.0
0.0
0.462105
0.0
0.0
1.64619
0.0
0.5977
0.0
0.0
0.0
0.0
0.0
0.0
1.76228
0.0
2.29923
0.103474
0.0
0.0
0.0
0.0
0.0357786
1.11958
0.0
0.0
0.0
0.0
2.16744
0.0
0.557882
0.0
2.21232
1.67493
0.222368
0.0
0.353268
0.0980544
0.0
2.29588
0.0
0.0
2.12909
0.55618
0.0
0.0
0.0
0.0
0.0
0.0
0.0
0.0
1.28934
0.0
0.0
0.0
0.0
0.0
0.0
4.40359
0.814842
0.0
0.0
0.0
0.0
0.730791
0.0
0.0
1.05303
0.0
0.0
0.0
0.0
0.701908
0.0
0.0
0.0
0.0
5.67766
0.0
0.0
0.0
0.0
0.0
0.0
0.0
0.0
0.0
0.0
0.284346
0.0
0.477811
0.0
0.0
0.0
0.0
0.0
0.0
0.0
0.0
0.0
0.0
2.96034
0.649519
0.0
0.0
0.0
0.0
0.0
0.0
0.0
0.0
0.0
0.0
0.0
2.22624
0.0
0.0
0.0
0.0
0.0
0.0
0.0
1.08654
0.0
0.0
1.12807
0.0
0.0
0.0
0.0
0.0
0.0
0.300034
0.0
0.0
2.59062
0.0
0.0
1.588
0.0
0.0
0.0
0.0
1.08674
3.84452
0.0
0.0
0.0
0.774571
0.549986
0.0
0.0
0.0
0.0
0.0
0.0
0.0
0.0
0.0
0.0
0.0
0.0
0.0
0.0
0.195474
0.0
0.0
0.0
0.0
2.46296
0.0
0.0
0.0
0.782746
0.557587
0.0
2.76732
0.0
0.0
0.0
0.0
0.0
0.0
1.988
0.0
0.0
0.0
0.0
0.0
0.0
0.0
1.16232
0.0
0.0
0.0
0.279078
0.0
0.0
