0.0
0.0
0.918643
0.0
1.99338
0.0
0.0
0.0
0.0
0.0
0.425463
0.0
0.0
3.0094
0.0
1.97869
0.0
0.0
1.60206
0.0
0.0
0.826993
0.0
0.0
0.0
0.0
0.0
0.0
0.0
0.0
0.0
3.96747
0.0
2.5731
0.0
0.0
0.436768
0.0
0.0
0.0
0.0
0.0
2.66103
0.0
0.0
0.0
0.0
1.47703
0.0
0.0
0.874451
0.0
0.0
0.0
0.0
2.35177
0.0
0.0
0.0
0.0
0.944869
0.0
0.0
2.68665
1.63065
0.0
0.0
0.0
2.29937
0.0
0.0
0.0
0.0
0.0
0.0
0.0
0.0
0.570799
0.0413836
0.0
1.54814
0.0
0.0
0.0
0.0
0.0
0.0
0.0
0.0
0.0
0.0
0.0
0.0
0.0
0.0
0.0
0.0
0.0
1.30513
0.0
0.0
0.0
0.0
0.0
0.0
0.0604873
2.23861
0.0
0.0
0.0
0.0
0.0
0.0
0.0
0.0
0.0
0.0
0.0
0.835992
0.0
2.03348
0.0
0.0
0.0
0.0
0.0
0.0
3.39108
0.0
0.277467
0.0
0.0
0.0
0.0
0.0
0.0
0.0
0.0
0.476911
0.0
0.0
1.3915
0.0
0.0
0.0
0.0
0.337448
0.0
1.21369
0.0
0.0
0.0
0.0
1.97773
0.0
0.0
0.0
0.0
0.0
0.0
0.0
0.0
0.0
0.0
0.0
0.0
0.0
0.0
2.34519
0.988699
0.0
0.0
2.04423
0.00120422
0.0
0.0
0.0
0.0
0.0
0.0
0.0
0.0
0.0
0.0
0.0
0.0
0.0
0.0
0.0
3.1003
0.0
0.0
2.43181
1.12698
0.0
0.0
0.0
0.0
0.0
3.99322
0.0
0.0
0.0
0.254993
0.0
0.0
0.0
0.0
0.0
0.0
0.0
0.0
0.0
0.0
0.0468177
0.0
0.0
0.0
0.0
2.95575
0.0
1.42285
0.0
0.0
0.0
0.0
0.0
0.410142
0.0
0.0
0.0
0.0
0.0
0.428076
0.0
0.0
0.0
0.0
1.76539
0.0
0.0
0.0
0.0
2.03677
0.0938677
0.8267
0.0
1.67373
0.0
0.0
2.88967
0.902725
0.0
0.0
0.0
0.0
0.0
2.49393
0.0
0.0
0.0
0.0
3.48267
0.0
0.0
0.0
3.21778
0.0
0.0
1.4888
0.0
0.0
0.0
0.0
0.0
0.0
3.68051
0.0
0.0
0.0
0.71113
0.942304
0.706832
3.34408
0.0
0.0
0.0
0.0
0.0
0.0
0.0
0.0
0.0
0.0
3.56127
1.99133
0.0
0.0
0.0
0.0
0.0
5.90195
0.0
0.0
0.0
0.198547
0.0
0.0
0.0
0.0
0.0
0.0
0.0
0.0
0.0
0.0
0.0
0.0
0.0
0.0
0.0
0.0
0.0
0.0
0.0
0.0
0.0
0.66565
0.0
0.0
0.0
0.0
0.0
0.0
0.0
0.0
0.0
0.0
0.0
0.0
0.0
0.0
0.0
0.0
0.450591
4.34954
0.0
0.0
0.362681
0.0
0.0
0.0
0.0
0.245293
0.0
0.0
0.0
0.0
0.0
0.0
0.0
0.0
0.0
0.0
0.0
0.0
0.0
0.0
0.0
0.0
0.0
0.0
0.0
0.0
0.0
0.0
0.0
0.0
0.0
1.90096
0.0
0.0
0.0
0.0
0.0
0.0
0.0
2.08377
1.87868
1.52621
0.0
0.0
0.0
0.0
0.0
1.5319
7.0005
0.0
0.0
0.0
0.0
0.0
0.0
0.0
0.0
0.0
1.0262
0.0
0.0
0.0
0.0
0.0
0.0
0.0
3.492
0.0
0.0
0.0
0.0
0.0
0.0
0.0
0.400722
0.0
0.0
0.0
0.0
0.0
0.0
0.0
1.56189
0.859193
0.0
0.0
0.0
0.0
0.0
0.0
0.0
0.0
0.0
0.0
0.0
0.0
0.0
1.00573
0.0
0.0
0.0
0.0
0.0
0.0
0.0
1.12717
0.0
0.0760191
0.0
1.27469
0.0
2.79205
0.0
0.0
0.0
0.0
0.0
0.716345
0.702301
0.0
0.0
3.24304
0.0
2.26683
0.0
0.0
0.0
1.46038
0.0
0.0
0.46567
0.0
0.0
0.0
0.0
0.32806
0.0
0.0
0.0
0.0
0.0
0.0
0.0
0.0
0.0
0.0
0.0
0.0
0.358795
0.0
0.0
0.0
0.0
0.0
0.0
0.0
0.0
0.0
0.0
0.0
0.0
0.0
0.0
0.431705
0.0
0.0
0.0
0.0
0.0
5.37362
0.0
0.0
0.0
0.0
0.0
1.89823
1.25809
0.0
0.0
0.0
0.0
0.0
0.0
0.0
0.0
1.96652
0.0
0.0
2.70019
0.0
0.0
0.0
0.0
0.0
3.18865
2.18808
0.0
0.0
0.0
0.0
0.0
0.0
0.0
0.0948226
0.0
0.0
3.82055
0.0
3.74203
0.0
0.0
0.0
0.0
0.0
0.0
0.0
0.0
0.0
0.758783
0.0
0.0
0.0
0.0
0.0
0.0
3.26425
2.15187
1.54045
0.0
0.0
0.0
0.0
2.89558
0.0
2.19271
0.0
0.0
0.0
3.12384
0.0
0.0
0.0
0.0
0.0
1.24814
0.0
0.0
0.0
1.24134
0.0
0.0
0.0
0.0
0.0
0.0
0.0
0.0
0.0269794
0.0
0.0
0.219964
0.0
0.0
0.0
0.0
0.0
0.0648194
0.0
0.0
0.0
0.0
0.22357
6.76336
0.0
0.0
0.0
4.90125
0.0
0.0
0.0
0.0
0.0
0.0
0.0
0.0
0.0
0.0
1.77577
0.852052
0.0
0.412136
0.0
0.0
1.30819
0.0
2.1703
0.0
0.0
0.0
0.0
0.0
0.0
0.0
0.0
0.0
0.0
0.0
0.0
0.0
0.0
0.0
0.0
0.0
0.385684
0.0
0.0
0.0
1.04704
4.15038
0.0
0.0
0.0
0.0
0.0
0.0
0.0
0.0
0.0
0.0
0.0
0.0
0.0
0.0
0.0
0.0
3.4585
0.0
0.0
0.0
0.0
0.0
0.0
0.0915172
0.0
0.0
0.0
0.0
0.0
0.0
0.0
0.0
0.0
0.0
0.0510799
0.0
0.0
0.0
0.0
0.0
0.0
0.0
0.0
0.0
0.610936
4.00024
1.64864
0.0
0.0
0.0
0.0
0.0
0.0
0.0
0.0
0.0
0.0
0.0
0.0
0.0
0.0
5.46761
0.0
0.0
0.0
0.0
0.0
0.0226128
1.74642
0.0
0.0
0.0
0.0
0.0
0.0
0.0
0.0
0.0
0.0
0.0
0.0
0.0
0.0
0.623777
0.822859
0.0
0.0
0.0
0.0
0.0
2.40215
1.99025
0.0
2.67579
0.0
0.0
0.0
0.0
0.0
0.0
0.0
0.0
0.0
0.0
0.0
0.0
3.78398
0.0
0.0
0.0
0.0
0.0
0.781011
0.0
0.27786
0.0
6.31542
0.0
0.0
0.0
0.0
0.0
0.0
0.0
0.0
0.0
0.0
0.0179573
0.0
0.92956
0.0
5.79497
2.94329
0.0
0.0
0.0
0.0
0.0
3.37508
0.0
0.0
0.0
0.0
0.0
0.0
0.0
0.0
0.0
0.0
1.24773
0.0
0.0
0.0
0.0
0.0
0.0
0.0
0.0
0.0
0.0
0.0
0.0
0.0
0.0
0.0
0.0
0.0
0.0
0.0
0.0
0.0
0.0
0.0
0.0
0.0
0.0
0.0
0.697401
0.0
0.0
0.0
0.0
2.98412
0.0
0.0
1.88597
0.0
4.79143
0.0
0.0
0.0
0.0
0.0
0.789966
2.26245
0.0
0.0
0.0
0.0
0.0
2.18759
0.0
0.0
0.0
0.0
0.0
1.42046
0.0
0.0
0.0
0.0
0.0
0.0
0.0
0.0
0.0
0.0
0.0
0.0
0.0
0.0
0.0
0.0
0.0
0.0
0.0
0.0
3.5412
0.0
0.0
0.0
0.0
0.0
0.0
0.0
0.0
0.0
0.0
0.0
0.0
0.0
5.29211
3.54547
0.0
0.0
0.0
0.0
0.0
0.0
0.0
0.255787
0.0
0.0
0.0
0.0
0.0
0.0
0.0
0.0
0.0
2.00285
0.0
0.475281
0.0
0.0
0.0
0.0
0.0
0.0
0.0
0.0
0.0
0.0
0.0
0.0
0.0
1.68528
0.0
0.0
0.0
0.0
0.0
0.0
0.0
4.71048
0.0
0.613703
0.0
0.748911
0.0
0.0
0.0
1.09178
0.0
0.0
0.0
0.0
0.752238
0.0
0.0
2.12835
0.0
0.0
0.0
0.0
0.0
0.0
0.0
0.0
0.0
0.0
0.0
0.726085
0.0
0.0
5.58161
0.0
4.19305
2.91495
0.0
0.0
0.0
0.0
0.0
0.0
0.540766
0.0
0.0
0.0
0.106006
0.0
0.0
0.0
0.0
0.0
0.0
0.0
0.0
0.0
0.0
0.0
0.0
0.0
0.0
0.0
0.0
0.0
0.0
0.0
0.0
0.270026
0.0
0.0
0.0
0.0
0.0
0.0
0.0
0.0
0.0443971
0.0
0.0
0.0
2.71717
0.0
0.0
0.0
0.0
0.914323
0.0
0.0
0.0
0.0
0.0
0.0
0.0
0.0
2.30724
0.0
1.0747
0.0
1.39273
0.0
0.0
1.12274
0.0
0.443341
0.0
0.0
0.0
0.0
0.0
0.0
0.0
0.0
0.0
0.0
0.0
2.95968
0.0
0.102475
4.93535
0.0
0.0
0.0
0.0
0.0
0.0
0.0
3.52492
0.0
0.0
1.44005
0.0
0.168573
0.0
0.0
0.0
0.0
0.0
0.0
0.0
0.0
0.0
0.0
0.0
0.0
0.0
0.0
0.0
5.73847
0.0
1.40758
0.0
0.0
0.0
0.0
0.0
0.0
0.0
0.0
0.0
0.0
0.0
0.0
1.28466
0.0
0.0
0.0
0.0
0.0
0.0
0.0
3.4031
0.0
0.0
0.0
3.44577
3.57751
1.27295
0.0
0.0
0.0
0.0
0.0
0.0
0.0
0.0
0.0
0.0
0.0
0.0
0.0
0.0
0.0
0.0
2.43791
0.0
0.0
0.0
0.0
0.0
0.0
0.517356
0.750129
0.0
1.75278
3.27829
0.0
0.0
0.0
0.0
0.0
1.75179
0.0
2.64652
0.0
1.09889
0.0
0.0
3.08708
0.0
0.0
0.0
6.87873
1.9703
0.0
0.0
0.0
0.0
0.0
0.0
3.18434
0.0823729
0.0
0.751781
0.0
0.0
0.0
0.0
0.0
0.876985
0.0
0.0
0.0
0.0
0.0
2.02061
0.0
0.0
0.0
0.0
0.0
0.0
0.0
1.54523
0.0
0.0
0.0
3.41962
0.0
0.0
0.0
0.0
0.0
0.0
0.0
0.0
0.0
2.88703
0.0
0.0
8.18838
0.0
1.0721
0.0
0.0
2.53051
1.73186
0.0
0.0
0.0
0.0
0.0
0.596881
0.0
0.0
0.0
0.32057
0.0
0.0
1.16602
0.0
0.0874228
0.0
0.0
0.0
1.29878
0.0
0.0
0.0
0.0
0.0
0.0
0.0
0.0
5.0913
0.0
0.0
0.0
0.0
1.36185
0.0
0.692309
0.0
0.0
0.0
0.0
0.204224
0.0
0.0
0.0
0.0
0.0
0.0
0.0
0.0
0.0
0.0
0.0
3.97497
0.0
0.0
0.0
0.0
0.0
0.0
0.0
0.0
0.0
0.0
0.0
0.0
0.0
7.6761
0.0
0.0
1.87908
0.0
0.0
0.0
0.0
0.0
0.0
0.0
0.0
0.0
2.8261
0.0
0.372348
0.0
0.0
1.75192
0.0
0.0
0.0
0.0
0.0
0.0
0.0
1.54655
0.0
3.59864
0.0
0.0
0.715728
0.0
0.0
0.0
0.0
0.0
0.0
0.0
0.0
0.0
0.0
0.0
0.0
0.0
0.0
0.0
0.0
0.0
0.0
0.0
0.0
0.0
1.67281
0.0
4.0507
0.0
0.0
0.0
0.0
0.0
0.0
0.0
0.360809
0.0
0.0
0.0
0.0
0.0
0.0
0.0
0.0
0.0
0.0
0.0
0.0
0.0
0.0
0.0
0.665391
4.60597
0.0
0.0
0.0
0.0
0.0
2.46546
0.0
0.0
0.0
0.0
0.534705
0.0
0.0
2.83433
0.0
0.0
0.0
0.0
0.0
2.71106
0.0
0.0
0.0
0.0
1.20235
1.36209
0.0
0.0
0.0
0.0
1.91485
0.0
0.0
0.0
0.0
2.21737
0.00592664
0.0
0.0
0.0
0.0
0.0
0.0
1.13934
0.0
0.0
0.0
1.64648
0.0
0.0
0.564239
0.0
0.0
0.0
0.0
0.0
0.0
0.683714
0.0
0.0
0.0
0.703204
0.0
0.0
0.0
0.0
1.00487
0.0
0.0
0.0
0.0
0.0
2.6277
0.0
0.0
0.0
0.0
2.24808
0.430191
1.73226
0.0
0.0
0.0
0.0
0.0
0.0
0.0
0.0
0.0
0.0
1.17444
2.57406
0.0
0.0
5.91691
0.0
2.91855
0.0
0.0
0.0
0.0
0.0
0.0
0.619214
0.0
0.0
0.0
0.0
0.0
0.0
0.0
0.0
0.0
0.137214
0.0
0.0
0.0
0.0
0.0
0.0
0.0
0.0
0.0
0.0
0.0
0.0
0.0
0.0
0.0
0.0
0.0
0.0
0.0
0.0
3.61321
0.0
0.22333
0.0
0.0
0.401482
0.0195323
0.0
3.25593
0.0
0.0
0.0
0.0
0.0
0.0
1.02996
3.39093
0.0
0.0
0.0
0.0
0.0
0.0
0.0
1.38864
0.0
0.856965
0.0
0.0
0.0
0.0
0.0
0.0
0.849138
0.0
0.0
0.0
0.325997
0.0
0.0
0.0
0.0
0.0
0.0
0.0
0.0
0.0
0.0
0.0
0.0
0.0
0.167898
0.0
0.0
0.0
0.0
0.0
2.21627
0.0
0.0
0.0
0.0
0.0
0.0
1.04838
0.36172
0.0
0.385176
0.0
0.0
0.0
0.0
0.0
0.0
0.0
0.0
0.0
0.0
0.0
0.0
0.0
0.0
0.0
0.0
0.0
0.0
0.0
0.0
3.1808
0.0
0.0
0.0
0.0
0.0
0.0
0.0
0.243538
0.0
0.0
0.179071
0.0
0.763896
3.71462
0.0
0.0
0.0
0.0
0.0
0.0
0.0
0.0
0.0
0.0
0.0
0.709532
0.0
0.0
0.0
0.429732
0.0
0.0
0.0
0.0
0.0
0.0
1.06772
0.0
0.0
0.0
2.26615
0.0
1.48591
2.04074
0.0
0.0
0.0
0.0
0.0
2.13669
5.84235
0.0
0.0
0.0
1.86983
2.37092
0.522497
0.0
0.0
0.0
0.0
0.0
2.27718
0.0
0.0
0.0
0.0
0.0
0.0
2.14521
0.0
0.0
1.19025
2.48045
1.96265
0.510745
3.06392
0.0
0.0
2.59276
0.0
0.0
0.909582
2.28794
0.0
0.0
0.401868
0.00303072
0.0
4.5342
0.0
0.0
0.0
0.0
0.0
0.0
1.12735
0.0
0.0
0.0
0.0
0.0
0.0
0.0
1.42461
0.0
0.0
0.0
0.0
0.0
0.0
0.0
4.81231
0.0
0.0
0.0
4.33472
0.0
0.0
0.0
0.0
0.0
0.0
0.945625
0.0
0.0
0.0
0.0
0.0
0.0
0.0
2.7616
0.0
0.0
0.0
0.0
0.0
0.0
0.0
0.0
0.666942
0.0
0.0
0.0
0.0
0.0
0.0
0.0
0.0
0.0
0.0
0.0
0.0
0.0
0.0
0.0
0.0
0.0
0.0
0.0
0.0
0.0
0.0
0.0
0.0
4.64301
0.0
0.0
0.0
0.0
5.11484
0.0
2.73065
1.7854
0.0
0.0
0.0
0.0
0.0
2.493
0.0
0.0
0.0
2.96339
0.0
3.69039
0.0
0.0
0.0
0.0
0.0
0.0
0.0
0.0
0.0
0.0
0.0
0.0
0.0
0.0
0.0
0.0
0.0
0.0
0.0
0.0
0.0
0.0
0.0
0.0
0.527746
0.0
0.0
0.0
0.0
0.0
0.0
0.0
0.625331
4.77258
0.0
0.0
0.0
0.0
0.0
0.0
0.0
0.0
0.0
0.0
0.0
0.0
0.00890914
0.0
0.0
0.879425
0.0
0.752972
0.0
1.243
0.0
0.0
0.0
0.0
0.0
1.18732
0.0
0.0
2.87977
0.0
0.0
0.0
0.0
0.0
0.0
0.0
3.21977
0.0
0.0
0.0
0.0
0.0
0.0
3.92682
0.0
0.0
0.0
0.0
0.0
3.92217
0.088104
0.0
0.0
0.0
0.128639
0.0
0.0
0.0
0.0
1.3139
0.0
2.53096
0.0
0.0
0.0
0.0
0.0
0.0
0.0
0.0
0.0
0.0
1.04216
0.0
0.0
0.0
0.0
0.0
1.96383
0.0
5.4036
0.0
0.0
0.0
0.0
0.0
0.0
0.0
1.25173
0.0
0.0
0.0
0.0
0.0
0.0
0.0
0.0
0.0
0.0
0.0
0.0
0.0
1.00531
0.0
0.0
0.0
0.0
0.461466
0.0
0.0
0.0
3.04248
1.88399
0.835939
0.0
0.0
0.0
0.0
0.0
0.0
0.0
1.69743
0.0
1.01365
0.0
0.0
0.0
0.0
0.0
0.0
0.0
0.0
0.0
0.0
0.0
0.0
0.0
0.0
0.0
1.57359
0.0
0.0
0.0
1.32401
0.0
0.0
0.0
0.0
2.33215
0.0
0.0
0.0
0.0
0.0
0.180208
0.0
0.0
6.45507
0.0
2.95787
3.1027
0.0
5.69449
0.0
4.44651
0.0
0.0
0.0
0.0
1.20658
0.0
0.0
0.0
0.0
0.438597
0.212385
0.0
1.8343
0.0
0.0
0.0
0.0
0.0
0.0
3.14399
7.68051
4.31485
0.0
0.0
0.0
0.0
0.012407
2.90305
0.0
0.0
0.0
3.36645
2.77997
0.0
0.0
0.0
2.80992
0.0
0.0
0.0
0.0
0.0
0.0
4.50523
0.0
0.0
0.0
0.0
0.0
0.0
0.0
3.37637
0.98047
0.0
5.11937
0.0
0.0
1.49028
0.0
0.0
0.0
0.0
0.0
0.0
4.20687
0.0
2.48657
0.828677
0.0
2.85961
0.0
0.0
0.0
0.0
0.0
0.0
2.646
0.0
0.0
0.0
0.928395
0.0
0.0
0.0
0.0
0.0
0.0
0.0
6.63909
0.0
0.0
0.0
0.0
3.00462
0.0
0.0
0.0
0.0
0.0
0.0
0.0
0.0
0.0
0.0
0.0
0.0
0.205403
0.0
0.0370551
0.0
0.0
0.163007
0.0
0.0
3.49442
0.0
0.0
0.0
0.0
0.0
0.0
0.0
0.0
2.64459
0.0
0.0
0.0
0.283726
0.0
0.0
0.0
0.0
0.0
0.0
0.0
0.0
0.0
0.0
0.0
0.0
0.0
0.853622
0.0
1.49339
0.0
0.0
1.76645
0.0
7.01642
0.0
0.0
0.0
0.0
0.0
0.0
0.0
7.298
1.91371
0.786635
0.0
0.0
0.0
0.0
0.0
0.0
0.0
3.164
0.0
0.0
0.0
0.0
1.05582
0.0
0.0
0.0
0.0
1.50985
0.0
0.0
0.0
0.0
0.0
0.0
0.0
0.0
0.0
0.0
4.00101
3.08603
0.0
0.0
0.900977
0.0
0.0
0.0
0.0
0.0
0.0
0.0
0.0
0.0
0.0
2.47515
0.0
0.0
0.0902067
0.0
0.0
0.0
0.0
0.0
0.0
0.0
0.0
0.0
0.0
3.36982
0.0
0.0
0.0
0.0
0.0
0.0
0.0
2.16238
0.0
0.0
0.0
0.0
0.0
0.0
8.32759
0.0
0.0
0.0
0.0
1.77874
0.0
0.0
0.0
0.0
0.0
0.807003
0.0
0.0
0.0
0.0
0.0
1.88714
0.0
0.0
2.72302
0.0
0.946937
0.0
0.0
0.381961
0.0
0.0253198
0.0
1.54517
0.527111
0.0
0.0
0.0
0.919863
0.0
0.0
0.0
0.0
0.0
0.0
0.0
0.0
0.0
0.0
0.0
0.0
1.06444
0.0
0.0
0.0
0.0
6.73558
0.0
1.31855
0.0
0.0
0.846401
0.0
2.19959
0.0
4.4557
0.0
0.0
0.0
0.0
0.920075
0.0
0.0
0.0
0.0
0.0
0.0
0.241898
0.0
0.0
0.0
0.0
0.0
0.0
0.0
0.0
6.47821
0.0
0.313743
0.0
0.0
0.496998
0.0
0.0
0.0
0.0
0.0
0.0
0.0
0.0
0.0
0.0
0.0
0.0
0.0
0.0
0.0
0.0
0.0
0.0
1.57189
3.48375
0.0
0.0
1.54102
0.0
0.0
0.309025
0.0
2.43507
0.0
2.83315
0.0
0.0
1.625
0.0
0.0
0.0
6.98494
0.0
0.0
0.0
0.0
0.0
1.8432
0.0
0.0
0.0
0.121084
2.28596
0.0
0.0
0.0
0.0
1.60339
0.978378
0.0
0.0
0.0
0.0
0.0
0.0
1.52154
0.806946
0.663266
0.0
0.0
0.0
0.0
4.72055
0.0
0.0
0.0
0.0
0.0
0.0
0.0
0.0
0.0
0.384498
0.0
0.301681
0.264033
0.0
0.0
0.0
0.0
0.737856
1.75925
0.0
0.0
0.0
0.0
2.66272
0.0
0.0
0.0
4.70161
0.0
0.0
1.01589
0.369158
0.0
0.0
3.6507
0.70575
0.0
0.0
1.804
0.0
0.0
0.0
0.0
0.0
0.0
0.0
0.0
0.0
0.0
0.0
0.0
0.0
4.48163
1.7693
0.0
0.375532
0.0
0.527596
0.0
0.0
0.0
0.0
0.0
0.875224
0.0
0.0
0.0
0.0
0.0
0.0
0.0961979
0.0
0.0
0.0
0.0
0.0
0.0
0.0
0.0
0.0
0.0
0.0
0.327149
0.0
0.171543
0.0
0.0
2.80622
0.0
0.0
0.0
0.0
0.0
4.07993
1.88752
0.0
0.0
0.0
0.0
0.0
0.0
0.0
0.0
0.0
0.0
0.0
0.0
0.0
0.0
0.0
0.0
0.0
0.0
0.0
0.0
0.0
0.0
0.0
0.0
0.0
0.0
0.0
0.0
0.0
0.0
0.0
0.0
0.396506
0.0
0.0
0.0
1.33259
0.0
0.0
0.0
0.0802672
0.0
0.0
0.0
0.0
0.0
0.0
0.0
2.51232
0.373045
0.0
0.0
0.058832
0.0
0.0
0.34914
0.0
0.0
0.0
0.0
0.0
0.0
0.0
0.0
0.0
0.0
0.0
5.52086
0.0
4.65367
0.0
0.0
0.0
0.0
0.0
0.0
0.0
0.0
1.71785
0.0
0.0
1.68023
0.0
0.0
0.0
1.50254
0.0
0.0
0.872709
0.0
0.0
0.0
0.0
0.0
0.0
0.0
0.0
0.0
0.0
1.87013
0.0
0.0
0.0
0.0
0.0
0.0
0.0
0.0
0.0
0.0
0.0
0.0
0.0
0.12385
0.0
0.0
0.0
0.0
0.0
0.275465
0.0
0.0
1.26263
0.0
0.0
0.421487
0.0
0.815855
0.349659
0.0
0.0744125
0.0
0.0
0.0
0.0
0.0
0.0
0.0
0.0
0.0
0.0
0.0
0.0
0.0
0.0
0.0
0.0
0.0
0.0
0.0
0.0
0.0
0.0
0.0
0.0
0.0
0.0
0.0
0.0
0.0
0.0
0.0
0.0
0.0
0.0
0.0
0.0
0.0
0.0
0.0
3.83602
0.0
0.0
2.15895
0.0
0.368362
0.0
0.0
0.284669
0.0
0.0
0.0
0.0
0.0
0.156456
0.0
0.0
1.67807
0.0
1.84395
0.0
0.0
1.55947
0.0
0.0
2.06794
1.58576
0.0
0.0
0.0
0.0
0.0
0.0
0.0
5.57354
0.0
0.32363
0.0
5.46114
0.0
0.0
0.0
0.0
0.0
0.0
0.0
0.0
0.0
0.0
0.0
0.0
0.0
0.0
0.0
0.0
0.0
0.0
0.0
0.0
0.0
0.619367
0.0
0.0
0.0
0.0
0.672634
0.0
0.0
8.78158
3.61346
0.0
0.00822775
0.0
4.12136
0.0
0.0
0.0
2.07719
0.0
0.0
5.19319
2.55973
0.0
0.0
0.0
0.0
0.0
0.0
0.0
0.0
0.0
2.13062
0.0
4.08292
3.97678
0.0
0.427068
0.0
0.0
1.55206
2.92683
0.0
0.0
0.0
0.0
0.0
0.0
0.0
1.31262
0.0
0.0
0.0
0.0
0.0
0.727923
0.0
0.65034
0.0
0.0
0.0
0.0
0.0
0.0
2.02179
0.188248
0.0
0.0
0.627025
2.67992
0.0
0.0
0.349999
0.0
0.0
0.0
0.0
0.0
0.0
0.0
0.0
0.0
0.0
0.0
0.0
0.0
1.42266
3.35782
0.0
0.0
0.0
0.896864
0.0
1.57926
0.0
0.0
0.0
0.0
0.909522
0.0
2.11811
0.0
0.0280131
0.0
0.0
0.0
0.0
0.0
0.0
1.2677
0.0
0.0
0.0
0.0
0.0
0.0
0.0
0.0
0.0
0.0
0.0
0.0
0.0
0.0
0.0
0.536647
0.0
0.0
0.0
2.14241
2.08267
0.0
0.0
0.0
0.0
0.0
0.16995
0.0
0.0
0.0
0.0
1.83688
0.0
0.0
0.0
0.0
0.0
1.00873
0.0
5.38457
2.04716
0.0
0.0
0.0
0.0
0.0
1.358
0.0
0.0
0.104486
0.0
0.0
0.0
0.0
1.57407
1.60909
0.0
0.0
0.0
0.0
0.0
0.0
0.0
0.0
0.0
0.0
0.0
0.0
4.93014
0.0
0.0
0.0
0.0
0.0
0.0
1.15751
0.0
0.0
0.0
0.0
0.0
0.0
0.0
0.0
0.0
0.0
0.0
0.0
0.0
0.0
1.07369
0.0
0.0
0.0
0.0
0.0
0.0
0.370746
0.0
0.0
0.399938
0.0
0.0
0.0
0.0
0.0
2.03023
0.0
0.0
0.0
0.0
0.0
0.0
0.0
0.0
0.0
0.0
0.0
0.0
3.27609
1.49849
0.411489
1.22081
0.185969
0.0
0.0
0.0
2.82741
0.0
2.21718
0.0
0.0
0.0
0.0
0.0
0.0
0.0
0.0
0.360843
0.0
0.0
0.0
0.4023
0.0
1.25493
0.0
0.0
0.0
0.188646
0.0
0.0
0.0
0.0
0.0
0.0
1.49311
0.0
0.0
0.0
0.0
0.0
0.0
0.0
0.0
0.0
1.49634
0.0
0.115675
0.0
0.0
0.0
0.0
0.0
0.271029
0.0
0.0
0.0
0.0
0.0
3.32363
0.0
3.15383
0.0
0.0
0.0
0.0
0.0
0.0
0.0
0.0
0.0
0.0
0.0
0.0
0.0
0.0
4.67141
0.0
0.0
0.0
0.0
0.0
0.0
1.37323
0.0
0.0
1.1209
0.0
0.0
0.0
0.0
0.0
0.0
0.0
0.0
0.0
0.0
0.0
0.0
0.0
0.0
0.0
0.0
0.0
0.0
0.0
0.0
0.0
0.0
0.0
0.0
0.0
0.0
0.0
0.801429
0.0
0.0
0.0
0.0
0.0
0.0
0.0
0.0
1.2406
0.0
0.930955
0.0
0.0
0.0
0.0
0.0
0.0
1.81821
0.0
0.0
0.0
1.97946
0.0
1.81875
2.6816
2.0617
0.0
0.0
0.0
0.0
0.0
0.0
0.0
0.0
0.0
1.22517
5.46768
0.0
0.0
0.0
0.0
0.0
0.0
0.0
0.0
0.312301
2.15878
0.0
0.0
0.0
0.341209
0.0
0.0
0.0
0.538996
0.0
0.0
0.0
0.0
0.0
0.0
0.0
0.0
0.0
0.0
0.0
0.0
1.69498
0.0
0.0
0.0
0.0
5.28225
0.0
0.0
0.0
0.0
0.0
0.0
0.0
0.0
0.0
0.0
0.0
0.0
0.0
0.0
0.0
0.0
0.187658
0.0
0.0
0.0
0.629694
2.64445
0.0
0.0
0.0
0.0
0.0
0.0
0.0
0.0
3.47274
0.0
0.0
0.0
0.0
0.0
0.0
0.0
3.19885
0.0
0.0
0.0
0.0
0.0
0.0
0.0
1.02576
0.0
0.0
0.0
0.0
0.0
0.0
4.23387
0.0
0.0
0.0
3.18698
0.0
0.0
0.0
0.0
0.0
0.0
0.0
0.0
0.0
0.0
0.436472
0.0
0.0
0.0
0.0
0.0
0.0
0.0
0.0
0.0
0.0
0.216417
2.14457
0.0
0.0
0.0
0.0
0.0
0.0
0.0
0.0
0.0
0.0
0.0
0.0
0.0
0.0
0.0
0.0258652
0.0
0.0
0.0
0.956049
0.0
0.0
0.0
0.0
0.872696
0.0
0.0
0.0
0.0
0.0
0.0
0.0
3.20954
0.0
0.0
0.0
2.19571
0.0
2.81
0.0
0.0
0.0
0.0
0.0
0.0
0.0
0.0
0.0
2.6645
0.87289
0.0
0.0
0.0
0.0
0.0
0.0
0.0
0.310044
0.0
0.0
2.25769
0.0
0.0
0.0
0.0
0.0
0.0
0.0
0.0
0.0
0.0
0.0
0.0
0.0
0.0
0.0
0.0
0.0
0.0
0.0
3.09138
0.0166643
0.0
0.0
0.0
0.0
0.0
0.0
0.0
0.0
0.0
0.0
0.0
0.0
0.0
0.0
2.63572
0.0
0.0
0.0
0.0
0.0
0.0
0.0
0.0
0.600975
0.0
0.0
0.0
0.0
0.0
0.0
1.44114
0.0
2.49448
0.0
0.0
0.0
0.0
0.103919
0.0
0.0
0.0
1.40289
0.0
0.0
0.0
0.0
0.0
2.09076
3.09896
0.0
0.0
0.0
0.0
0.0
0.0
0.0
0.0
0.0
0.0
0.0
0.0
0.0
0.0
0.0
0.0
0.595764
0.0
0.0
0.0
0.0
1.17342
0.0
0.0
0.0
0.0
0.0
0.0
0.0
0.0
3.24369
0.0
3.18138
0.0
0.0
0.0
1.51429
0.0
0.570667
0.0
0.0
0.0
0.0
0.0
0.753248
0.0
0.0
0.0
0.0
0.0
0.0
0.0
0.0
0.193757
0.0
0.659319
0.0
0.0
0.0
0.0
0.0
0.0
0.0
0.0
0.0
0.0
3.27299
0.0
0.208444
0.0
0.0
0.0
0.0
1.92168
0.0
7.98536
0.0
0.0
0.0
0.0
0.0
0.0
0.0
0.0
0.0
0.0
1.94659
0.0
0.0
0.0
1.67913
0.0
0.0
0.0
0.0
0.0
0.0
0.0
0.0
0.0
0.0
0.0
0.0
0.0
0.0
0.0
0.0
0.0
0.0
0.0
0.0
0.0
0.0
0.0
0.0
0.0
0.0
0.153649
3.17131
0.0
0.0
1.86922
0.0
5.31259
2.30778
0.0
0.0
0.0
4.04829
0.0
0.0
0.0
0.5357
1.96952
0.0
0.0
0.0
0.0
0.0
0.0
0.0
0.0
0.0
0.0
0.0
0.0
0.0
0.0
0.0
0.0
4.24609
0.0
0.525696
1.22062
0.0
0.0
0.0
0.0
0.0
0.0
0.0
1.00753
2.25248
1.75367
0.0
0.811504
0.0
0.0
0.0
0.0
0.0705141
0.0
0.720952
0.0
0.670037
0.0
0.0
3.14376
0.0
0.0
0.0
0.0
0.0
0.0
0.0
0.0
0.0
0.0
0.0
0.0
0.0
0.0
0.0
0.255604
0.0
0.0
0.0
0.0
0.0
0.0
0.0
0.685998
0.0
0.0
0.0
0.0
0.0
0.0
0.0
0.0
2.72529
1.08468
0.0
0.0
0.0
0.0
0.0
3.25987
0.0
0.0
2.25588
0.0
0.0
0.0
6.53631
0.0
0.0
0.0
0.0
0.0
0.0
0.0
0.726145
0.765729
0.0
0.0
0.0
0.0
0.0
0.0
0.0
0.0
0.0
0.0
1.84103
0.0
0.0
4.3172
0.0
0.0
0.0
0.0
0.0
0.0
2.64758
0.0
0.0
0.0
0.0
0.0
0.0
1.69434
0.0
0.0
0.0
0.0
4.2413
0.0
0.0
0.0
0.0
0.0
0.0
0.0
0.0
0.0
0.0
0.0
0.0
0.0
0.0
0.0
0.0
2.24307
0.0
5.36404
0.0
0.0
7.52382
0.0
0.0
0.0
0.0
0.0
0.0
0.0
0.0
0.0
0.0
0.0
0.0
1.74343
0.0
0.0
0.0
0.0
0.0
0.0
0.0
3.85782
1.64
0.0
0.0
0.0
0.0
0.0
0.0
0.0
0.0
0.0
0.0
0.0
0.0
0.366616
0.0
0.0
0.0
0.0
0.0
0.0
0.0
0.0
0.0
0.0575235
4.71566
0.0
0.0
0.0
0.0
0.0
0.0
0.0
5.08594
7.44201
0.0
3.22868
0.0
0.0
0.0
0.545528
0.0
0.0
0.0
0.0
0.0
0.627512
0.0
0.0
0.0
0.0
0.0
0.0
0.0
1.00929
0.0
0.0
0.0
0.0
0.0
0.0
0.0
1.49109
2.41989
4.20548
0.243105
0.0
0.0
0.0
0.0
0.0
0.0
0.0
0.0
0.0
0.0
0.0
0.118562
0.0
0.0
0.0
0.0
0.0
0.0
0.0
0.0
4.802
0.0
0.0
0.0
0.0
0.0
0.0
0.0
0.0
0.0
0.0
0.0
0.0
0.0
0.0
2.96144
0.0
0.0
0.0
0.0
0.0
4.56226
0.0
0.0
0.0
0.0
0.0
0.0
0.0
0.0
0.0
2.64672
4.20791
0.0
0.0
0.0
1.07633
0.0
0.247035
0.0
0.0
6.16007
0.0
0.0
0.0
0.0
0.0
0.0
0.0
1.46708
0.0
0.0
0.0
0.0
0.0
3.18909
0.0
0.0
0.0
0.0
0.0
0.0
0.0
2.10515
0.0
0.0
0.0
0.0
0.096592
0.0
0.0
0.0
0.0
0.0
0.0
0.0
4.83137
3.241
0.0
0.0
0.0
0.0
0.0
5.6908
0.0
0.0
0.0
0.0
0.0
0.0
0.160031
0.0
0.0
1.47343
0.0
2.74937
0.0
1.61666
0.0
0.0
2.81574
0.0
0.0
0.0
0.0
0.0
0.0
0.0
0.0
0.0
0.0
0.0
0.0
0.662941
0.0
1.69655
0.0
0.0
0.293479
0.0
0.0
0.0
0.0
3.01359
0.0
0.0
0.0
0.623296
2.22145
0.0
0.0
0.0
0.0
0.0
0.0
0.0
0.0
0.0
0.0
0.0
0.0
0.0
0.0
0.0
0.0
0.0
0.0
0.0
2.44961
0.0
0.859724
0.0
5.06866
0.0
0.0
2.39937
0.0
0.0
0.0
0.0
0.212569
0.0
0.0
1.20606
0.0
0.0
0.0
0.0542845
0.0
0.0
2.66353
0.0
0.0
0.0
0.0
0.0
0.0
0.0
2.62247
0.0
0.0
0.0
0.0
0.0
0.0
0.0
0.0271106
0.0444864
4.78698
0.0
0.0
0.0
0.0
0.0
0.0
1.34707
0.0
1.15638
0.0
0.0
1.68836
0.0
0.0
0.0
0.0
0.0
0.0
0.0
0.0
4.04499
0.0
0.0
0.0
0.0
1.09256
2.29379
0.0
0.0
0.179037
0.0
4.80532
0.0
0.0
1.50628
0.0
0.0
0.0
0.0
0.0
0.0
0.0
0.12694
0.0
0.86569
0.0
0.0
0.0
0.0
0.0
0.0
7.62099
0.226348
0.0
0.0
0.0
0.0
0.0
0.0
0.0
0.0
0.0
0.0
0.0
1.9758
2.86716
4.34531
0.0
0.919684
2.15314
6.09033
0.0
0.0
0.0
0.0
0.0
0.0
0.0
0.0
0.0
0.0
0.833435
0.0
0.0
0.0
0.0
0.0
0.438483
0.0
0.0
0.0
0.0
0.0
0.0
2.02382
0.45856
0.0
1.47197
0.0
0.31309
0.0
0.0
0.0
0.0
0.0
0.0
0.0
0.0
0.0
0.0
0.0
0.0
0.0
0.0
0.0
0.0
0.0
0.0
0.857438
0.0
0.0
0.0
0.0
0.0
0.0
0.757876
0.0
0.169711
4.10466
0.134101
0.0
3.63522
0.0
0.0
0.0
0.0
0.0
3.945
0.0
0.0
0.0
0.302755
0.0
0.0
0.0
0.0
0.0
0.0
0.0
0.0
0.0
0.0
0.0
0.0
0.0
0.0
0.0
1.71024
0.0
0.0
0.0
0.0
0.819051
0.0
0.91104
0.0
0.0
0.0
0.0
0.688562
0.0
0.0
0.0
0.0
0.0
0.0
1.34471
0.0
0.0
0.295004
0.0
0.0237172
0.0
0.139836
0.0
1.15869
0.0
0.0
0.0
0.0
0.0
