0.0
0.0
0.0363432
0.0
0.377983
0.0
0.0
0.0
0.0
0.0
0.0
0.0
0.0
1.17486
0.0
0.0
0.0
0.0
1.50212
0.0
0.0
4.51637
0.0
0.0
0.0
0.0
0.0
0.0
0.0
0.0
0.0
1.58506
0.0
4.07182
0.0
0.0
0.0
0.100756
0.0
0.0
0.0
0.0
2.43237
0.0
0.0
0.951586
0.0
0.0
0.0
0.0
0.0
0.0
0.0
0.0
0.0
0.0
0.0
0.0
0.0
0.0
4.48195
0.0
0.0
1.11615
0.0
0.0
0.0
0.0
6.22597
0.0
0.0
0.0
0.332054
0.0
0.0
0.0
0.0
0.491567
0.0
0.0
0.0
0.0
0.0
0.0
2.48818
0.0
0.0
0.0
0.0213359
0.0
0.0
0.0
0.0
0.0
0.0
0.0
0.0
0.0
3.11469
0.0
0.0
0.0
0.0
0.0
0.0
4.42892
0.556364
0.0
0.0
0.776037
0.0
0.0
0.0
3.83072
0.0
0.0
0.0
7.08155
0.0
0.0
0.0
0.0
0.0
0.0
0.0
0.0
0.0
6.03171
0.0
0.0
0.0
0.0
0.0
0.0
0.0
0.0
0.0
0.0
1.12576
0.0
0.0
0.0
0.0
0.0
0.0
0.0
0.0
0.0329242
0.277711
0.0
0.0
0.0
0.0
0.0
0.0
0.0
0.0
0.335759
0.0
0.0
2.88566
0.0
0.0
0.0
0.0
0.0
0.0
0.0
0.15972
3.28469
0.0
0.0
5.38081
0.0
0.0
0.0
0.0
0.0
0.0
0.0
6.2249
0.0
0.0
0.0
0.0
0.0
0.385906
0.0
0.0
2.6302
2.08048
0.0
1.96215
2.28462
0.0
0.0
0.0
0.0
0.0
0.198578
0.0
0.0
0.0
0.0
0.0
0.0
0.0
0.0
0.0
0.0
0.0
0.0
0.0
0.0
2.88136
0.0
0.0
0.0
0.0
3.06372
0.0
3.57007
0.0
0.0
0.0
0.0
0.0
0.0
0.0
0.0
0.0
0.0
0.0
0.0
0.0
0.0
0.0
0.0
0.0
0.0
0.0
0.0
0.377035
2.12717
0.0
0.0
0.0
4.4092
0.0
0.0
2.37146
0.0
0.0
0.0
0.0
0.0
0.0
0.0
0.0
0.0
0.0
0.0
4.38961
0.0
0.0
0.0
4.3217
0.0
0.0
0.0
0.0
1.71143
0.0
0.0
0.0
0.0
7.62965
0.0
0.0
0.0
0.0
1.93252
0.0
3.23856
0.0
0.0
0.0
0.0
0.0
0.0
0.0
0.0
0.0
0.0
0.528123
0.0
0.0
0.0
0.0
1.37751
0.0
5.15814
1.9815
0.0
0.0
0.0
0.0
0.0
0.0
0.0
0.0
0.0
0.0
0.0
0.0
0.0
0.0
0.0
0.0
0.0
0.0
0.0
0.0
0.0
0.870087
0.0
0.0
0.0
0.0
0.0
0.0
0.0
0.0
0.0
0.0
0.0
0.0
0.0
0.0
0.0
0.0
1.03011
0.0
0.0
0.0
2.02648
0.0
0.0
0.0
0.0
0.0
0.0
0.0
0.0
0.0
0.0
0.0
0.0
0.0
0.0
0.0
0.0
0.0
0.0
0.0
0.0
0.0
0.0
0.0
0.0
0.0
0.0
0.0
0.0
0.0
0.0
1.31248
0.0
0.0
0.973847
0.0
0.0
0.0
0.0
0.0
0.0
0.0
5.94296
0.0
0.0
0.0
0.0
0.0
0.0
0.0
0.0
7.16663
0.0
0.0
0.0
0.0
0.0
0.0
0.0
0.828581
0.0
1.82897
0.0
0.0
0.0
0.0
0.0
0.0
0.0
2.63558
0.0
0.0
0.0
0.0
0.0404551
0.0
0.0
0.0
0.0
0.0
0.0
0.0
0.0
1.00113
0.199709
5.55509
0.0
0.0
0.0
0.0
0.0
0.0
0.0
0.0
0.0
0.0
0.0
0.0
0.0
0.0
0.0
0.0
0.0
1.99454
0.0
0.0
0.0
0.0
0.341291
0.0
0.0
0.0
0.0
0.0
0.0977488
0.0
3.95326
0.0
0.0
0.0
2.29521
2.54358
0.0
1.50155
7.24943
0.0
0.0
0.0
0.0
0.0
0.0
0.0
0.0
0.0
0.0
0.0
0.0
0.0
0.0
0.0
0.0
0.0
0.0104984
0.0
0.0
0.0
0.0
0.0
0.0
0.0
0.0
0.0
0.0
0.0
0.868299
0.0
0.0
0.0
0.0
1.38602
0.0
0.0
0.0
0.0
0.0
0.0
0.0
0.0
0.0
0.0
0.0
0.0
0.576307
0.0
0.0
0.0
0.0
0.0
1.23172
1.89391
0.0
0.0
0.0
0.0
0.0
0.0
0.0
1.19452
1.78001
0.0
0.0
2.40311
0.0
2.16673
0.0
0.0
0.0
1.70015
4.07332
0.0
0.0
0.0
0.0
0.0
0.0
0.0
1.49041
0.0
0.0
5.58516
0.0
0.0
0.0
0.0
0.0
0.0
0.0
0.0
0.0
0.0
0.0
0.0
0.0
0.0
0.0
0.0
0.0
0.0
2.08878
0.0
0.0
0.0
0.0
0.0
0.0
0.0
0.0
0.0
0.180805
0.0
0.0
0.989331
2.3945
0.0
0.0
0.0
0.0
0.926746
0.0
0.0
0.0
0.0
0.0
0.0
0.0
0.0
0.0
0.0
0.0
0.0
0.0
0.30979
0.0
0.0
0.0
0.0
0.0
0.0
0.0
0.0
0.0
0.0
0.0
0.0
0.0
2.65356
0.0
0.0
0.0
0.0
0.0
0.0
0.0
0.0
0.0
0.0
0.0
0.0
0.0
0.0
2.12794
0.0410462
0.0
0.0
0.0
0.0
0.0
0.0
3.05575
0.0
0.0
0.0
0.0
0.0
0.0
0.0
0.0
0.0
0.0
0.0
0.0
0.0
0.0
0.0
0.0
0.0
1.78351
0.0
0.0
0.0
0.0
0.0
0.0
0.0
0.0
0.0
0.0
0.0
0.0
0.0
0.0
0.0
0.0
0.0
0.0
0.0
0.0
0.0
0.49992
0.0
0.0
0.0
0.0
0.0
0.0
0.872206
0.0
0.0
0.0
0.0
0.0
0.0
0.0
2.17491
0.0
0.0
0.827113
0.0
6.13222
0.0
0.0
0.0
3.44155
0.0
0.0
0.0
0.0
0.0
0.0
1.67809
0.0
0.0
0.238108
0.0
0.0
0.0
0.0
0.0
0.0
0.704204
0.0
0.792225
0.0
4.7826
0.0
0.0
3.73121
0.0
0.0
0.610506
0.0
0.0
0.0
0.0
0.0
0.0
0.0
0.0
0.0
0.0
1.02771
0.0
0.0
0.0
0.0
0.0
0.0
1.06463
0.0
0.0
0.0
0.723091
4.05503
0.0
0.0
4.43157
0.986116
0.0
0.0
0.0
0.0
0.0
0.0
0.0
0.760091
0.0
0.0
0.0
7.84707
0.0
3.08571
0.649697
0.208457
0.0
4.67423
0.0
0.0
0.0
0.0
0.0
0.0
0.0
0.0
0.0
0.0
0.0
0.62649
0.0
0.0
0.0
0.0
2.39276
0.0
1.58861
1.71896
0.0
0.0
0.0
2.8089
0.0
0.0
0.0
0.0
0.0
0.0
0.0
0.0
0.0
0.0
0.0
0.0
5.59466
0.0
0.0
0.0
0.0
0.0
0.0
0.0
0.0
1.81718
0.0
0.0
0.0
0.0
0.0
0.0
0.0
0.0
0.0
0.0
0.0
0.0
0.0
0.0
0.0
0.0
0.102106
0.0
2.42589
0.016004
0.0
0.0
0.0
0.0
0.0
0.0
0.0
0.0
0.0
0.0
0.0
0.0
0.0
0.0
0.0
1.64418
0.0
0.0
0.0
0.0
1.49399
2.13775
0.0
0.0
0.0
0.0
0.0
0.0
0.0
0.0
0.58757
0.0
0.0
3.38311
0.0
0.0
0.0
0.0
0.0
0.0
0.0
0.733346
0.0
0.0
0.881926
0.90252
0.0
0.0
3.08752
0.0
0.151024
0.0
0.0
0.0
0.0
0.0
0.0
0.0
0.0
0.0
0.0
0.0
7.78804
0.0
0.0
0.0
0.0
0.0
0.0
0.0
0.0
0.0
0.0
0.0
0.0
0.0
0.0
0.0
0.0
0.0
0.0
0.328128
0.0
0.00545278
0.0
0.0
0.0
0.0
0.0
0.0
0.0
0.0
0.0
0.0
0.0
0.0
0.0
1.28238
0.0
0.0
0.486781
0.0
0.0
0.0
0.0
6.44694
0.0
1.03096
0.0
0.0
0.0
0.0
0.0
0.0
0.0
0.0
0.0
0.0
0.0
0.0
0.0
0.0
0.362786
0.0
0.158742
0.0
0.0
0.0
0.0
0.0
0.0
0.0
0.0
0.0
0.0
0.0
2.92288
0.0
0.0
2.50359
0.0
0.0
0.0
0.0
0.0
0.0
0.0
0.0
0.0
0.0
0.0
0.0
0.0
0.0
0.0
0.0
0.0
0.0
0.0
0.0
0.0
0.0
0.0
0.0
0.0
0.0
0.0
0.0
0.0
0.0375603
0.0
1.98629
0.0
1.30941
0.68725
0.0
0.0
0.0
0.0
0.0
0.0
0.0
0.0
0.0
1.05729
0.0
0.0
0.0
1.34937
0.0
0.0
0.0
0.0
0.0
0.0
0.0
0.0
0.917175
0.0
0.0
0.0
0.0
0.0
0.0
0.0
0.0
0.0
0.0
0.0
0.0
0.0
0.0
0.0
0.0
0.0
0.0
0.0
0.0
0.0
6.59795
2.73862
0.46042
6.25593
0.0
0.0
0.971014
0.0
0.0
0.830384
0.0
0.197604
0.0
0.0
0.0
0.0
0.0
0.0
0.0
0.0
0.0
0.0
0.0
0.0
0.0
0.0
0.0
0.0
3.14017
0.0
0.0
0.0
7.2343
0.0
0.0
0.0
0.0
0.0
0.0
0.0
0.0
0.0
3.59298
0.0
0.0
0.0
0.0
0.0
0.0
0.0
0.0
0.0
0.0
6.2693
0.0
0.0
0.0
0.0
0.0
1.45677
0.0
0.0
0.0
0.0
0.0
0.0
0.0
0.0
0.0
0.0
0.0
0.0
0.0
0.0
0.0
0.0
0.338001
0.0461629
3.99048
0.0
0.0
1.58482
0.0
0.0
1.59824
0.0
0.0
0.0
0.0
3.88942
0.0
0.0
0.0
0.0
0.0
0.0
0.0
3.11351
0.0
2.32595
0.0
0.0
3.77753
0.0
0.0
0.0
0.0
2.59813
0.0
0.343908
0.0
0.0
0.0
1.47776
1.35155
0.0
0.0
0.0
0.0
0.0
0.0
0.0
0.0
1.126
0.0
0.0
0.0
0.0
0.0
2.76636
0.0
0.0
0.0
0.0
0.0
0.0
0.0
0.0
0.0
0.0
0.0
0.0
0.0
0.0
0.0
0.0
0.0
0.0
0.0
0.0
0.0
6.59278
0.0
0.132553
4.04106
0.0
0.873379
0.0
0.0
0.0242912
2.15712
0.0
0.0
0.0
0.0
0.0
0.766269
0.547506
1.09397
0.0
0.188775
0.0
0.0
0.0
0.0
0.0
0.0
0.0
0.0
0.679085
1.64231
0.0
0.0
0.0
0.0
0.0
0.0
0.0
0.0
0.0
0.0
0.0
0.0
0.0
0.0
1.16245
0.0
0.0
0.0
0.0
0.0553205
0.0
0.0
0.0
0.0
0.0
0.0
0.0
0.0
0.0
0.0
0.0
0.708802
0.0
0.0
0.0
0.0
0.0
0.0
0.0
0.0
0.0
0.0
0.0
0.0
0.0
5.57834
0.0
0.0
5.94225
0.0
0.0
0.0
0.0
0.0
0.336989
0.0
0.0
0.0
1.41233
0.0
0.0
0.0
0.0
0.0
0.0
0.0
0.0
0.0
0.0
0.0
0.0
0.0
0.0
0.0
0.0
0.0
0.0
0.0
0.0
0.0
0.0
0.0
0.0
0.998316
0.0
0.0
0.0
0.161008
0.0
0.6755
0.0
0.516948
3.76477
0.0
0.0
0.0
0.0
0.0
0.0
0.0
0.167037
4.40167
0.0
0.0
0.0
0.0
0.0
0.0
0.0
0.0
0.0
0.0
5.09978
0.0
0.0
0.0
0.0
0.0
0.0
0.0
0.0
0.0
0.0
0.0
1.95992
0.045391
0.0
0.0
0.0
0.0
0.0
0.0
0.0
0.0
0.0
0.0
0.0
0.0
0.0
0.375091
0.0
0.0
0.0
0.0
0.0
4.97107
0.0
0.0
0.0
0.0
2.07977
0.0
0.0
0.0
0.0
0.0
3.42443
0.0
0.0
3.92785
0.0
0.0
0.755354
0.0
0.0
0.0
0.0
0.0
0.0
0.0
0.0
1.34258
0.0
0.0
0.0
0.0
0.0
0.0
0.0
0.0
0.0
0.0
0.0
0.0
0.0
0.0
0.0
0.0
0.0
0.0
0.0
0.0
0.686369
0.0
0.0
0.0
0.0
0.0
0.715237
0.0
0.0
0.0
0.0
3.03854
0.0
0.0
0.0
0.0
0.0
0.0
0.0
0.0
0.0
0.0
0.0
0.0
0.0
0.0
0.0
0.0
5.49717
0.0
0.0
0.0
0.0
0.0
0.0
0.0
0.0
0.0
0.0
0.0
0.0
0.0
0.0
0.0
0.0
0.0
0.0
0.0
0.0
0.0
0.0
0.0
0.0
0.0
0.0
0.0
1.56087
0.0
0.0
0.225895
0.0
0.0
0.0
0.0
0.0
0.0
1.23728
0.0448515
3.0363
0.0
0.0
0.0
0.0
0.0
0.0
0.0
4.04222
0.0
0.615154
0.0
0.0
0.414445
0.0
1.83953
0.0
0.0
0.0
0.0
0.0
0.0
0.0
0.0
3.71058
0.0
3.09756
0.0
0.0
0.0
0.0
0.0
0.0
0.0
0.0
0.0
0.0
0.0
0.0
0.0
0.0
0.0
0.0
0.0
0.0
0.0
0.0
0.296239
0.684615
0.0
0.0
0.0
0.0
0.0
1.19659
0.0
0.0
0.0
0.0
0.0
0.0
0.0
0.0
0.0
0.0
0.0
0.0
2.52691
0.0
0.0
0.0
0.0
0.0
0.0
0.0
0.0
0.0
0.0
0.0
0.0
0.0
0.0
0.0
0.0
0.0
0.0
0.0
0.0
3.43129
0.0
0.0
0.0
0.0
0.0
0.0
0.0
0.0
0.0
0.0
0.0
0.0
1.02444
0.0
1.9713
0.0
0.0
0.0
1.42663
0.0
0.0
0.0
0.0
0.0
0.0
0.0
0.0
0.0
0.0
0.0
0.0
0.0
0.0
0.0
0.0
0.0
0.0
0.0
0.0
0.0
0.0
0.0
0.0199324
1.39555
0.0
0.0
0.0
0.0
0.0
0.0
5.1641
0.0
0.0
0.0
1.15717
0.0
0.0
0.0
0.0
0.0
0.0
0.0
0.122257
0.0
0.0
0.0
0.0
0.0
0.0
2.35126
0.0
0.0
0.0
3.13059
0.0
0.0
2.41091
0.0
3.62363
0.0
0.0
0.0
1.06555
3.94765
0.0
0.0
0.0
0.0
0.0
1.19033
0.0
0.0
0.0
1.11489
0.0
0.0
1.1251
0.0
0.0
0.0
0.0
0.0
0.0
0.0
0.0
0.0
0.0
0.0
0.0
0.0
5.47235
0.0
0.0
0.0
0.0
0.0
3.5749
0.0
0.0
0.0
0.0
0.0
1.98606
0.0
0.0
0.925616
0.0
0.0
0.0
0.0
0.0
4.35517
0.0
0.0
0.0
0.0
0.0
0.0
0.0
0.0
0.0
0.0
0.0
0.0
0.0
0.0
1.37615
0.0
0.0
0.0
0.0
0.0
0.0
0.0
0.0
0.0
0.0
0.0
0.0
0.0
0.0
0.0
0.0
0.0
0.0
1.79456
0.0
0.0
0.0
0.951681
6.95614
0.0
0.185982
0.0197226
0.0
0.0
0.0
0.0
0.0
0.261044
0.0
0.0
0.0
0.0
0.0
4.24992
0.0
5.02575
0.0
0.0
0.0
0.0
0.0
0.0
0.0
0.0
0.0
0.0
0.0
0.0
0.0
0.0
0.0
0.0
0.0
0.0
0.0
0.0
0.0
0.0
1.78312
0.0
0.0
0.0
0.0
0.0
0.0
0.0
1.76205
0.0
0.0
0.0
0.0
0.0
0.0
0.0
0.0
0.0
1.27248
0.0
0.0
0.970504
1.8698
0.0
0.0
4.11807
0.0
0.0
0.0
0.0
0.0
0.0
0.0
0.0
0.0
0.0
0.0
0.0
0.0
0.0
0.375984
0.0
0.0
0.0
0.0
0.0
3.08531
0.0
0.0
0.0
0.0
0.0
0.0
1.55075
0.0
0.0
0.0
0.0
0.0
0.181053
0.0
0.0
0.0
0.0
0.96513
0.0
0.0
0.0
1.95382
0.0
0.0
0.0
0.0
0.0
0.0
0.0
0.0
0.921444
0.0
0.0
0.0
0.0
0.947469
0.381832
0.0
0.0
0.0
0.0
1.92809
1.75606
5.29401
0.0
0.0
0.0
0.0
0.0
0.0
0.0
0.0
0.0
0.0
0.0
0.0
0.0
0.0
0.0
0.0
0.0
0.0
0.0
0.0
0.0
0.0
0.0
0.0
0.0
0.0
3.0916
0.0
0.0
0.0
0.0
0.0
0.0
0.0
0.0
1.8924
0.0
0.0
0.0
0.0
1.64042
0.0
0.0
0.0
3.43472
0.0
0.0
0.0
0.0
0.0
0.0
0.0
0.0
0.0
0.0
0.0
0.0
0.0
0.0
0.0
0.0
0.0
0.0
0.0
0.0
0.0
0.0
0.0
0.0
0.0
0.0
0.0
0.0
0.0
0.0
0.0
0.35131
0.0
5.57084
1.87537
0.0
0.0
0.0
0.0
0.0
0.0
0.407647
0.0
0.592101
0.0
0.0
0.0
0.0
1.89338
0.0
0.0
0.0
0.0
2.34983
0.0
1.12851
0.0
5.65267
0.0
8.59603
3.63859
0.0
0.0
0.0
0.0
0.0
0.0
0.0
0.0
0.0
4.71178
4.58878
0.0
0.0
5.79148
0.0
3.30418
0.0
0.0
0.0
0.215583
0.0
0.0
0.0
0.0
0.0
0.0
0.0
0.0
0.0
0.0
5.41518
1.46534
1.7147
0.0
0.0
0.0
0.0
0.0
0.0
0.0
0.0
0.0
1.38057
0.0
0.0
0.0
0.0
1.75365
0.0
1.19655
0.0
0.0
0.0
0.0
1.3152
1.24379
0.0
0.784101
0.0
0.0
0.0
0.0
0.0
0.0
0.0
0.0
2.9967
0.0
0.0
0.0
0.0
2.77667
0.0
0.0
0.0
0.0
0.0
0.0
0.0
0.0
0.0
0.0
0.0
0.0
0.0
0.0
0.920809
0.0
0.0
0.0
0.0
0.0
5.78549
0.0
0.0
0.0
2.96505
0.0
0.0
0.0
0.0
0.0
0.0
0.0
0.0
0.0
0.0
0.0
0.0
0.0
0.0
0.0
0.0
0.0
0.0
1.61915
0.0
0.0
0.0
0.0
0.0
0.0
0.0
0.0
0.0
0.0
0.0
4.8265
0.0
2.22055
0.0
0.0
0.0
0.0
10.0491
0.0
0.74046
0.0
0.0
0.0
0.0
0.190523
0.0
0.0
0.0
0.0
0.0
0.0
0.0
0.0
0.0
0.0
0.0
0.0
0.756564
0.239841
0.0
0.0
0.0
0.0
0.0
0.0
0.0
0.0
0.0
1.04966
0.0
0.0
0.0
0.238229
0.0
0.0
0.0
0.0
0.0
0.0
0.0
0.0
2.88875
0.0
0.0
0.0
0.0
0.0
0.0
0.0
0.0
0.0
0.0
0.0
0.0
0.0
0.0
0.0
0.664959
0.0
0.0
0.0
0.0
0.0
0.0
0.0
0.0
0.0
0.0
0.0
0.0
0.0
0.0
2.20958
0.0
0.0
0.0
0.0
2.36394
0.0
0.0
0.0
0.0
0.0
0.0
0.0
0.0
0.0
0.0
0.0
0.0
0.0
0.0
1.28305
0.0
0.0
0.0
0.0
0.0
1.09278
0.0
0.0
0.0
0.0
0.0
0.0
0.0
5.70044
0.0
0.0
0.0
0.0
0.0
0.0
0.0
0.0
0.0
0.0
0.0
0.0
3.79719
0.0
0.0
0.0
0.0
2.046
0.0
0.0
0.0
0.0
0.0
0.0
2.82544
0.0
6.05622
0.0
0.0
0.0
0.0
0.0
0.0
0.0
0.0
0.0
0.0
0.0
0.0
0.0
0.0
0.0
0.0
0.0
0.0
0.0
0.0
6.25205
0.0
0.0
0.723646
0.0
3.14931
0.0
0.0
0.0
0.0
0.0
0.0
0.0
0.0
0.0
1.46713
2.6091
0.0
0.0
0.0
0.0
0.0
0.0
0.0
0.0
2.58581
0.0
2.28493
0.0
0.0
0.0
0.0
4.04648
3.02396
0.0
5.17906
0.0
0.0
0.0
0.0
0.0
0.0
1.5856
0.0
0.0
0.0
0.0
0.0
0.0
0.0
0.0
0.0
0.0
0.0
0.0
0.0
0.0
0.0
3.434
0.0
0.0
0.0
0.0
0.0
0.0
0.0
0.477963
0.0
0.0
0.0
0.0
0.0
0.0
6.26626
0.0
0.0
0.0
0.0
0.0
0.0
0.0
0.0
0.0
1.94988
0.0
0.0552615
0.0
0.0
0.0
0.0
0.272132
2.13579
1.25524
0.0
0.0
0.0
0.0
1.90942
0.0
0.0
0.0
0.832464
0.0
0.0
3.87651
1.75994
0.0
0.0
0.0
0.0
0.0
0.0
2.38259
0.0
0.0
0.0
0.0
0.0
0.729957
0.0
0.0
0.0
0.0
0.0
0.0
0.0
0.0
0.0
0.0
3.69774
0.0
0.0
0.0
0.0
0.0
0.0
0.0
0.0
0.0
0.0
0.0
0.0
0.0
0.0
0.0
1.64707
0.0
0.0
0.0
0.0
0.0
0.0
0.752007
0.0
0.0
0.6918
0.0
0.0
7.53723
0.0
0.0
0.0
0.0
0.0
0.0
0.0
0.0
0.393329
0.0
2.95139
0.0
0.0
0.0
0.0
0.0
0.0
2.45693
0.0
0.0
0.0
0.0
0.0
0.0
0.0
0.0
0.0
0.0
0.0
0.0
0.0
0.0
0.0
0.0
0.0
0.0
0.0
0.0
0.0
0.0
0.0
0.0
0.0
0.0
0.0
0.936795
2.82561
0.0
0.0
0.0
0.0
0.0
0.0
0.0
0.0
0.367131
0.0
0.0
5.25959
0.0
0.0
0.0
2.92272
0.0
0.0
0.0
0.0
0.0
0.0
0.0
0.0
0.0
0.0
0.858134
0.0
0.0
0.0
3.2689
0.0
1.83257
0.0
0.0
0.0
0.307669
0.0
0.0
0.0
0.0
0.0
0.0
0.0
0.0
0.0
0.0
0.0
5.05498
0.0
0.0
0.0
0.0
0.0
1.76014
0.0
0.894277
0.0
0.0
0.0
0.0
0.0
2.13353
0.0
0.0
0.0
0.0
0.0
0.0
0.0
0.0
0.0
0.0
0.0
0.0
0.0
2.53746
0.0
0.0
0.0
0.0
1.37719
2.0756
0.0
0.0
0.0
0.0
0.0
0.0
0.0
0.0
0.0
0.0
0.0
0.0
0.0
0.0
0.0
0.0
0.0
0.0
0.0
0.0
0.0
0.0
0.0
0.0
0.0
0.0
0.0
0.0
0.0
0.0
0.0
0.0
0.0
0.0
0.0
0.0
0.0
0.0
0.0
0.0
0.0
2.76274
0.0
0.0
1.42322
0.0
0.0
0.0
0.0
0.0
0.0
0.0
0.0
0.0
0.0
0.0
3.5369
0.504557
0.0
0.0
0.0
0.0
0.0
0.0
0.0
0.0
0.0
0.453709
0.0
0.0
0.0
0.0
0.0
0.0
0.0
2.21359
0.729511
0.0
0.0
0.0
0.0
0.0
2.01642
0.0
4.27065
0.0
2.50883
0.0
3.80614
0.0
0.189232
0.0
1.56347
0.0681248
2.54688
0.0
0.0
0.0
0.0
0.0
0.0
0.0
0.0
0.0
0.0
0.0
0.0
0.0
0.0
0.0
0.0
0.0
0.0
0.0
0.0
0.0
0.0
0.0
2.89438
2.04625
0.0
0.0
0.0
4.61488
0.0
0.0
0.0
0.0
0.0
0.0
4.01717
0.0
0.0
0.0
0.0
0.0
0.0
0.0
0.0
0.0
0.0
0.0
0.0
5.30904
0.0
0.0
0.0
0.0
0.0
0.0
0.188038
0.0
0.0
0.0
0.0
1.21526
2.10803
0.0
7.4752
0.0
0.0
0.0
0.0
0.0
0.752064
0.0
0.0
0.0
0.0599881
0.0
0.0
0.0
0.0
6.48198
0.0
0.0
0.0
4.60124
0.0
0.0
0.0
0.0
0.0
0.0
0.0
0.0
0.0
0.0
0.0
0.0
0.0
0.0
0.0
0.0
0.0
3.84088
3.33775
0.0
0.0
0.0
0.0
0.0
0.0
0.0
0.0
0.0
0.0
0.115772
0.0
0.783822
0.0
0.0
0.0
0.0
0.0
0.0
0.0
0.0
0.0
0.0
0.0
0.0
0.0
0.0
0.0
0.0
0.0
4.13688
0.0
0.0
0.0
0.0
0.0
0.0
1.21169
0.0
0.0
0.0
0.0
0.0
0.0
0.0
0.0
0.0
0.0
0.0
0.0
0.0
0.0
0.0
0.0
0.0
0.0
0.0
0.0
0.0
0.0
0.0
2.23662
0.859152
0.0
0.0
0.364013
0.0
0.0
2.54466
0.0
0.0
0.0
0.0
0.0
2.45947
0.0
0.571269
2.10767
0.0
0.0
0.0
0.0
0.0
0.0
0.0
0.0
0.0
0.0
0.0
0.244948
6.01414
0.0
0.0
0.0
0.0
0.0
0.0
2.35555
0.0
0.0
0.0
0.0
0.0
0.0
0.0
0.0
0.0
0.0
0.0
0.0
0.0
0.0
0.0
0.0
0.0
0.0
0.0
0.0
0.0
0.753441
0.0
0.0
4.34186
0.0
0.0
0.0
0.0
0.0
0.0
0.0
0.0
0.0
0.0
0.0
0.0
0.0
0.0
0.0
0.0
0.0
2.48423
4.68066
1.66175
0.0
0.0
0.0
1.9938
0.0
0.0
1.37481
0.0
0.0
0.0
0.0
0.0
0.0
0.0
0.0
0.901123
0.0
0.0
0.0
0.0
0.0
0.0
0.0
0.676129
0.0
0.0
0.0
1.37989
0.0
0.0
0.0
0.0
0.0
0.0
0.0
0.180641
0.0
0.0
0.0
0.0
0.0
0.0
0.0
0.0
1.72951
0.0
0.0
0.0
0.0
0.0
0.0
0.0
0.0
0.0
0.0
0.0
0.0
0.0
4.106
0.0
3.19107
0.0
0.0
0.0
0.0
0.0
0.0
0.0
0.0
0.0
0.0
0.0
0.0
0.0
0.0
7.83206
0.0
0.0
0.0
0.0
0.0
0.0
0.111944
0.0
0.0
2.77014
0.0
0.0
0.0
0.0
0.0
0.0
2.31328
0.0
0.0
0.0
0.0
0.0
0.0
0.0
0.0
0.0
0.0
0.0
0.0
0.0
0.0
0.0
0.0
0.0
0.0
0.0
0.0
0.0
0.0
0.0
0.0
0.0
0.0
0.0
0.0
0.0
0.0
0.0
0.0
0.0
0.216734
0.0
0.0
0.0
0.0
0.0
0.453293
0.0
0.0
1.17903
0.0
0.0
0.532318
0.0
0.0
0.0
0.0
0.0
0.0
0.0
0.0
0.0
0.0
0.563345
2.73692
0.0
0.0
0.0
0.0
0.0
0.0
0.5214
0.0
5.43343
0.57925
0.0
0.0
0.0
0.0697011
0.0
0.0
0.0
0.85004
0.0
0.0
0.0
0.0
0.0
0.0
0.0
0.0
0.0
0.0
0.0
0.0
0.0
0.0
0.0
0.0
0.0
1.59329
0.0
0.0
0.0
0.0
0.0
0.0
0.0
0.580108
0.0
0.0
1.29741
1.05064
0.0
0.0
0.0
0.0
0.0
0.0
0.0
1.22446
1.55493
1.09078
0.0
0.0
0.0
0.0
0.0
0.0
0.0
0.026272
1.24016
0.0
0.0
0.0
0.0
0.0
0.0
0.696437
0.0
0.0
0.0
0.0
0.0
0.0
0.0
0.0
0.0
0.0
0.0
0.0
0.0
0.0
0.0
1.04533
0.0
0.0
0.0
1.35389
0.0
6.1747
0.0
0.0
0.0
0.0
0.0
0.0
0.0
0.0
0.0
0.0
0.0
2.72106
0.0
0.0
0.0
0.0
0.0
0.0
0.0
0.0
0.0
0.0
0.0
0.0
0.0
0.0
0.0
3.0785
0.0
0.0
0.0
0.0
0.0
5.81833
0.788924
0.0
0.0
0.0
0.0
0.0
0.0
0.0
0.0
0.0
0.0
1.08923
0.0
0.0
0.0
0.0
0.0
0.0
0.0
2.21893
0.0
0.0
0.0
0.0
0.0
1.64437
0.0
0.0
0.0
0.0
0.0
0.0
0.0
0.103039
0.0
0.927919
0.0
0.238817
0.0
0.0
0.0
0.0
0.0
0.0
1.79219
0.0
0.0
0.0
0.0
0.0
0.0
0.0
0.0
0.0
0.0
0.0
0.0
0.0
0.0
0.0
2.18263
0.0
0.0
0.0
0.0
0.0
0.0
5.03796
0.0
0.0
0.0
0.0
0.0
0.0
0.0
0.0
0.0
0.0
0.0
2.6864
0.0
0.0
0.0
0.0
0.0
0.0
0.0
0.995583
0.0
4.18102
0.0
0.0
0.566144
0.0
0.0
0.0
0.0
0.0
0.0
0.0
0.0
0.0
0.0
0.0
0.0
0.0
0.0
0.0
0.0
1.73827
3.54547
0.0
0.0
0.0
0.0
0.0
1.62715
2.26486
0.0
0.0
0.0
0.0
0.0
0.0
0.0
0.0
0.0
0.0
0.0
0.0
0.478302
0.0
1.35741
0.0
0.0
1.55335
0.0
0.0
0.0
0.0
0.0
0.0
0.0
0.0
0.0
0.0
0.0
0.0
0.0
0.0
0.0
0.0
0.0
0.0
0.0868418
0.0
0.806919
0.0
0.0
3.23322
0.0
0.0
0.0
0.0
0.0
0.0
0.0
0.0
0.0
0.0
0.0
1.62336
0.0
0.0
0.0
0.0
0.0
0.0
0.0
0.0
0.0
0.0
0.0
0.0
0.0
0.0
0.0
0.0
0.0
0.0
0.0
3.00914
0.0
3.65685
0.0
0.0
0.0
0.0
0.0
0.0
0.0
0.0
0.0
0.0
0.0
0.0
0.0
0.0
0.0
0.0
0.681605
0.0
0.0
0.0
0.0
0.0
0.0
0.0
3.02031
0.0
0.0
0.0
0.0
0.0
0.0
0.0
0.0
0.0
0.0
0.0
0.0
0.0
0.0
0.0
0.0
0.0
0.0
0.0
1.64566
0.0
0.0
4.1993
0.0
0.0
0.0
0.0
2.21275
0.0
0.0
0.0
0.0
0.0
0.0
0.0
0.0
0.0
0.0
0.0
0.0
0.0
0.0
0.0
0.0
0.0
0.0
0.0
0.0
0.0
2.59481
0.0
0.0
0.0
0.0
0.0
0.0
0.0
0.0
0.0
0.0
0.0
1.37536
0.0
0.0
0.0
0.0
0.0
0.0
0.0
0.705504
0.0
0.0
0.0
0.0
0.0
0.0
4.35859
0.0
0.0
0.0
0.0
0.0
2.8076
0.0
0.0
0.0
0.0
0.0
0.0
0.0
0.0
0.0
0.0
0.0
0.0
1.17468
0.0
0.0
0.0
0.0
1.7375
0.0
0.0
0.308855
0.617445
0.0
0.0
0.0
0.0
0.0
0.771696
0.0
0.0
0.0
0.0
0.0
0.0
0.0
0.0
0.0
0.0
0.0
0.0
5.2827
0.0
0.0
0.0
0.0
7.31584
0.0
0.0
0.0
0.0
0.0
0.0
0.0
0.0
0.0
0.0
0.0
1.09417
0.0
0.0
2.19722
0.0
0.0
0.0
0.0
0.0
0.0
0.0
0.0
0.0
0.0
0.0
0.0
0.0
0.0
1.29216
0.0
0.0
2.64124
0.0
0.0
0.0
4.19264
0.0
0.0
0.0
0.0
0.0
0.0
0.0
0.0
0.0
0.0
0.0
0.0
0.0
0.0
0.0
0.0
0.0
0.0
2.05214
0.0
0.0
6.27644
0.0
0.0
0.0
0.259723
0.0
0.0
0.0
0.0
0.0
0.0
0.0
0.0
0.0
0.0
0.0
3.90801
0.0
0.0
0.0
0.0
2.1455
3.78116
0.0
0.0
0.0
0.0
0.0
0.0
0.0
0.0
0.0
0.0
0.0
0.0
0.0
0.0
0.0
0.0
0.0
0.0
0.0
0.0
0.0
0.0
0.0
2.80675
0.0
0.0
0.0
0.0
0.0
0.0
0.0
0.0
5.40896
0.0
0.991035
0.0
0.0
0.0
0.0
0.0
0.0
0.0
0.0
0.0
1.1496
0.0
0.0
0.0
4.31844
0.0
0.0
0.0
2.72529
0.0
0.0
0.0
0.0
0.0
0.0
0.0
0.0
0.0
8.12452
0.0
0.0
0.0
0.0
0.0
0.0
0.0
0.0
0.623692
0.0
1.90382
0.0
0.0
0.0
0.0
0.0
1.1432
0.0
0.697224
0.0
0.0
0.0
0.0
0.0
0.0
0.0
0.0
0.0
0.0
0.0
0.0
0.0
0.0
0.0
0.255699
0.0
3.34887
0.0
0.0
0.0
0.554818
0.411647
1.83053
0.0
0.0
0.0
0.0
0.459641
0.0
0.0
0.0
0.0
0.0
3.6597
0.0
0.0
0.0
2.7744
0.0
0.0
0.0
0.0
0.803532
0.0
0.0
1.94527
0.0
0.0
0.0
0.0
4.85713
0.0
0.0
0.0
0.0
0.315434
0.202092
0.512222
0.0
0.0
0.0
0.0
0.0
0.0
0.0
0.0
0.553638
0.0
0.0
0.0
0.0
0.0
0.0
0.0
0.0
0.0
0.0
0.0
3.7582
0.0
0.0
0.0
0.0
0.0
3.24974
0.0
0.0
0.0
0.0
0.0
0.0
1.0674
0.0
0.0
0.0
0.0
3.04536
0.0
0.0
0.0
0.0
0.0
0.0
0.0
0.0
0.0
0.0
0.0
0.0
0.0
1.52796
0.0
0.0
0.0
1.59616
0.0
5.0057
0.0
0.0
0.0
0.0
0.0
0.0
0.0
0.251511
0.0
0.0
0.0
0.30951
0.224502
0.0
0.0
0.0
0.0
0.0
0.0
0.0
0.0
0.0
0.0
0.0
0.0
0.0
0.0
0.0
0.0
0.0
1.0658
0.0
3.3058
0.0
6.4381
0.0
5.25433
0.0
0.0
7.01264
0.0
0.838053
0.0
0.0
0.0
0.0
0.0
2.89561
0.0
0.0
0.0
0.0
0.0
0.0
0.0
0.0
0.0
0.0
0.0
0.0
0.0
0.0
3.72177
0.0
0.0
0.0
0.0
0.0
0.0
0.0
0.0
0.154953
0.0
0.0
0.0
0.0
0.270812
0.0
0.0
1.468
0.0
1.25351
0.0
0.0
8.20217
0.0
0.0
0.0
3.23359
0.0
0.0
0.0
0.0
4.67671
0.0
1.98677
0.0
0.0
0.0255408
0.0
0.0
0.0
0.0
0.0
5.11016
0.0
0.0
0.0081089
0.523754
0.0
0.0
0.0
0.0
0.0
0.0
0.0
0.0
1.19084
0.0
0.0
0.0
0.0
1.09724
0.0
2.41825
0.0
0.0
0.0
0.0
0.0
0.0
0.0
0.0
0.0
0.0
0.0
0.0
0.0
2.09889
1.2487
0.0
0.0
0.0
4.53403
0.0
0.0
0.0
0.0
0.0
0.0
0.0
0.0
0.0
0.0
0.0
0.0
2.51279
0.690175
0.0
0.0
0.0
0.0
0.0
0.0
0.0
0.0
0.0
0.0
0.0
0.0
0.967004
0.0
0.980436
0.0
0.0
0.0
0.137894
0.0
0.0
0.0
2.45537
0.0
0.0
0.0
0.0
0.0
0.0
0.0
0.559878
0.801279
0.0
0.0
0.0
0.381091
0.0
0.0
0.191664
0.0
0.0
0.148598
0.0
2.27494
0.0
0.0
0.0
0.0
0.0
0.0
0.0
0.0
0.0
0.0
0.0
0.0
0.0
0.0
0.0
2.15586
0.0
0.0
0.0
0.0
0.0
0.0
0.0
0.0
0.0
0.0
0.0
0.0
0.0
0.0
0.0
0.0
0.0
2.69686
0.0
0.0
0.0
0.0
0.759892
0.0
0.0
0.0
0.0
0.0
0.0
0.0
0.0
0.0
0.0
0.0
0.00742209
0.0
0.0
0.0
0.0
0.0
0.0
1.82183
0.0
0.0
0.0
0.0
