0.0
0.0
3.82112
0.0
0.336648
0.0
0.0879323
0.0
0.0
0.0
0.0
0.0
0.0
2.01762
0.0
0.0
0.0
0.0
0.669096
0.0
0.0
1.63544
0.0
0.0
0.0
0.0
0.0
0.0
0.0
0.0
0.0
0.983372
0.0
10.6879
0.0
0.0
0.0
0.0
0.0
0.0
0.0
0.0
0.0
0.0
0.0
0.0
0.0
1.05815
0.0
3.51775
0.0
0.0
0.0
0.0
0.0
0.0
0.0
0.0
0.0
0.0
0.0
0.0
0.0
3.0708
0.0
0.0
0.0
0.0
0.0
0.0
0.0
0.0
0.0
0.0
1.78947
0.0
0.0
2.03131
0.0
0.0
0.0
0.0
0.0
0.0
0.0
0.0
0.197698
0.0
0.0
0.0
0.0
0.0
0.0
0.0
0.0
0.0
0.0
0.0
2.91709
0.0
0.0
0.0
0.0
0.0
0.0
0.0
0.0
0.0
0.0
0.0
0.0
0.0
0.0
0.0
0.0
0.0
0.0
0.381066
0.968571
0.0
0.0
0.0
0.0
0.0
0.0
0.0
0.0
3.8197
0.0
0.0
0.0
0.0
0.0
0.0
1.84197
0.0
0.0
0.0
0.0
0.0
0.0
0.0
0.0
0.0
0.0
0.0
1.84665
0.0
1.78661
0.0
0.0
0.0
0.0
0.0754457
0.0
0.0
0.0
0.0
0.0
0.0
0.0
0.0
0.0
0.0
0.0
0.0
0.0
0.0
1.12501
0.644378
0.0
0.200532
2.63422
0.720319
0.0
0.0
0.0
0.0
0.0
0.0
0.341968
0.0
0.0
0.0
0.0
0.813516
0.0
0.0
0.0
0.0
0.0
0.0
1.05052
0.0
0.0
0.0
0.0
1.12305
0.0
3.10289
0.0
2.20617
0.0
0.0997838
0.0
0.0
0.0
0.0
0.0
0.0
0.0
0.0
0.0
0.0
0.0
0.62519
0.0191238
0.0
0.0
0.0
0.0
3.43674
0.0
0.0
0.0
0.0
0.0
3.21959
0.0
1.76211
0.0
0.0
0.0
0.65662
0.0
0.0
0.0
0.0
0.0621161
0.0
0.0
0.0
0.0
0.216212
0.0
0.0
0.0
4.97858
0.0
0.0
0.521522
0.0
0.0
0.0
0.0
0.0
0.0
0.0
0.0
0.0
0.0
0.0
3.2467
0.0
0.0
0.0
0.0
0.0
0.0
2.93218
0.0
0.0
0.0
0.0
0.0
0.0
0.0
1.08198
0.0
0.0
0.0
0.51993
2.90879
0.0
0.0
0.0
0.0
0.0
0.0
0.0
0.0
0.0
0.0
0.0
0.639881
0.0
0.0
0.0
0.0
0.0
0.0
5.12225
0.621151
0.0
0.0
0.252358
0.0
0.0
0.0483513
0.0
0.0
0.0
0.0
0.0
0.0
0.0
0.0
0.0
0.0
0.0
0.0
0.0
0.0
0.0
0.263112
0.0
0.574347
0.0
0.0
0.0
0.0
0.0
0.0
0.0
0.0
0.0
0.0
0.0
0.0
0.0
0.0
0.0
0.0
0.0
0.0
1.24527
0.0
0.0
0.0
0.0
0.0
0.037314
0.0
0.0
0.0
0.0
0.0
0.0
0.0
3.97087
0.0
0.0
0.0
0.0
0.0
0.0
0.0
0.0
0.0
0.0
0.0
0.0
0.0
0.0
0.0
0.0
0.0
0.0
0.0
1.95336
0.0
0.0
0.0
0.0
0.0
0.0
0.0
5.4159
0.0597756
0.78398
0.0
0.0
0.0
0.0
0.0
0.25003
4.6568
0.0
0.0
0.0
0.0
0.0
0.0
0.0
1.45149
0.0
0.0
0.0
0.0
0.0
0.0
0.0
0.0
0.0
0.61384
0.0
0.0
0.0
0.0
1.22419
0.0
0.0
2.62358
0.0
0.0
0.0
0.0
0.407848
0.0
0.0
5.15475
0.0
1.77845
0.0
0.0
0.0
0.0
0.0
0.0
0.0
0.0
0.0
0.0
0.0
0.0
0.0
0.0
0.0
0.0
0.0
0.0
0.0
0.0
1.72134
0.0
0.0
0.0
0.0
0.0
0.0
0.0
0.0
0.923115
0.0
0.0
2.71241
0.0
0.0
1.71973
3.05489
0.0
0.0968657
0.0
0.0
0.0
0.0
0.0
0.0
4.10865
0.0
0.0
0.272969
0.0
0.0
0.0
0.0
0.0
0.215884
1.29034
0.0
0.0
0.0
0.0
0.0
0.0
0.0
0.762138
0.0
0.0
0.0
0.0
0.0
0.0
0.0
0.0
0.0
0.0
0.0
0.0
0.0
0.0
0.0
0.0
0.0
0.0
0.0
0.0
1.81196
0.0
0.0
0.0
0.0
0.0
0.0
0.0
0.0
0.0
0.0
0.0
0.0
0.0
0.0
0.315817
1.07405
0.0
0.0
0.571249
0.0
0.0
0.0
0.0
0.0
0.525575
0.0
0.0
0.0
0.0
0.0
0.0
0.0
0.0
0.0
0.0
0.0
0.0
0.0
0.0
0.0
0.0
0.0
0.0
0.0
0.0
0.0
1.56134
0.0
0.0
0.0
0.0
0.0
0.0
0.0
0.0
2.38318
0.0
0.0
0.0
0.0
0.0
1.55275
0.0
0.0
0.951155
1.55493
0.0
0.0
1.64284
0.0
0.0
0.0
0.0
0.0
0.0
0.0
0.0
0.0
3.6779
0.0
0.0
0.0
0.0
0.0
0.0
0.0
0.0
0.0
0.0
0.0
3.10805
0.0
0.0
0.0
0.0
0.0
0.31045
0.0
0.0
0.0
0.0
0.0
4.75697
0.0
0.0
0.0
0.0
0.0
0.0
0.0
0.0
0.0
0.0
0.0
0.0
0.0
0.0
0.0
3.29023
0.0
0.0
0.0
0.0
0.0
0.0
0.73175
0.0
0.0
0.0
0.0
0.0
0.0
0.0
0.0
0.0
0.0
0.0
0.0
0.0
1.35826
0.0
0.0
0.0
0.0
0.0
0.0
0.0
0.785438
0.0
0.0
0.0
0.0
0.0
0.0
0.0
0.0
0.271117
0.0
0.0
0.0
0.0
0.0
0.0
0.0
0.0
2.25492
0.0
0.0
0.0
0.0
0.0
0.0
0.0
0.0
0.0
0.0
0.0
0.0
0.0
0.0
0.0
0.0
0.0
0.0
0.0
0.0
0.0
0.0
0.0
0.0
0.0
0.0
0.0
0.0
4.79763
0.0
0.0
0.0
0.0
0.0
0.0
0.0
0.0
0.0
0.0
0.0
0.155577
0.817735
0.0
0.0
2.55123
0.0
0.0
4.43605
0.0
0.0
0.275921
2.96742
0.0
0.0
1.48368
0.0
0.0
0.0
0.0
0.0
0.0
0.0
0.0
0.0
0.0
0.0
0.0
2.08966
1.01548
0.0
0.0
0.0
0.822208
1.58777
0.0
0.0
2.90248
2.98304
0.0
0.0
0.0
0.0
0.0
0.0
0.0
0.0
0.0
0.0
0.0
0.0
0.0
0.0
0.0
2.23114
0.0
3.58287
0.0
0.0
0.0
1.96001
0.0
0.0
0.0
0.0
0.0
0.0
0.0
2.87613
0.0
0.0
0.0
0.0
4.52857
0.0
0.0
0.290525
0.00501719
0.0
1.40584
0.145996
0.0
0.130475
0.0
0.156414
0.0
0.0
0.0
1.29409
0.0
0.0
0.0
0.0
2.97343
0.0
0.0
0.0
0.0
0.0
0.0
0.0
0.0
0.0
0.0
0.0
0.317409
0.0
0.0
0.0
0.0
0.831068
0.0
0.0
0.0
0.0
0.0
0.475804
0.0
0.0
1.38526
0.0
0.0
0.0
0.0
0.0
1.55799
0.598005
0.0
0.0
0.40826
0.0
0.117062
0.0
0.0
0.0
0.0
0.0
1.06452
1.7717
0.0
0.0
0.0
0.0
1.67713
0.0
0.0
0.0
0.0
0.0
0.0
0.0
0.0
0.0
0.0
0.0
0.0
1.70425
0.0
0.0
0.0
0.0
0.0
0.0
0.0
0.0
0.0
0.0
0.0
2.49418
0.0
0.0
0.0
0.0
2.38814
0.0
0.0
0.0
0.0
0.0
0.0
0.0
0.225095
0.0
0.0
0.0
5.21199
0.0
0.0
0.0
0.0
0.0
0.0
0.0
0.0
0.0
0.0
0.0
0.0
0.0
0.0
1.02283
0.0
0.0
0.0
2.54363
0.0
0.0
0.0
0.0
0.0
0.944279
0.0
0.0
0.0
0.0
0.0
0.0
0.0
0.0
0.0
0.439109
0.0
0.0
0.816374
0.0
0.0
1.14402
0.0
2.84419
0.0
0.0
0.0
0.346676
0.0
1.34878
0.0
0.0
0.0
0.0
0.0
0.0
1.848
0.0
0.0
4.2882
1.17007
0.0
0.0
0.0
0.0
0.0
0.0
0.0
0.0
0.0
0.0
0.0
0.0
0.0
1.44557
0.0
1.96356
1.14502
0.0
0.0
0.0
0.0
0.0
0.0
0.0
0.0
0.0
0.0
0.0
0.0
0.0
0.0
0.0
0.0
0.0
0.0
0.0
0.0
0.0
0.0
0.0
0.0
0.0
0.0
0.0
0.0
0.0
0.0
0.0
0.874918
0.0
1.88366
0.0
0.0
0.0
2.33817
0.0
0.0
0.0
0.0
0.0
0.0
1.95238
0.0
0.0
0.0
2.80358
0.0
0.0
0.0
0.0
0.0
0.0
0.0
0.0
1.09718
0.0
0.0
0.0
0.0
0.0
0.0
0.0
0.0
0.0
0.0
0.0
0.0
0.0
0.144324
0.0
0.0
0.0
0.0
0.0
1.83067
0.0
0.0304462
1.19702
0.0
4.55101
0.0
0.0
0.0
0.0
0.0
0.0
0.0
2.15892
0.0
0.0
0.0
0.0
0.0
0.0
0.0
0.0
0.0
0.0
0.517736
0.0
0.0
0.0
0.0
0.151818
0.0
0.0
0.0
0.0
0.624289
0.0
0.0
0.0
0.0
0.0
0.0
0.0
0.0
0.0
0.0
0.0
0.0
0.0
0.0
0.505337
0.0
0.0
0.0
0.0
0.0
0.0
0.0
0.0
0.0
0.0
0.0
0.0
0.603224
0.682954
0.0
0.0
0.0
0.0
0.0
0.0
0.0
0.0
0.0
0.0
0.0
0.0
0.0
0.0
0.0
0.75125
2.33393
0.0
0.0
0.0
0.0
0.0
2.33047
0.0
1.27304
0.0
0.0
0.0
0.0
0.0
0.0
0.0
0.0
0.0
0.0
5.09001
0.0
2.1724
0.0
0.0
3.74873
0.0
0.0
0.0
0.0
2.95888
0.0
0.669182
0.0
0.0
0.0
1.34818
0.0
1.17824
0.0
0.0
0.0
0.0
0.0
0.0
0.0
0.0
0.0
0.0
0.0
0.0
0.0
0.0
0.0
0.0
1.04142
0.0
0.0
0.0
0.0
2.41476
0.0
0.0
0.0
0.231502
0.0
0.0
0.0
0.986729
0.0
0.0
0.0
0.0
0.0
0.0
0.0
0.0
6.93742
0.0
0.0
0.0
0.0
1.59184
2.07841
0.0
0.231155
0.0
0.0
0.0
0.0
0.552452
0.0
0.0
2.66499
0.0
0.0
1.19338
0.0
0.0
0.0
0.0
0.0
1.32997
0.0
0.0
0.0
1.9569
0.0
0.0
0.0
0.0
2.28011
0.0
0.0
0.0
0.0
0.0
0.0
0.0760267
0.0
0.0
0.0
0.0
2.56431
0.0
0.0
0.0
0.0
0.0
0.0
0.0
0.0
0.0
0.0
0.0
2.27403
0.0
3.76962
0.0
0.0
0.0
0.0
0.0
0.344992
0.0
0.0
0.0
0.902895
0.0
6.71372
0.0
0.0
1.70466
0.0
0.0
0.0
0.0
0.0
0.0
0.0
0.0
0.0
0.0
0.0
1.36901
0.0
0.0
0.735465
0.0
0.0
0.0
0.0583909
0.0
0.0
0.0
0.0
0.0
1.59646
0.0
2.97464
0.0
0.0
0.0
0.0
0.0
0.0
0.0
0.0
0.0
0.0
0.0
0.0
0.0
0.0
0.0
0.0
0.0
0.0
0.0
0.0
0.0
0.0
0.0
0.0
2.56282
0.0
0.0
0.0
0.0
0.0
0.0
0.0
0.0
0.0
0.0
0.0
8.04943
0.0
0.0
0.0
0.0
0.0
0.0183919
0.0
0.0
0.0
0.0
0.300706
0.0
0.0
0.0
0.0
0.0
0.0
0.0
0.0
0.147181
0.71072
0.0
0.0
0.0
0.0
0.0
3.50115
0.0
1.75822
0.0
0.0
0.0
1.59592
0.0
0.0
0.0
0.0
0.0
0.0
0.0
0.0
0.0
0.0
0.0
0.0
0.0
4.10245
0.0
0.291576
0.0
0.0
0.0
0.0
0.0
0.0
0.0
0.0
0.0
0.0
0.0
0.862931
0.0
0.0
0.0
0.0
0.0
0.0
0.0
0.731234
0.174073
2.21244
0.0
0.0
0.714876
0.0
0.0
1.54228
0.0
0.0
0.0
0.0
2.55618
0.0
0.0
0.0
2.56704
0.0
0.0
0.0
0.0
2.28684
0.0
0.0
0.0
0.0
0.0
0.0
0.0
0.0
0.0
0.0
0.0
0.0
1.1744
0.0
0.0
0.0
5.55566
0.0
1.34476
0.0
3.00729
0.0
0.0
0.0
0.0
0.0
0.0
0.0
0.0
0.0
0.0
0.0
0.0
0.0
0.0
0.0
0.0
0.0
0.0
0.0
0.0
0.0
0.603132
0.0
0.0
0.0
0.0
0.0
0.0
0.746148
0.0
0.0
0.0
0.0
0.0
3.72889
0.0
0.0
0.0
0.0
0.0
0.0
0.0
0.0
0.910471
0.0
1.43337
0.139348
0.0
0.0
0.0
0.824929
0.747861
0.0
0.0
0.0
0.0
0.0
0.0
0.0
1.85784
0.0
2.91996
3.11856
0.0
0.0
0.0
0.0
0.0
0.0
0.0
0.0
0.0
0.134745
0.0
0.0
0.0
0.0
0.0
0.0
0.0
0.0
0.0
0.0
0.0
0.0
0.0
0.0
0.0
0.0
0.0
3.25583
0.0
0.963912
0.0
0.0
0.0
0.0
0.0
0.0
2.11339
0.0
0.0
1.6679
0.0
0.0
0.0
0.0
0.0
0.0
0.0
0.0
0.0
0.0
0.0
0.0
0.0
0.0
0.0
0.0
0.0
0.0
0.0
0.0
0.0
0.0
0.0
0.0
0.0
1.61063
0.0
0.667826
0.143628
0.0
0.0
0.0
0.0
0.0
1.82025
1.60623
0.0
0.0
0.0
0.0
0.0
0.0
0.0
0.0
0.0
0.0
1.64012
0.0
0.0
0.0
0.64959
0.0
0.773365
0.0
0.0
0.0
0.0
0.0
0.0
0.0
0.0
0.0
0.0
0.0
1.81326
0.0
0.0
0.0
0.0
0.0
0.0
3.30047
0.0
0.0
0.308817
0.0
0.0
0.0
0.0
0.0
0.0
0.0
0.0
0.0
0.0
0.0
0.0
0.789369
0.0
0.0
0.0
0.0
0.0
0.0
0.0
4.00479
3.15933
0.0
0.0
0.323067
1.21893
0.0
0.0
0.0
1.90615
0.0
0.0
0.0
0.0
0.0
3.70581
0.0
0.0
0.0
0.0
0.0
0.0
2.70727
0.0
0.0
0.0
0.0
0.0
0.0
0.827579
0.0
0.0
0.0
0.0
0.0
0.0
0.638466
0.0
1.236
0.0
0.0
0.0
6.61859
0.0
0.0
0.0
0.0
0.0
0.0
0.0
0.0
0.0
0.0
0.0
0.0
0.319271
0.0
1.79864
0.0
0.0
0.0
0.0
0.0
0.0
0.0
0.0
0.0
0.0
0.0
0.0
0.0
0.0
0.363897
0.0
0.0
0.286174
0.0
0.0
0.0
0.0
0.0
0.0
0.0
0.0
0.0
0.0
0.0
0.0
0.0
0.0
0.0
4.1004
0.0
0.0
0.0
0.240587
2.10444
0.0
3.31934
1.95499
0.0
0.0
0.0
0.0
0.0
0.0
0.0
0.0
0.0
2.58238
0.0
0.0
0.0
0.0
0.0
0.0
0.0
0.0
0.0
0.0
0.0
0.0
0.907454
0.0
0.0
0.0
0.0
0.0
0.0
0.0
0.0
0.0
0.0
0.0
0.0
0.0
0.0
0.0
0.0
0.0
0.0
0.0
0.0
0.0
0.261895
3.61892
0.0
0.0
0.0
0.0
0.0
0.0
0.0
0.0
0.0
0.0
0.0
0.196919
1.47376
0.0
0.0
2.66334
0.0
0.0
0.0
0.0
0.0
0.0
0.0
0.0
0.0
0.0
0.0
0.543282
0.457547
0.578506
0.0
0.0
0.0
0.0
0.0
0.0
0.0
0.0
0.0
0.0
0.0
0.0
0.0
1.17966
0.0
0.0
0.0
0.0
0.0
4.42758
0.0
0.0
0.0
0.0
0.0
0.0
0.0
0.0
0.0
0.0
0.175904
2.30786
0.0
0.0
0.0
0.0
0.0
0.618626
0.0
0.0
0.0
0.0
3.23953
0.0
0.0
0.0
0.0
0.0
0.0
0.0
0.178877
0.0
0.0
0.0
0.0
0.0
0.0
0.0
0.701466
0.0
0.0
0.0
0.0
0.0
0.0
0.0
0.0
0.0
0.0
0.0
0.0
0.0
1.38462
0.0
0.0
0.0
0.0
0.0230856
0.0
0.0
0.0
1.17466
0.0
1.2185
0.0
0.0
0.0
0.0
0.276259
0.0
0.0
1.48187
0.0
0.0
0.0
0.913716
0.0
0.0
0.0
0.0
0.0
0.0
0.0
0.0
0.0
0.0
0.0
0.0
0.0
0.0
0.0
0.0
1.26872
0.0
0.0
0.0
0.0
0.0
0.0
0.0
0.0
0.0
0.0
0.0
0.0
0.0
0.0
5.99119
0.0
5.12235
0.502979
0.0
0.744035
0.0
0.86157
0.0
0.0
0.0
0.0
2.90263
0.0
0.0
0.0
0.0
0.0
0.0
0.0
1.63337
0.0
3.14532
2.49605
0.0
0.992592
0.0
0.0
6.52064
6.00972
0.0
0.0
0.0
0.00108445
0.0
0.0
0.0
0.0
0.0
2.37327
3.12883
0.0
0.0
2.27667
1.23335
1.20142
0.0
0.0
0.468339
1.08117
0.0
0.0
0.0
0.0
0.0
0.0
0.0
0.0
0.0
3.46971
0.0
0.0
0.405374
0.0
0.0
0.0
0.0
0.0
0.0
0.0
0.0
0.0
2.76545
0.0
0.0
0.0
0.0
2.40449
0.0
0.0
0.0
0.0
0.0
0.0
3.66322
0.0
0.0
0.0
0.0
0.0
0.0
0.0
0.0
0.0
0.0
0.0
0.0
0.0
0.0
0.0
0.0
8.22083
0.0
0.0
0.0
0.0
0.0
0.0
0.0
4.6214
0.0
0.0
0.0
0.0
0.0
0.0
6.28854
0.0
0.0
0.0
0.0
0.0
4.77207
0.0
0.0
0.0
0.0
0.0
0.0
0.0
0.0
0.0
0.0
0.0
0.0
0.0
0.0
0.0
0.0
0.0
0.0
0.0
0.0
0.0
0.0
0.0
0.0
0.905274
0.0
0.0
0.0
0.0
0.0
0.0
0.0
0.0
3.77836
0.0
0.0
1.30286
0.0
0.0
1.5681
0.0
6.13375
0.0
1.96835
0.0
0.0
0.0
0.0
0.0
0.647498
0.0
4.47038
0.0
0.0
0.0
0.0
3.64682
0.0
0.0
0.0
0.0
0.174982
0.0
0.0
0.0
0.0
0.0
0.0
3.00506
0.0
0.0
0.492576
1.59238
1.48938
0.0
0.0
0.147332
0.0
0.0
0.0
0.0
0.0
0.0
0.0
0.0
0.0
0.0
0.0
0.650745
0.0
0.0
0.0
0.0
0.0
0.0
0.0
0.0
0.0
0.0
0.0730526
0.0
0.0
0.0
0.0
0.0
0.0
0.0
0.0
0.0
0.0
0.0
0.0
0.0
0.0
0.0
0.0
2.73211
0.0
0.0
0.0
0.0
1.87237
0.0
0.0
0.0
0.0
0.0
0.0
0.0
0.0
0.0
0.0
0.0
0.882114
0.0
0.0
2.55415
0.0
0.0
0.0
0.0
0.0
0.468286
0.0
0.0
0.0
0.0
0.0
0.0
0.0953726
0.0
0.0
0.0
0.0
0.0
0.0
0.0
0.0
0.0
0.0
1.03394
0.0
0.0
0.472453
0.0
0.0
0.0
0.0
5.1198
0.0
0.0
0.0
0.0
0.731322
0.0
5.64468
0.0
9.14665
0.0
0.0
0.0
0.0
0.0
0.0
0.0
0.0
0.0
0.0
0.0
0.0
0.0
0.0
0.0
0.0
0.0
0.0
0.0
0.0
6.0694
0.0
0.0
1.20902
0.0
1.41105
0.0
0.0
0.0
0.0
0.0
0.0
1.37146
0.0
0.0
0.0
2.11879
0.0
0.0
0.0
0.0
0.0
0.16347
0.0
0.0
0.850604
0.0
0.0
0.0
0.0
0.0
0.0
0.23488
3.01696
0.0
1.19125
0.0
0.0
0.0
0.0
0.0
0.0
7.3819
0.0
1.88327
0.0
0.0
0.0
0.0359434
0.0
0.0
0.0
0.0
2.22913
0.0
0.0
0.0
0.0
2.83171
0.0
0.0
0.0
0.0
0.0
0.0
0.0
2.72521
2.9527
0.0
0.0
0.0
0.0678665
0.0
4.63661
0.0
0.0
0.0
0.0
0.0
0.0
0.0
0.0
0.0
0.793676
0.0
0.0
0.695484
0.0
0.0
0.0
0.0
0.0
0.12781
0.0
0.0
0.0
0.464201
0.0
0.0
0.0
0.0
3.23777
1.69157
0.0
0.0
0.0
0.0
0.0
0.0
0.0
0.0
0.0
0.678522
0.0
0.0
0.0
0.0
0.0
1.79885
0.0
0.0
0.0
1.09131
1.06612
0.0
0.0
2.17618
5.85091
4.399
3.11164
0.0
0.0
0.0
0.0
0.0
0.0
0.0
0.0
0.0
0.0
0.0
0.0
0.456801
0.0
0.0
0.0
0.0
0.0
0.0
0.0
0.0
0.0
0.0
0.0
0.0
0.304109
2.89969
0.0
0.0
0.0
0.0
0.0
0.0
0.0
0.0
0.0
0.0
4.49983
0.0
0.0
0.0
0.0
0.0
0.0
0.0
0.0
0.0
0.0
0.0
0.0
0.530357
0.0
0.0
0.0
0.0
0.0
0.0
0.0
0.0
0.0
0.0
0.0
0.0
0.79179
0.0
0.0
0.0
0.0
0.0
0.0
0.0
0.290884
0.0
0.0
0.0
0.0
0.0
0.0
0.0
0.0
0.0
0.0
0.0
0.0
0.0
0.0
0.0
0.0
0.0
0.0
0.0733296
0.0
0.0
0.0
0.0
0.0
0.0
0.0
0.0
0.0
0.0
1.07075
0.0
0.0
0.0
0.0
0.740611
0.0
1.13877
0.0
0.0
0.0
0.0
0.0
0.0
0.0
0.537074
0.0
0.0
0.0945962
0.0
0.0
1.69702
0.0
1.32171
0.0
0.0
1.79073
0.0
0.0
0.0
0.0
1.26396
0.0
0.0
0.0
0.0
0.0
0.0
1.24184
0.0
0.0
0.0
0.0
0.0
0.0
0.0
0.639246
0.0
0.0
0.0
0.0
0.0
0.0
0.0
0.0
0.0
0.990192
0.0
0.0
0.0
0.0
0.0
0.0
0.474551
0.0
0.0
0.0
0.257719
0.0
0.0
0.0
0.0
0.0
0.0
0.0
0.0
0.0
0.0
0.0998668
0.0
0.0
0.0
0.0
0.0
0.0
0.0
0.0
0.0
0.0
0.0
0.0
0.0
0.0
0.0
0.0
0.0
0.0
0.0
0.0
0.0
0.0
0.0
1.4946
0.0
0.0
0.0
0.0
0.0
0.105378
1.21188
0.0
0.0
0.0
0.0
0.586116
1.36277
0.0
0.0
0.0
0.0
0.0
0.0
0.0
0.0
0.0
0.783592
0.0
0.0
0.0
0.0
0.0
0.0
0.0
0.0
0.261186
0.0
0.0
0.0
0.0
0.0
0.0
0.0
6.10333
0.0
0.0
0.0
0.0
0.0
0.0
0.0
0.551702
0.0
0.0
0.0
0.0
0.0
0.0
0.0
0.0
0.0
0.0
0.0
0.0
0.0
0.0
0.0
0.0
0.0
0.0
0.0
0.0
0.0
0.0
0.0
0.0
0.0
3.35632
0.983042
0.0
0.439978
0.0
3.31186
0.0
0.0
0.0
0.0
0.0
0.0
5.95128
0.0
0.0
0.0
0.0
0.0
0.0
0.0
0.0
0.0
0.0
1.85625
0.0
2.88853
0.183471
0.0
0.725277
0.0
0.0
0.939325
0.0
0.0
0.0
0.0
0.0
0.0
0.0
0.0
2.73694
0.0
0.0
0.0
0.0
0.0
4.00532
0.0
0.0
0.0
2.19926
1.04391
0.0
0.0
0.0
2.4265
0.0
0.0
0.0
0.0
0.0893529
0.0
0.0
0.0
0.0
0.0
0.0
0.0
0.0
0.0
0.0
0.0
0.0
0.0
0.0
0.0
0.0
0.0
1.92467
0.0
0.0
2.51522
0.0
0.0
2.15288
0.0
0.0
0.0
0.196894
0.0
0.0
0.0
0.0
0.0
0.0
0.0
0.0
0.0
0.362645
0.0
0.0
0.0
0.0
0.0
0.0
0.0
0.0
0.0
0.0
0.0
0.0
0.0
0.0
0.0
0.0
0.0
0.0
3.96445
0.0
0.0
0.0
0.0
0.0
0.0
0.0
0.0
0.0
0.0
0.0
0.0
0.0
0.0
0.898802
0.0
0.0
0.0
0.0
0.0
0.0
0.0
4.64119
2.15089
0.0
0.0
0.0
0.0
0.0
0.0
0.0
0.0
0.0
0.0
0.0
0.0
0.0
2.83032
5.81269
0.0
0.0
0.014101
0.169702
0.0
0.0
0.0
1.2008
0.0
0.0
0.0
0.809743
6.71883
0.0
0.0
0.0
0.0
0.0
0.0
1.55279
0.0
0.0
0.0
0.0
0.0
0.0
0.0
0.0
0.0
0.0
0.0
0.0
0.0
0.0
0.0
0.0
0.0
1.17953
0.371149
0.0
0.0
0.0
0.0
0.0
4.16651
0.0
0.0
0.0
0.0
0.0
0.0
0.0
0.0
0.0
0.0
0.0
0.0
0.0
0.0
1.84712
0.0
0.0
0.0
5.67492
1.37843
0.0
0.0
3.60185
0.0
0.0
0.0
1.47192
1.64018
1.31639
0.0
0.0
0.0
0.0
0.0
0.0
0.0
0.0
2.71447
0.0
0.0
0.0
0.0
0.0
0.0
0.0
0.0
0.0
0.457561
0.0
0.0
0.0
0.0
0.0
0.0
2.92858
0.0
0.0
0.0
0.0
0.0
0.0
0.0
0.0
0.0
0.0
0.0
0.479739
0.0
0.0
0.0
0.0
0.0
0.0
0.0
0.0
0.0
0.0
0.0
2.55719
0.0
0.676308
0.0
0.0
0.0
0.0
0.653853
0.0
0.0
0.0
1.28865
3.30522
0.0
0.0
0.0
0.0
1.96245
0.0
0.0
0.0
0.0
0.0
0.0
1.44872
1.41092
0.120171
0.849417
0.0
0.0
0.0
0.0
0.0
0.0
2.7474
0.0
0.0
0.0
0.0
0.0
0.0
0.0
0.0
0.0
0.0
0.0
0.0
0.0
0.0
0.0
0.0
0.0
0.0
0.0
0.0
0.150941
0.0
0.0
0.0
0.0
0.0
0.0
0.0
0.0
0.21531
0.0
0.0
0.472474
0.0
0.0
0.0
0.0
0.0
0.483447
0.0
0.0
0.0
0.441156
0.0
0.0
0.0
0.0
0.0
0.0
0.0
0.0
0.0
0.0
0.0
0.0
0.0
2.47981
4.56251
0.0
0.0
0.0
0.0
0.0
0.0
0.0
0.0
3.46113
1.24081
0.0
0.0
0.0
0.627891
0.0
0.0
0.0
1.67331
0.0
0.0
0.0
0.0
0.0
0.0
0.754038
0.0
0.0
3.69305
0.0
0.0
0.0
0.0
0.0
0.0
0.0
2.01732
0.0
0.0
0.0
0.812773
0.0
1.38775
0.0
0.0
0.0
0.0
0.0
0.0
0.0
0.0
0.0
0.0
0.0
0.0
0.0
4.12852
1.25289
0.0
0.0
0.0
0.0
0.0
1.89054
0.0
0.0
0.0
0.0
0.0
0.0
0.0
0.0
0.0
0.0
0.0
0.0
0.0
0.0
0.0
0.0
0.0
0.0
0.0
0.0
0.0
0.0
0.0
0.0
0.0
0.0
3.09584
0.0
0.0
0.0
2.78978
0.633721
0.0
0.0
0.0
0.0758327
0.0
0.0
0.0
0.0
0.0
0.0
0.0
0.0
0.587895
0.0
0.0
0.0
0.0
0.0
0.0
0.0
2.77665
0.337102
0.662598
0.0
0.0
0.0
0.0
0.0
0.0
0.0
0.0
0.0
0.0
0.0
0.933503
0.0
0.0
1.01861
0.0
0.0
0.0
0.0
0.0
0.611159
0.0
0.0
1.35257
0.0
0.0
0.0
0.0
0.0
0.0
0.0
0.988247
0.0
0.0
0.0
2.85198
0.0
0.280578
0.0
0.0
0.0
0.0
0.591821
0.0
0.0
0.90314
0.0
1.07351
0.0
0.0
0.0
0.0
0.0
0.0
0.0
0.0
0.734599
0.0
0.0
4.16124
0.0
0.0
0.0
1.29996
0.0
0.0
0.0
1.38786
0.0
0.0
0.0
0.0
3.4063
0.0
0.0
0.0
0.0
0.0
0.0
1.03845
0.0
0.0
1.92094
0.0
0.0
0.0
0.0
0.0
0.0
0.0
0.0
1.50906
0.0
0.0
0.0
0.0
0.0
0.0
0.0
0.0
0.0
0.0
0.0
0.963276
0.00415504
0.0
0.0
0.0
0.0
0.0
0.0
0.0
0.0
0.0
0.0
0.0
0.0
0.0
0.0
0.0
0.0
0.0
2.28275
0.0
0.0
0.0
0.0
0.0
1.00979
0.0
0.0
0.0
0.0
0.0
0.0
2.18734
0.0
0.0
0.0
0.0
0.0
0.0
0.0
0.0
0.864446
0.0
0.0
1.67095
0.0
0.0
0.0
1.10156
0.0
0.0
0.0
0.0
0.0
0.0
0.0
0.0
0.628454
0.0
2.85948
0.0
0.113929
0.0
0.0
0.0
0.1709
0.0
0.0
0.0
0.0
0.0
1.85973
0.0
0.0
0.0
0.0
0.0
0.0
0.0
0.0
0.0
0.0
2.91618
0.0
0.0
0.0
1.91648
0.0
0.0
0.0
0.0
0.0
0.0
2.18824
0.0
0.0
0.0
0.0
0.0
0.0
3.57314
0.0
10.0877
0.0
0.0
0.0
0.0
0.0
0.0
0.0
0.0
0.0
0.0
1.36991
0.0
0.0
0.0
0.0
0.0
0.0
0.0
0.0
0.0
0.0
0.0
0.0
0.0
0.841297
0.0
0.0
0.0
0.0
0.0
0.0
0.0
0.0
0.0
0.0
1.73237
0.0
0.0
0.0
0.0
0.0
0.0
0.252332
0.0
1.94704
0.0
0.0
5.06534
2.81872
0.0
0.0
0.0
0.0
0.221563
0.0
0.0
0.198732
0.0
0.0
0.0
0.0
0.0
0.0
0.0
0.0
0.0
0.0
0.0
0.0
1.79847
0.0
0.0
0.0
0.0
1.23471
0.0
0.0
0.0
0.0
0.0
0.0
0.0
0.0
0.0
0.0
0.0
0.0
0.0
0.0
0.699419
0.0
0.0
0.0
0.0
0.0
0.0
0.0
0.0
0.0
0.0
2.62454
0.926906
0.0
0.0
0.0
0.0
0.0
0.0
0.0
0.0
0.0
0.0
0.0
0.0
0.0
0.0
0.0
0.489544
0.0
0.0
4.5825
0.0
0.0
0.0
0.0
0.0
0.0
0.0
1.26396
0.0
0.0
0.0
0.0
0.0
0.0
0.0
0.0
0.0
0.0
0.0
0.0
0.0
0.0
0.0
0.692528
0.0
0.0
0.0
1.01662
0.56289
4.55872
0.0
0.0
0.431912
0.0
0.0
0.0
0.0
0.0
0.0
0.0
0.0
0.0
0.0
0.0
0.0
0.344354
0.0
0.128297
0.158989
0.0
0.216001
0.0
0.0
0.0
0.0
0.0
0.0
0.416247
0.685577
0.0
0.0
0.0
1.18415
0.0
0.0
0.0
0.0
0.0
0.0
6.2135
2.65199
0.0
0.0
0.0
0.0
0.0
0.0
0.0
0.0
0.0
0.0
0.0
1.02056
2.74031
1.98788
0.0
0.677525
0.0
0.502216
0.0
0.0
5.67561
0.0
0.0
0.0
0.0
0.0
0.0
0.0
0.0
0.359295
0.0
0.0
0.0
0.0846361
0.0
0.0
0.0
0.0
0.0
0.0
0.0
0.0
0.0
0.0
0.0
0.0
0.0
0.398123
0.371952
0.0
0.0
0.0
0.0
0.0
0.0
0.0
0.0
0.0
0.0
0.0
0.0
0.0
0.0
0.0
0.0
0.0
0.585182
0.0
0.0
0.0
0.0
0.803655
0.0
0.0
3.33687
4.07599
0.0
4.00817
0.0
2.55265
1.23018
0.459927
0.0
0.0
0.0
0.0
0.0
0.0
0.0
0.0
0.0
2.70995
0.0
0.0419556
0.0
1.36994
0.0
0.0
0.0
0.0
0.0
0.0
0.0
0.578835
0.478426
4.80309
0.0
0.0
0.0
0.0
0.0
0.0
0.0
0.0
1.31235
0.909289
1.15141
0.0
1.60817
1.30012
0.0
0.0
0.0
0.0
2.8666
0.0
0.0
2.55801
0.0
0.0
0.0
0.0
1.03368
0.0
0.0
0.0
0.0
0.0
0.0
0.0
0.0
0.0
1.90881
0.0
0.0
0.0
0.490953
1.89033
7.67111
0.0
0.0
0.0
0.0
0.542601
0.0
0.0
0.0
0.0
4.45428
2.43575
0.0
0.0
0.0
0.229282
0.0
0.0
0.0
0.0
2.1491
0.0
0.0
5.65117
0.0
0.0
0.0
0.0
0.0
0.0
0.0
0.0
0.0
0.0
2.3394
2.75287
0.0
0.0
0.0
0.0
0.0
0.0
3.72096
0.0
0.0
0.0
0.0
0.0
0.0
0.0
1.08513
0.0
0.0
0.0
0.0
1.75057
4.71327
0.0
0.0
0.0
0.0
0.0
1.7326
0.0
0.0
0.0
0.0
0.0
0.0
2.74694
1.2421
0.0
0.362037
0.0
1.51773
1.09041
2.61852
0.0
0.0
1.5826
0.0
0.972403
0.0
0.0
0.0
0.0
0.0
0.820848
2.57894
0.0
0.0
0.0
0.2303
0.0
1.09691
0.0
0.0
2.3023
0.0
0.0
0.0
0.0
0.909457
0.0
0.0
0.0
1.79975
0.0
0.0
0.0
0.0
0.0
0.0
0.0
0.0
0.0
0.0
0.0
0.0
0.0
0.0
0.0
0.231036
0.0
0.0
0.0
0.0
3.64461
0.0
0.0
0.0
3.16971
0.0
0.0
1.8366
0.0
0.229787
0.0
0.0
1.31366
0.0
0.759984
4.09052
2.47887
0.0
0.0
0.0
0.0
0.0
0.0
0.0
0.0
0.0
0.0
0.0
0.0
3.13261
5.86941
0.0
0.0
0.0
0.0
0.0
0.159698
0.0
1.57266
0.0
0.275235
0.0
0.0
0.0
0.0
0.0
0.0
2.10303
0.0
2.57448
0.0
0.0
4.20852
0.0
0.0
2.47028
1.32945
0.0
0.0
0.990605
0.0
1.68672
0.0
2.42737
0.0
0.108553
0.0
0.0
0.0
0.0
0.111776
0.0
6.24411
0.0
0.0
2.24998
0.0
0.0
0.0
0.0
0.0
0.0
0.0
0.0
0.0
0.0
0.0
0.0
0.0
0.0
0.0
0.577064
6.09247
0.0
0.0
0.0
0.0
0.0
1.16236
0.0
0.0
0.0
0.0
0.0
0.0
0.0
0.0
3.4283
0.0
1.79858
0.0
2.69971
0.0
0.0
0.0
0.0
0.0
0.0
0.0
0.0
0.0
0.0
0.0
0.0
1.81014
0.0
0.0
0.0
0.0
0.0
0.0
0.0
0.0
0.0
0.0
0.0
0.0
0.0
0.0
0.0795121
0.0
0.0
0.0
0.0
2.79013
0.0
0.0
0.0
4.00994
0.0
0.0
2.1122
0.0
0.0
0.0
0.0
0.95005
0.0
0.0
3.54772
0.0
0.0
0.0
0.0
0.0
0.0
0.0
0.0
0.0
5.72624
0.0
0.0
0.0
0.0
0.0
1.19246
0.0
0.0
2.27901
0.0
0.0
0.0
1.90744
0.0
1.12269
0.0
0.0
0.0
0.0
0.0
0.0
0.0
0.0
0.0
0.0
0.0
0.0
0.0
2.05379
0.0
0.0
0.0
0.0
2.82466
0.0
0.0
0.0
0.477703
1.46284
0.0
4.22883
0.0
0.0
0.0
0.0
0.0
0.0
0.0
0.0
0.0
2.32136
0.0
0.0
0.0
0.0
0.0
0.0
0.0
0.0
0.0
0.0
0.0
