0.0
0.0
0.901582
0.0
0.227813
0.0
0.0
0.0
0.0
0.0
0.0
0.0
0.0
0.0
0.0
0.0
0.0
3.13786
0.0
0.0
0.0
0.0
0.0
0.0
0.0
0.0
0.0
0.0
0.0
0.0
0.0
0.0
0.0
5.42364
0.0
0.0
0.0
0.0
0.959458
0.0
0.0
0.0
1.40323
0.0
0.0
0.0
0.0
0.0
0.0
0.905106
0.0
0.0
0.0
0.0
0.0
0.0
0.0
0.0
0.0
0.0
0.0
0.0
0.0
3.17106
0.0
0.0
0.0
0.0
1.25354
0.0
0.0
0.0
2.10492
0.0
0.0
0.0
0.0
0.0
0.0
0.0
2.67861
0.0
0.0
0.0
0.0
0.0
0.0
0.0
0.0
0.0
0.0
0.0
0.0
0.0
0.0
0.0
0.0
0.0
1.86294
0.0
0.0
0.0
0.0
0.0
0.0
0.0
1.9587
0.0
0.0
0.497553
0.0
0.0
0.0
0.0
0.0
0.0
0.0
0.0
1.53971
0.0
0.0
0.0
0.0
0.0
0.0
0.0
0.0
5.53102
0.0
0.0
0.0
0.352141
0.0
0.0
0.0
0.0
0.0
0.0283386
0.0
0.0
0.0
2.54813
0.0
0.0
0.0
0.0
0.30318
0.0
0.0
0.0
0.0
0.0
0.0
0.0
0.0
0.0
0.0
0.0
0.0
0.0
0.0
0.0
0.0
0.0
0.0
0.0
0.0
0.0
0.68046
4.13555
0.0
0.0
1.26423
0.946929
0.0
0.0
0.0
0.0
0.660529
0.0
1.90419
0.0
0.0
0.0
0.0
0.0
0.0
0.0
0.0
1.40084
0.0
1.35304
4.42122
1.16207
0.0
0.0
0.0
0.0
0.0
0.630365
0.0
0.737995
0.0
0.0
0.0
0.0
0.0
0.0
0.0
0.0
0.0
0.0
0.0
0.0
0.0
0.0
0.0
0.0
0.0
0.0
0.0
0.0
0.0
0.0
0.0
0.0
0.217937
0.237309
0.0
0.0
0.0
0.0
0.0
4.55539
0.0
0.0
0.0
0.0
0.0
0.0
0.0
0.0
0.0
2.31161
0.12041
0.0
0.0
4.20222
0.0
0.0
3.36722
0.0
0.0
0.0
0.0
0.0
0.0
1.11172
0.0
0.0
0.0
0.0
0.0
0.0
0.0
0.0
0.0
0.0
0.0
1.76077
0.0
0.0
0.0
0.0
0.0
0.0
0.797351
0.0
0.433667
0.0
1.33235
0.984875
3.01416
4.42614
0.0
0.0
0.0
0.0
0.0
0.0
0.0
0.0
0.0
0.0
2.43214
0.369132
0.0
0.0
0.0
0.0
0.0
4.78346
0.0
0.0
0.0
0.0
0.0
0.0
0.0
0.0
0.0
0.0
0.0
0.0
0.0
0.0
0.0
0.0
0.0
0.0
0.0
0.0
0.0
0.0
0.0
0.0
0.190361
0.0
0.0
0.0
0.0
0.0
0.0
0.0
0.0
0.0
0.0
0.0
0.0
0.0
0.0
0.0
0.0
0.0
0.0
0.922948
0.0
0.0
0.0
0.0
0.0
0.0
0.0
0.0
0.0
0.0
0.0
0.0
0.0
0.724037
0.0
0.0
0.0
0.0
0.0
0.0
0.0
0.0
0.0
0.0
0.0
0.0
0.0
0.0
0.0
0.0
0.0
0.0
0.0
1.5765
0.0
0.0
0.0
0.0
0.0
0.0
0.0
2.08216
0.991726
0.0
0.0
0.0
0.0
0.0
0.0
1.23538
6.00201
0.0
0.0
0.0
0.0
0.0
0.0
0.0
2.36
0.0
0.0
0.0
0.0
0.0
0.0
0.0
0.0
0.0
0.0
0.0
0.0
0.0
0.0
0.0
0.0
0.0
0.81963
0.0
0.0
0.0
0.0
0.0
0.0
2.22276
1.93864
0.0
0.1596
0.854342
0.0
0.0
0.0
0.0
0.771391
0.0
0.0
0.993708
0.0
0.0
0.0
0.0
0.0
0.0
0.517449
0.0
0.0
0.0
0.0
2.44702
0.0
0.0
0.0
0.0
0.0
0.0
0.0
1.93198
0.0
0.0
0.0
1.44624
0.671115
0.0
0.449844
6.04181
0.0
0.47741
0.0
0.0
0.0
0.0
0.980951
0.0
0.195729
0.0
0.0
0.0
0.0
1.4559
0.0
0.0
0.0
0.305546
0.396864
0.0
0.0
0.0
0.0
0.0
0.0
1.40052
3.48899
0.0
0.0
0.434195
0.0
0.0
0.0
0.0
0.00869018
0.0
0.0
0.0
0.0
0.0
0.0
1.24516
0.0
0.0
0.0
0.0
0.0
0.42975
0.0
0.0
0.0
0.0
0.0
0.845061
0.26573
0.41155
0.0
0.0
0.0
0.0
0.0
0.0
0.0
3.15092
0.0
0.0
0.787477
0.0
0.0
0.0
0.0
0.0
0.866651
0.0
0.0
0.0
0.0
0.0
0.0
0.0
0.0
0.209199
0.0
0.0
0.0
0.0
0.0
0.0
0.0
0.0
0.0
0.0
0.0
0.0
0.0
0.0
0.0
0.0
0.0
0.0
0.0
0.0
0.0
0.0
0.0
0.0
0.0
0.0
0.0
0.0
0.0
0.0
0.0
0.0587325
0.0
0.0
2.07234
0.781615
0.0
0.0
0.0
0.0
0.541692
0.0
0.0
0.0
0.0
0.0
0.0
0.0
0.0
0.0
0.0
0.0
1.67096
0.0
0.0
0.0
2.65419
0.0
1.08248
0.0
0.0
0.0
0.0
0.0
0.0
0.0
0.0
0.0
3.74456
0.0
0.0
0.0
1.33102
0.0
0.0
0.0
0.0
0.0
0.0
0.0
0.0
0.0
0.0
1.39868
1.11894
0.0
0.0
0.0
0.0
0.0
0.0
2.0214
0.0
0.0
0.0
0.0
0.0
0.0
0.0
0.301058
0.0
0.0
0.0
0.0
0.0
0.954198
0.0
0.0
0.760895
0.0
0.0
0.0
0.0
0.0
0.370954
0.0
0.0
0.0
0.0
0.0
0.0
0.0
2.37994
0.0
0.534746
0.0
0.0
0.0
0.0
0.0
0.0
2.3838
0.0
0.0
0.0
0.0
0.0
0.0
0.0
0.0
0.0
0.0
2.28252
0.0
0.0
0.0
0.0
0.0
0.0
0.0
0.0
0.0
0.0
0.0
0.0
0.347029
0.0
0.0
0.0
0.0
0.0
0.0
1.47147
0.0
0.0
0.0
0.0
0.0
0.0
0.674536
0.0
0.0
0.0
0.0
0.0
0.0
4.11959
0.0
0.0
0.0
0.0
0.0
0.0
0.0
0.0
0.0
3.17476
0.0
0.0
0.0
0.0
0.0
0.0
0.0
0.0
0.0
0.0
0.0
0.561598
0.0
0.0
0.0
0.0
0.0
0.0
0.0
0.0
0.0
1.46639
1.11522
0.0
0.273257
0.0
0.0
0.445107
0.0
0.0
0.0
0.0
0.0
0.0
2.0578
0.0
0.0
0.0
0.0
0.0
2.55571
0.0
0.0
0.0
0.487624
0.0
0.0
0.0
0.0
0.0
0.0
0.0
5.16993
0.0
0.0
0.0
0.0
1.1115
0.0
0.0
1.97568
0.544549
0.0
0.998426
0.0
0.0
0.0
0.0
0.0
0.0
0.0
0.0
0.201413
0.0
0.0
0.0
0.0
0.960758
0.0
0.0
0.0
0.0
0.0
0.160431
0.0
0.0
0.0145733
0.0
0.0
0.0
0.0
0.0
0.0
0.0
0.0
0.0
0.0
0.0
0.0
0.0
0.0
0.0
0.0
0.0
0.0
0.711742
1.61731
0.0
0.0
0.0
0.0
0.0
0.0
2.21207
0.0
0.0
0.0
0.0
0.0
0.0
0.0
2.24331
2.99319
0.0
0.0
0.0
0.0
0.0
0.895083
0.0
0.0
0.0
0.0
0.0
0.0
0.0
0.0
0.0
0.0
2.08687
0.0
0.0
0.0
0.0
0.0
0.0
0.0
0.0
0.0
0.810562
0.0
0.0
0.0
0.0
0.0
2.70864
0.0
0.0
0.0
0.0
0.0
0.0
0.0
0.0
0.0
0.0
0.0
0.0
0.0
5.19428
0.0
0.0
0.0
0.0
0.0
0.0
0.0
0.0
0.115853
0.0
0.0
0.0
0.0
0.0
0.0
0.0
0.0
0.0
1.75826
0.0
0.0
0.0
0.0
0.0
0.0
0.0
0.0
0.0
0.0
0.0
0.0
0.0
0.0
0.0
0.0
0.0
0.0
0.879608
0.0
0.0
0.763643
0.0
0.0
0.0
0.0
0.0
0.864741
0.0
2.44307
0.0
0.524722
0.0
0.0
0.0
2.50514
0.0
0.0
0.0
0.0
0.381632
0.0
0.0
0.0
0.0
0.0
0.0
0.0
0.0
0.0
0.0
0.0
0.0
0.202391
3.65104
0.0
0.0
3.44496
0.0
0.0
0.0
0.0
0.0
0.0
0.805328
0.0
0.0
0.0
0.0
0.0
0.0
0.0
0.0
0.885936
0.0
0.0
0.0
0.0
0.0
0.0
0.0
0.0
0.0
0.0
0.0
0.0
0.982834
0.0
0.877825
1.67551
0.0
0.0
0.0
0.0
0.0
0.0
0.0
0.0
0.0
0.0
0.0105895
0.0
0.865536
0.0
0.0
0.0
0.849266
0.0
0.0
0.0
0.0
0.0
0.0
0.0
0.0
0.0
0.0
0.90692
0.515415
0.0
0.0
0.0
0.0
0.0
0.0
0.0
0.0
0.0
0.0
0.0
0.0
0.0
0.0
0.0
0.0
1.53518
0.0
0.0
0.2442
2.18128
2.54509
0.0
0.0
0.0
0.0
0.0
0.0
0.0
0.0
0.0
0.0
0.0
0.0
0.0
0.0
0.0
0.0
0.0
0.0
0.0
0.0
0.0
0.0
0.0
0.0
0.0
0.0
0.0
0.0
0.965877
0.0
0.0
0.0
0.0
0.0
0.0
0.0
0.0
0.0
0.0
0.0
0.0
0.0
0.0
0.0
0.0
0.0
0.0
0.0
0.0
1.18795
0.0
0.0
0.0
0.0
0.0
1.14108
0.0
3.70027
0.0
0.0254426
0.0
0.0
0.0
0.0
0.0
0.0
1.25712
0.0
0.0
0.0
0.0
0.0
0.45898
0.0
0.0
0.0
0.0
0.0
0.0
0.0
2.65441
0.0
0.0
0.0
0.0
0.541076
0.0
0.0
0.0
0.0
0.0
0.0
0.0
1.82263
0.0
2.65191
0.0
0.0
4.45094
0.0
0.0
0.0
1.35599
1.88064
0.0
1.95934
0.0
0.0
0.0
0.0
0.0
0.0
0.0
0.0
0.0
0.0
0.0
0.0
0.0
0.0
0.0
0.0
0.0
0.0
0.0
0.0
0.0
0.0
0.662633
0.0
0.0
0.0
0.0
0.559774
0.0
0.0
0.0
1.20032
0.0
0.0
0.0
0.463672
0.0
0.0
0.0
0.0
0.0
1.39935
0.0
0.0
3.0457
0.0
0.0
0.0
0.0
0.0
1.97507
0.0
0.0
0.0
0.0
0.0
0.0
0.0
0.0
0.0
3.99193
0.0
0.0
0.0
0.0
0.0
0.0
0.0
0.0
1.96586
0.0
0.0
0.0
0.686346
0.0
0.0
0.0
0.0
0.0
0.0
0.0
0.0
0.0
0.698017
0.0
0.625909
0.0
0.0
0.0
0.0
2.11573
0.0
0.0
0.0
0.0
0.0
0.0
0.0
0.0
0.0
0.0
0.0
0.0
0.0
0.0
0.0
0.0
0.0
0.0
0.0
0.0
0.0
0.0
0.0
0.0
0.0
2.65106
0.0
0.0
2.8331
0.0
0.0
0.0
0.0
0.0
0.0
0.0
0.0
0.0
0.0
0.0
0.698286
0.0
0.0
2.09763
0.0
0.0
0.0
0.0
0.0
0.0
0.0
0.0
0.0
0.0
0.0
1.98899
0.0
0.0
0.0
0.0
0.0
0.0
0.0
0.0
0.0
0.0
0.0
0.0
0.0
0.0
0.0
0.0
0.0
0.0
0.0
0.0
0.0
0.0
0.0
0.0
3.083
0.0
0.0
0.0
0.0
0.0
0.0
0.0
1.28799
0.0
0.0
0.0
0.750666
0.0
0.0
0.0
0.0
0.0
0.0
0.0
0.0
0.0
0.0
0.956423
0.741466
1.15962
0.0
0.0
0.0
2.32862
0.0
0.0
0.0
3.10048
0.0
0.0
0.0
0.0
0.712035
0.0
0.0
0.0
0.0
0.0
0.0
0.0
0.0
0.0
0.0
0.0
0.0
0.0
0.0
0.0
0.0
0.0
1.33975
1.15054
0.0
1.20771
0.0
0.311538
0.0
0.0
0.0
0.0
0.0
0.0
0.0
0.0
0.0
3.12652
0.0
0.0
0.0
0.0
0.0
0.0
0.0
0.0
0.0
0.0
0.0
0.0
0.0
0.0
0.943595
0.0
0.0
0.0
0.0
0.0
0.0
0.0
0.0
0.0
0.0
0.0
0.0
0.0
0.0
0.0
0.0
1.09087
0.289365
0.0
0.0
0.0
0.0
0.0
0.0
0.0
0.0
0.0
0.0
0.0
0.463271
0.0
0.0
0.0
0.890214
0.0
0.0
0.0
1.59543
0.0
0.0
0.0
0.0
0.0
0.0
0.0
0.0
0.0
0.0
0.0
0.0
0.0
0.0
0.0
0.0
0.0
0.0
0.0
0.0
0.0
0.0
0.0
0.172809
0.0
0.104872
0.0
0.0
0.694629
0.0
0.0
0.0
0.0
0.0
2.77488
0.0
0.871114
0.0
0.592741
0.0
0.0
0.0
0.0
0.704639
0.0
0.938281
0.0
0.0
0.0
0.0
0.0
0.0
0.0
0.0
0.0
0.0
0.0
0.0
0.0
2.5659
0.0
1.76927
0.0
0.0
0.0
0.0
0.0
0.0
0.0
0.0
0.0
0.0
1.2892
0.0
0.0
0.0
0.0
0.0
0.0
0.0
0.0
0.0
0.0
0.972348
0.0
0.0
0.206663
0.0
0.0
0.0
0.724985
0.0
0.0
0.0
0.0
0.0
0.0
0.0
0.0
0.0366757
0.0
0.0
0.0
0.0
0.0
0.0
0.0
0.0
0.0
0.0
0.0
0.0
0.0
0.0
0.0
0.0
0.0
0.0
0.0
0.0
0.0
0.0
0.0
0.0
0.0
0.0
0.0
0.0
0.0
0.0
0.0
0.0
0.0
0.0
0.0
0.0
0.0
0.0
1.01375
0.0
0.0
0.0
0.0
0.0
0.0
0.0
0.0
0.0
0.0
0.0
0.0
0.0
0.0
0.0
0.0
0.0
0.0
0.0
0.0
0.0
0.0
0.0
0.0
0.0
0.0
0.0
1.17392
3.24178
0.0
0.0
0.0
0.0
0.0
0.0
4.04623
0.0
0.0
0.0
1.23599
0.0
0.0
0.0
0.0
0.0
0.0
0.0
0.0
0.818478
0.0
0.0
0.0
0.0
0.0
0.121709
0.0
0.0
0.0
0.0
1.22769
1.72214
1.61194
0.0
2.30617
0.0
0.0
0.0
0.367873
0.0
0.0
0.0
0.0
0.0
0.0
0.825131
0.0
0.0
0.0
0.0
0.0
0.0
1.31354
0.0
0.0
0.0
0.0
0.0
0.0
0.079807
0.0
0.0
0.0
0.0
0.0
0.0
0.216718
0.0
0.0
0.0
0.0
0.0
4.72593
0.0
0.0
0.356215
0.0
0.0
2.12884
0.0
0.0
0.0
0.0
0.0
0.0
0.0
0.0
2.30922
0.0
0.808759
0.0
0.0
0.0
0.0
1.16825
0.0
0.0672158
0.0
0.0
0.0
0.0
0.0
0.0
0.0
0.0
0.0
0.0
0.0
0.0
0.0
0.0
0.0
0.0
0.0
0.0
0.0
0.0
0.0
0.0
0.0
0.0
1.63166
0.0
0.0
0.0
0.0
1.19124
1.19299
3.41341
0.0
0.0
0.0
0.0
0.0
0.0
0.0
0.0
0.0
0.0
0.95531
0.0
2.99961
0.0
0.572025
0.0
0.0
0.0
0.0
0.0
0.0
0.0
0.0
0.0
0.0
0.0
0.0
0.0
0.0
0.0
0.0
0.0
0.0
0.0
0.0
0.0
0.0
0.0
0.0
0.0
0.0
0.0
0.0
0.0
0.0
0.0
1.50455
0.0
0.0
0.0
0.0
0.0
0.0
0.0
0.0
0.0
0.0
0.0
1.08195
1.54267
0.0
0.0
2.41877
0.0
0.0
0.0
0.979105
0.0
0.0
0.0
0.0
0.0
0.0
0.0
2.11063
0.327155
0.0
0.0
0.0
0.0
0.0
0.0
0.0
0.590454
0.0
0.0
0.0
0.0
0.0
0.0
1.12693
0.0
0.0
0.0
0.0
0.0
1.71537
0.0
0.0
0.0
0.0
1.13577
0.0
0.0
0.0
0.0
0.0
0.0
0.0
0.0
0.0
0.0
0.0
0.0
0.0
0.0
0.0
0.0
0.0
0.0
0.0
0.0
0.0
0.0
0.0
0.0
0.0
5.05709
0.0
0.0
0.0
0.0
0.0
0.0
0.0
1.28481
0.0
0.0
0.0
0.0
0.0
0.943674
0.0
0.0
0.0
0.0
0.0
0.0
0.0
0.0
0.0
0.0
0.0
0.0
0.0
0.0
0.0
0.0
0.0
1.44773
0.0
0.0
0.0
0.0
0.0
0.0
0.0
0.0
0.976175
0.0
0.197785
0.0
0.0
0.0
0.0
0.222206
0.0
0.0
0.0
0.0
0.0
0.0
0.0
0.0
0.0
0.0
0.0
0.0
0.0
0.0
0.0
0.0
0.0
0.0
0.0
0.0
0.0
0.0
0.0
0.0
0.0
0.0
0.0
0.0
3.01737
0.0
4.42995
0.889442
0.0
1.67946
0.0
1.40958
0.0
0.0
1.91479
0.0
0.378082
0.0
0.0
0.0
0.0
0.0
0.0
0.0
0.294152
0.0
1.06445
3.41325
0.0
0.0
0.0
0.158161
3.77218
0.496119
0.0
0.0
0.0
0.0
0.0
0.288461
0.0
0.0
0.0
0.841247
1.5105
0.0
0.0
0.0
0.0
2.43091
0.0
0.0
0.405589
0.0
0.0
0.0
0.0
0.0
0.0
0.0
0.0
0.0
0.0
1.48513
0.586344
0.582489
1.59907
0.0
0.0
0.0
0.0
0.0
0.0
0.0
0.0
0.0
2.05399
0.0
0.0
0.0
0.0
0.0
0.0
0.0
0.0
0.0
0.0
0.0
2.28661
1.39336
0.0
0.0
0.0
0.0
0.0
0.0
0.0
0.0
0.0
0.0
0.0
0.0
0.0
0.0
0.0
4.11242
0.0
0.0
0.0
0.0
0.0
0.0
0.0
0.938381
0.0
0.0
0.0
0.0
0.0
0.0
3.41927
0.0
0.0
0.0
0.0
0.0
3.23961
0.0
0.0
0.0
0.0
0.0
0.0
0.0
0.0
0.229886
0.0
0.0
0.0
0.0
0.0
0.0
0.0
0.0
0.0
0.0
0.0
0.0
0.0
1.4961
0.0
0.0
0.0
0.0325716
0.0
0.616919
0.0
0.0
0.0
0.0
4.29696
0.0
0.0
1.44646
0.0
0.0
1.59331
0.0
7.17839
0.0
0.15208
0.0
0.0
0.0
0.0
0.0
0.0
0.0
0.219854
0.0
0.0
0.0
0.0
0.0459111
0.0
0.0
0.0
0.0
0.0
0.0
0.0
0.0
0.0
0.0
0.0
0.0
0.0
0.0
0.0
0.182843
0.0
0.0
0.0
2.24409
0.0
0.0
0.0
0.0
0.0
0.0
0.0
0.0
0.0
0.0
0.0
0.0
0.0
0.0
0.0
0.0
0.0
0.0
1.95953
0.0
0.0
0.0
0.0
0.0
0.0
0.0
0.0
0.0
0.0
0.0
0.0
0.0
0.0
0.0
0.0
0.0
0.0
0.0
0.0
1.48004
0.0
0.0
0.0
0.0
0.0
0.0
0.0
0.0
0.0
0.0
0.905576
0.0
0.0
0.0
0.0
0.0
0.359593
0.0
0.0
2.49726
0.0
0.439333
0.0
0.0
0.0
0.0
0.0
0.0
0.472531
0.0
0.0
0.0
0.0
0.0
0.0
0.0
0.0
0.0
0.0
0.0
0.0
0.0
0.0
0.0
0.0
0.0
6.25046
0.0
0.0
0.0
0.0
5.12529
0.0
0.0
0.0
0.0
0.0
0.0
3.69148
0.0
7.33606
0.0
0.0
0.0
0.0
0.0
0.0
0.0
0.0
0.0
0.0
0.0
0.0
0.0
0.0
0.0
0.0
0.0
0.0
0.0
0.0
6.19634
0.0
0.0
0.0
0.0
5.16995
0.0
0.0
0.0
0.0
0.0
0.0
0.0
0.0
0.0
0.0
2.28393
0.0
0.0
0.0
0.0
0.0
1.00898
0.0
0.0
0.0
0.0
0.0
0.0
0.0
0.0
0.0
0.257063
2.3151
0.0
0.690754
0.0
0.0363957
0.463347
0.0
0.0
0.0
5.35916
0.0
0.0
0.0
0.0
0.0
0.0
0.0
0.0
0.0
0.0
0.0
0.0
0.0
0.0
0.0
2.08986
0.0
0.0
0.0
0.0
0.0
0.0
0.0
0.428348
2.72261
0.0
0.0
0.0
0.0
0.0
2.2821
0.0
0.0
0.0
0.0
0.0
0.0
0.0
0.0
0.0
0.0
0.0
0.0
1.9131
0.0
0.0
0.0
0.0
0.0
0.485413
0.0
0.0
0.0
0.0
1.14872
0.0
0.0
0.0
0.377684
0.0
0.0
4.20036
0.0
0.0
0.0
0.0
0.0
0.0
0.0
4.28955
0.0
0.0
0.0
0.0
0.0
0.0520757
0.0
0.0
0.0
0.0
0.0
0.0
0.0
2.43209
1.77459
0.0
0.399402
0.0
0.0
0.0
0.0
0.0
0.0
0.0
0.0
0.0
0.0
0.0
0.0
0.0
0.0
2.32109
0.0
0.0
0.0
0.0
0.0
0.0
0.0
0.117159
0.0
0.0
0.0
0.0
0.0
2.38742
0.0
0.0
0.0
0.0
0.0
0.0
0.0
0.0
1.82155
0.0
0.0
0.0
0.0
0.0
0.0
0.0
0.0
0.0
0.0
0.0
0.0
0.0
0.0
0.0
0.0
0.0
0.0
0.0
0.0
0.0
0.0
0.0
0.0
0.0
0.0
0.0
0.0
0.0
0.0
0.0
0.0
0.0
0.145176
0.0
0.0
0.0
0.205191
0.0
0.0
0.0
0.0
0.0
0.0
0.0
0.0
0.0
0.0
0.0
1.2078
0.0
0.0
0.0
0.0
0.0
0.0
0.0
0.0
0.0
0.0
0.0
0.0
0.0
0.257215
0.0
0.0
0.0
0.0
2.73795
0.0
1.13928
0.0
0.0
0.0
0.0
0.0
0.0
0.0
0.0
0.881806
0.0
0.0
0.0
0.0
0.0
0.0
1.27119
0.0
0.0
0.783529
0.0
0.0
0.0
0.0
1.62572
0.0
0.0
0.0
0.0
0.0
0.0
0.0
0.0
0.0
0.0
0.347931
0.0
0.0
0.0
0.750298
0.0
0.0
0.0
0.0
2.58725
0.0
0.0
0.0
0.0
2.00038
1.93477
0.0
0.0
0.0
0.0
0.0
0.0753957
0.0
0.0
0.0
0.0
0.0
0.0
0.0
0.0
0.0
0.0
0.0
0.0
0.0
0.0
0.0
0.0
0.0
0.0
0.0
0.0
0.0
0.0
0.0
0.0
0.0
0.0
0.0
0.0
0.0
0.0
0.0
0.0
0.0
0.0
0.0
0.0
0.0
0.0
0.340925
0.0
0.0
0.0
0.0
0.0
0.0
0.0
0.0
3.29224
0.0
0.0
2.59221
0.0
0.0
0.0
0.0
0.0
0.0
0.0
0.0
0.0365259
0.0
2.62247
0.0
0.0
0.0
0.0
0.0
0.0
0.0
0.422528
0.12787
0.0
0.0
0.0
0.0
0.0
0.0
0.0
2.11359
0.0
0.0
0.466479
0.0
0.0
1.28288
0.0
0.0
0.0
0.0
0.0
0.0
2.4179
0.0
0.0
0.0
0.0
0.0
0.0
1.3319
0.0
0.0
0.0
0.0
0.0
0.0
0.0
0.0
0.0
0.0
0.0
0.0
0.0
4.19371
2.63315
0.0
0.0
0.0
1.40284
0.0
0.0
0.0
0.0
0.0
0.0
7.79231
0.0
0.0
0.0
0.0
0.0
0.0
0.0
0.0
0.0
0.0
0.325932
0.0
1.1582
0.0
0.0
1.11219
2.19928
0.0
1.75592
0.0
0.0
0.0
0.0
0.0
0.0
0.0
0.0
4.3106
0.0
0.0
0.0
0.0
0.0
0.0
0.0
0.0
0.0
0.315074
0.0
0.0
0.0
0.0
1.95121
0.0
0.0
0.0
3.52786
0.0
0.0
0.0
0.0
0.0
0.0
0.0
0.0
0.0
0.0
0.0
0.0
0.0
0.0
0.0
0.0
0.0
2.0625
1.26844
0.0
2.40584
0.0
0.0
0.0
0.0
0.0
0.0
0.0
0.0
0.0
0.0
0.320531
0.0
0.0
0.0
0.0
0.0
0.0
0.565227
0.0
0.217932
0.0
0.0
0.0
0.0
0.0
1.5416
0.0
0.0
3.09642
0.0
0.0
0.0
0.0
0.0
0.0
1.34431
0.0
0.0
0.0
0.799737
0.0
0.0
0.0
0.0
0.0
0.0
0.0
0.0
0.0
0.0
0.0
0.0
0.0
0.0
0.0
0.0
0.0
1.29327
0.0
5.49759
1.45629
0.0
0.0
0.0
0.471356
0.0
5.30162
0.0
0.0
0.0
0.0
0.0
0.0
0.0
0.0
3.92385
0.0
0.0
0.0
0.0
0.0
2.82552
0.0
0.393251
0.0
0.0
0.0
3.66727
4.93268
0.0
0.0
0.0
0.0
0.0
0.0
3.71711
0.0
0.0
0.0
0.432663
0.0
0.0
0.0
0.0
0.0
0.0
0.0
0.0
0.0
0.0
0.0
0.0
0.0
0.0
0.0
0.0
0.0
0.0
0.0
0.0
1.73486
0.0
0.0
0.0
0.0
0.0
0.0
0.0
0.0
0.0
0.0
0.0
0.0
0.0
0.0
0.937682
0.0
0.0
0.125292
0.988823
1.69457
0.0
0.0
0.0
0.0
0.0
0.0
1.74272
0.814509
1.28811
0.0
0.0
0.0
0.0
0.0
0.0
1.64878
0.0
1.60607
0.0
0.0
0.0
0.0
0.0
1.36247
0.437144
0.0
0.0
0.765872
0.0
0.0
0.0
0.0
0.0
0.0
1.06446
0.0
0.0
0.0
0.0
0.0
0.0
0.0
0.0
0.0
1.382
0.0
0.0
0.0
0.0
0.0
0.0
0.0
0.0
0.0
0.0
0.0
0.0
0.0
5.44251
0.0
1.82232
0.0
0.0
0.0
0.0
0.0
0.0
0.0
0.0
0.0
0.0
0.0
0.0
0.0
0.0
2.53547
0.0
0.0
0.0
0.0
0.0
0.0
0.120635
0.0
0.195894
0.0
0.0
0.0
0.0
0.0
0.0
0.0
0.0
0.0
0.0
0.0
0.429844
0.0
0.0
0.0
0.0
0.0
0.0
0.0
0.0
0.0
0.0
0.0
0.0
0.0
0.0
0.0
0.0
0.0
0.0
0.0
0.0
0.0
0.0
0.0
0.0
0.0
0.375634
0.0
0.0
0.0
0.0
0.0
0.0
0.0
0.0
1.40474
1.59508
1.89541
0.0
0.0
0.0
0.0
1.86157
0.0
0.0
0.0
0.0
0.0
0.0
0.0
0.0
0.0
0.0
0.0
2.26374
0.0
0.0
0.565633
0.0
0.0
0.0
0.0
0.0
5.39949
0.246054
0.0
0.0
0.0
0.0
0.0
0.0
0.0
0.0
0.0
0.0
0.0
0.0
0.0
0.0
0.0
0.0
0.0
0.0
0.0
0.0
0.119847
0.0
0.0
0.0
0.0
4.15893
0.0
0.0
0.0
0.0
0.0
0.0
0.0
0.0
0.0
0.0
0.0
0.0
0.0
0.0
0.0
0.0
1.30944
0.0
0.0
2.30204
0.0
0.0
0.0
0.0
0.0
0.0
0.0
0.0
0.0
0.0
0.239921
0.0
0.0
0.0
0.0
0.0
0.0
0.976455
1.33214
0.502117
0.0
0.0
0.0
0.0
0.0
0.0
0.0
0.0
0.0
0.0
0.0
0.0
0.0
1.40695
0.0
0.0
0.0
0.0
0.0
0.0
0.0
0.0
0.0
0.0
0.0
0.0
0.0
0.0
0.0
0.0
0.0
0.0
0.0
0.00610569
0.0
0.0
0.0
0.0
0.0
1.00694
0.0
0.0
0.0
0.0
0.0
0.97708
0.0
0.0
0.0
0.0
0.0
0.0
0.0
3.33102
0.0
0.0
0.0
0.0
0.0
0.0
0.0
0.0
0.0
0.0
0.0
0.767213
0.0
0.0
0.0
0.0
0.0
0.0
1.46351
3.08236
0.0
0.0
0.0
0.944542
1.54581
1.13442
0.0
0.0
0.0
0.0
0.0
0.0
0.0
0.0
0.0
0.0
0.0
0.0
0.534068
0.0
0.0
0.0
0.0
0.0
0.0
0.0
0.0
0.0
0.0
0.0
0.0
0.166863
0.0
0.0
0.0
0.0
0.0
0.0
0.0
0.0
0.0
0.0
0.0
0.0
0.0
0.0
0.0
7.63753
0.0
0.0
0.0
0.0
0.0
0.0
0.0
0.0
0.0
0.0
0.0
0.0
0.0
0.0
0.0
5.39364
0.0
0.0
0.0
0.0
0.0
0.209944
0.0
0.0
0.0
0.0
0.0
0.0
0.0
0.0
0.0
0.0
0.0
0.0
0.0
0.0
0.0
0.0
0.0
0.0
0.0
0.000854254
1.57783
0.0
0.0
0.0
0.0
0.0
1.94391
1.53023
0.0
0.0
0.0
0.0
0.0
0.0
0.0
0.0
0.0
0.0
0.0
0.0
0.0
0.0
4.06328
0.0
0.0
1.96754
0.0
0.0
0.0
0.0
0.0
0.0
0.0
1.19757
0.0
0.0
0.0
0.0
2.01684
0.0
0.0
0.0
0.0
0.0
0.0
0.0
0.0640617
0.0
0.0
0.11496
0.0
0.994043
0.0
0.0
0.0
0.0
0.0
0.0
0.0
0.0
0.0
1.39126
0.0
0.882647
0.0
0.0
0.0
1.83677
0.0
0.0
0.0
0.0
0.0
0.0
1.32314
0.0
0.654639
0.0
0.0
0.0
0.0
0.0
0.0
6.65086
0.0
0.0
0.0
0.0
0.0
0.0
0.0
0.0
0.0
0.0
0.561176
0.0
0.186918
0.0
0.0
0.0
0.0
0.0
0.0
0.0
0.0
0.0
0.0
0.0
0.0
0.0
0.0
0.0
0.0
0.0
0.0
0.0
0.0
0.0
0.0
0.0
0.0
0.0
0.0
0.0
0.0
0.0
0.0
0.0
0.0
0.0
0.0
1.56076
0.232169
0.0
0.0
0.0
2.23342
0.0
0.0
0.0
0.0
0.0
0.0
0.0
0.0
0.0
0.0
0.0
0.0
0.0
0.0
0.0
0.0
0.0
0.0
0.0
0.0
0.0
2.38174
0.0
0.730589
1.35389
0.0
0.0
0.0
0.0
0.0
0.0
0.0
0.0
0.587693
0.0
0.0
0.0
0.0
0.0
0.0
0.0
0.0
0.0
0.0
0.0
0.0
0.0
1.27696
0.0
0.0
0.0
0.0
0.0
0.0
1.03542
0.0
0.0
0.0
0.0
0.0
0.0
0.0
0.0
0.0
0.0
0.0
0.0
0.0
0.0
0.0
0.0
0.0
0.0
0.0
0.0
0.0
0.0
0.898996
0.0
0.0
0.0
0.0
0.386088
0.0
0.0
0.0
0.0
0.0
0.0
0.0
0.0
0.630396
0.0
0.0
0.0
4.65514
0.0
0.0
0.0
0.0
1.29692
0.0
0.0
0.0
0.0
0.0
0.0
0.713225
0.0
0.0
0.0
0.0
0.0
0.0
0.0
0.0
0.100558
0.0
1.04516
0.0
0.0
0.0
0.0
0.0
0.0
0.0
0.0
0.0
0.0
0.0
0.100521
0.0
1.06634
0.0
0.0
0.0
0.0
2.58837
0.690079
0.0
0.0
0.0
0.0
0.0
0.0
0.0
0.0
0.623127
0.0
0.0
0.0
0.0
2.44902
0.0
0.0
0.0
0.0
0.0
0.0
4.34827
0.0
0.0
0.0
0.0
1.40396
0.0
0.0
0.0
1.17652
0.0
0.0
0.0
0.0
0.0
0.0
0.0
0.0
0.0
0.0
0.0
1.66378
0.89786
0.0
0.0
0.0
0.0
0.0
0.0
0.0
0.0
0.0
0.0
0.0
0.0
0.0
0.0
0.0
0.0
0.0
0.0
0.0
0.0
0.0
0.0
0.0
0.0
0.0
0.0
0.0
0.0
0.0
0.0
0.0
0.0
4.55773
0.0
0.0
0.0
0.676433
0.355648
0.86084
0.0
0.0
0.0
0.0
0.0
0.0
0.0
0.0
0.0
0.900825
0.0
0.0
0.0
3.99777
0.0
0.0
0.0
0.0
0.0
0.0
0.0
4.58225
0.0
4.00155
0.0
0.0
0.0
0.0
0.0
0.0
0.0
0.0
0.697127
0.0
1.62496
0.0
0.0
0.0
0.0
0.0
0.939114
0.0
1.61151
0.0
0.0
6.3609
0.0
0.0
0.0
0.0
2.2481
0.0
0.0
0.0
0.0
0.0
0.0
0.0
0.0
0.0
0.974397
0.0
0.0
0.0
0.631388
0.0
4.42161
0.0
0.0
0.0
0.0
0.0
0.0
0.0
0.0
0.0
3.26621
0.0
0.0
0.0
0.0
1.06213
0.0
0.0
0.0
0.0
3.83627
0.0
0.0
0.211277
0.0
0.0
0.0
0.0
1.62501
0.0
0.0
0.0
0.0
0.0
1.71172
1.69823
0.0
0.0
0.0
0.0
0.0
0.0
0.651851
0.0
0.0
0.0
0.0
0.0
0.0
0.0
0.0
0.0
0.0
0.0
0.0
0.0
2.1222
0.0
0.0
0.0
0.0
0.0
4.75642
0.0
0.0
0.0
0.0
0.0
0.0
2.3034
0.0
0.0
1.24731
0.0
1.10998
0.863262
0.392918
0.0
0.0
0.0
0.0
0.0
0.0
0.0
0.0
0.0
0.0
0.0
0.257249
0.0
0.0
0.0
0.0
0.0
0.0
0.0
0.0
1.57442
0.0
0.0
0.0
0.0
0.0
0.0
0.0
0.0
1.19747
0.0
0.269045
0.0
0.0
0.0
0.0
0.0
0.0
0.0
0.0
0.0
0.0
0.0
0.0
0.0
1.03249
0.0
0.0
0.0
0.0
2.87241
0.0
0.195547
0.0
3.68103
0.0
0.0
5.57281
0.0
0.0
0.0
0.0
0.786642
0.0
0.0
2.36286
1.32801
0.0
0.0
0.0
0.0
0.0
0.0
0.0
0.0
0.0
0.0
0.0
0.0
0.0
3.02018
0.0
0.0
0.0
0.0
0.0
0.0
0.0
0.747739
0.0
0.0
0.0
0.0
0.0
0.0
0.0
1.67739
5.00676
0.0
0.545319
0.0
0.0
4.9316
0.0
0.0
0.0
6.3005
0.0
0.0
0.0
0.0
6.28721
0.0274838
0.0
0.0
0.0
0.0
0.0
0.0
0.0
0.0
0.0
5.24251
0.0
0.0
0.0
1.05994
0.0
0.0
0.0
0.0
0.0
0.0
0.0
0.0
1.7876
0.0
0.0
0.0
0.0
1.3606
0.0
5.59376
0.0
0.0
0.0
0.0
0.0
1.65464
0.0
0.0
3.06239
0.0
0.0
0.0
0.51031
0.0194809
0.0
0.0
3.01329
0.0
5.22838
0.0
0.0
0.0
0.0
0.0
0.0
0.0
0.0
0.0
0.0
1.78027
0.0
2.03362
0.0
0.0
0.235343
0.0
0.0
0.0
0.0
0.0
0.0
0.0
0.0
0.0
0.0
2.65978
0.50264
0.0
0.0
0.0
0.0
0.0131703
0.0
0.0
0.0
1.24041
0.0
0.0
1.49023
0.0
0.0
0.0
0.0
0.0
1.57333
0.0
2.5114
0.0
0.0
0.0
0.0
0.513386
0.0
0.925485
0.0
0.0
5.40745
0.0
0.0
1.99089
0.0
0.0
0.0
0.0
0.0
2.57726
0.0
0.0
0.0
1.8049
0.0
0.0
0.0
0.0
0.0
0.0
0.0
0.0
0.0
0.0
0.0
0.0
0.0
0.0
0.0
0.0
0.0
0.0
0.0
0.0
2.09978
0.0
0.0
0.0
0.318318
0.364719
0.0
0.0
0.0
0.0
0.0
0.0
0.0
0.0
0.0
0.0
0.0
0.652846
0.0
0.0
0.0
0.0
0.0
0.0
0.0
0.0
0.0
0.0
0.0
