0.0
0.0
5.37081
0.0
0.0642093
0.0
0.0
0.0
0.0
0.0
0.0
0.0
0.0
0.423674
0.0
0.0
0.0
0.0
2.39436
0.0
0.0
1.0934
0.0
0.0
0.0
0.0
0.0
0.0
0.0
0.0
0.0
0.0
0.0
4.66116
0.0
0.0
0.0
0.0
1.28453
0.0
0.0
0.0
5.56214
0.0
0.0
4.24337
1.62117
0.994223
0.0
2.92235
0.0
0.0
0.0
0.0
0.0
0.0
0.0
0.0
0.0
0.0
1.80968
0.0
0.0
2.90168
0.280444
0.0
0.0
0.0
3.5246
0.0
0.0
0.0
0.0
0.0
0.0
0.0
0.0
0.374165
0.0
0.0
1.64496
0.0
0.0
0.0
0.0
0.0
0.0
0.00942221
1.36572
0.0
0.0
0.0
0.0
0.0
0.0
0.0
0.0
0.0
0.0440506
0.0
0.0
0.0
0.0
0.0
0.0
1.41706
0.0
0.0
0.0
0.342459
0.0
0.0
0.0
1.52116
1.47692
0.0
0.0
0.718248
1.63189
0.0
0.0
0.0
0.0
0.0
0.0
0.0
0.0
6.68598
0.0
0.0
0.0
0.0
0.0
0.0
3.69548
0.0
0.0
0.951425
1.43739
0.0
0.0
0.0669836
0.0
0.0
0.0
0.0
0.0
0.0
1.29147
0.0
0.0
0.0
0.0
0.0
0.0
0.0
0.0
0.866712
0.0
0.0
0.0
1.24886
0.0
0.0
0.0
0.0
0.0
0.0
0.0
0.0
0.0455508
0.921769
3.79303
0.0
0.0
0.0
0.0
0.0
0.0
0.0
2.53884
0.0
0.0
0.0
0.0
0.690802
1.9102
0.0
0.0
0.527669
0.182026
0.0
3.59702
0.568437
0.0
0.0
0.0
0.0
0.0
0.384461
0.0
0.254232
0.0
0.0
0.0
0.0
0.0
0.0
0.0
0.0
0.0
0.0
0.0
0.0
0.0
0.0
0.0
0.0
0.0
0.472854
0.0
2.0638
0.0
0.0
0.0
0.0
0.0
0.715984
0.0
0.0
0.0
0.0
0.0
0.0
0.0
0.0
0.0
0.0
0.0
0.0
0.0
0.0
0.0
3.47806
0.0
0.0
0.0
4.89599
0.0
0.0
0.818299
0.0
0.0
0.0
0.0
0.0
0.0
0.0
0.0
0.0
0.0
0.0
2.24566
0.0
0.0
0.0
1.12988
0.0
0.0
0.0
0.0
0.0
0.0
0.0
0.0
0.0
2.29364
1.09428
0.0
0.0
0.0
0.863785
1.32164
4.44743
0.0
0.0
0.0
0.0
0.0
0.0
0.0
0.0
0.0
0.0
0.18777
0.0
0.0
0.0
0.0
0.0
0.0
4.61639
0.0
0.0
0.0
1.76643
0.0
0.0
0.0
0.0
0.0
0.0
0.0
0.0
0.0
0.0
0.0
0.0
0.0
0.0
0.0
0.0
0.0
0.0
0.0
0.0
0.095906
0.0
0.0
0.0
0.0
0.0
0.0
0.0
1.07355
0.0
0.0
0.0
0.0
0.0
0.679228
0.0
0.0
0.0
0.0
0.0950224
0.0
0.0
0.0
0.0
0.0
0.0
0.0
0.0
0.0
0.0
0.0
0.0
0.0
0.0
0.0
0.0
0.0
0.0
0.0
1.83818
0.0
0.0
0.0
0.0
0.0
0.0
0.0
0.0
0.0
0.0
0.0
0.0
0.0
0.0
0.0
0.0
0.0
0.0366755
0.0
0.0
0.0
3.50513
0.0
0.0
0.0
0.0
0.0
0.957287
0.0
3.01667
4.9811
0.0
0.0
0.0670825
0.0
0.0
0.0
0.0
0.641275
0.0
1.17817
0.0
0.0
0.0
0.0
0.0
0.0
0.0
1.51022
0.0
0.0
0.0
0.0
0.0
0.0
0.0
0.0
0.0
0.0
0.0
0.0
0.0
0.0
0.699839
1.50202
0.0
0.0
0.559535
0.0
0.0
0.0
0.0
0.555593
0.0
0.0
0.401759
0.0
0.0
0.0
0.0
0.0
0.0
2.23732
0.0
0.0
0.0
0.0
2.67691
0.0
0.0
0.0
0.0
0.0
0.0
0.0
1.21727
0.0
0.0
0.0
0.0536308
0.0
0.0
0.593567
4.60054
0.0
0.0
0.0
0.0
0.0
0.43753
0.0
0.0
0.0
0.0
0.0
0.0
0.0
4.40985
0.0
0.0
0.0
0.0
0.0
0.0
0.0
0.0
0.0
0.0
0.0
0.0
3.69682
0.628007
1.1469
0.0
0.0
0.0
0.0
0.0
1.77957
0.0
0.0
0.0
0.0
0.0
0.0
2.44389
0.0
0.0
0.0
0.0
0.0
0.340319
0.0
0.0
0.0
0.0
0.0
2.18261
1.07554
0.0
0.0
0.0
0.0
0.0
0.0
0.0
2.98316
2.13818
0.0
0.0
3.28259
0.0
0.0
0.0
0.0
0.0
3.35647
1.65042
0.0
0.0
0.0
0.0
0.0
0.0
0.0
0.830516
0.0
0.0
0.111506
0.0
0.135707
0.0
0.0
0.0
0.0
2.84087
0.0
0.0
0.0
0.0
0.0
0.0
0.0
0.0
0.0
0.0
0.0
0.0
0.0
1.73687
0.0
0.0
0.0
0.0
0.0
0.0
0.822684
0.0
0.0
0.0
1.78983
0.0
0.0
0.0
0.0
0.0
1.25983
0.0
0.0
0.0
0.0
0.0
0.0
0.0
0.0
0.0
0.0
0.0
0.0
0.0
0.197098
0.0
0.0
0.0
0.0
0.0
0.0
0.0
0.0
0.0
0.0
0.0
0.0
0.0
6.34942
0.0
0.0
0.0
0.0
0.0
0.0
0.0
0.0
0.0
0.0
0.0
0.0
0.0
0.0
0.0
0.233742
0.0
0.0
0.0
0.0
0.0
0.0
1.85926
0.0
0.766527
1.58272
0.0
0.0
0.0
0.0
0.0
0.0
0.0
0.0
0.0
0.0
0.0
0.0
0.0
1.53186
3.53028
0.0
0.0
0.0
0.0
0.0
0.0
0.0
0.0
0.0
0.0
0.0
0.0
0.0
0.0
2.77498
0.0
0.325591
0.0
0.0
0.0
0.0
4.12743
0.0
0.0
0.0
0.0
0.982065
0.0
0.0
0.0
0.0
0.0
0.0
0.0
0.0
0.0
0.0
0.0
0.0
0.0
0.0
2.35741
0.0
0.0
0.0
0.0
0.0
0.0
0.0
0.0
3.15493
0.0
0.0
0.0
0.0
0.0
0.0
0.0
0.0
0.0
0.0
0.0
0.951995
0.0
0.0
0.0
3.56549
0.0
0.0
0.621616
0.0
0.0
0.0
0.0
0.0
0.0
2.00319
0.0
0.0
0.0
0.0
0.0
0.0
0.47809
0.0
0.0
0.0
0.0
0.0
0.46255
0.0
0.0
0.0
0.0
0.0
3.38813
0.0
0.0
3.10791
1.56958
0.0
0.0
0.0
0.0
0.0
0.0
0.0
1.86721
0.0
0.0
0.0
1.72628
0.0
0.0
0.313689
0.0
0.0
4.62929
0.0
0.0
0.0
0.0
0.0
0.0
0.0
0.0
0.0
0.0
0.0
0.0
0.0
0.0
0.0
0.0
4.25762
0.0
0.0
2.50639
0.0
0.165513
0.0
3.69043
0.0
0.0
0.0
0.0
0.0
0.0
0.0
0.0
0.0
0.0
0.0
0.0
2.01059
0.0
0.0
0.0
0.0
0.0
0.388823
0.0
0.0
1.36977
0.0
1.67472
0.350729
0.0
0.0
0.0
0.0
0.0
0.0
0.0
0.0
0.0
0.0
0.0
0.0
0.0
1.18429
0.0
4.93821
0.441011
0.0
0.0
1.82975
0.0
0.0
0.0
0.0
0.0
0.0
0.0
0.0
0.0
0.0
0.0
0.143057
2.69563
0.0
0.0
0.208177
0.0
0.0
3.58088
0.0
0.0
0.0
0.0
0.0
0.0
0.0
0.0
0.0
0.0
0.0
2.90965
0.0
3.81304
0.0
0.0
0.0
0.0
0.0
0.0
0.0
0.0
0.601978
5.52251
0.0
0.0
2.57942
0.0
1.74809
0.0
0.0
0.0
0.0
0.0
0.0
0.0
0.0
0.0
0.0
0.0
4.58804
0.0
0.0
0.0
0.0
0.0
0.0
0.0
0.0
0.0
0.351805
0.0
0.0
0.0
0.0
0.0
0.0
0.0
0.0
0.0
0.0
0.0
1.0576
0.0
0.0
0.0
0.0
0.0
0.0
0.0
0.0
0.0
0.0
0.0
0.0
3.08219
0.0
0.0
0.293776
0.0
0.0
0.94867
0.0
1.24111
0.0
0.0
0.0
0.386845
0.0
1.4242
0.0
1.72981
0.0
0.0
0.0
0.0
0.0
0.0
0.0
2.2538
0.0
0.0
0.0
0.0
0.0
0.0
0.0
0.0
0.0
0.0
0.0
0.159984
0.0
0.0
2.47145
0.0
0.0
2.15988
0.0
0.0
0.0
0.0
0.0
0.0
0.0
0.0
0.0
0.0
0.0
0.0
0.0
0.0
0.0
0.0
0.0
0.0
0.0
0.961836
0.0
0.0
0.0
0.0
0.0
0.0
0.0
0.0
1.4943
1.46822
0.0
2.66213
0.0
0.0
0.262338
0.0
0.0
0.0
0.0
0.0
0.0
0.0
0.0308214
0.0
0.483674
0.0
0.0
0.0
1.94348
1.41759
0.0
0.0
0.0
0.0
0.0
0.0
0.0
2.74496
0.0
0.0
0.0
0.0
0.0
0.0
0.0
0.0
0.0
0.0
0.0
0.268886
0.0
0.0
0.0
0.0
0.0
0.0
0.0
2.39392
0.0
2.72125
1.9989
1.76717
2.82366
0.0
0.0
0.0
0.0
0.0
2.59677
0.0
2.61882
0.0
0.0
0.0
0.0
2.58652
0.0
0.0
0.0
0.0
0.0
0.0
0.0
0.0
0.0
0.0
0.390278
1.79347
0.0
0.0
0.0
5.17729
0.0
0.0
0.0
0.0
0.0
0.0
0.0
0.0
0.0
0.0
0.0
0.0
0.0
0.0
0.0
0.0
0.0
0.0
0.0
0.0
2.07421
0.0
0.0
0.0
0.0
0.0
0.0
0.0
0.0
0.663687
0.0
2.44465
0.0
0.0
0.0
0.0
0.0
0.0
0.0
0.0
0.0
0.0
0.0
0.0
0.0
3.51282
0.0
0.0
2.34989
1.13267
0.0
2.24895
0.0
0.0
0.0
0.0
5.82588
0.0
0.0
0.0
0.0
0.0
0.0
0.0
0.227725
0.0
4.51259
0.0
0.0
5.42353
0.437248
0.0
0.0
2.76248
6.7017
0.0
2.00269
0.0
0.0
0.0
0.0
0.946885
0.0
0.0
0.0
0.0
0.0
0.0
0.0
0.0
0.0
0.0
0.0
0.0
0.0
0.0
1.92611
0.0
0.0
0.549744
0.0
0.0
0.0
0.0
0.336807
0.0
0.0
0.0
0.0
0.0
0.0
0.0
0.0
0.0
0.0
0.0
0.0
0.0
1.71935
0.0
0.0
7.39961
0.0
0.0
0.0
0.951423
0.0
3.61457
0.0
0.0
0.0
0.0
0.0
0.0
0.937485
0.0
0.0
1.27781
0.0
0.0
0.0
0.0
0.0
0.0
0.0
0.0
1.21904
0.665024
0.0
0.0
0.0
0.0
0.0
0.0
0.0
1.91316
0.0
0.0
0.708904
0.0
0.0
0.0
1.53798
0.0
0.0
0.0
0.0
1.03575
0.0
0.0
0.0
0.0
0.0
0.0
0.0
0.0
0.0
0.0
0.809823
0.0
0.0
1.5414
0.0
0.0
0.0
0.0
0.0
0.0
0.0
0.0
0.0
2.5564
0.0
3.31066
0.0
0.0
3.79581
0.0
0.0
0.0
1.4663
0.0
0.0
0.0
0.643616
0.0
0.0
0.0
3.70106
0.0
0.0
0.152296
0.0
0.0
0.0
0.0
0.0
0.0
0.0
0.0
0.0
0.0
0.0
0.0
0.0
0.0
0.672604
0.0
0.0
0.0
0.0
0.0
0.0
0.0
0.0
0.0
1.29545
0.0
0.0
0.0
1.17885
0.0
0.0
0.0
0.0
0.0
1.92512
0.0
1.05957
1.72686
0.0
0.0
0.0
0.0
0.0
0.0
0.0
0.0
0.0
0.0
0.872442
0.0
0.0
0.0555469
0.0
0.0
1.0897
0.0
0.0
0.0
0.0
2.00819
0.117868
0.095576
0.0
0.0
0.0
0.12919
0.0
0.0
0.0
0.705724
0.0
0.0
0.0
0.0
0.0
1.42771
0.356355
0.0
0.0
0.0
0.0
0.470764
0.0
0.0
0.0
0.0
2.09441
0.0
0.0
0.0
0.0
0.0
2.94209
1.82226
0.0
4.43996
0.0
2.15843
2.97037
0.0
0.0
0.0
0.0
0.0
0.0
0.0
0.0
0.552009
0.0
0.152018
0.0
2.16018
0.0
0.0
0.0
0.0
0.0
0.0
0.714019
0.0545725
0.0
0.0
0.0
0.0
1.24675
0.0
0.0
0.0
0.0
0.0
0.0
0.0
0.0
0.0
0.0
0.0
0.0
0.0
0.0
3.34583
0.0
1.51036
0.0
0.0
0.0
0.0
0.0
0.0
0.0
0.0
0.0
0.0
0.0
0.0
0.684838
0.0
2.06312
0.0
0.0632135
0.0
0.60953
0.0
0.0
0.0
0.0
1.06172
0.0
0.0
0.0
0.0
0.0
0.0
0.0
0.0
0.0
0.0
0.0
0.0
1.17439
0.0
0.0
0.0
0.0
0.0
2.52592
0.0
0.0
0.0
0.0
0.0
0.0
0.0
0.0
0.0
0.0
2.88933
0.867091
0.0
0.0
0.0
0.0
0.0
0.0
0.0
0.0
0.0
2.02529
0.0
0.0
0.0
0.0
1.67041
0.0
0.0
0.0
0.0
0.0
0.0
0.0
0.0
4.02667
0.0
2.13778
0.0
0.0
0.0
0.0
0.0
0.0
0.0
0.0
0.0
0.325227
5.04843
0.0
0.627251
0.0
0.0
0.0
0.0
0.0
0.0
0.0
2.06692
0.29878
0.0
0.0
0.0
0.0
0.0
0.0512141
0.0
0.0
0.476092
0.0
0.0
0.0
0.0
0.0
0.40985
0.307313
0.0
0.0
0.0
0.0
0.0
0.0
0.0
0.0
0.0
0.0
0.0
0.0
0.0
0.0
0.0
0.0
0.0
0.0
0.0
0.0
0.0
0.0
0.0
1.36573
0.0
0.0
0.0
0.0
0.0410985
0.0
0.0
0.0
0.0
0.0
0.0
0.0
0.0
0.0
0.0
0.0
0.0
0.0
0.0
0.0
0.0
0.0
0.0
0.0
0.0
3.42189
0.0
0.0
0.0
0.0
0.0
0.609595
0.0
0.0
0.0
0.0
0.0
0.0
0.0
0.0
0.0955556
0.0
0.955945
2.21579
0.0
0.0
0.0
0.0
0.0
0.312677
4.84437
0.0
0.0
0.0
0.130663
0.0
0.0
0.0
0.0
0.0
0.0
0.0
0.0
0.0
0.557925
0.0
0.0
0.0
0.0
0.0
0.0
0.0
0.0
4.02212
1.84658
0.0721682
2.52768
0.0
4.10192
0.0
0.0
0.0
0.0
3.52665
0.0
0.0
0.0
0.0
0.0
0.0145685
0.0
0.0
0.0
0.0
0.0
0.0
1.33139
0.0
0.0
0.0
0.0
0.0
0.0
2.45323
0.0
0.0
0.0
0.0
0.0
0.0
0.0
0.191204
0.0
0.0
0.0
0.0
4.45216
0.0
0.0
0.0
0.0
0.0
0.0
0.0
0.0
0.0
0.0
0.0
0.0
0.0
0.0
0.880904
0.0
0.0
1.18491
0.0
0.0
0.0
0.0
0.0
2.99349
0.0
0.0
0.0
0.0
0.0
0.380174
0.0
0.0
0.0
0.0
0.0
0.0
0.0
0.0
0.0
0.0
0.0
0.0
0.0
0.0
0.0
0.0
0.0
0.692948
1.64709
0.0
0.0
0.0
0.0
2.72028
1.53874
2.14787
0.0
0.0
0.0
0.0
0.0
0.0
1.89244
0.0
0.0
0.0
3.4776
0.532242
0.633099
0.0
1.59115
0.0
0.0
0.0
0.0
0.0
0.0
0.0
0.0
0.0
0.0
0.0
0.0
0.0
0.222444
0.0
0.0
0.0
0.0
0.0
0.0
0.0
0.0
0.0
0.0
0.0
0.0
0.0
0.0
0.0
0.0
0.0
0.56949
0.0
0.0
0.0
0.363496
0.0
0.0
0.0
0.0
0.0
0.0
0.0
2.17885
2.22199
0.0
0.0
2.62263
0.0
0.0
0.0
0.0
0.0
0.0
0.0
0.0
0.0
0.109338
0.0
0.0
0.0
0.0
2.84759
0.0
0.0
0.0
1.17003
0.0
0.572403
0.0
0.0
0.0
0.0
0.0
0.0
1.87396
0.0
0.0
0.0
0.0
0.0
2.01828
0.0
0.0
0.0
0.0
0.0
0.0
0.0
0.0
1.60877
0.0
0.0
2.92412
0.0
0.0
0.0
0.0
0.0
0.482991
0.0
1.77129
0.0
0.0
0.14236
2.04066
0.0
0.0
0.0
0.0
0.434741
0.0829348
4.55424
0.0
0.0
0.0
0.0
0.0
0.0
0.0
0.43062
0.0
0.0
0.0
0.0
0.0
0.0
0.0
0.0
0.0
0.0
0.0
0.0
0.0
2.15645
0.0
0.0
0.0
0.0
1.82109
0.0
0.0
0.0
0.0
0.609218
0.0
0.0
0.0
0.87118
0.0
0.0
0.0
0.0
1.52119
0.0
0.0
0.0
0.296509
0.0
0.0
0.0
0.0
0.0
0.0
0.0
0.0
0.0
0.0
0.0
0.0
0.0
0.0
0.0
0.0
0.0
0.0
0.0
0.0
0.0
0.0
0.0
0.0
0.0
0.0
0.0
0.0
1.20982
0.0
0.0
0.0
0.0
3.71729
0.444472
0.993324
0.0
0.0
0.0
0.0
0.0
0.336257
0.0
0.0
0.0
0.0
0.0
0.0
1.1752
0.0
0.0
1.04003
0.0
0.613173
4.79268
0.718844
1.44986
0.0
0.0
5.06059
2.90305
0.0
0.0
0.0
0.0
0.0
2.84428
0.0
0.0
0.537945
2.38731
1.40711
0.0
0.0
0.253188
0.0
0.0
0.0
0.0
0.0
0.0
0.0
1.46311
0.0
0.0
0.0
0.0
0.0
0.857016
0.0
3.52223
3.75343
0.344462
0.771692
0.0
0.0
0.0
0.0
0.0
0.0
0.0
0.0
0.0
1.50911
0.0
0.0
0.0
0.0
0.671137
0.0
0.0
0.0
0.0
0.0
0.0
1.24647
0.0
0.0
0.0
0.0
0.0
0.0
0.0
0.0
0.0
0.0
0.0
0.645192
0.0
0.0
0.0
0.0
4.10905
0.0
0.0
0.0
0.0
0.0
0.0
0.0
2.44023
0.0
0.0
0.0
0.0
0.0
0.0
5.0892
0.0
0.0
0.0
0.0
0.0
3.7128
0.0
0.0
0.0
0.0
0.0
0.0
0.0
0.0
1.75853
0.0
0.0
0.0
0.0
0.0
0.0
0.0
0.332063
0.0
0.0
0.0
0.0
0.0
0.0
0.0
1.0087
0.0
0.0
0.0
0.0
0.0
0.0
0.0
0.0
1.84007
2.91529
0.0
0.155844
0.195039
0.0
0.0
0.0
7.46777
0.0
0.469228
0.0
0.0
0.0
0.0
0.0
0.0
0.0
1.4433
0.0
0.0
0.0
0.0
1.64425
0.0
0.0
0.0
0.0
0.590019
0.0
0.0
0.0
0.263097
0.0
0.0
4.86603
0.0
0.0
0.0
0.0
1.99165
0.0
0.0
2.46365
0.0
0.0
0.0
0.0
0.0
0.0
0.0
0.0
0.0
0.0
0.0
0.0
0.486092
0.0
0.0
0.298125
0.0
0.0
1.52417
0.0
0.0
0.0
0.0
0.0
2.15481
0.0
0.0
0.0
1.92663
0.0
0.0
0.0
0.0
0.0
0.0
0.0
0.0
0.0
0.0
2.93458
0.0
0.0
0.0
0.0
3.4414
0.0
0.0
0.0
0.0
0.0
0.0
0.0
0.0
0.0
0.0
0.0
0.0
0.0
0.0
0.590554
0.0
1.2921
0.0
0.0
0.0
0.486319
0.0
0.0
0.0
0.0
0.0
0.0
0.0
1.55888
0.0
0.0
0.0
0.0
0.0
1.17421
0.0
0.0
0.0
0.0
0.0
3.11071
3.88255
0.0
0.0
0.0
0.0
0.0
0.0
0.0
0.0
0.0
0.0
0.0
1.84336
0.0
4.27606
0.0
0.0
0.0
0.0
0.0
0.0
0.0
0.0
0.0
0.0
0.0
0.0
0.0
0.0
0.0
0.0
0.0
0.0
0.0
0.0
5.62116
0.0
0.0
5.25979
0.0
0.0
0.0
0.0
0.0
0.0
0.0
0.0
0.760219
0.0
0.0
0.0
1.75138
0.0
0.0
0.0
0.0
0.0
0.734822
0.0
0.0
0.521803
0.0
1.25358
0.0
0.0
0.0
0.0
2.01058
1.2747
0.0
2.16542
0.0
0.0
0.0
0.0
0.0
0.0
2.48033
0.0
3.9958
0.0576372
0.0
0.0
1.5635
0.0
0.0
0.451832
0.0
1.02657
0.0
0.0
0.0
0.0
0.8148
0.0
0.0
0.0
0.0
0.0
0.0
0.0
0.0
2.23448
0.0
1.0297
0.0
0.0
0.0
3.8765
0.0
0.0
0.0
0.0
0.0
0.0
0.0
0.0
0.0
0.0
0.0
0.0
0.0
0.0
0.0
0.0
0.0
0.0
4.30828
0.0
0.0
0.0
0.495714
2.53475
0.0
0.0
0.0
3.17462
0.0
0.94581
3.90297
0.0
0.0
0.0
0.0
0.0
0.0
0.0
0.280826
0.0
1.06749
0.0
0.0
0.0
3.23574
0.0
0.0
0.0
0.0
0.0
0.0
0.0
0.71594
1.11891
0.620989
2.68962
0.0
1.85448
0.0
0.0
0.0
0.0
0.0
1.6893
0.0
0.0
0.0
0.0
0.0
0.0
0.278444
0.0
0.0
0.0
0.0
4.08194
0.0
0.0
0.0
0.0
0.0
1.86404
0.0674368
0.0
0.0
0.0
0.0
0.0
0.0
0.0
0.0
0.0
0.0
1.65133
0.0
0.0
0.0
0.0
0.0
0.0
0.0
0.0
1.65152
0.0
0.0
0.0
0.0
0.0
0.0
0.0
0.0
0.0
0.0
0.0
0.0
0.0
0.0
0.0
0.0
0.0
0.0
0.0
0.0
0.0
0.0
0.0
0.0
0.0
0.0
0.0
0.0
0.558268
0.0
0.0
0.0
0.0
0.0
0.0
0.0
0.0
0.0
1.77656
0.0
1.89925
0.0
0.0
0.0
0.0
0.0
0.0
0.0
0.0
0.0
0.0
0.0
0.0
0.0
0.0
0.0
0.0
0.0
0.0
2.8423
0.0
3.33652
0.0
0.0
0.0
0.442845
0.0
0.0
0.0
0.0
0.0
0.0
0.767528
1.54888
0.0
3.14076
0.0
2.46331
0.0
0.0
0.0
0.0
0.0
0.0
0.0
0.724544
0.0
0.0
0.0
0.0
0.0
0.0986552
0.0
0.0
0.0
0.0
0.0
0.0
0.0
0.0
0.0
0.0
0.0
0.0
0.0
2.4924
0.539203
0.0
0.0
0.0
0.0
0.429117
0.0
0.0
0.0
0.0
0.0
0.0
0.0
0.0
0.672978
0.0
0.0
0.0
0.0
0.0
0.0
0.0
0.0
0.0
0.0
0.0
0.0
0.0
0.0
0.0
0.0
0.0
0.0
0.0
0.0
0.0
0.0
0.0
0.0
0.0
0.0
0.0
0.0
0.0
0.0
0.0
0.0
1.59842
0.451885
0.0
0.0
0.0
0.0
0.0
0.0
0.0
0.0
1.44555
0.0
1.85613
0.0
0.0
0.323109
0.0
0.0
0.0
0.0
0.0
0.0
1.66549
0.0
0.0
0.0
0.0
0.0
0.0
0.0
0.0
0.0
0.0
0.0
2.70568
0.0
0.0
0.0
0.0
0.0
0.0
0.391877
0.0
2.74844
0.11958
0.60939
0.0
1.42491
0.0
0.0
0.0
0.0
0.460103
0.0
0.0
0.0
0.0
0.0
0.840736
0.0
0.0
0.211256
0.0
1.10075
0.0
0.0
0.0
0.0
0.884191
0.0
0.0
0.0
0.0
0.0
0.0
0.0
0.0
1.96617
5.27972
0.0
0.0
0.0
4.06747
0.0
0.0
0.0
0.640038
0.0
0.0
3.84245
0.0
0.0
0.0
0.0
0.0
0.0
0.0
0.0
0.0
0.0
0.0
0.0
1.53417
0.00828642
0.0
0.0
0.0
0.0
1.73943
0.0
0.0
0.0
0.0
0.0
0.0
0.0
0.0
2.4947
0.0
0.0
0.0
0.0
0.0
2.09661
0.0
1.29157
0.0
1.60817
0.0
0.0
0.0
0.0
3.329
0.0
0.0
0.0
2.58633
1.37072
0.0
0.0
0.0
0.0
0.0
0.0
0.0
0.0
0.0
0.0
0.0
0.0
0.0
0.0
0.0
0.0
3.22328
0.201399
0.0
0.0
1.50869
0.515411
0.0
1.47978
0.0
0.0
0.0384122
0.0
0.0
0.0
0.0
0.0
0.0
0.0
0.0
0.0
0.972696
0.0
0.0
0.0
0.0
0.0
0.0
0.0
0.0
0.0
0.0
0.0
0.0
0.0
0.0
0.0
0.0
0.0
0.0
0.0
0.0
0.0
0.0
1.73874
0.0
0.0
0.0
0.0
0.0
0.0354855
0.0
3.11103
0.0
0.0
0.0
0.0
0.0
0.0
0.0
0.0
0.0
0.618767
0.0372976
0.432124
4.77522
0.0
0.0
0.017223
0.0
0.0
3.56631
0.0
0.0
0.0
0.0
0.0
0.0
0.0
0.812652
0.856997
0.0
0.0
0.0
0.0
0.0
4.21627
0.0
0.0
0.0
0.0
0.0
1.66728
5.9987
0.0
0.0
2.23488
0.0
0.613381
0.0
3.71617
0.0
0.0
0.0
0.0
0.0
0.0
0.0
0.0
0.0
2.17692
0.0
0.0
0.0
0.0
0.0
0.0
0.0
0.0
0.0
0.0
0.0
0.0
0.0
0.0
0.565886
0.0
0.0
0.0
0.0
0.0
0.0526324
0.0
0.0
0.0
0.0
0.0
0.0
0.0
0.0
1.735
0.0
0.0
0.0
3.2094
1.11287
0.0
0.0
0.0
0.0
0.0
0.0
2.26323
0.0
1.11589
0.0
0.0
0.0
0.0
0.0
0.0
0.840806
0.0
2.38144
0.0
0.0
0.0
0.0
0.0
1.70272
0.0
0.0
0.0
0.192873
0.0
0.0
0.0
0.0
0.0
0.0
0.0
0.0
0.0
0.0
0.0
0.0
0.0
0.0
0.0
0.0
0.0
0.0
0.0
0.472877
0.0
0.0
0.0
0.0
0.0
0.0
0.0
0.0
1.54731
0.0
4.57669
0.0
2.09145
0.0
0.0
0.0
0.0
0.0
0.0
0.0
0.0
0.0
0.0
0.0
0.0
0.0
0.0
4.62701
0.0
0.0
0.0
0.0
0.0
0.0
0.201038
0.0
1.91715
2.72112
0.0
0.0
0.0
0.0
0.0
0.0
1.36249
0.0
0.0
0.0
0.707231
0.0
0.0
0.0
0.0
0.0
0.0
0.0
0.0
0.0
0.0
0.0
0.0
0.0
0.0
0.0
0.0
0.0
0.0
0.0
0.0
0.0
0.0
0.0
0.0
0.0
0.0
1.11224
0.0
0.0
0.0
0.0
0.0
0.0
0.0
0.0
0.0
0.0
0.0
1.9095
0.0
1.5689
0.373863
0.0
0.0
0.0
0.0
0.0
0.0
0.0
0.0
0.0
0.0
1.26958
2.36501
0.0
0.0
1.56436
0.0
0.0
0.0
0.6369
0.0
1.2031
1.24139
0.0
0.0
0.0
0.786887
0.0
0.0
0.0
0.0
0.0
0.0
0.0
0.0
0.0
0.0
0.0
0.0
0.0
4.86489
0.0
0.0
2.21502
0.0
0.0
0.0
0.0
2.76878
0.0
0.0
0.0
0.0
0.0
0.0
0.0
0.0
0.0
0.0
0.0
0.493031
0.0
0.0
0.0
0.0
1.18879
0.76542
0.0
1.18881
0.0
0.917349
0.0
0.0
0.0
0.0
0.721489
0.0
0.0
2.7083
0.0
0.0
0.0
0.0
0.0
0.0
0.0
0.24345
0.0
0.0
0.0
0.0
0.0
0.0
0.0
0.0
0.0
0.0
0.0
0.0
0.0
0.0
0.0
0.0
0.0
0.0
0.0
0.0
0.0
2.96062
0.0
0.537537
0.0
0.0
0.0
0.0
0.0
0.0
0.0
0.0
0.0
1.00289
0.0
0.0
0.0
0.0
0.0
0.0
0.0
0.0
0.0
0.354302
0.0
0.0
0.0
0.0
0.0
0.0
0.0
0.0
0.0
0.0
0.0
2.83797
0.0
0.0
3.31187
0.0
0.0
0.0
0.0
0.0
0.0
0.0
0.0
1.51649
0.0
0.0
0.0
0.0
0.0
0.0
0.0
0.0
0.0
0.0
0.0
1.08621
0.0
1.27346
0.0
0.0
0.410248
0.0
0.0
0.0
0.0
0.151535
0.0
0.327417
0.0
0.0
0.0
0.0
0.0
0.0
0.0
0.0
0.0
0.0
0.0
1.56702
0.955546
0.0
0.0
0.0
0.0
0.0
0.0
0.500344
0.0
0.0
0.0
0.0
1.19879
0.0
0.0
0.0
0.0
0.0
0.0
3.57397
0.0
0.0
0.748282
0.0
0.0
0.0
0.0
0.0
0.0
0.0
0.0
0.518953
2.26078
0.0
0.0
1.59869
0.0
0.0
0.0
3.03904
0.0
0.0
0.0
0.0
0.0
0.0
0.0
0.0
0.0
1.37302
0.0
0.0
0.0
0.328617
0.0
1.84099
0.0
0.0
0.0
0.0
0.0
0.0
2.57414
0.0
0.0
0.0
0.0
0.0
1.79388
1.46144
0.667886
0.0
0.0
0.0
0.0
0.0
0.0
0.0
0.0
0.0
0.49957
0.0
2.03412
0.0
0.502532
0.0
0.0
0.338786
0.0
0.0
0.0
0.0
1.18034
0.0
0.0
1.0889
0.0
0.0
0.0
0.0
1.20232
0.0
1.58711
0.0
0.0
0.0
0.0
0.0
1.15865
0.0
0.0
0.0
0.0
0.0
0.0
0.0
0.0
0.0
0.0
0.0
0.0
0.0
1.2463
0.0
0.0
0.0
0.0
0.0
0.0
2.32699
0.0
0.0
0.0
0.0
0.0
0.0
2.01587
0.0
1.00804
0.0
0.0
0.0
0.0
2.29599
0.0
6.86078
0.0
0.0
0.0
0.0
0.0
0.0
0.0
0.0
0.0
0.0
0.0
0.0
0.0
0.0
0.999651
0.0
0.0
0.0
0.0
0.965306
0.0
0.0
0.0
0.0
0.085487
0.0
0.0
0.0
0.0
0.0
0.0
0.0
0.0
0.0
0.0
0.0
0.0
0.0
0.0
0.0
0.0
0.0
0.572766
0.0
0.0
0.0
0.0
3.50754
0.0
0.0
0.0
0.0
2.07696
0.0
0.0
0.0
0.0
0.0607225
0.0
0.0
0.0
0.0
0.0
0.0
0.0
0.0
0.0
0.0
0.0
0.0
0.0
0.0
0.0
0.0
2.66556
0.0
0.0
0.0
0.0
0.0
0.0
0.0
0.0
0.0
0.0
0.0
0.0277532
0.0
0.0
0.0
0.0
0.0
0.0
0.0
0.0
0.0
0.0
0.0
0.0
0.0
0.0
0.184474
0.0
0.0
0.0
0.425054
0.0
3.68753
0.0
0.0
0.0
0.0
0.0
0.0
0.0
0.0
0.0
0.0
0.0
0.662609
0.0444551
0.0
0.0
0.0
0.0
2.14581
0.0
0.0
5.74069
0.0
2.06118
0.0
0.0
0.0
0.0
0.573903
0.0
0.0
0.0
0.0
0.0
0.0
0.0
0.0
0.0
0.0
0.0
0.0
3.96221
0.0
0.0
0.0
0.0
2.57838
0.0
0.0
0.0
0.0
0.0
0.0
0.382248
0.0
0.0
0.0
0.0
1.5563
0.0
0.0
0.459139
0.0
0.0
0.0
0.0
0.0
0.0
0.0
0.0
0.0
0.0
0.0
0.0
0.0
0.0
0.0
0.0
1.31788
0.0
0.0
0.0
0.0
5.00676
1.05049
0.0
0.0
0.0
0.0
0.0
0.0
0.0
0.0
0.884664
0.0
0.0
0.0
0.0
0.0
0.0
0.0
0.0
0.0
0.0
0.0
5.36771
0.0
0.0
0.0
0.0
0.925428
0.0
0.0
0.0
2.66523
0.0
0.0
0.0
1.56688
0.0
0.0
1.71344
0.0
0.0
0.0
0.0
0.775206
0.0
0.0
0.0
0.0
0.0
0.301938
0.0
0.0
0.0
0.0
0.394302
0.0
0.0
0.0
0.0
0.0
0.0
0.0
0.0
0.0
0.0
0.0
0.0
0.0
2.53731
0.0
0.0
0.0
0.0
0.0
0.0
0.0
0.0
4.07622
0.644452
0.173893
0.0
0.0
0.0
0.00570199
0.0
0.0
0.0
0.0
0.0
0.885192
0.0
0.0
0.0
0.251449
0.0
0.0
0.332199
0.62617
0.0
0.0
0.0
0.0
0.0
0.0
0.0
0.0
3.88319
4.28146
0.0
0.0
0.0
0.0
1.16794
0.0
0.0
0.0
0.252563
0.0
0.527455
0.0
0.0
0.0
0.0
0.0
0.98681
0.0
1.92022
0.0
0.0
2.62932
0.0
0.0
0.0
0.0
0.73386
0.0
0.0
0.0
0.0
0.0
0.0
0.0
1.24695
0.0
0.402231
0.0
0.0
0.0
0.0997216
0.0
3.02696
0.0
0.0
0.0
0.0
1.80279
0.0
0.187945
0.0
0.0
4.37526
1.49236
0.0
0.0
0.0
1.99998
0.0
0.0
0.0
0.0
3.45402
0.0
0.0
2.18629
0.0
0.0
0.0
0.0
0.549816
0.0
0.0
0.0
0.0
0.0
0.983108
0.12921
0.0
0.0
0.0
0.0
0.0
0.0
0.336066
0.0
0.0
0.0
0.0
0.0
0.0
0.0
0.0
0.0
0.0
0.245862
0.0
0.0
0.0
0.0
0.0
0.0
0.0
0.0
0.879555
0.0
0.0
0.0
0.0
0.0
0.0
1.56812
1.57671
0.0
2.58482
0.0
1.92
0.0
0.628384
0.0
0.0
0.0614173
0.0
3.09441
0.0
0.814205
0.0
0.0
0.0
0.233353
0.0
0.0
0.0
0.0
0.0
0.0
0.348472
0.0
0.0
0.0
0.0
0.0
0.0
0.0
0.89496
0.0
0.0
0.0
1.76906
0.0
0.0
0.0
0.0
0.0
0.0
0.0
0.0
0.0
0.0
0.0
0.0
0.0
0.0
0.0
0.0
0.0
0.0
0.0
0.0
1.98019
0.0
2.73998
0.0
0.0
0.0
0.0
3.56841
0.0
0.586556
0.0
0.0
0.0
0.0
2.73777
0.247319
1.50697
0.0
0.0
0.0
0.0
0.0
0.0
0.0
0.0
0.0
0.0
0.0
0.0
0.407167
0.764939
0.0
0.0
0.0
0.0
0.0
0.0
0.0
0.0
0.0
1.39749
0.0
0.0
0.0
0.0
0.0
0.0
3.5043
0.0
2.72334
1.09088
0.0
6.31232
0.0
0.0
0.0
1.14453
0.0
0.0
0.0
0.0
3.52442
0.447053
0.339829
0.0
0.0
1.18656
0.0
0.0
0.0
0.0
0.0
2.8394
0.0
0.0
1.48464
0.0
0.0
0.633129
0.0
0.0
0.0
0.0
0.0
0.0
2.61088
0.0
0.0
0.0
0.0
2.10361
0.0
3.0585
0.0
0.0
0.0
0.0
0.0
0.210016
0.0
0.0
1.43636
0.0
0.0
0.0
0.0
1.09585
0.531389
0.0
0.0
0.0
5.5647
0.0
0.0
0.0
0.0
0.0
0.0
0.0
0.0
0.0
0.0
0.0
0.0
2.53812
0.0
0.0
0.0
0.0
0.0
0.0
0.0
0.0
0.0
0.0
0.0
0.0
0.0
0.0
0.0
0.282217
0.0
0.0
0.0
0.868194
0.0
0.0
0.0
3.01455
0.0
0.0
1.06255
0.0
0.0
0.0
0.0
2.94313
0.489253
0.0
0.723305
0.0
0.0
0.0
0.0
0.0
0.0
0.0
0.0
0.0
2.16264
0.0
0.0
1.64052
0.0
0.0
0.0
0.0
0.0
2.52692
0.0
0.0
0.0
0.0
1.37646
0.0
0.198997
0.0
0.0
0.0
0.0
0.0
0.0
0.0
0.0
0.0
0.0
0.0
0.0
0.0
0.0
0.0
0.0
0.0780331
1.63091
0.0
0.0
0.0
0.0
0.469039
0.0
3.78747
0.0
0.0
0.0
0.0
0.0
0.0
0.377781
0.0
0.0
0.803064
0.0
0.0
0.0
0.0
0.0
0.0
0.0
0.0
0.565555
0.0
0.0
