0.0
0.0
0.771134
0.0
2.71672
0.0
0.0
0.0
0.0
0.0
0.0
0.0
0.0
1.41851
0.0
0.0
0.0
0.0
0.0
0.0
0.0
0.0419708
0.0
0.0
0.0
0.0
0.0
0.0
0.0
0.0
0.0
0.0
0.0
8.9307
0.0
0.0
0.0
0.0
0.0
0.0
0.0
0.0
3.08913
0.0
0.0
0.400315
0.0
0.0
0.0
1.89409
0.0
0.0
0.0
0.0
0.0
0.0
0.0
0.0
0.0
0.0
0.0
0.0
0.0
4.01782
0.0
0.0
0.0
0.0
0.0
0.0
0.0
0.0
0.0
0.0
0.0
0.0
0.0
1.60643
0.471081
0.0
3.56323
0.0
0.0
0.0
0.0
0.0
0.0
0.0
0.0
0.0
0.0
0.0
0.0
0.0
0.0
0.0
0.0
0.0
3.82844
0.0
0.0
0.0
0.0
0.0
0.0
0.0
0.0
0.0
0.0
0.0
0.0
0.0
0.0
1.37397
0.0
0.0
0.0
0.0
5.51156
0.0
0.0
0.0
0.0
0.0
0.0
0.0
0.0
7.24951
0.0
0.0
0.0
0.0
0.0
0.0
0.0
0.0
1.75266
0.0
0.0
0.0
0.0
1.77398
0.0
0.0
0.0
0.0
0.0
0.0
0.0
0.0
0.0
0.0
0.0
0.0
0.0
0.0
0.0
0.0
0.0
0.0
1.05571
0.0
0.0
0.0
0.0
0.0
0.0
0.0
0.0
1.03554
0.0
0.0
0.708814
0.0
0.0
0.0
2.24387
0.0
0.0
0.0
0.528942
0.0
0.0
0.0
0.0
1.92363
0.0
0.0
0.0
0.0
0.0
0.0
0.215041
0.0
0.0
0.0
0.0
0.0
0.0
1.02443
0.0
0.651599
0.0
0.452202
0.0
0.0
0.0
0.0
0.0
0.0
0.0
0.0
0.0
0.0
0.0
1.65981
0.0
0.0
0.0
0.0
0.0
2.45383
0.0
0.0
0.533024
0.0
0.662657
0.0
0.0
0.880008
0.0
0.0
0.0
0.0
0.0
0.0
0.0
0.0
0.0
0.0
0.0
0.0
0.0
0.0
0.0
0.578306
0.0
0.0
0.0
0.0
0.0415391
0.0
0.0
0.0
0.0
0.0
0.0
1.84219
0.0
0.0
0.0
0.0
2.26889
0.0
0.0
0.0
0.0
0.0
0.0
2.86479
0.0
3.24333
0.0
0.0
0.0
0.0
0.0
0.0
0.0
0.0
0.0
2.47364
5.95221
4.84686
0.0
0.0
0.0
0.0
0.0
0.0
0.0
0.0
0.0
0.0
1.34183
0.0
0.0
0.0
0.0
0.0
0.0
4.98398
1.61417
0.0
0.0
0.67292
0.0
0.0
1.0323
0.0
0.0
0.0
0.0
0.0
0.0
0.0
0.0
0.0
0.0
0.0
0.0
0.0
0.0
0.0
0.0
0.0
0.0
0.0
0.0
0.0
0.0
0.0
0.0
0.0
0.0
0.0
0.0
0.0
0.0
0.0
0.0
0.0
0.0
0.0
0.0
0.347741
0.0
0.0
0.221218
0.0
0.0
0.0
0.0
0.0
0.0
0.0
0.0
0.0
0.0
1.78242
0.0
0.0
0.0
0.0
0.0
0.0
0.0
0.0
0.0
0.0
0.0
0.0
0.0
0.0
0.0
0.0
0.0
0.0
0.0
0.0
0.0
0.0
0.338048
0.0
0.0
0.0
0.0
5.61485
2.39096
0.58302
0.0
0.0
0.0
0.0
0.0
0.084903
5.93132
0.0
0.0
0.0
0.0
0.0
0.0
0.0
0.0
0.0
0.0
0.0
0.0
0.0
0.0
0.0
0.0
0.0
0.0
0.0
0.0
0.0
0.0
1.06254
0.0
0.0
0.0
0.0
0.0
0.0
0.0
0.0
0.0
0.0
3.0097
0.0
0.0
0.0
0.0
0.0
0.0
0.0
0.0
0.0
0.0
0.0
0.0
0.0
0.0
0.0
0.0
0.0
0.0
0.0
0.0
1.35722
0.0
6.53112
0.0
0.0
0.0
0.0
0.0
0.391281
0.0
0.0
0.0
0.0
0.0
3.43598
0.0
0.0
0.0
4.84633
0.0
0.0
0.0
0.0
0.0
0.0
0.0
0.0
3.72445
0.0
0.445431
0.0
0.0
0.0
0.0
0.0
0.0
0.0
0.0
0.0
0.0
0.0
0.0
0.0
0.0
1.45513
0.0
0.0
0.0
0.0
0.0
0.0
0.0
0.0
0.0
0.0
0.0
0.0
0.0
0.0
0.0
2.62111
0.0
0.0
0.0
0.0
0.0
2.22304
0.0
0.0
0.0
0.0
0.0
2.96716
0.0
0.0
0.0
0.0
0.0
0.0
0.0
0.0
0.0
2.28163
0.0
0.0
1.89289
0.0
0.0
0.0
0.0
0.0
3.48886
0.0
0.0
0.0
0.0
0.0
0.0
0.0
0.0
0.0
0.0
0.0
0.0
0.0
0.0
0.0
0.0
0.0
0.0
0.0
0.0
0.0
0.0
0.0
0.0
0.0
0.0
0.0
0.0
0.0
0.0
1.21553
0.188345
0.990828
0.0
0.0
0.0
0.0
0.0
0.0
1.1506
0.0
0.0
0.0
4.59089
0.0
0.0
0.0
0.0
0.0
1.44747
0.0
0.0
0.0
0.0
0.0
0.0
0.0
0.0
0.0
0.0
0.0
1.37208
0.0
0.0
0.0
5.11657
0.0
1.68633
0.0
0.0
0.0
0.0
0.0
0.0
0.0
0.0
0.0
4.98302
0.0
0.0
0.0
2.1015
0.0
0.0
0.0
0.0
0.0
0.0
0.0
0.0
0.0
0.0
0.0
1.31697
0.0
0.0
0.0
0.0
0.0
0.0
2.35163
0.0
0.0
0.0
0.0
0.0
0.0
0.0
0.0
0.0
0.0
0.0
0.0
0.0
0.261223
0.0
0.0
0.0
3.92687
0.0
0.0
0.0
0.0
0.0
0.0
0.0
0.0
0.0
0.0
0.0
0.0
0.0
0.0
0.0
0.0
0.0
0.0
0.0
0.0
0.0
2.45605
0.0
0.0
0.0
0.0
0.0
0.0
0.343156
0.0
0.0
0.0
0.0
0.0
0.0
0.0
0.0
0.0
0.0
0.0
0.0
0.0
0.0
0.0
0.0
0.0
0.0
0.0
0.0
0.0
1.36342
0.0
0.0
0.0
0.0
0.0
0.0
0.0
0.0
0.0
0.0
0.0
0.0
0.440968
0.0
0.0
4.12847
0.0
0.0
0.891253
0.0
0.0
1.59912
0.866265
0.0
0.0
3.20801
0.0
0.0
0.0
0.0
0.0
0.0
0.0
0.0
0.0
0.0
0.0
0.0
0.0
0.0
0.0
0.0
0.0
0.0
1.08095
0.0
0.0
3.96936
0.876714
0.0
0.0
0.0
0.0
0.0
0.0
0.0
0.0
0.0
0.0
0.0
0.0
0.0
0.0
0.836801
0.0
0.0
1.07809
0.0
0.0
0.0
0.0
0.0
0.0
0.0
0.0
0.0
0.0
0.0
1.44174
0.0
0.0
0.0
0.0
7.33802
0.0
0.0
1.18748
0.0
0.0
0.745115
0.0
0.0
0.0
0.0
0.0
0.0
0.0
0.0
0.111872
0.0
0.0
0.0
0.0
0.0
0.0
0.0
0.0
0.0
0.0
0.0
0.0
0.0
0.218929
0.0
0.0
0.0
0.0
0.0
1.54723
0.0
0.0
0.0
0.0
0.0
0.0
0.0
0.0
0.0
0.0
0.0
0.0
0.0564999
0.0
0.0
0.0
0.100477
1.18665
0.0
0.0
0.0
0.0
0.0
0.0
0.0
0.0
0.0
0.0
4.04443
3.02813
0.0
0.0
0.0
0.0
0.0
2.58035
0.0
0.0
0.0
0.0
0.0
0.0
0.0
0.0
0.0
0.0
0.0
0.0
0.0
0.0
0.0
0.0
0.0
0.0
0.0
0.0
0.0
0.0
0.0
0.0
0.0
0.0
0.0
0.0
1.25594
0.0
0.0
0.0
0.0
0.0
0.0
0.0
0.0
0.0
0.0
0.0
5.33587
0.0
0.0
0.0
0.0
0.0
0.0
0.0
0.0
0.0
0.0
0.0
0.0
0.0
0.0
0.0
0.0
0.0
0.0
2.55372
0.0
0.0
0.0
0.0
0.0
0.0
0.0
0.0
0.0
0.0
0.0
0.0
0.0
0.0
0.0
0.970466
0.0
0.0
0.0
0.0
0.0
0.0
0.0
0.0
0.0
0.0
0.0
0.0
0.0
0.0
0.0
1.62355
0.0
0.0
0.0
0.0
0.0
0.0
0.0
6.01179
0.0
0.0
0.0
0.0
0.0
0.0
0.0
0.0
0.0
0.0
0.0
0.0
0.0
0.0
3.36094
0.0
6.78881
2.33779
0.0
0.0
0.0
0.0
0.0
0.0
1.90902
0.0
0.0
0.0
0.0
0.0
0.0
0.0
0.0
0.0
0.0
0.0
0.0
0.0
0.0
0.0
0.0
0.0
0.0
0.0
0.0
0.0
0.598108
0.0
0.0
0.0
0.0
0.203264
0.0
0.0
0.0
1.2419
0.0
0.0
0.0
0.0
0.0
0.0
0.918569
0.0
0.0
0.0
1.6314
1.83861
0.0
0.0
0.0
0.0
0.0
0.0
0.0
0.0
0.0
0.0
0.0
0.0
0.0
0.0
0.0
0.0
0.0
0.0
0.0
0.0
0.0
0.0
0.0
0.0
0.0
0.0
0.0
1.30603
0.0
0.0
1.12938
1.95392
3.67177
0.0
0.0
0.117357
0.0
0.0
1.96629
0.0
5.75744
0.0
0.0
0.0
0.0
0.0
0.0
0.0
0.0
0.0
0.0
0.200432
0.0
0.0
0.0
0.0
0.0
0.0
0.0
0.0
0.0
0.64413
0.0
0.0
0.0
0.0
0.0
0.0
0.0
0.15238
0.0
0.0
0.0
0.0
0.0
0.0
0.0
0.0
0.0
0.0
0.0
0.0
0.0
0.0
0.0
0.0
0.0
0.0
0.0
0.0
1.78008
0.0
0.0
0.0
0.0
0.0
0.0
0.0
0.0
0.439905
0.0
0.0
0.0
0.0
0.0
0.692515
0.0
4.50931
0.0
0.0
0.0
0.0
0.0
1.82563
0.0
0.0358267
0.0
0.0
2.15842
0.0
0.0
0.0
0.0
0.0
0.0
0.0
0.0
0.0
1.33678
0.0
0.0
3.80466
0.0
0.0
0.0
0.0
0.0
0.0
0.946841
0.0
0.0
0.0
0.0
0.0
0.0
0.393283
1.23369
0.0
0.0
0.0
0.0
0.0
0.0996691
0.0
0.0
0.0
0.0
0.0
0.0
0.0
0.0
0.0
0.0
0.0
0.0
0.0
3.40552
0.0
0.0
0.0
0.771462
0.0
0.0
0.0
0.0
0.0
0.0
0.0
0.0
0.0
0.0
0.0
0.0
6.74432
0.0
0.0
0.0
0.0
0.0
1.06408
0.0
0.0
0.0
0.0
0.0
0.0
0.0
0.0
0.0
3.77394
0.0
0.0
1.5797
0.0
0.0
0.0
0.0
0.0
1.79007
0.0
0.0
0.0
0.0
0.0
0.0
0.0
0.0
0.710486
0.0
0.0
0.0
0.0
0.0
0.0
0.0
0.0
0.0
0.0
0.0
1.77088
0.0
0.0
0.0
0.0
0.0
0.0
0.0
0.0
0.0
0.0
0.0
3.7251
0.0
2.75442
0.0
0.0
0.0
0.0
0.0
0.0
0.0
0.0
0.0
0.0
0.0
4.97977
0.0
0.0
2.49256
0.0
0.0
0.0
0.0
0.0
0.0
0.0
0.0
0.0
0.0
0.0
3.99535
0.0
0.0
1.05209
0.0
0.0
0.0
0.0
0.0
0.0
0.0
0.0
0.0
0.0
0.0
0.0
0.0
0.0
0.0
0.0
0.0
0.0
0.0
0.0
0.0
0.0
0.0
0.0
0.0
0.0
0.0
0.0
0.548078
0.0
0.0
0.0
0.0
0.0
0.0
0.0
0.0
0.0
0.0
0.0
0.0
0.0
0.0
0.0
0.0
0.0
0.0
0.0
3.44283
0.0
0.0
0.0
0.0
0.0
0.0
0.0
0.0
0.0
0.0
0.0
0.0
0.0
0.0
0.0
0.0
0.0
0.0
0.0
0.0
0.0
0.0
0.0
0.0153867
0.0
0.0
0.0
0.0
0.0
0.0
0.0
0.0
0.0
0.0
0.0
0.0
0.0
0.465865
0.0
0.0
0.0
0.0
0.0
0.0
0.0
0.0
0.0
0.0
1.65031
0.0
0.0
0.0
0.0
0.0
0.0
0.0
0.0
0.0
0.0
0.0
3.29306
0.0
0.0
0.0
0.0
0.0
0.0
0.0
0.0
0.0
0.0
0.0
0.0
3.78489
0.0
0.0
0.0
0.0
0.0
0.0
0.0
0.0
0.0
0.0
0.0
1.87479
0.0
0.0
0.0
0.0
4.30301
0.0
0.0
0.0
0.0
0.0
0.0
0.0
0.0
0.0
0.0
0.0
0.0
0.57158
0.0
0.0
0.0
1.08388
0.0
0.0
0.0
2.20107
0.0
0.0
0.0
0.0
0.0
0.0
0.0
0.0
0.0
0.0
0.0
0.0
0.0
0.0
0.0
0.0
0.0
0.0
0.0
0.0
0.0
0.0
0.0
1.36541
0.0
0.0
0.0
0.0
0.0
0.0
0.0
0.0
0.0
0.0
7.06289
0.537938
0.0
0.0
0.0
0.0
0.0
0.0
0.0
0.0
0.0
0.0
0.0
0.0
0.0
0.0
0.0
0.0
0.0
0.0
0.0
0.0
0.0
0.0
0.0
4.52603
0.0
0.0
4.06531
0.0
0.0
0.0
0.0
0.0
0.0
0.0
0.502477
0.0
3.09689
0.0
0.0
0.0
0.0
0.0
0.0
0.0
0.0
0.0
0.0
0.0
0.0
0.0
0.0
0.0
0.0
2.0566
5.72016
0.0
0.0
0.0
0.0
0.0
0.0
0.0
0.0
0.0
0.0
0.0
0.0
0.0
0.0
0.0
0.0
0.0
0.0
0.0
0.0
0.0
0.0
0.0
0.0
0.0
0.0
0.0
0.0
0.0
0.0
0.0
0.0
0.0
0.0
0.0
0.0
0.0
1.77927
0.0
0.0
0.0
0.0
0.0
0.0
0.0
0.0
0.405458
0.0
0.0
0.0
0.0
0.0
0.0
0.0
0.0
0.0
0.0
0.0
5.13631
0.0
0.0
0.0
0.0
0.0
0.0
0.0
0.0
0.0
0.0
0.0
0.0
0.0
0.0
0.0
1.7894
0.0
3.30212
0.0
0.0
0.0
0.0
0.0
0.0
7.381
0.0
0.0
0.0
0.0
0.0
0.0
0.0
0.0
0.0
0.0
0.0
0.0
0.0
0.0
0.0
0.0
0.0
0.0
1.36016
0.0
0.0
0.0
0.0
6.15579
0.598775
0.0
0.0
2.07696
0.0
0.0
0.0
0.0
0.0
0.0
0.0
0.0
0.0
0.0
3.16505
0.0
0.0
0.0
0.0
0.0
0.0
0.989922
0.0
0.0
0.0
0.0
0.0
0.0
0.0
0.0
0.0
0.0
0.0
0.0
0.0
2.60525
0.0
1.0031
0.0
0.0
0.0
4.37638
0.0
0.0
0.0
0.0
0.0
0.397579
0.0
0.0
0.0
0.0
0.0
0.0
0.0
0.0
2.54226
0.0
0.0
0.0
0.0
0.0
0.0
0.0
0.0
0.331789
0.0
0.0
0.0
0.0
0.0
0.0
0.0
0.0
0.0
0.0
0.0
0.0
0.0
0.0
0.0
0.0
0.0
0.0
0.0
0.0
0.0
0.0
0.0
0.0
5.45116
0.0
0.0
0.0
0.0
0.0
0.0
0.733094
0.0
0.0
0.0
0.0
0.0
0.0
0.0
0.0
0.0
0.0
0.0
0.0
0.0
0.0
0.0
0.0
0.0
0.0
0.0
0.0
0.0
0.0
0.0
0.0
0.0
0.0
0.0
0.0
0.0
0.0
0.0
0.0
0.0
0.0
0.0
0.0
0.0
0.0
0.0
0.0
0.0
0.0
0.0
0.0
0.0
0.206162
0.745508
0.0
0.0
0.0
0.0
0.0
0.0
0.0
0.0
0.0
0.0
0.0
2.07221
0.238304
0.0
0.0
0.0
0.0
0.0
0.0
0.0
0.0
0.0
0.0
0.0
0.0
0.0
0.0
0.10909
0.0
0.0
0.0
0.0
0.0
0.0
0.0
0.0
0.0
0.0
0.0
0.0
0.0
0.0
0.0
2.10714
0.0
0.0
0.0
0.0
0.0
4.27939
0.0
0.0
0.0
0.0
0.0
0.0
0.0
0.0
0.0
0.0
0.0
0.0502828
0.0
0.0
0.0
0.0
0.0
0.0
0.0
0.0
0.0
0.0
0.0
0.0
0.0
0.0
0.0
0.0
0.0
0.0785366
2.85139
0.0
0.0
0.0
0.0
0.0
0.0
0.0
0.267498
0.0
0.0
0.0
0.0
0.0
1.36703
0.0
0.0
0.0
0.0
0.0
0.0
0.0
1.30825
0.0
0.0
0.0
0.0
0.381101
0.0
0.0
0.0
0.0
3.92437
0.0688332
0.406594
0.0
0.0
0.0
0.0
0.0
0.0
1.85909
0.0
0.0
0.0
1.13649
0.0
0.0
0.0
0.0
0.0
0.0
0.0
0.0
0.0
0.0
0.0
0.0
0.0
0.0
0.0
0.0
0.0217313
0.0
0.0
0.0
0.0
0.0
0.0
0.0
0.0
0.0
0.0
0.0
0.0
0.0
0.0
5.95112
0.0
1.28757
0.0
0.0
0.0
0.0
0.0
0.0
0.0
0.0
0.0
0.365545
0.0
0.0
0.0
0.0
0.0
0.0
0.0
0.49614
0.0
3.26949
0.822566
0.0
0.0
0.0
0.0
2.66133
0.888332
0.0
0.0
0.0
0.0
0.0
2.31128
0.0
0.0
0.0
1.69673
5.6071
0.0
0.0
3.05865
3.05192
2.39013
0.0
0.0
0.0
0.0
0.0
0.0
0.0
0.0
0.0
0.0
0.0
0.0
0.0
2.72582
0.0
0.0
0.0
0.0
0.0
0.0
0.0
0.0
0.0
0.0
0.0
0.0
4.18769
0.0
0.0
0.0
0.0
0.817948
0.0
0.0
0.0
0.0
0.0
0.0
2.97692
0.0
0.0
0.0
0.0
0.0
0.0
0.0
0.0
0.0
0.0
0.0
1.94233
0.0
0.0
0.0
0.0
3.15527
0.0
0.0
0.0
0.0
0.0
0.0
0.0
1.81224
0.0
0.0
0.0
0.0
0.0
0.0
3.81107
0.0
0.0
0.0
0.0
0.0
6.39176
0.0
0.0
0.0
0.0
0.0
0.0
0.0
0.0
0.0
0.0
0.0
0.0
0.0
0.0
0.0
3.09292
0.0
0.0
0.0
0.0
0.0
0.0
2.15279
0.0
0.305392
0.0
0.0
0.0
0.0
1.3884
0.0
0.0
0.0
7.68634
0.0
0.0
0.0
0.0
0.0
0.0
0.0
10.4637
0.0
0.0
0.0
0.0
0.0
0.0
0.0
0.0
0.0
1.7046
0.0
0.0
0.0
0.319621
1.13193
0.0
0.0
0.0
0.0
0.594887
0.0
0.0
0.0
0.0
0.0
0.0
0.0
0.0
0.0
0.0
1.56106
0.0
0.0
0.0
2.3441
0.0
0.0
0.0
0.0
0.0
0.0
0.0
0.0
0.0
0.0
0.0
0.0
0.0
0.246145
1.05715
0.0
0.0
0.0
4.52783
0.0
0.0
0.0
0.0
0.0
0.734048
0.0
0.0
0.0
0.217686
0.0
0.0
0.0
0.0
0.0
0.0
0.0
0.0
0.0
0.0
4.67872
1.46485
0.0
0.0
0.0
0.0
0.0
0.0
0.0
0.0
0.0
0.0
0.0
0.0
0.0
0.0
0.0
0.0
0.0
0.0
1.05982
0.0
0.684491
0.0
0.0
0.465746
4.29277
0.0
0.0
0.148645
0.0
0.0
0.0
0.0
0.0
0.0
0.0
0.0
0.0
0.0
0.0
0.0
0.0
0.0
0.0
0.0
0.0
1.94178
0.0
0.0
0.0
0.0
6.6832
0.0
0.0
0.0
0.0
0.0
0.0
6.94843
0.0
7.25584
0.0
0.0
0.0
0.0
0.0
0.0
0.0
0.0
0.0
0.0
0.0
0.0
0.0
0.0
0.0
0.0
0.0
0.0
0.0
0.0
5.94156
0.0
0.0
1.28881
0.0
1.48308
0.326357
0.0
0.0
0.0
0.0
0.0
0.0
0.0
0.0
0.0
0.559193
0.0
0.0
0.0
0.0
0.0
0.0
0.0
2.05968
0.0
0.0
0.0
0.190367
0.0
0.0
0.0
0.0
3.81313
0.0
2.04967
0.0
0.0
0.733158
0.0
0.349124
0.0
1.26395
0.0
0.0
0.0
0.0
0.0
0.0
0.0
0.0
0.0
0.0
0.0
0.0
0.0
0.0
0.0
4.56538
0.0
0.0
0.0
0.0
0.0
0.0
0.0
0.0
2.35059
0.0
0.0
0.0
0.0
0.0
2.22689
0.0
0.0
0.0
0.0
0.0
0.0
0.0
0.0
0.0
0.0
0.0
0.0
0.0
0.0
0.0
0.861079
0.0
0.0
0.0
0.0
0.0
0.0
0.0
0.0
0.0
0.0
0.0
2.14034
0.0
0.0
2.74232
0.0
0.0
0.0
2.391
0.0
0.0
0.0
3.72795
0.0
0.0
0.0
0.0
0.0
0.8602
0.0
0.0
0.041848
0.0
0.0
0.0
0.0
0.51949
3.66716
2.58132
1.43557
0.0
0.0
0.0
0.0
0.0
0.0
0.0
0.0
0.0
0.0
0.0
0.0
0.0
0.0
0.0
0.0
0.0
0.0
0.0
0.0
0.0
0.0
0.0
0.0
0.0
0.0
2.52032
0.0
2.93908
0.0
0.0
0.0
0.0
0.0
0.0
0.0
0.0
0.316812
5.01204
0.0
0.0
0.0
0.0
0.0
0.0
0.0
0.0
0.0
0.0
0.0
0.0
0.0
0.0
0.0
0.0
0.00446187
0.0
0.0
0.0
0.0
0.0
0.0
0.0
0.0
0.0
0.0
0.0
0.0
0.0
0.0
0.0
4.37813
0.0
0.0
0.0
0.0
0.0
0.0
0.0
0.0
0.0
0.0
0.0
0.0
0.0
0.0
0.0
1.96974
0.0
0.0
0.0
0.0
0.0
0.0
0.0
0.0
0.0
0.0
0.0
0.0
0.0
0.593093
0.0
0.0
0.0
0.0
5.32043
0.0
0.0
0.0
0.0
0.0
0.0
0.0
0.0
0.0
0.0
0.0
0.0
0.0
0.6692
0.0
0.0
0.0
0.418357
0.0
0.0
2.25021
0.0
0.0
0.0
0.0
0.0
0.0
0.0
0.0
0.0
0.0
0.0
0.0
0.0
0.0
0.0
0.0
0.0
0.0
0.0
1.59719
0.0
0.0
0.0
0.0
0.831564
0.0
0.0
0.0
0.0
0.0
0.0
0.0
0.0
0.0
0.0
0.0
0.0
0.0
0.0
0.0
0.0
0.0
0.0
0.0
0.0
0.0
0.0
0.0
0.0
0.0
0.0
0.0
0.0
0.0
0.0
0.0
0.0
0.0
0.0
0.0
0.0
0.0
0.0
0.0
0.0
0.0
0.0
0.0
0.0
0.0
0.0
0.0
0.0
0.0
0.0
0.72032
0.0
0.0
0.0
0.0
0.0
2.74332
1.47261
0.0
1.88446
0.0
0.0
3.6814
0.0
0.0
0.0
0.0
0.0
0.0
0.0
0.0
0.0
0.0
0.0
0.0
0.0
0.0
0.0
0.0
0.0
0.0
0.0
0.0
0.0
0.0
0.0
0.0
0.0
0.0
0.0
2.50142
0.0
0.0
0.450139
0.0
0.0
0.0
0.0
1.13988
0.0
0.0
0.0
0.0
1.84906
0.0
0.0
0.0
0.0
0.450341
0.0
0.0337436
0.0
0.0
0.0
0.0
0.0
0.0
0.0
0.0
0.0
0.0
0.0
0.0
0.0
3.60374
0.731981
0.0
0.0
0.0
7.62469
0.0
0.0
0.0
0.923586
0.0
0.0
6.47791
0.0
0.0
0.0
0.0
0.0
0.0
0.0
0.0
0.0
0.0
0.0
0.0
0.025525
0.627641
0.0
0.438711
0.0
0.0
0.0
0.0
0.0
0.0
0.0
0.0
0.0
0.0
0.0
2.15545
0.0
0.0
0.0
0.0
0.0
0.308277
0.0
0.0
0.0
1.93316
1.9624
0.0
0.0
0.0
0.888092
0.0
0.0
0.0
1.87403
0.0
0.0
0.0
0.0
0.0
0.0
0.0
0.0
0.0
0.409717
0.0
0.0
0.0
0.0
0.0
0.0
0.0
0.974238
3.15493
0.0
1.58362
1.90461
0.0
0.0
1.82274
0.0
0.0
0.0
0.027544
0.0
0.0
0.0
0.0
2.01769
0.0
0.172352
0.0
1.5373
0.0
0.0
0.0
0.0
0.0
0.0
0.0
0.0
0.0
0.0
0.0
0.0
0.0
0.0
0.0
0.0
0.0
0.0
0.0
0.0
0.0
0.0
0.0
0.0
0.0
0.0
0.0
0.0
0.0
0.0
0.0
0.0
0.0
0.0
0.0
0.0
0.0
0.0
0.0
0.0
0.0
0.0
5.78534
4.11973
1.80914
0.0
0.0
0.0
0.0
3.18561
0.0
0.0
0.0
0.0
0.118931
0.0
0.0
1.51781
4.95702
0.0
0.0
0.0
0.0
0.0
3.34492
0.0
0.780627
0.0
0.0
0.0
2.5428
5.33914
0.0
0.0
0.0
0.0
0.0
0.0
2.70615
0.0
0.0
0.0
0.0
0.0
0.0
0.0
0.0
0.0
0.0
0.0
0.0
0.0
0.0
0.0
0.0
0.0
0.0
1.86812
0.0
0.0
0.0
0.0
0.0
0.765771
0.0
0.0
0.0
0.0
0.0
2.28783
0.0
0.0
0.0
0.0
0.0
0.0
0.0
0.0
1.60572
0.0
0.0
0.0
2.76518
0.0
0.0
0.0
2.71893
0.0
0.0
0.0
0.0
0.0
0.0
0.0
0.0
0.0
0.0
0.0
0.0
0.0
0.0
2.30354
0.0
0.0
0.0
0.121493
0.0
1.44904
0.0
0.0
0.0
1.56858
0.0
0.0
0.0
0.0
0.0
0.0
4.66633
0.0
0.0
0.0
0.0
0.0
0.0
0.0
0.0
0.0
1.22452
0.0
0.0
0.0
0.24107
0.0
0.0
0.0
0.0
0.0
0.0
0.0
0.0
0.664999
5.541
0.0
0.392003
0.0
0.0
0.0
0.0
0.0
0.0
0.0
0.0
0.0
0.0
0.0
0.0
0.0
0.0
5.22071
0.0
0.0
0.0
0.0
0.0
0.0
0.0
1.23938
0.0
0.0
0.0
0.0
0.0
0.0
0.0
0.0
2.03594
0.0
0.0
0.0
0.0
0.0
0.0
1.05146
0.0
0.0
0.0
0.0
0.0
0.0
0.0
0.0
0.0
0.0
0.0
0.0
0.0
0.0
0.0
0.0
0.0
0.0
0.0
0.0
0.0
0.0
1.62759
0.0
0.0
0.0
0.0
0.0
0.0
0.0
0.0
0.590325
0.0
0.0
0.0
0.0
0.0
0.0
0.207233
0.0
0.0
0.0
0.0
0.0
0.0
0.0
0.0
0.0
0.0
0.0
3.20677
0.0
0.0
0.0
0.0
0.0
0.0
0.0
0.0
4.26217
0.0
0.0
0.0
0.0
0.0
0.0
0.0
0.0
0.608249
0.0
0.152732
0.0
0.0
0.0
0.0
0.0
0.0
0.0
2.22972
0.0
0.0
0.0
0.0
0.0
0.0
0.0
0.333462
0.0
0.0
0.0
0.0
0.0
0.0
0.0
0.0
0.0
0.0
0.0
0.0
0.0
0.0
0.0
0.0
0.0
0.0
0.0
1.21518
0.0
0.0
0.0
0.0
0.0
0.0
0.867823
0.0
0.0
0.0
0.0
0.0
0.0
0.0
0.0
0.0
0.0
0.0
0.0
0.0
0.0
0.0
0.0
0.0
0.0
0.0
0.0
0.0
0.0
0.0
0.0
0.0
0.0
3.33038
0.0
0.0
0.0
1.83965
0.0
0.0
0.0
0.0
0.0
0.0
0.0
0.0
0.0
0.0
0.0
0.0
0.0
1.90003
0.489628
0.0
0.0
0.0
0.0
0.0
0.0
0.0
0.0
0.0
0.0
0.0
0.0
0.0
0.0
0.0
0.0
0.0
0.0
0.0
0.0
0.0866784
0.0
0.0
0.333274
0.0
0.0
0.0
0.0
0.0
0.0
0.0
0.0
1.50368
0.0
0.0
0.0
0.0
0.0
0.0
0.0
6.69642
0.0
0.0
0.0
1.06022
0.379741
5.69647
0.0
0.0
0.0
0.0
0.0
0.0
0.0
0.371745
0.0
0.0
0.0
0.0
0.0
0.0
0.0
0.0
0.0
0.0
0.0
0.0
0.0
3.32768
0.0
0.0
0.0
0.0
0.0
0.0
0.0
0.0
0.0
0.0
0.0
0.0
5.6145
0.0
0.0
0.0
0.0
0.0
0.0
0.0
0.0
0.0
2.54326
0.0
0.0
0.0
0.0
0.0
0.0
0.0
0.0
0.613115
0.0
0.0
0.0
4.74261
0.0
0.0
0.0
0.0
0.0
0.926072
0.0
0.0
0.0
0.0
0.0
0.0
0.0
0.0
0.0
0.0
0.0
0.0
0.0
0.0
0.0
0.0
0.0
0.0
0.0
0.0
0.446654
0.0
0.0
0.0
0.0
0.0
1.19391
0.0
0.0
0.0
0.0
0.0
0.0
0.0
0.0
0.0
0.0
0.0
0.0
0.0
0.0
0.0
3.30648
0.0
0.0
1.68832
0.0
0.0
0.0
0.323176
0.0
0.0
0.0
0.0
0.0
0.0
0.0
0.0
0.295931
0.0
0.0
0.0
0.0
0.0
0.0
0.0
0.0
0.0
0.0
0.0
0.0
0.160694
0.0
0.0
0.0
0.0
0.0
0.0
0.0
0.0
0.0
0.475635
0.0
0.517524
0.0
0.0
0.0
3.2227
0.0
0.0
0.0
0.0
0.0
0.0
3.08392
0.0
0.0
0.0
0.0
0.0
0.0
1.38544
0.0
10.0001
0.0
0.0
0.0
0.0
0.0
0.0
0.0
0.0
0.0
0.0
2.72391
0.645229
1.07466
0.0
0.0
0.0
0.0
0.476579
0.0
0.0
0.0
0.0
0.0
0.0
0.0
0.0
0.0
0.0
0.0
0.0
0.0
0.0
0.0
0.0
0.0
2.31927
0.0
0.0
0.0
0.0
0.0
0.0
0.0
0.0
1.59769
0.0
0.0
2.70835
0.476674
0.0
0.0
0.0
0.0
0.0
0.0
0.0
0.0
0.0
0.0
0.0
0.0
0.0
0.0
0.0
0.0
0.0
0.0
0.0
0.0
0.0
0.0
0.0
0.0
0.0
9.37825
0.0
4.36852
0.0
0.0
0.0
0.0
0.0
0.0
0.0
0.0
0.0
0.0
0.0
0.0
0.0
0.0
0.0
0.0
0.0
0.0
0.0
0.0
0.0
0.0
0.0
0.0
0.0
0.0
0.0
0.0
0.0
0.0
0.0
0.0
0.0
0.0
0.0
0.0
0.0
0.0
0.0
0.0
0.0
0.0
0.0
2.52654
0.0
0.0
0.0
0.0
0.0
0.0
0.0
0.374404
0.0
0.160863
0.0
0.0
0.0
0.0
0.0
0.0
0.0
0.0
0.0
0.0
0.0
0.0
0.0
0.0
0.0
0.0
0.0
4.20232
0.0
0.0
0.0
0.0
0.0
0.0
0.0
0.0
0.0
0.0
0.0
0.0
0.0
0.0
0.0
0.0
0.0
0.0
0.0
0.0
0.0
0.0
0.0
0.0
0.0
0.0
0.0
0.0
0.0
0.695096
0.0
0.0
0.0
0.0
0.0
0.0
0.0
0.0
0.0
0.0
0.0
11.4646
0.0
0.0
0.0
0.0
0.0
0.0
0.0
0.0
0.0
0.0
0.0
0.0
0.0
0.0
0.0
0.0
0.0
0.0
0.0
0.0
0.0
4.72805
0.0
0.0
0.0
0.0
0.0
0.0
0.0
0.0
3.1805
0.0
0.0
0.0
0.0
0.0
0.0
0.9293
0.0
0.0
0.0
0.0
0.0
0.0
0.0
0.0
0.0
0.0
0.0
0.0
0.0
0.0
0.0
0.0
0.0
0.0
0.0
0.0
0.0
0.0
0.0
0.0
0.0
0.0
0.0
0.0
0.0
0.0
0.0
0.0
0.0
0.0
0.0
0.0
0.0
0.0
7.54916
0.0
0.237627
0.0
2.23279
0.0
0.0
0.0
0.0
0.0
1.82143
0.0
0.921351
0.0
0.0
0.0
0.0
0.0
2.55048
0.0
2.75412
0.0
0.0
0.0
0.0
0.0
0.0
0.0
0.0
0.0
2.7235
0.0
0.0
0.0
0.0
0.0
0.0
0.0
0.0
0.0
0.0
0.195049
0.0
0.0
0.0
0.0
0.0
1.40126
0.0
1.69889
0.637193
0.0
3.03285
0.0
0.0
0.0
0.0
1.3656
0.0
0.0
0.0
0.0
0.0
0.0
0.0
0.0
0.0
0.0
0.0
0.0
0.0
0.00230774
0.0
4.22761
0.0
0.0
0.0
0.0
0.0
0.0
0.0
0.0
0.0
4.52108
0.0
0.0
0.0
0.0
1.20817
0.0
0.0
0.0
0.0
1.84023
0.0
0.0
5.91589
0.0
0.0
0.0
0.0
0.409225
0.0
0.0
0.0
0.0
0.0
1.62693
0.0
0.0
0.0
0.0
0.0
0.0
0.0
6.68409
0.0
0.0
0.0
0.0
0.0
0.0
0.0
5.2617
0.0
0.0
0.0
0.0
3.2471
0.0
0.0
0.0
0.0
0.0
0.0
2.44338
0.0
0.0
0.0
0.0
0.0
0.0
0.666888
0.0
0.0
4.04209
0.0
1.04511
0.0
0.0
0.0
0.0
1.77457
0.0
0.0
0.0
0.176422
0.0
0.0
0.0
0.0
0.0
0.0
0.0
0.0
0.0
0.0
0.0
0.0
0.0
1.47863
0.0
0.0
0.0
0.0
0.0727528
0.0
0.0
0.0
2.55918
1.07267
0.0
0.0
0.0
0.0
0.0
0.0
0.0
0.0
0.0
0.0
0.0
0.0
0.0
0.0
0.0
0.0
0.0
0.0
0.0
1.35435
0.0
0.0
0.0
4.37615
0.0
0.0
4.59459
0.0
1.95272
0.0
0.0
0.810921
0.0
0.0
4.13659
0.749038
0.0
0.0
0.657305
0.0
0.0
0.0
0.0
0.0
0.0
0.0
0.0
0.0
2.74242
4.54303
0.0
0.0
0.0
0.0
0.0
0.0
0.0
0.724427
0.0
2.58016
0.0
0.0
0.0
0.0
0.0
0.292774
0.0
0.0
2.62796
0.0
0.0
5.78595
1.66334
0.0
0.0
0.18633
0.0
0.0
0.0
0.0
1.51141
0.0
0.458449
0.0
0.589022
1.6292
0.0
0.0
0.0
0.0
0.0
2.08591
0.0
0.0
1.34164
0.0
0.0
0.0
0.0
0.0
0.0
0.0
0.0
0.0
0.0
0.0
0.0
0.0
0.0
0.0
0.0
4.67135
0.0
0.0
0.0
0.0
0.0
2.44775
0.0
0.0
0.0
0.0
0.0
0.0
0.0
0.0
0.225769
0.0
1.5049
0.0
1.70632
0.479835
0.0
0.0
0.0
0.0
0.0
0.0
0.0
0.0
0.0
0.974711
0.0
6.13835
0.0
0.0
0.0
0.0
0.0
0.0
0.0
0.0
0.0
0.0
0.0
0.0
0.0
1.01231
4.07774
0.0
0.0
0.0
0.0
0.63983
0.0
0.0
0.0
3.2738
0.0
0.0
0.0
0.0
0.0
0.0
0.0
0.0
0.0
0.0
0.0
0.0
0.0
0.0
0.0
0.0
0.0
0.0
0.0
0.0
6.74223
0.0
0.0
3.26991
0.0
0.0
0.0
0.0
0.0
2.90356
0.0
0.0
0.0
0.0
0.0156851
2.53543
0.0
0.0
0.0
0.0
0.0
0.0
0.0
0.0
0.0
0.0
0.0
0.0
0.0
0.0
0.0
0.0
0.0
0.335537
2.97687
0.0
0.0
0.0
1.15197
0.0
0.0
5.27195
0.0
0.0
0.0
0.0
0.0
0.0
0.0
0.0
0.0
0.0
0.0
0.0
0.0
0.0
0.0
0.0
0.0
0.0
0.0
0.0
0.0
