0.0
0.0
1.09013
0.0
0.0
0.0
0.0
0.0
0.0
0.0
0.0
0.0
0.0
0.0
0.0
0.0
0.0
0.510577
0.0
0.0
0.0
0.378304
0.0
0.0
0.0
0.0
0.0
0.0
0.0
0.0
0.0
0.00227171
0.0
4.28277
0.0
0.0
0.0
0.0
0.0
0.0
0.0
0.0
0.0
0.0
0.0
1.84036
1.76881
0.0
0.0
1.06538
0.0
0.0
0.0
0.0
0.0
0.0
0.0
0.0
0.0
0.0
0.0
0.0
0.70801
1.63753
0.0
0.0
0.0
0.0
0.199242
0.0
0.0
0.0
0.0
0.0
0.0
0.0
0.0
0.259286
0.0
0.0
0.374727
0.0
0.0
0.0
0.0723218
0.0
0.0
0.0
1.2015
0.0
0.0
0.0
0.0
0.0
0.0
0.0
0.0
0.0
0.0
0.0
0.0
0.0
0.0628641
0.0
0.0
0.0
0.994308
0.0
0.0
0.0
0.0
0.0
0.0
2.13783
1.31863
0.0
0.0
2.6348
0.0
0.0
0.0
0.0
0.0
0.0
0.0
0.0
0.0
2.05874
0.0
0.0
0.0
0.185689
0.0
0.0
2.72672
0.0
0.0
0.0
0.183491
0.0
0.0
0.488162
0.0
0.0
0.0
0.0
1.46962
0.0
0.755233
0.0
0.0
0.0
0.0
0.0
0.0
0.0
0.0
0.0
0.0
0.0
0.0892466
0.0
0.0
0.0
0.0
0.0
0.0
0.197565
0.401265
3.79298
0.0
0.105997
0.0
0.0
0.0
0.0
1.15506
0.0
0.0
0.0
2.96679
0.0
0.0
0.0
0.0
0.434746
0.79868
0.0
0.0
0.0
0.0
0.0
3.85537
0.0
0.0
0.0
0.0
0.0
0.0
3.88326
0.0
3.04035
0.0
0.0
0.0
0.0
0.0
0.0
0.0
0.0
0.0
0.0
0.0
0.0
0.0
1.61428
0.0
0.0
0.0
0.0
0.0
0.620554
0.0
0.0
0.0
0.0
0.240354
0.18874
0.0
0.0
0.0
0.0
0.0
0.97137
0.0
0.0
0.0
0.0
0.948959
0.0
0.0
0.0
0.0
1.1455
0.558344
0.0
0.0
1.78232
0.0
0.0
0.0
0.0
0.0
0.0
0.0
0.293314
0.0
0.0
0.0
0.937029
0.0
0.0
0.406363
0.0
0.0
0.0
0.0852255
0.0
0.398734
0.0
0.0
0.0
0.0
0.0
0.0
0.0
1.16069
0.0
0.0
0.0
0.0
1.09896
2.04071
3.72591
0.0
0.0
0.0
0.519969
0.0
0.0
0.0
0.0
0.0
0.0
1.0024
0.88413
0.0
0.0
0.0
0.0170961
0.0
4.21233
0.124276
0.0
0.0
0.0
0.0
0.0
0.0
0.0
0.0
0.0
0.0
0.0
0.0
0.0
0.0
0.0
0.0
0.0
0.0
0.0
0.0
0.0
0.0
0.0
1.62087
0.0
0.0
0.0
0.0
0.0
0.0
0.0912719
0.0
0.0
0.0
0.0
0.0
0.0
0.0
0.0
0.0
0.0
0.0
0.0
0.0
0.0
0.0918824
0.0
0.0
0.0
0.0
0.0
0.0
0.0
0.0
0.176141
0.0
2.59245
0.156167
0.0
0.0
0.0
0.0
0.0
0.0
0.0
0.0
0.0
0.0
0.0
0.0
0.0
0.0
0.0
0.0
0.0
0.0
2.67221
0.7575
0.327787
0.0
0.0
0.0
0.0
0.0
2.64156
0.0
0.0
0.0
0.0
0.0
0.0
0.0
0.0
4.28822
0.0
0.0
0.0
0.0
0.0
0.0
0.0
0.0
0.0
0.0
0.0
0.0
0.0
0.0
0.0
0.0
0.0
0.0205686
0.0
0.0
0.0
0.0
0.599959
0.0
0.0
0.967731
0.0
0.0
0.0
0.0
0.0
0.0
0.0
3.77556
0.0
0.0
0.0
0.0
0.0
0.0
0.0
1.59146
0.0
0.0
0.0
0.0
0.0
0.0
0.0
0.0
0.0
0.0
2.42923
0.0
0.0
0.0
3.34995
0.0
0.0
0.0
0.0
0.0
0.0
0.381067
0.0398819
0.304657
0.0
0.0
0.0
0.0
0.0
0.157085
2.25822
0.0
0.0
0.0
0.0
0.0
0.793254
0.688943
0.0
0.0
0.0
0.0
0.0
0.0
0.0
0.0
0.0
0.0
0.97896
0.0
0.0
0.0
0.0
0.0
0.0
0.0
1.05519
3.00268
1.81995
0.166921
0.805645
0.0
0.0
0.0
0.0
0.0
0.0
0.0
0.332404
0.0
0.342351
0.0
0.736207
0.0
0.0
0.0
0.0
0.0
0.0811977
0.0
0.0
0.0
0.0
0.0
0.0
0.0
2.137
0.0
0.0
0.0
0.0
0.0
0.0
1.49642
1.8909
0.0
0.0
1.32991
0.0
0.0
0.538924
0.0
0.0
0.0
0.512444
0.0
0.0
0.0
0.0
0.0
0.0
0.0
0.247847
0.0
0.0
1.2741
0.0
0.0201858
0.0
0.0
0.0
0.0
0.0
0.0
0.418068
0.53965
0.0
0.821722
1.31333
0.0
0.0
0.0
0.0
0.0
0.606062
0.0
0.0
0.0
0.0
0.0
0.0
0.0
0.0
0.0
0.6711
0.590724
0.0
0.0
0.0
0.0
0.0
0.0
0.0
1.64083
0.0
0.0
0.0
1.38927
0.0
0.0
0.693453
0.0
0.0
0.0
0.0
0.631736
0.0
0.0
0.0
0.0
0.0
0.3085
0.0
0.0
0.0
0.0466615
1.07276
0.0
0.0
0.0
0.0
2.16179
0.0
0.0
0.0
2.04394
0.0
0.0
0.0
0.0
0.0
0.0
0.0
0.0
0.0
0.0
1.45873
0.154806
0.0
0.0
0.0
0.0
0.0
0.0
0.0
0.0
0.0
0.0
0.0
0.0
0.0
0.0
0.0
0.0
0.0
0.0793755
0.0
0.0
3.70517
0.0
0.0
0.535903
1.03816
0.0
0.0
0.0
0.0
0.0
0.0
0.0
0.0
0.0
0.0
0.0
0.0
1.25835
0.0
0.0535978
0.0
0.0
0.0
0.0
0.0
0.0
0.368672
0.0
0.0
0.0
0.0
0.0
0.0
0.564359
0.0
0.0
0.0
1.32489
0.0
0.0
0.0
0.774607
0.0
0.0
0.361405
0.0
0.126221
0.0
0.0
0.0
0.0
0.0
0.0
0.0
0.0
0.0
0.0
1.06852
0.0
0.0
1.42025
0.0
0.0
0.0
0.524897
0.0
0.0
0.0
1.06574
0.0
0.0
1.75829
0.358631
0.0
2.4915
0.0
0.0
2.55747
0.00233901
0.0
0.0
1.2765
0.0
0.0
0.0
0.0
0.0
0.0
0.0
0.0
0.0
0.0
0.0
0.0
0.544809
1.66445
0.0
0.0
0.0
0.741278
0.0
0.0
0.0
0.930801
3.04644
0.0
0.0
0.0
0.0
0.0
0.798336
0.0
0.0
0.0
0.0
0.0
2.48385
0.0
0.453667
0.958416
1.10978
0.0
2.48476
0.0
0.0
0.0
1.60069
0.0
0.0
0.0
0.0
0.0
0.0
0.0
0.0913024
0.0
0.0
0.738511
0.0
2.71233
0.0
0.0
1.88529
0.0
0.0
1.06426
1.4252
0.0
0.483307
0.0
0.0
0.0
0.0
0.0
0.362771
0.0
0.0
0.402086
0.0
1.75756
0.0
1.02383
0.0
0.0
0.0
0.0
0.0
0.0
0.137064
0.289872
0.0
0.0
0.0572986
0.431319
0.00161317
0.0
0.293964
0.0
0.0
0.0
0.0
1.03058
0.0
0.0
0.0
2.74496
0.0
0.102056
0.0
0.0
0.292325
2.17398
0.0
0.0
0.0
3.58268
0.0
1.07313
0.0
0.0
0.0
0.0
0.0
0.548555
0.0
0.0
0.0
0.0
0.0
0.0
0.131077
0.0
0.0
0.0
0.0
0.0
0.0
0.0
0.0
0.0
0.0
2.88485
1.11273
0.0
3.4053
0.0
0.0
0.0
0.114169
0.0
0.0
0.0
0.0
0.0
1.86829
0.0
0.0
0.0
0.0
1.86547
0.0
0.0
0.0
0.0
0.0
0.0
0.0
0.0
0.0
0.0
0.0
2.69028
0.0
0.0
0.0
0.0
0.0
0.0
0.0
0.0
0.0
0.0
0.0
0.0
0.0
0.0
0.0
0.0
0.0
0.0
0.0131639
0.0
0.0
0.0
0.0
0.0
0.0
0.0
0.0
0.0
0.0
0.0
0.0
0.0
0.0
0.0
1.06843
0.0
0.0
1.72296
0.0
0.0
0.88207
0.0
1.07191
0.0
0.0
0.0
0.0
0.0
2.17737
0.0
1.2288
0.0
0.0
0.0
0.0
0.0862445
0.0
0.0
2.19653
0.0
1.44426
1.6832
0.0
0.0
0.0
0.0
0.0
0.0
0.0
0.0
0.060727
0.0
0.0
0.0
0.0
0.0
1.29511
0.0
0.0
0.0
0.0
0.0
0.0
0.0
0.0
0.0
0.0
0.0
0.0
0.0
0.0
0.0
1.40186
0.0
0.0
0.0
0.0
0.0
0.0
0.0
0.0
0.0
0.0
0.0
0.0
0.0
0.0
0.0
1.88002
0.0
2.10048
0.0
0.0
0.0
0.0
0.0
0.0
0.0
0.0
1.66211
0.0
0.0
0.0
0.0
0.481772
0.0
0.0
0.0
0.0
0.396598
0.0
0.0
0.0
0.0
0.00140187
0.0
0.0
0.271023
0.0
0.0
0.0
0.0
0.0
0.0
0.319315
0.0
0.0
0.0
0.0524618
0.0
0.0
0.0
0.0
0.0
1.35927
0.0
0.0
1.072
0.830093
1.86953
0.0
0.0
0.0
0.0
1.27617
1.13742
0.0
0.44657
0.0
0.0
0.0
1.42374
0.0
0.0
0.628188
0.311652
0.0
0.0
1.44153
0.0
0.0
0.0
0.0
0.507065
0.0253403
0.0
0.0
0.0
0.780858
0.0
0.0
0.0
0.0
0.0
0.0
1.27483
0.0
0.0
0.0
0.0
0.0
0.0
0.0
0.681365
0.0
0.0
0.0
0.0
0.0
0.690855
0.0
0.0
0.0
0.0
0.0
0.0
0.454139
0.0
0.0
0.760486
0.0
0.0
0.0
0.0
0.0
0.0
0.0
0.0
0.0
0.215869
0.0
0.0
3.38923
0.191951
3.3372
0.0
0.0
0.0808545
0.60423
0.0
0.0
0.0
2.13673
0.0
0.83353
2.36648
0.0
0.0
0.0
0.0
0.0
0.422712
0.0
2.64183
0.0
0.0
0.0
0.0
0.0
0.0
0.0
0.0
0.0
0.611889
0.0
2.73843
0.0
0.0
0.0
1.06894
1.35593
0.0
0.0
0.0
0.0
0.0
0.0
0.0
0.0
2.09103
0.0
0.0
0.0
0.0
0.0
0.0
0.0
0.0
0.0
0.0
0.0
0.0
0.0
0.102432
0.0
0.0
0.0
1.75875
0.0
0.0
0.0
0.0
0.0
0.397192
0.0
0.0
0.0
1.72223
0.0
0.69739
3.15469
0.0
0.180412
0.0
0.0
0.0
1.76022
0.0
0.0
0.0
0.0
0.0
1.21392
0.432516
0.0
0.0
1.98018
0.0
0.0
1.41772
0.0
0.0
0.0
0.0
0.0
0.0
0.0
0.0
0.0
2.36143
0.0
0.0
0.0
0.0
0.0
0.0
0.0
0.0
0.0
0.0
0.0
0.754563
0.0
0.0
0.0
0.942526
0.0
0.0
0.0
0.0
0.0
0.0
1.07941
0.0
0.0
0.0
0.0
0.771421
0.0
0.0436274
1.80466
0.0
0.0
0.0
0.0
0.0
0.0
0.0
0.0
0.0
0.0
0.0
4.32826
0.0
0.0
2.53614
0.0
0.0
0.0
0.0
0.0
0.0
0.0
0.0
0.0
0.390962
0.0
3.59298
0.693287
0.0
2.20412
0.0
0.0
0.0
0.0
0.537169
0.0
0.0
0.0
0.0
0.0
0.0
0.0
0.0
0.0
0.237329
0.0
0.0
0.0
0.0
0.0
0.0
0.0
0.0
0.0
0.692883
0.0
0.0
0.0
1.43772
0.0
0.0
0.0
0.0
0.0
0.0
0.0
1.03601
0.0
0.0
0.651562
0.0
0.0
0.0
0.0
1.25623
0.0
0.0190571
0.0
2.94829
0.0
0.0
0.0
0.0
0.0
0.195896
0.0
0.0
0.0
0.531837
0.0
0.0
0.551695
0.0
0.0
0.0
0.699727
0.529435
0.0
0.552253
1.20556
0.0
0.0
0.0
0.418789
0.0
1.19942
0.0
0.0
0.0
0.737189
0.0
1.78336
0.0
0.0
0.0
0.0
0.0
0.622341
0.0
0.0
0.0
0.0
0.0575888
0.0
0.0
2.24201
0.0
0.0
1.98604
0.0
0.0
0.0
0.0
0.0
0.0
0.0
0.0
2.65756
0.438513
1.29643
0.0
1.14298
0.0
0.0
0.0
0.0
0.0
0.0
0.0
0.0
0.0
0.0
1.32713
0.0
0.0
0.181344
0.0
0.0
0.0
0.0
0.0
0.0
0.0
0.187033
1.14021
0.0
0.0
0.0
0.0
0.885486
0.0
0.0
0.922046
0.0
0.0
0.0
0.0
0.0
0.0
0.0
0.0
0.0
0.0
0.0
0.0
0.0
2.12321
0.0
0.0
0.0
0.0
0.0
0.0
0.0
0.0
1.27012
0.0
0.0
0.0
0.0
0.0
0.0
0.0
0.0
0.974779
0.0
0.0
0.0
0.0122155
0.0
0.0
0.0
0.920371
0.0
0.0
0.0
0.327782
0.0
0.0
1.46921
0.0
0.0
0.0
0.0
0.0
2.66096
0.0
1.90759
0.0
0.1692
0.0
0.0
0.0
0.0
0.457405
0.0
1.31532
0.128974
0.0
0.0
0.0
0.0
0.0
0.0
0.0
0.0
0.0
0.208206
0.0
0.0
0.275965
0.0
0.219595
1.42633
0.0
0.0
0.0
0.0
0.0
0.0
0.0
0.0
0.0
1.47767
0.0
0.0
0.0
0.0
0.0
0.0
0.0
0.0
0.0
0.0
0.0
0.0
0.0
0.0
0.0
0.0
0.721855
2.26249
0.0
0.0
0.0
0.0
0.0
0.0
0.0
0.0
0.438252
0.0
0.0
1.44025
0.0
0.0
0.0
0.0
0.0
0.0
0.443603
0.0
0.0
0.0
0.0
0.0
0.0
0.0
0.0
0.0
0.0
0.0
0.0
0.0
0.0
0.0
0.0
0.0
0.0
0.0
0.0
0.0
0.0
0.0
0.0
0.0
0.0
0.0
0.0
1.19833
0.0
0.0
0.0
0.0
0.0
0.0
1.07909
0.0
0.0
0.0
0.919354
0.0
0.0
0.0
0.0
0.0
0.0
0.0
0.0
0.0
0.0
0.0
0.0
0.0
0.0
0.202364
0.0
0.0
0.0
0.0
0.0
0.0
0.0
0.0
0.0
2.88692
0.0
0.0
0.492983
0.0
0.0
0.0
0.0
0.0
0.0
0.0
0.0
0.0
0.572426
0.0
0.0
0.0
0.0
0.0
1.58375
0.0
0.0
0.0
0.0
0.541275
0.448599
0.0
0.0
0.0
0.492125
0.0
0.0
0.120102
0.453386
0.0
0.0
0.0
0.0
0.0
0.598211
0.0
0.0
0.0
0.204712
0.0
0.0
0.0
0.0
0.0
0.0
0.0
0.0
0.0
0.0
0.0
0.0
0.0
0.0
0.0
0.0
0.0
0.0
1.25223
0.0
0.0
0.0
2.34773
0.0
0.0
0.0
0.0
0.0
0.0
0.0
0.0
0.0
0.0
0.0
0.0
0.0
0.0
0.0
0.0
0.396462
0.0
0.0
0.0
0.0
0.0
0.0
0.369743
0.0
0.0
0.0
0.0
0.0
0.700465
0.0
0.0
0.0
0.0
0.0
0.0
0.180614
0.0
0.0
0.0
0.0
0.0
0.0
0.0
0.0
0.0
0.0
0.0
2.34983
0.0
0.0
0.0
0.0
1.20629
0.0
3.39591
1.20892
0.0
0.0
0.0
0.0
0.0
0.0
0.0
1.1957
0.380854
0.346561
0.0
0.122769
0.0
0.547542
0.0
0.0
0.0
0.0
0.0
0.0
0.0
0.0
0.0
0.0
0.0
0.0
0.0
0.0
0.0
0.0
0.0
0.0
0.0
0.0
0.0
0.0
0.0
0.0
0.0
0.0
0.0
0.0
0.0
0.0
0.0
2.46222
0.0
0.0
0.0
0.0
0.900356
0.0
0.611358
0.0
2.19389
0.0
0.0
1.21248
1.65965
0.0
0.0
0.0
0.0
0.0
0.0
0.606834
0.0
0.0
0.0
0.385141
0.0
0.0
0.0
0.0
0.0
0.0
0.0
0.0
0.0
0.0
0.0
0.0
0.0
0.0
0.0
0.0
0.0
0.0
0.0
3.52531
0.0
0.0
0.0
0.0
0.0
0.877523
0.0
0.0
0.0
0.0
0.940069
0.0
0.0
0.0
0.146672
0.0
0.0
0.0
0.0
0.0
0.0
0.0
0.0
0.0
0.0
0.0
0.0
0.0
0.0
1.01073
0.0
0.0
0.0
0.0
0.0
0.0
1.99773
0.0
0.0
0.0
0.0
0.0
0.0
0.0
0.101746
0.0
0.0
0.0
0.0
0.243254
0.0225417
0.0
0.0
0.0
0.0
0.214939
0.0
0.0
0.0
0.0
0.0
1.5507
0.0
2.37063
0.0
0.0
0.0
0.0
0.767102
0.256976
0.0
0.0
0.227494
0.0
0.0
0.0
0.0
0.985076
0.0
1.44858
0.0
0.266807
0.0
0.0
0.0
0.0
0.0
0.0
0.0
0.0
0.297572
0.0
0.0
0.0
0.0
0.0
0.0
0.0
0.0
0.0
0.0
0.0
0.0
1.15484
0.0
0.0
0.0
0.0
0.0729188
0.0
0.0
0.0
0.0
2.38416
0.0
2.69001
2.09511
0.0
0.0
0.0
0.0
0.0
0.0
2.40929
0.0
0.0
0.0
0.0
0.0
0.0
1.05607
0.0
0.0
1.43677
0.0
0.0
1.78013
0.0
4.15747
0.0895974
0.0
3.42909
2.7077
0.0
0.0
0.0
0.0
0.0
0.350211
1.90297
0.0
0.259417
1.3826
1.20824
0.0
0.0
2.42506
0.0
0.744405
0.0
0.0
0.0837324
0.0
0.0
0.0
0.0
0.0
0.0
0.0
0.0
0.0
0.0
1.65619
0.0
0.0
1.325
0.0
0.0
0.0
0.0
0.0
0.576977
0.0
0.0
0.0
2.32827
0.0
0.0
0.0
0.0
0.152347
0.370203
0.0
0.0
0.0
0.0
0.0
0.0190259
0.518362
0.0
0.0
0.0
0.0
0.0
0.588942
0.0
0.0
0.0
0.0
0.861615
0.0
0.0
0.0
0.0
5.07575
0.0
0.0
0.0
0.0
0.0
0.0
0.0
2.1257
0.0
0.0
0.0
0.0
0.0
0.0
3.22519
0.0
0.0
0.0
0.0
0.0
2.6575
0.0
0.0
0.0
1.24221
0.0
0.0
0.0
0.0
0.0
0.0
0.0
0.0
0.0
0.0
0.0
1.15481
1.01333
0.0
0.0
0.0
0.0
0.0
0.0
0.0
0.0
0.0
0.0
0.0
0.0
1.60626
0.0
0.0
0.0
1.25808
1.75455
0.0
0.916464
0.0
0.0
0.0
0.0
6.24966
0.0
3.28614
0.0
0.0
0.0
0.0
0.0
1.10385
0.0
1.76602
0.0
0.0
0.0
1.09829
0.0
0.0
0.0
0.0
0.0
0.619447
0.0
0.0
0.0
0.0
0.0
0.0
5.23707
0.0
0.0
0.0
3.0293
0.0
0.0
0.0
2.50224
0.0
0.0
0.0
0.0
0.213729
0.0
0.0
0.0
0.0
0.0
0.0
0.0
0.0
0.0
0.0
2.29571
0.0
0.0
1.06725
0.0
0.0
0.0
0.0
0.0
0.0
0.0
0.0
0.0
2.21114
0.0
0.0
0.0
0.0
0.0
0.0
0.0
0.0
0.0
0.0
0.0
0.0
0.0
0.0
0.0
1.67714
0.0
0.0
0.0
0.0
0.390359
0.0
0.0
0.0
0.0
0.0
0.0
0.0
1.80412
0.0
2.14999
0.0
0.0
0.0
0.0
0.0
2.93511
0.0
0.0
0.0
0.602177
0.0
0.0
0.0
0.0
0.0
0.0
0.0
0.0
0.0
0.0
0.0
0.0
0.0
1.07284
0.0
0.0
0.453443
0.0
0.0
0.0
0.0
1.01162
0.0
0.0
0.0
0.0
1.72773
0.0
2.42213
0.0
5.09239
0.0
0.0
0.0
0.0
0.0
0.0
0.0
0.0
0.0
0.0
0.0
0.0
0.0
0.0
0.0978163
0.0
0.0
0.0
0.0
0.0
2.47203
0.0
0.0
4.26883
0.0
2.18237
0.0
0.0
0.0
0.0
0.0
0.0
1.01213
0.0
0.0
0.0
1.58327
0.0
0.0
0.0
0.0
0.0
0.0
0.0
0.697092
0.0
0.0
0.0
0.0
0.0
0.0
0.0
3.16239
2.21363
0.0
0.0
0.0
0.0
0.903625
0.0
0.0
0.0
1.34718
0.0
2.26877
0.387697
0.0
0.0
0.0
0.0
0.0
0.0
0.0
0.0
0.0
0.0
0.0
0.0
1.48536
0.0
0.0
0.0
0.0
0.0
0.0
0.0
0.0
0.173046
0.0
1.3288
0.117539
0.0
0.0
0.866794
0.0
1.18521
0.0
0.0
0.0
0.0
0.0
0.0
0.0
0.0
0.0
0.0
0.0
0.0
0.0
0.0
0.0
0.539553
0.393007
0.0
0.0
0.0
0.0
0.0
0.0
0.0
0.0
2.25978
0.547299
0.694914
2.24938
0.0
0.0
0.0
0.0
0.0
0.0
0.0
0.600096
0.0
0.0
0.0
0.0
0.0
1.59252
0.0
0.0
0.0
0.0
0.0
0.0
0.0
0.0
2.12616
0.0
0.0
0.0
0.0
0.0
0.0
0.0
0.0
0.0
0.0
0.0
0.0
0.0
0.0
0.0
0.0
0.0
0.0
0.0
0.0
0.0
0.0
0.0
0.0
1.16052
0.0
0.0
0.0
3.14404
0.0
1.25616
0.0
0.0
0.381702
0.0
0.0
0.0
0.0
0.0
1.26695
0.850868
0.0
0.0
0.0
0.0
0.0
0.0
0.0
1.56944
0.0
0.0
1.79493
0.0
0.0
0.0
0.0
0.0
0.0
0.0
0.0
0.0
0.0
0.0
0.37149
0.0
0.0
0.0
0.0
0.0
0.0
0.0
0.0
0.0
0.96691
0.0
0.0
0.717571
0.0
0.0
0.0
0.0
0.0
0.0
0.0
0.0
0.0
0.0
0.0
0.0
2.89729
0.0
0.0
0.0
0.0
0.0
0.0
0.0
0.0
0.0
0.0
0.0
0.0
0.0
0.714331
0.0
0.0
0.0
0.0
0.904587
0.0
0.130011
0.0
0.0
0.0
0.0
0.0
0.0
0.0
0.0
1.71529
0.0
0.0
0.0
0.0
1.02656
0.0
0.674622
0.0
0.0
0.0
0.0
0.0
0.0
0.0
0.383952
0.0
0.0
0.0
0.0
0.0
0.0
2.34556
0.0
0.0
0.0
0.0
0.0
0.0
0.0
0.0
0.0
0.0
0.0
0.0
0.0
0.0
0.0
0.0
0.0
0.0
0.481991
0.0
0.0
0.0
0.0
0.0
0.0
0.0
0.0
0.0
0.0
0.0
0.0
0.0
0.0
0.0
0.0
0.0
0.0
0.0
0.0
0.0
0.0
0.688598
0.0
0.0
0.0
0.0
0.0
0.0
0.484451
0.0
0.0
0.0
0.0
0.0
0.0
0.0
0.0
0.0
0.0
0.0
0.0
0.0
0.049588
0.806249
0.0
0.0
0.0
0.0
0.0
0.0
0.0
0.0
0.126452
0.186619
0.0
2.67671
2.79471
0.0
0.0
0.0
0.0
0.0
0.0
1.26758
0.0
0.0
0.922101
0.0
0.429474
0.0
0.0
0.0
0.0
0.0
0.0
0.0
0.0
0.0
0.0
0.0
0.982218
0.0
0.0
1.33642
0.845723
0.0
0.0
0.532171
0.0
0.105395
0.0
2.67701
0.0
0.0
0.0
0.0
0.4388
0.0
0.0
0.0
0.0
0.0
0.0
0.12042
0.0
0.0
0.0
0.0
0.635984
0.554192
0.0
0.0
0.0
0.0
0.270208
0.0
0.0
1.02477
0.0
0.0
0.247857
0.0
1.61183
0.0
0.0
0.0
0.0
0.0
0.0
0.984755
0.0
0.16541
0.0
0.0
0.0
0.0
0.0
0.0
0.0
0.0
0.0
0.0
0.798588
0.0
0.486966
2.20597
0.0
0.0
0.342177
0.0
0.0
0.0
0.0
0.0
0.0
0.0
0.0
2.70707
0.0
0.0
0.0
0.0
0.0
0.0
0.0
0.271551
0.0
4.43705
0.0
0.0
0.0
0.0
1.71947
0.0
0.0
0.0
0.0
0.0
0.0
0.0
0.0
0.0
0.0
0.0
0.0
0.0
0.418581
0.0
0.808152
0.0
0.0
0.0
0.0
0.0
0.733396
1.39855
0.57949
1.48395
0.0
0.0
0.0
1.4804
0.0
0.0
0.660514
0.44956
0.0
0.0
0.0
0.0
0.0
0.0
0.0
0.0
0.0
3.02446
0.0
1.04581
0.0
0.0
0.0
0.0
0.0
0.0
0.0
0.154105
0.0
0.0
0.0
0.0
0.0
0.0
0.0
0.509456
1.64013
0.0
0.0
1.94869
0.0
0.549602
0.0
0.0
0.0
0.832861
0.0
0.0
0.0
0.0
0.0
0.0
0.317769
0.0
0.0
0.0
0.0
0.00640327
1.16157
2.4499
3.72537
0.0
0.0
0.766829
1.81801
0.0
1.61254
0.0
0.0
0.0
0.0
0.0
0.0
0.0
0.0
1.5029
0.0
0.0
0.442544
0.0
0.0
0.975276
0.0
0.0
0.0
0.0
0.0
0.814074
2.4783
0.0
0.0
0.0
0.0
0.0
0.0
0.287856
0.0
0.0
0.0
0.0
0.0
0.0
0.0
0.0
0.0
0.0
0.0
0.0
0.0
0.0
0.0
0.0
0.0
0.0
0.0
0.0
0.0
0.0
0.0
0.0
1.94632
0.0
0.0
0.0
0.0
0.0
2.22698
0.0
0.0
0.0
0.0
0.0
0.0
0.0
0.0
0.300195
0.0
0.0
0.0
1.32215
0.747982
0.183587
0.0
0.0
0.0
0.0
0.0
0.80485
0.0
0.0
0.527809
0.0
0.0
0.0
0.0
0.0
0.000494361
0.0
1.29377
0.0
0.0
0.0
0.0
0.0
1.21456
0.0
0.0
0.0
0.0
0.0
0.0
0.0
0.0
0.0
0.0
0.0324719
0.0
0.0
0.0
0.0
0.0
0.0
0.0
0.0
0.800815
0.0
0.0
0.0
0.311779
0.0
0.0
0.0
0.0
0.0
0.0
0.0
0.0
0.0
0.0
2.75137
0.0
0.0
0.0
0.0
0.0
0.0
0.0
1.76642
0.402417
0.0
0.0
0.0
0.0
0.0
0.0
0.0
1.68784
0.0
0.0
0.0
0.0
0.0
0.0
0.0
0.0
0.944307
0.725926
0.0
0.0
0.0
0.0
0.0
3.04046
0.82082
0.0
0.0
0.0
0.0
0.0
0.0
0.0
0.0
0.0
0.0
0.0
0.0
0.0
0.0
0.0
0.0
0.0
0.0
0.0
0.0
0.0
0.0
0.0
0.0
0.0
0.0718372
2.59054
0.0
0.0
1.44581
0.0244855
0.0
0.0
0.0
0.0
0.0
0.0
0.0
2.62664
0.0
0.470601
0.0
0.0
0.0
0.0
0.0
0.0
0.0
0.0
0.0
0.0
0.0
0.0
0.0
0.0
0.0
1.40382
2.05495
0.0
0.0
0.206756
0.0
0.0
0.0
0.0
0.0
1.57525
0.0
0.0
0.0
0.0
0.0
0.0
0.0
0.0
0.992713
0.0
0.0
0.0
0.0
0.0
0.0
0.0
0.0
0.0
3.65891
0.0
0.0
0.0
0.0
0.0
0.0
0.0
3.02717
0.0
0.0
0.0
0.0
0.0
0.0
0.0
0.0
0.0
0.0
0.0
0.0
0.0
0.0
0.0
0.0
0.0
0.173617
0.0
0.396775
2.68343
0.0
0.0
0.0
0.0
0.0
0.0
0.0
0.0
0.0
0.0
0.0
0.0
0.0
0.0
0.0
0.0
0.0
1.63608
0.0
0.0
0.0
0.0
0.0
0.0
0.0
0.0
0.0
0.0
0.0
0.0
0.0
0.0
0.423542
0.0
0.0
0.375047
0.0
0.731155
2.00476
0.0
0.0
1.49389
0.0
0.0
0.0
0.0
0.0
0.0
0.0
0.0
2.28105
0.0
0.0
0.0
0.0
0.0
0.0
0.0
0.0
0.0
0.0
0.0
0.0
0.0
0.276453
0.0
0.0
0.0
0.0
0.0
0.0
0.0
3.51888
0.0
0.0
0.2964
0.0
0.0
0.0
0.0
1.98288
0.0
0.0
0.0
1.46247
0.0
0.0
0.0
0.0
0.0
0.0
1.44205
2.48971
0.0
0.0
0.0
0.27237
1.24699
0.762071
0.0
0.0
0.424003
0.0
0.152156
0.0
0.0
0.0
0.0
1.86653
0.0
0.0
0.0
0.0
0.0
0.0
0.0
0.0
0.0
0.0
0.0
1.13576
0.0
0.0
0.0
1.85504
0.0
0.0
0.0
0.0
0.0
0.0
0.122071
0.0
0.0
0.0
0.0
0.0
0.0
0.0
0.0
2.54794
0.0
0.0
1.39618
0.0
0.0
0.0
0.145871
0.0
0.0
0.0
0.0
2.64141
0.0
0.0
0.0
2.37311
0.0
0.0
0.0
0.0
0.0
0.0486934
0.0
0.0
0.0
0.0340615
0.0
0.0
0.0
0.0
0.0
0.0
0.0
0.0
0.0
0.0
0.0
0.0
0.0
0.0
0.0
0.0
1.41398
0.0
0.0
0.0
0.0
0.0
0.0
0.0
0.0
1.39056
0.0
1.13067
0.0
1.07253
0.0
0.161109
0.0
0.0
0.0
0.0
0.0
0.0
1.72638
0.0
0.0
2.19963
0.0
0.0
0.0
1.22992
0.262267
0.0
0.0
0.738658
0.0
0.0
0.0
0.0
0.0
0.0
0.0
0.0
0.0
0.0
0.0
0.0
0.0
0.0
0.0
0.0
0.0
0.0
0.0
0.0
0.0
0.0
0.0
0.0
0.0
0.0
0.0
0.0
0.0
2.69197
0.0
1.71016
0.0
1.75016
0.0
0.0
0.0
0.0
0.0
0.0
1.92177
0.0
2.32094
0.0
0.0
0.0
0.0
1.42473
0.0
5.43928
0.0
0.0
0.0
0.0
0.0
0.0
0.0
0.0
0.0
0.0
0.643672
0.0
0.0
0.0
0.0
0.0
0.0
0.0
0.0
0.0
0.0
0.0
0.0
0.0
0.576114
1.86843
0.0
0.0
0.0
0.0
0.0
0.0
0.0
0.0
0.0
2.21983
0.0
0.0
0.0
0.0
0.0
0.0
0.0
0.0
0.728683
0.0
0.0
1.1169
0.0
0.469624
0.0
0.0
0.500059
0.0
0.0
0.0
2.00887
0.0
0.0
0.0
0.0
0.0
0.0
0.0
0.0
0.0
0.0
0.0
0.0
0.0
0.0
0.0
0.0
0.0
0.527651
0.0
0.0
0.0
0.0
0.0
0.0
0.0
0.0
0.0
0.0
0.0
0.0
0.0
0.0
0.0
0.0
0.0
0.0
0.0
0.0
0.0
0.0
0.0
0.0
0.0
1.15654
0.965706
0.0
0.0
0.0
0.0
0.0
2.87409
0.0
0.0
0.0
0.0
0.0
0.0
0.0
0.0
0.0
0.0
0.0
0.0
1.60327
0.0
0.0
0.0
0.0
0.0
0.0
0.0
2.70409
0.0
0.885695
0.0
0.0
0.298028
0.0
0.0
0.0
0.0
0.0
0.0
0.0
0.0
0.0
0.0
0.0
0.0
0.0
0.0
0.726987
0.0
0.0
0.0
0.0
0.676656
0.0
0.0
0.0
0.0
0.0
0.0
0.0
0.0
0.0
0.0
0.0
1.43861
2.78509
0.0
0.0
0.0
0.0
1.02312
0.396462
0.0
0.0
0.0
0.0
0.0
0.0
1.51867
0.0
0.0
0.0
0.0
0.0
1.2061
0.0
0.0
0.0
0.0
1.87909
0.708704
0.0112875
0.0
1.59327
0.0
0.0
0.0
0.0
0.0
0.232645
0.0
0.0
0.228721
0.0
2.04537
0.0
0.0
0.0
0.356295
0.0
0.0
1.74027
0.0
0.0
0.0
0.0
0.0
0.0
0.0
0.0
1.28353
0.0
0.0
0.0
0.0
0.0
0.0
0.0
0.0
0.0
0.0
0.0
0.917895
0.0
1.17102
0.0
0.0
0.0
0.0
2.3786
0.0
0.0
0.0
0.0
0.0
0.0
0.671168
0.0
0.0
0.0
0.0
0.0
0.0
0.0
0.0
0.0
0.0
0.76668
0.0
0.0
0.0
0.0
0.0
0.0
0.0
0.482009
1.60472
0.0
2.72041
0.0
2.28165
0.0
1.22464
0.0
0.0
0.0
0.0
0.0
2.65575
0.0
0.0
0.0
0.0
0.0
0.85221
0.0
2.6642
0.0
0.0
0.0
0.0
0.0
0.0
0.0
0.0
1.11127
2.06554
0.0
0.0
0.0
0.0
0.0
0.96244
0.0
0.0
0.0
0.0
0.708297
0.0
0.0
0.0
0.0
0.0
0.335088
0.0
2.4613
0.0
0.0
1.67047
0.0
0.0
0.0
0.0
0.304969
0.0
0.0
0.0
0.0
0.412943
0.0
0.0
0.0
0.0
0.227355
0.0
0.0
0.0
0.138957
0.0
2.94417
0.0
0.0
0.0
0.0
0.37965
0.0
0.484906
0.0
0.0
2.79146
0.566364
1.00923
0.0
0.0
0.521035
0.0
0.0
0.0
0.0
0.881737
0.0
0.0
0.357722
0.0
0.0
0.0
0.0
3.22027
0.0437659
0.0
0.0
0.0
1.78995
0.0
3.5502
0.0
0.0
0.0
0.0
0.0
0.0
0.146697
0.0684211
0.0
0.0
0.0
0.0
0.0
0.0
0.0
0.0
0.0
0.0
0.0
0.0
1.41857
0.0
0.0
0.0
0.0
0.0
1.21965
0.0
0.739424
0.0
0.0
0.0
0.0
2.85875
0.0
0.0
0.0
0.0
2.2441
2.3918
0.0
0.0
0.0
0.0
0.0
0.0
0.0
0.0
0.0
0.0
0.0
0.0
0.0
0.0
0.0
0.0
0.0
0.0
0.365551
0.0
0.0
0.0
0.0
0.0
0.0
0.0
0.0
0.0
0.0
0.0
1.68544
0.108344
0.0
0.0
1.27975
0.0
0.0
0.0
0.0
0.0
0.0
0.0
0.0
0.0
0.0
0.586437
0.0
0.0
0.0
1.65394
0.0
2.61015
0.0
0.509673
0.0
4.03921
0.0
0.0
2.72618
0.0
0.762592
0.0
0.0
1.14328
0.0
0.0
4.7147
0.836088
0.0
0.0
0.0
0.0
0.0
0.0
0.0
0.0
0.0
0.0
0.0
0.0
1.09703
3.76258
0.0
0.0
0.0
0.0
0.0
0.0
0.0
0.866654
0.0
0.0
0.0
0.328541
0.0
0.0
0.877491
0.0
0.0
0.0
3.10687
0.0
0.0
1.70283
0.0
0.0
0.0
3.66429
0.0
0.0
0.0
0.0
0.0
1.5758
2.68759
0.0
0.0
1.34374
0.741045
0.0
0.121053
0.0
0.0
3.39915
0.0
0.0
2.7103
0.454365
0.0
0.0
0.0
0.990448
0.0
0.0
0.0
0.0
0.0
0.0
0.0
0.0
0.0
0.0328259
0.0
0.75974
0.0
0.351688
0.0
0.0
0.0
0.0
0.0
0.0
1.64193
0.0
0.0
0.0
0.921139
0.0
0.63221
0.0
1.19509
0.0
0.384834
0.132218
0.0
0.0
0.0
0.0
0.0
0.0
0.0
0.0
0.0
0.0
0.0
0.0
0.0
0.0
0.0
1.62455
0.0
0.0
0.0
0.0
0.0
0.0
0.0
0.0909894
0.0
0.0
0.0
0.0
0.0
0.0
0.0
0.857834
0.0
0.0
0.0
1.95381
0.0
0.0
0.0
0.0
0.0
0.0
0.0
3.26394
0.504841
0.0
1.58449
0.0
0.773064
0.0
0.0
0.0
0.0
1.35521
0.0
0.0
1.32634
0.0
0.0
0.0
0.0
0.0
0.0
0.0
0.0
2.38984
0.0344768
0.0
0.0
1.09102
0.0
0.0
0.0
0.0
0.0
0.0
0.0
0.0
0.0
0.0
0.0
0.0
0.0
0.0
0.0
1.60607
0.0
0.0
0.0
0.0
1.02983
0.0
0.0624347
0.0
0.0
0.821967
0.0
3.23077
0.0
0.0
0.0
0.0
0.0
0.0
0.0
0.0
0.0
0.134088
0.0
0.282388
0.0
0.0
0.0
0.0
0.10472
0.0
1.82229
0.0
0.0
