0.0
0.0
3.31658
0.0
1.2255
0.0
0.0
0.0
0.0
0.0
0.0
0.0
0.0
0.0
0.0
2.5676
0.0
0.105772
0.0
0.0
0.0
0.0
0.0
0.0
0.0
0.0
0.0
0.0
0.0
0.0
0.0
1.44137
0.0
1.96387
0.0
0.0
1.00405
0.0
1.26842
0.0
0.0
0.0
3.10638
0.0
0.0
0.458216
0.0
0.0354274
0.0
1.08624
0.194272
0.0
0.0
0.0
0.0
0.0
0.0
0.0
0.0
0.0
0.0
0.0
0.0
0.0
0.528114
0.0
0.0
0.0
3.95491
0.0
0.0
0.0
0.0
0.0
0.0394082
0.0
0.0
0.0
0.0
0.0
0.863454
0.0
0.0
0.0
1.63348
0.0
0.0
0.0
3.33765
0.0
0.0
0.0
0.0
0.0
0.0
0.0
0.0
0.0
0.0
0.0
0.0
0.0
0.321237
0.0
0.0
1.26599
0.0
0.0
0.0
0.0
0.0
0.0
0.0
2.04914
0.0
0.0
0.0
0.0
0.0
0.0
0.201098
0.0
0.0
0.0
0.0
0.0
0.0
4.35839
1.71974
0.0
0.0
0.169377
0.0
0.0
0.0
0.0
0.0
0.0
0.811332
0.0
0.0
0.0
0.0
0.0
0.0
0.0
0.0
0.0
0.0
0.0
0.0
0.0
0.0
0.0
0.0
0.3142
0.0
0.308977
0.0
0.0
0.0
0.0
0.0
0.0
0.0
0.0
0.0
1.08818
0.0
3.7354
0.0
0.0
5.65803
2.63635
0.0
0.0
0.0
0.0
0.366748
0.0
0.0
0.0
0.0
0.0
0.0
0.352663
0.0
0.0
0.0
0.0
0.0
0.0
4.67156
2.59311
0.0
0.0
0.0
0.0
0.0
0.0
0.0
0.0
0.0
0.0
0.0
0.0
0.0
0.0
0.0
0.0
0.0
0.0
0.0
0.0
0.0
0.0
0.0
0.0
0.0
0.0
0.0
0.0
0.0
0.0
0.0
0.0
0.0
0.0
0.0
1.12694
0.0
0.0
0.0
0.0
0.0
0.0
0.0
0.0
0.871029
0.0
0.0
0.0
0.0
0.0
0.0
0.0
0.0
3.29363
0.0
0.0
2.75955
0.0
0.0
0.0
0.0
0.0
0.0
1.25562
0.0
0.0
0.0
0.0
0.262107
0.0
0.0
0.0
2.39578
0.0
0.0
0.015929
0.0
0.0
0.0
0.0
0.0
0.336165
4.66136
0.246113
2.28267
0.0
0.048897
1.14858
0.442459
2.04434
0.0
0.0
0.0
0.0
0.0
0.0
0.0
0.0
0.0
0.0
0.0
0.0
0.0
0.0
0.0
0.0
0.0
5.38118
0.0
0.0
0.0
0.0
0.0
0.0
0.0
0.0
0.0
0.0
0.0
0.0
0.0
0.0
0.0
0.0
0.0
0.0
0.0
0.0
0.0
0.0
0.035916
0.0
0.0
0.0
0.0
0.0
0.0
0.0
0.0
0.0
0.225751
0.0
0.0
0.0
0.0
0.0
0.0
0.0
0.757979
0.0
0.0
0.929183
0.0
0.0
0.0
0.0
0.580071
0.0
0.0
0.0
0.0
0.0
0.0
0.0
0.0
0.0
0.0
0.0
0.0
0.0
0.0
0.0
0.0
0.0
0.0
0.0
0.0
0.0
0.0
0.0
0.0
0.0
0.0
0.0
0.0
2.51874
0.0
0.0
0.0
0.0
0.0
0.0
0.0
3.9269
0.0
0.0
0.0
1.12837
0.0
0.0
0.0
0.194516
5.54256
0.0
0.0
0.0
0.0
0.0
0.0
0.0
2.30259
0.0
0.0
0.0
0.0
0.0
0.0
0.0
0.0
0.0
1.97329
0.0
0.0
0.0
0.0
0.0
0.0
0.0
0.0
0.0
0.0
0.0
0.0
0.0
0.0
2.30632
0.0
0.0
0.0
0.308247
0.0
0.0
0.0
0.0
0.0
0.0
0.0
0.0
0.0
0.0
0.0
0.0
0.0
0.0
0.0262792
0.0
0.0
0.165073
0.0
0.684118
0.0
0.0
0.0
0.0
0.0
0.0
0.0
3.99922
0.0
0.0
0.0
2.49231
2.2769
0.0
0.0
5.4019
0.0
0.0
0.0
0.0
0.0
0.854425
0.0
0.0
0.260361
0.0
0.0
0.0
0.0
2.11707
0.0
0.0
0.0
0.0
0.901827
0.0
0.0
0.0
0.0
0.337511
0.0
0.0
3.78937
0.0
5.04715
0.931203
0.0
0.0
0.0
0.0
0.0
0.0
0.0
0.0
0.0
0.0
0.0
0.0
0.0
0.0
0.0
0.0
0.0
0.754787
0.0
0.0
0.0
0.0
0.0
0.0
0.0
1.98161
0.0
0.0
0.0
0.0
0.0
0.0
0.79075
0.625426
0.0
0.0
1.91404
0.0
0.0
0.0
0.0
0.0
0.0
5.09504
0.0
0.0
0.0
0.0
0.0
0.0
0.0
0.0
0.0
0.0
0.246104
0.403071
0.0
0.0
0.0820975
0.0
0.0
0.0
0.0
0.0
0.0
0.0
0.0
0.0
0.565531
0.0
0.0
0.0
0.0
1.45503
0.0
0.797819
0.0
0.0
0.0
0.0
0.0
0.0
0.0
1.22312
0.425497
0.0
0.116046
0.553915
0.0
0.0
0.0
0.0
0.159465
0.0
0.0
0.0
0.0
0.0
0.0
0.0
0.0
0.0
0.0
0.0
0.0
0.0
0.0
0.0
0.0
0.0
0.0
0.0
0.0
0.0
0.0
0.0
0.0
0.0
0.0
0.0
7.93606
0.0
0.0
0.0
0.0
0.0
0.0
0.0
0.0
0.0
0.0
0.0
0.0
0.0
0.0
0.0
0.843624
0.0
0.0
0.0
0.0
0.406566
0.0
2.77206
0.0
0.296066
0.0
0.0
0.0
0.0
0.0
0.0
0.0
0.0
0.0
0.0
0.0
0.0
0.0
0.0
0.0
0.0827969
0.0
0.0
0.0
0.0
0.0
0.0
0.0
0.0
0.0
0.0
0.0
0.0
0.0
0.0
1.99229
0.147208
0.0
0.0
0.0
0.0
0.0
3.91807
0.0
0.0
0.536619
0.0
0.0
0.0
0.0
0.0
0.0
0.0
0.0
0.0
0.0
0.0
1.33899
0.0
0.0
0.0
0.0
1.8205
0.0
0.0
0.0
0.0
0.0
0.0
0.0
0.128804
0.0
0.0
0.0
0.0
0.0
0.0
0.0
0.0
0.0
0.0
0.0
0.0
3.10558
0.0
0.0
0.0
1.2614
0.0
0.0
0.0
0.0
0.0
0.0
0.0
0.0
0.0
0.0
0.0
0.0
0.0
0.0
0.0
0.0
0.0
0.0
0.0
0.0
0.0
0.0
0.0
0.0
0.0
0.0
0.0
2.09398
2.40989
0.0
0.0
4.2576
1.5882
0.0
0.0
0.0
0.0
0.0
0.0
0.0
0.0
0.0
0.0
0.0
3.46229
0.0
0.0
0.0
1.7933
0.0
5.4401
0.0
0.0
0.0
1.76996
0.0
0.0
0.0
0.0
0.0
0.0
0.0
0.0
0.0
0.0
0.0
0.0
1.07089
0.0
0.713656
2.2327
0.430165
0.0
0.0
0.0
0.0
0.0
0.0
0.0
0.0
0.0
0.0
0.0
0.0
0.0
0.0
1.45838
0.35775
0.0
0.0
0.0
0.0
0.0
0.0
0.0
0.0
0.412941
0.0
0.0
0.0705463
0.0
0.0
0.0
0.0
0.0
0.0
0.0
0.0
0.0
0.692235
0.926501
0.0
0.0
0.0
0.0
2.45601
0.0
0.0
0.0
0.0
0.0
0.0
0.0
0.0
0.0
0.0
0.0
0.0
0.0
0.0
0.0
0.0
0.0
0.0
0.0
0.0
0.0
0.0
0.0
0.0
0.0
0.0
0.0
0.0
0.0
0.0
0.0
0.0
0.0
0.0
0.931168
0.0
0.0
0.0
0.0
0.0
0.87904
0.0
0.0
0.0723348
0.0
0.0
1.23098
0.0
0.0
2.99709
0.0
0.3306
0.0
0.0
0.0
0.0
0.0
0.0
0.0
0.0
0.0
0.0
0.0
4.83512
0.0
0.0
0.0
0.0
0.0
0.0
0.0
0.0
0.0
0.0
0.0
0.0
0.0
0.0
0.0
0.0
0.0
0.0
0.975416
0.0
0.0
0.0
0.0
0.0
0.0
0.0
0.0
0.0
0.0
0.0
0.0
0.0
0.0
0.0
2.65828
0.0
0.0
0.973146
0.0
0.0
2.62286
0.0
5.17826
0.0
0.0
0.0
2.06238
0.0
0.0
0.0
1.91922
0.0
0.0
0.0
1.97649
0.0
0.0
0.0
0.0
1.02048
0.0
0.0
0.0
0.0
0.0
0.0
0.0
0.0
0.0
0.0
2.30607
0.0
0.0
2.78016
0.0
0.0
0.0
0.0
0.0
0.0
0.0
0.0
0.0
0.0980904
0.0
0.0
0.0
0.0
0.525117
0.0
0.0
0.0
0.0
0.0
0.0
0.0
0.0
0.0
0.0
0.0
0.0
0.0
0.0
0.0
0.0
1.95155
0.0
0.0
4.25902
0.0
0.7044
0.0
0.0
0.0
0.0
0.0
0.0
0.529127
0.0
1.80804
0.0
0.0
0.0
0.0
0.0
0.0
0.0
0.0
0.0
0.0
0.0
0.0
0.0
0.0
1.47582
0.51598
1.8239
1.54789
0.0
0.0
0.0
0.0
0.0
0.0
0.0
0.0
1.44951
0.0
0.0
0.0
0.0
0.0
0.0
0.0
0.0
0.0
3.22675
0.0
0.0
0.811354
0.0
0.0
0.0
0.0
0.0
0.0
0.0
2.6415
0.0
0.0
0.0
0.0
0.0
0.0
0.0
0.0
0.0
0.0
0.0
0.0
2.74678
0.0
0.0
0.0
0.0
0.0
0.0
0.0
4.88899
0.0
0.961317
0.0
0.0
0.0
0.0
0.0
0.0
0.0
0.0
0.0
0.0
0.0
0.0
0.0
0.0
0.0
0.0
0.0
0.0
2.26023
0.0
0.0
0.0
0.0
0.0
3.07623
1.14035
1.29396
0.0
0.0
0.0
0.0
0.0
0.0
0.0
0.0
0.0
0.0
0.0
0.0
0.0
0.813183
0.0
0.0
1.997
0.0
0.0
0.0
0.184611
0.0
0.900313
2.85946
0.0
0.0
0.0
5.02863
0.0
0.0
0.0
0.0
0.0
0.0
0.0
4.35745
0.0
2.12817
0.0
0.0
4.64954
0.0
0.0
0.0
0.971668
5.96777
0.0
0.0
0.0
0.348927
0.0
0.0
2.55493
0.0
0.0
0.0
0.0
0.0
0.0
0.0
0.0
0.0
0.0
0.0
0.0
0.0
0.0
0.0
0.0
0.0
1.58483
0.0
0.0
0.0
0.0
0.0
0.0
0.0
0.594896
2.48069
0.0
0.0
0.0
0.0
0.985133
0.0
0.0
0.0
0.0
1.26808
0.0
0.0
3.71606
0.0
0.627836
0.0
0.0
0.334087
3.37081
0.0
0.0
0.0
0.0
0.0
0.080369
0.0
0.0
0.0
0.0
0.0
0.0
0.977003
1.36514
0.0
0.0
0.0
0.0
0.920337
0.0
0.0
0.0
0.0
0.0
0.0
0.0
0.0
2.02229
0.0
0.0
0.0
0.0
0.0
0.0
3.36855
0.0
0.0
0.0
0.0
0.0
0.0
0.0
0.0
0.0
0.0
0.0
0.0
0.0
0.0
0.0
0.0
0.217245
0.0
1.89174
0.0
0.0
0.0
0.0
0.0
0.0
0.0
0.0
0.0
0.0
0.0
6.46429
0.0
0.0
4.21786
0.0
0.0
0.0
1.86538
0.0
0.0
0.0
0.0
0.0
3.19949
0.0
2.22652
0.0
0.0
2.18274
0.0
0.0
0.0
0.0
0.0
0.0
2.18421
0.0
0.0
0.348381
0.0
0.0
0.0
0.0
0.0
0.0
0.0
0.0
0.0
0.0
0.0
0.0
0.0
0.0
0.0
0.0
0.0
0.0
2.79416
0.0
0.0
0.0
0.0
0.0
1.67319
0.150097
0.801335
1.58371
0.0
0.0
0.0
0.0
0.0
0.0
0.117532
0.0
0.0
0.0
1.58814
0.0
0.0
0.785638
0.0
0.0
0.0
0.0
0.0
0.0
0.0
0.0
1.17473
0.818147
0.0
0.0
0.0
0.0
0.148383
0.0
0.640849
2.57515
0.0
0.0
0.0
0.0
0.0
0.0
0.0
0.0
0.0
0.0
0.0
3.5548
0.0
0.0
0.0
0.0
0.0
1.01685
0.0
0.0
0.0
0.0
1.6867
0.80497
0.0
1.75656
0.0
4.30051
0.486579
0.0
0.0
0.0
0.0
0.0
0.0
0.0
0.0
3.82738
0.0
0.0
0.0
0.0
0.401885
0.0
0.0
0.0
0.0
0.0
0.0
0.0
0.0
0.0
0.0
0.0
0.0
0.0
0.0
0.0
0.0
0.0
0.0
0.0
0.0
0.0
0.0
0.0
0.0
0.0
0.0
2.14368
0.0
1.88163
0.0
0.0
0.0
0.0
0.0
0.0
0.0
0.0
0.0
0.0
2.41006
0.0
0.0
0.0
2.11017
0.0
2.86165
0.779099
0.0
0.0
0.0
0.0
0.0
0.0
0.0
0.0
0.0
0.0
0.0
0.0
0.0
0.0
0.0
0.493491
0.0
0.0
0.0
0.0
0.0
0.0
0.0
0.0
2.37125
0.0
0.43063
0.0
0.0
0.0
0.0
0.0
0.0
0.766925
0.0
2.47805
2.60778
0.0
0.0
0.0
0.0
1.96597
0.0
0.0
3.25182
0.0
2.13598
0.0
0.0
0.0
0.0
0.0
0.0
0.0
0.0
0.0
0.0
0.0
0.0
0.0
2.77454
0.0
2.69525
0.0
0.0
0.0
0.0
0.0
0.0
0.0
0.0
0.0
0.0
0.695472
1.48577
0.0
0.0
0.0
0.0
0.0
0.0
0.0
0.0
0.0
0.0
0.0
0.0
0.0
0.0
0.0
0.0
0.0
0.0
0.0
0.0
0.0
0.0
0.0
0.0
0.0
0.0
0.0
0.0
0.0
0.0
0.0
0.0
0.0
0.0
0.0
0.0
0.0
0.0
0.0
0.0
0.0
0.0
0.0
0.0
0.0
0.0
0.0
0.0
0.0
1.60894
0.0
0.0
0.0
0.0
1.33654
0.0
0.0
0.0
0.0
0.0
0.0
1.44678
0.0
0.0
0.0
0.0
0.0
0.0
0.0
0.0
0.0
0.0
0.0
0.0
0.0
0.0
1.36236
0.0
0.0
0.0
0.0
1.5487
0.0
0.0
0.0
0.0
0.0
0.0
0.0
0.0
1.70361
0.0
4.91173
3.90547
0.0
0.0
0.0
0.0
0.0
1.34286
1.2026
0.0
0.0
0.0
1.49706
0.0
0.0
0.0
0.0
0.0
0.0
0.0
0.0
0.0
1.55431
0.0
0.0
0.0
0.0
0.0
0.0
0.0
0.0
1.09262
0.0
0.550721
3.57181
0.0
4.21529
0.0
0.0
0.0
0.0
4.47859
0.0
0.751069
0.330603
0.798412
2.26331
1.25453
0.0
0.0
0.0
0.0
0.0
0.0
0.552381
0.0
0.0
0.0
0.0
0.0
0.0
0.00916386
0.0
0.0
0.0
0.0
0.0
0.0
0.0
0.0
0.0
0.0
0.0
0.0
6.07664
0.0
0.0
0.0
0.0
0.0
2.40095
1.76416
0.0
0.0
0.0
0.0
0.0
0.0
0.0
5.18475
0.0
0.0
0.16789
0.0
0.0
0.0
0.0
0.0
0.0
0.0
0.0
0.0
0.0
0.0
0.0
0.0
0.0
0.0
0.0
0.0
0.0
0.0
0.0
0.0
0.0
0.0
0.0
0.0
0.0
0.0
0.0
0.0
0.0
3.13714
0.0
0.0
0.0
0.0
3.05049
1.63467
2.1057
0.0
0.0
0.0
0.0
0.0
0.0
0.511077
0.0
0.0
0.0
2.10868
2.27609
7.82564
0.0
0.0
0.0
0.0
0.0
0.0
0.0
0.0
0.0
0.0
0.0380292
0.0
0.0
0.0
0.0
0.0
0.0
0.269704
0.0
0.0
0.0
0.0
0.0
0.0
1.74629
0.0
0.0
0.0
0.0
0.0
0.0
0.0
2.29988
1.7419
0.0
0.0
0.0
0.0
0.0
0.0
3.05193
0.0
0.0
0.0
0.0
1.47408
0.0
0.0
0.0
2.46481
0.0
0.0
0.0
0.0
0.0
0.0
0.0
0.0
0.0
0.0
0.0
0.0
0.0
0.0
0.0
0.0
0.0
0.0
0.0
0.0
0.862921
0.0
0.0
0.0
0.0
0.0
0.0
0.0
0.0
0.0
0.0
0.0
0.0
1.69229
0.0
0.0639771
0.0
0.0
1.31798
0.0
0.0
0.0
2.36116
0.0
0.0
2.03027
0.0
0.0
0.0
0.0
0.0
0.0
0.0
0.0
0.0
0.0
0.790307
1.64764
0.0
0.0
0.0
0.0
1.51634
0.0
4.7415
0.0
0.0
0.0
0.0
0.0
0.0
0.0
0.0
0.0
0.0
0.0
0.0
0.0
0.868115
0.0
0.0
0.0
0.0
0.0
0.0
0.0
0.0
0.0
0.0
0.0
0.0
0.0
0.0
0.0
0.0
0.425732
0.896407
0.0
0.0
0.0
2.11002
0.0
0.0
0.0
0.0
0.31603
0.0
0.0
0.0
0.0
0.0
0.0
0.0
0.0
0.0
0.0
0.0
0.0
0.0
0.0
0.0
0.0
0.0
0.0
0.0
0.0
0.0
0.0
0.0
0.0
0.0
0.0
0.0
0.0
0.0
0.0
0.0
0.0
0.0
0.0
0.0
2.34469
0.0
2.87283
0.93577
0.0
2.1578
0.0
0.0
0.0
0.0
2.83948
0.0
0.0
0.0
0.0
0.0
0.0
2.01421
0.0
0.0
0.213527
0.0
0.144873
0.911775
0.0
0.0
2.95
0.0
4.1484
3.4069
0.0
0.0
0.0
0.0
0.0
1.20546
0.0
0.0
0.913658
2.5582
1.35145
0.0
0.0
1.98103
0.53216
0.0
0.0
0.0
0.0
0.0
0.0
0.0
0.0
0.0
0.0
0.0
0.0
2.9788
0.0
0.0
0.0675278
0.0
1.25564
0.0
0.0
0.0
0.0
0.0
0.0
0.0
0.0
0.0
3.6438
0.0
0.0
0.0
0.0
0.0
0.0
0.0
0.0
0.0
0.0
0.0
1.33005
0.406337
0.0
0.0621887
0.0
0.0
0.0
0.0
0.0
0.0
0.0
0.0
0.482537
0.0
0.0
0.0290208
0.0
3.28606
0.0
0.0
0.0
0.0
0.0
0.0
0.0
0.0
0.0
0.0
0.0
0.0
0.0
0.0
2.1569
0.0
0.0
0.0
0.0
0.0
2.46639
0.0
0.0
0.0
0.0
0.0
0.0
0.0
0.906581
0.0
0.0
0.0
0.0
0.42819
0.0
0.0
0.0
0.0
0.279576
0.0
0.0
0.0
0.0
0.0
0.0
0.0
0.0
1.33311
0.0
0.0
0.0
0.0
0.0
0.0
0.0
3.70943
0.0
2.34051
0.0
0.0
0.0
0.0
3.48899
0.0
0.493944
0.0
0.0
0.0
0.0
0.0
0.418082
0.0
2.98775
0.0
0.0
0.0
0.0
1.40237
0.0
0.0
0.0
0.0
0.739325
0.0
0.0
1.10764
0.0
0.0
0.0
2.12217
0.0
0.0
0.0
0.818534
0.0
0.0
0.0
0.0
0.0
0.0
0.0
0.0
0.0
0.0
0.0
0.0
0.0
0.0
0.0
0.0
0.0
0.0
0.0
1.46859
0.0
0.0
0.0
0.0
0.0
0.0
0.0
0.0
0.0
0.0
0.0
0.0
0.0
0.0
0.0
0.0
0.0
0.0
0.0
0.0
0.0
0.0
0.667079
2.9459
0.0
0.0
0.0
0.0
0.0
0.0
0.0
0.0
0.0
0.0527886
0.0595678
0.0
0.0
0.0
0.0
0.0
0.953961
0.0
0.0
0.0101808
0.0
0.905036
0.0
0.0
0.0
0.0868869
0.0
0.0
0.0
0.0
0.0
0.0
0.0
1.38556
0.0
0.0
0.0
0.0
0.0
0.0
0.0
0.0
0.0
0.0
0.0
0.0
2.36659
0.0
0.0
0.0
0.0
3.49839
0.0
0.603174
0.0
0.0
0.0
0.0
2.08177
0.0
5.40462
0.0
0.0
0.0
0.0
0.669334
0.0
0.0
0.0
0.0
0.0
0.0
0.0
0.0
0.0
0.0
0.0
0.0
0.0
0.0
0.0
5.68943
0.0
0.0
0.0
0.0
0.205251
0.0
0.0
0.0
0.0
0.0
0.0
0.979532
0.0
0.0
0.0
0.51619
0.0
0.0
0.0
0.0
0.0
0.0
0.0
0.0
0.834771
0.0
0.405757
0.0
0.0
0.0
2.42164
0.0
1.04071
0.0
1.18698
0.0
0.0
0.0
0.0
0.0
0.0
3.32347
0.0
0.0
0.0
0.0
0.0
3.71438
0.0
0.0
0.0
0.0
1.99822
0.0
0.0
0.0
0.0
0.0
0.892075
0.0
0.0
0.0
0.0
0.0
0.0
2.10137
1.94543
0.0
0.0
0.0
0.0
0.0
5.44085
0.0
0.0
0.0
0.0
0.0
0.0
0.0
0.0
0.0
0.0
0.0
0.0
0.0
0.0
0.0
0.312294
0.0
0.716075
3.40467
0.0
0.0
0.0
0.0
2.25637
0.369884
0.0
0.0
2.02343
0.0
1.16931
2.93356
1.36057
0.0
0.0
0.0
0.0
0.0
0.0
2.08287
0.0
0.0
0.0
0.0
0.0
1.27648
0.0
0.0
0.0
0.0
0.0
0.0
0.55451
0.268064
0.0
0.0
1.38722
0.0
0.548556
0.0
0.0
0.0
0.502803
0.0
0.0825234
0.0
0.0
0.0
0.0
0.0
0.0
0.0
0.0
0.0
0.0
0.0
0.0
0.0
0.0
0.0
0.0
0.0
3.13682
0.0
0.0
3.64939
0.0
0.0
0.0
0.0
0.0
0.0
0.0
0.0
1.03148
0.0
0.0
0.0
0.0
0.0
0.0
0.0
0.114
0.550703
0.0
0.0
0.914863
0.0
0.0
0.0
0.0
0.0
0.0
0.0
0.0
0.0
0.0
0.0
0.0
0.0
0.0
0.0
0.0
0.0
0.0
0.0
0.0
0.760559
0.0
0.0
0.0
0.759962
2.02621
0.0
0.0
0.0
0.0
0.0
0.0
0.0
0.0
0.334112
0.0
0.0
0.622099
0.165368
0.0
0.0
0.0
0.0
0.0
0.0
0.0
0.0
0.0
0.0
0.0
0.0
0.0
0.835478
0.0
0.771064
0.0
0.0
0.0
2.52121
0.0
0.0
0.0
1.52041
0.0
0.0
0.0
0.0
0.0
0.0
0.0137032
1.357
0.0
0.0
0.0
0.255869
0.0
0.0
0.0
0.0
0.0
0.0
0.0
0.0
0.0
0.0
0.0
0.0
0.0
1.80749
0.0
0.0
0.0
0.0
0.0
0.0
0.0
0.0
0.0
0.0
0.0
0.0
0.0
3.69086
0.0
0.0
0.0
0.0
1.33936
0.0
0.0
0.0
0.0
0.0
0.0
1.79754
0.0
0.0
0.0
0.731691
0.0
0.0
0.0
0.0
0.0
0.0
0.0
0.0
0.0
0.0
0.0
0.0
0.0
0.0
0.0
0.0
0.0
0.0
0.0
0.0
0.0
0.0
0.0
0.0
0.0
0.0
0.0
0.0
0.0
0.0
0.0
4.33362
0.0
0.0
0.0
0.0
0.0
0.0
0.0
0.0
0.723276
0.308501
0.0
4.82055
0.0
0.0
0.0
0.218522
0.0
0.0
0.0
0.0
0.0
0.0
0.0
0.0
0.0
0.0
0.0
0.0
0.0
0.0
0.0591319
0.0
0.0
3.18631
0.79909
0.0
0.0
0.0
0.0
0.0
1.13854
0.0
4.91112
0.0
0.0
0.0
4.44177
0.0
0.0
0.0
0.0
0.0
0.0
0.0
0.0
0.0
0.0
2.78119
0.0724806
0.0
0.0
0.0
0.0
0.0
0.0
0.0
0.0
0.0
0.0
0.0
0.0
0.0
0.0
1.69777
2.29677
0.0
3.84657
3.08801
0.208655
0.0
0.0
6.0796
0.0
0.0
0.362692
0.0
0.0
0.0
6.73538
0.0
0.0
0.0
0.0
0.0
0.0
0.0
0.0
0.0
0.0
0.884764
0.0
5.52043
0.0
0.0
0.0
0.0
0.0
1.89457
0.0
0.0
0.0
0.0192361
0.0
0.0
0.0
0.0
2.60767
0.0
0.0
0.0
0.0
0.0
0.0
0.0
0.482696
0.0
0.0
0.0
0.0
0.0
0.0
2.66549
0.0
0.0
0.0
3.47329
0.0
0.0
0.0
0.0
0.0
0.0
0.0
0.0
0.0
0.0
0.0
0.0
0.0
0.0
0.0
0.0
0.0
5.17467
0.698504
1.14952
0.0
0.0
0.0
0.0
0.0
0.0
0.0
0.0
0.0
1.59362
0.0
0.0
0.0
0.0
0.0
0.0
0.0
0.0
0.0
0.0
0.0
0.0
0.0
0.0
0.0
0.0
1.02798
0.0
0.0
0.0
0.0
0.0
0.0
0.0
0.0
0.0
1.11088
1.28155
0.0
0.0
2.20389
0.0
0.0
0.0
0.0
0.0
0.0
0.0
0.0
0.0
0.0
0.0
0.0
0.0
0.0
0.0
0.0
0.0
0.0
0.0
0.648697
0.990214
0.0
0.0
0.0
1.25122
0.0
2.52595
0.0
0.0
0.0
0.0
0.0
0.0
0.0
0.941394
2.92644
0.0
0.0
0.0
0.0
0.0
1.46451
0.0
0.0
0.0
0.0
0.0
0.0
5.907
0.0
0.0
0.0
0.0
0.0
0.0
0.103718
0.0
0.0
0.0
0.0
0.684993
0.0
0.0
0.0
0.0
0.365229
0.0
0.0
0.0
0.0
0.0
0.0
0.0
1.13509
0.0
0.0
0.0
0.0
0.0
0.0
2.85431
0.0
0.0
0.0
0.0
0.0
0.0
0.0
0.0
0.0
0.0
0.0
0.0
0.0
0.0
0.0
0.0
0.0
0.0
2.41202
2.66632
0.0
0.0
1.43713
0.0
0.0
0.0
3.21569
0.0
0.0
0.0
0.0
0.0
0.0
0.0
2.83495
0.0
0.0
1.65631
0.0
0.0
0.0
0.0
0.0
0.0
1.04745
0.561185
0.0
0.0
0.0
0.0
0.0
0.0
0.0
0.0
1.82844
0.0
0.517307
0.0
0.0
0.0
0.0
0.0
0.740722
0.0
0.0
0.0
0.0
0.0
0.0
0.0
0.0
0.0
0.0
0.0
0.0
0.0
0.0
0.0
2.14394
0.0
0.0
0.0
0.0
0.0
0.0
0.0
0.0
0.0
0.0
0.0
0.0
0.0
0.0
0.0
0.0
3.99727
0.0
0.0
0.0
0.0
0.0
0.316177
0.0
0.0
0.0
0.221901
0.0
0.0
0.0
0.0
0.0
0.393562
0.0
0.0
0.0
0.0
0.0
0.0
0.0
0.0
0.0
0.0
0.0
0.0
0.0
0.0
0.0
1.34822
0.0
0.0
0.0
0.0
0.0
0.0
0.0
0.0
0.0
0.0
0.0
0.0
0.0
0.0
0.0
0.0
0.0
0.0
0.0
0.0
0.0
0.0
0.0
1.29098
0.820839
0.433346
0.0
0.243812
0.0
0.291551
0.0
0.0
0.0
0.0
0.0
0.0
0.0
0.0
0.0
1.40965
0.0
2.91539
0.00713509
0.0
0.0
0.568509
0.0
0.334781
0.0
0.0
0.0
5.08314
4.27388
0.0
0.0
0.0
0.0
0.0
0.0
0.0
0.0
0.293366
0.0
0.0
0.0
0.0
0.0
0.47543
0.0
0.0
0.0
0.0
0.0
0.0
0.0
0.0
0.0
0.0
5.18995
0.0
0.0
0.0
0.0
0.0
0.0
0.0
0.0
0.0
0.0
0.0
0.0
0.0
0.0
0.0
0.0
0.0
0.0
0.0
0.629639
0.436246
0.0
0.0
0.0
0.0
0.0
1.77746
0.0
0.0
0.965544
1.29422
0.0
0.0
0.0
0.0
0.0
0.0
0.0
0.0
0.0
0.0
0.0
0.0
0.0
0.0
0.0
0.0
0.0
0.0
0.0
0.0
0.0
1.48175
0.0
0.0
0.0
0.0
0.544961
0.0
2.16573
0.0
0.0
0.0
0.0
0.0
0.0
0.0
0.0
3.30451
0.0
0.0
0.0
0.0
0.0
0.0
0.0
0.0
0.0
0.0
0.407228
0.0
0.0
0.0
0.0
0.0
0.0
0.0
0.0
0.0
0.0
0.0
0.0
2.06056
3.03909
0.0
0.0
1.63184
0.0
0.0
0.0
0.0
0.0
0.0
0.0
0.0
1.25441
0.0
0.0
0.0
0.0
0.0
0.0
0.0
2.4726
0.0
0.0
0.0
1.61239
0.0
0.76337
0.0
0.0
0.0
0.0
0.0
0.0
0.0
0.0
0.0
0.388107
0.0
0.0
1.85631
0.0
0.0
0.0
0.0
0.0
0.0
0.0
0.0
0.0
0.0
0.0
0.0
2.26837
0.0
0.0
0.0
0.0
0.0
0.0
0.0
0.0
0.0
0.0
0.0
0.0
0.0
0.0
0.0
6.40924
0.0
0.0
0.0
0.0
0.0
0.0
0.0
0.0
0.0
0.0
0.0
0.0
1.14061
0.0
0.0
4.98287
0.0
0.0
0.0
1.71215
0.0
0.0
0.0
0.0
0.0
0.0
0.0
0.0
0.0
0.0
0.0
0.275071
0.0
0.0
0.0
0.0
0.0
0.0
0.0
0.0
0.0846271
0.0
2.41725
0.0
0.0
0.0
0.0
0.0
0.381597
0.0
1.626
1.73835
0.0
0.0
0.0
1.25863
0.0
0.0
0.0
0.0
0.0
0.0
0.384187
0.0
1.70277
0.0
0.0
0.0
0.0
0.0
0.0
0.0
0.0
0.0
0.0
0.810405
0.0
0.0
0.0
0.0
1.32702
0.0
2.53708
0.0
0.0
0.0
0.0
0.0
2.79437
0.0
0.0
0.50303
0.0
0.0
0.0
0.0
0.0
0.0
0.0
0.0
0.0
0.0
0.0
0.828257
0.0
0.0
0.0
0.0
0.0
0.0
0.0
0.0
0.0
0.0
0.0
0.0
0.0
0.0
0.0
0.0
0.0
0.0
0.0
0.193627
0.0
5.80791
0.0
0.0
0.0
0.0
0.0
0.0
0.0
0.0
0.0
0.0
0.171977
0.0
0.0
0.0
0.776625
0.0
0.0
0.0
0.0
0.0
0.0
0.0
0.0
0.0
3.10507
1.08251
0.314631
0.0
0.0
0.0
0.0
0.0
0.0
1.13341
0.0
0.0
0.0
0.0
0.0
0.0
0.0
0.164876
2.01629
0.0
0.0
0.0
0.0
3.23715
0.0
1.02975
0.0
0.0
1.76566
0.596007
0.0
0.0
0.0
0.0
0.0
0.0
0.0
0.0
0.0
0.0
0.0
0.0
0.0
0.0
0.0
0.0
0.0
0.0
0.0
0.0
2.42756
0.0
0.253158
1.45185
0.0
0.0
0.0
0.0
0.0
0.0
0.0
0.700371
3.03674
0.0
0.0
0.923
0.0
0.0
0.0
0.0
0.0
0.0
0.0
0.0
0.0
0.0
0.99292
1.5384
0.0
0.0
0.0
0.0
0.0
4.36647
0.0
0.0
0.0
0.0
0.0
0.0
0.0
0.0
0.0
0.0
0.0
0.0
0.0
0.0
0.0
0.0
1.28343
2.93406
0.0
0.0
0.0
0.0
0.0
0.0
0.0
0.0
0.0
2.53201
0.398288
0.0
0.0130322
0.0
0.0
0.0
0.0
0.0
0.0
0.0
0.0
0.0
2.75303
0.0
0.0
0.0
0.0
6.00832
0.0
0.0
0.0
0.0
0.0
0.0
1.04655
0.0
0.0
0.0
0.0
1.8137
0.0
0.0
0.530789
0.0
0.0
0.0267479
0.0
0.0
0.0
0.0
0.0
0.0
4.7126
0.0
0.0
0.0
0.0
0.580979
0.0
0.0
0.0
0.0
0.0
0.0
2.61346
0.789677
0.0
0.0
0.0
0.0
0.0
0.0
0.0
0.0
2.63606
0.0
0.0
0.0
0.0
0.0
0.0
0.0
0.0
3.34523
0.0
0.0
5.77709
0.0
0.0
0.0
0.0
0.0
0.0
0.0
0.0
2.85383
0.0
0.0
0.0
1.49212
0.0
0.0
1.30268
0.0
0.0
0.0
0.0
2.30903
3.42358
0.0
0.0
0.0
0.0
0.0
0.0
0.0
0.0
0.0
0.0
0.0
0.0
0.0
0.0
0.0
0.0
0.0
0.0
0.0
0.0
0.0
0.0
0.0
0.400715
0.0
0.0
0.0
0.0
0.0
0.0
0.0
0.76532
1.45831
0.128526
2.32689
0.0
0.0
0.0
0.0
0.973575
0.0
0.0
0.956182
0.0
2.18686
0.0
0.0
0.0
0.0
0.0
0.0
0.0
0.0
0.0
0.0
0.0
0.0
0.0
0.0
0.0
2.15676
0.0
5.03751
0.0
0.0
0.0
0.0
0.794646
0.0
0.0
0.0
2.6526
0.0
3.844
0.0
0.0
0.0
0.0
0.0
0.0832752
0.0
2.28697
0.0
0.0
4.35141
0.943026
0.0
0.0
0.0
0.0
0.0
0.0
0.0
0.0
0.0
0.0
0.0
3.50902
0.0
0.791754
0.0
0.0
0.0
2.03963
0.0
6.6993
0.0
0.0
0.0
0.0
2.17219
0.0
0.0
0.0
0.0
0.760562
2.8316
0.0
0.0
0.0
1.21688
0.0
0.0
0.0
0.0
0.0
0.0
0.0
0.0
0.0
0.0
0.0
0.0
0.890238
0.0
0.0
0.0
0.0
0.0
1.88235
1.48229
0.0
0.0
0.0
0.0
0.0
0.0
0.0
0.0
0.0
0.0
0.0
0.884123
0.0
0.0
0.0
0.0
0.0
0.0256562
0.0
0.0
2.00861
0.0
0.0
0.0
0.0
0.0
1.20349
0.0
0.0
0.0
0.0
0.0
0.0
0.303095
0.0
0.0
1.64369
0.0
2.25063
0.861225
0.0
0.0
0.0
0.0
0.0
0.0
0.0
0.0
0.0
0.0
0.0
0.0
0.0
0.0
0.0
0.0
1.04179
0.0
0.339732
0.0
0.0
0.733147
0.0
0.0
0.0
0.0
1.30273
0.0
0.0
0.0
0.0
0.0
0.0
0.0
0.0
0.0
0.0
0.0
0.0
0.0
0.0
0.0
0.0
0.0
0.0
0.0
0.0
0.0
0.0
0.928501
0.0
4.93051
0.0
0.123736
0.0
1.42623
0.0
0.0
5.08846
0.0
0.0
0.0
0.0
0.0
0.0
0.0
2.67214
0.0
0.42667
0.0
0.0
0.0
0.0
1.14335
0.0
0.0
0.0
0.0
0.0
0.0
0.0
1.73219
0.0
0.0
0.0
0.0
0.0
0.0
0.0
0.0
1.0522
0.0
0.0
0.0
0.0
0.0
0.0
0.0
2.51253
0.0
0.0
0.0
0.0
5.23924
0.0
0.0
0.0
0.0915676
0.0
0.54163
0.0
0.0
3.21511
0.0
0.0
0.0
0.0
0.168918
0.424167
0.0
0.0
0.0
0.0
4.42271
0.0
0.0
1.44706
0.0
0.0
0.0
0.0
0.0
0.0
0.0
0.59587
0.0
1.64824
0.0
0.0
0.0
0.0
2.81369
0.0
4.93981
0.0
0.0
0.0
0.0
0.0
1.52823
0.0
0.0
2.54863
0.0
0.0
0.0
0.844412
0.740991
2.92529
0.0
1.24981
0.0
3.5848
0.0
0.0
0.0
0.0
0.0
0.0
0.0
0.0
0.0
0.0
0.0
0.0
0.612848
0.0
0.0
0.0
0.0
0.0
0.0
0.0
0.0
0.0
0.0
0.0
1.19438
0.0
0.824689
0.0
2.64008
0.0
0.0
0.0
0.0
0.0
0.0
0.0
0.952192
0.0
0.0
0.0
0.0
0.0
0.0
0.0
0.0
0.0
1.68891
0.070678
0.0
0.0
0.0309618
0.586304
4.14019
0.0
0.0
0.519915
0.0979314
0.356707
0.365667
0.0
0.641524
0.0
0.0
0.0
0.0
0.0
0.0
0.0
0.0
0.0
0.313695
0.0
0.0
0.0
0.0
0.0
0.0
0.0
0.0
0.0
0.0
0.0
0.0
0.0
0.0
0.0
0.310463
0.0
0.0
0.0
0.0
0.0
0.0
0.673179
0.0
0.0
0.413255
0.0
2.14095
0.0
0.0
0.0
0.0
0.0
0.0
0.0
0.0
0.0
1.32368
0.0
0.244983
0.0
0.0
0.0
0.0
0.0
0.0
0.0
0.0
0.0
