0.0
0.0
2.12127
0.0
0.0
0.0
0.332267
0.0
0.0
0.0
0.0
0.0
0.0
2.18544
0.0
1.13753
0.0
0.0
0.213829
0.991499
0.0
2.11742
0.0
0.0
2.14131
0.0
0.0199775
0.0
0.0
0.0
0.0
0.923766
0.0
3.88077
0.0
0.0
0.0
0.0
0.0
0.0
0.0
0.0
0.0
1.14517
0.0
0.0
0.466099
0.0
0.0
1.67572
0.0
0.0
0.0
0.0
0.0
0.0
0.0
0.00993088
0.0
0.0
1.79565
0.0
0.451839
2.25458
1.44853
0.377908
0.142823
0.0
0.0
0.0
0.0
0.0
0.0
0.0
0.0
0.0
0.0
0.0
0.0
0.0
0.0
0.0
0.0
0.0
0.0
0.0
0.0
0.0
0.0
0.0
0.0
0.0
0.0
0.0
0.0
0.0
0.0
0.0
0.0
0.0
0.0
0.0
0.0
0.720204
0.0
0.0
0.695711
0.0
0.0
0.0
0.0
0.0
0.116056
2.91307
0.472434
0.0
0.0
1.50773
0.0
0.0
0.468197
0.0
0.0
0.0
0.0
0.0
0.0
2.57089
0.0
0.0
0.0
0.733362
0.0
0.0
0.0
0.0
0.0
0.0
0.0
0.0
0.0
0.0
0.0
0.0
0.0
0.0
1.25546
0.0
1.90898
0.0
0.0
0.0
0.374096
0.0
0.0
0.0
0.0
0.0
0.0
0.0
0.0
0.0
0.515103
0.0
0.0
0.0
0.0
0.0
0.354025
2.71797
0.0
0.209218
0.0
0.0
0.0
0.0
0.0
0.0
0.0
0.0
1.97425
0.0
0.0
0.0
0.0
0.0
0.194741
0.696426
0.0
0.683498
0.135346
0.0
3.17753
0.875345
0.0
0.0
0.0
0.0
0.0
0.0502407
0.372165
4.08478
0.0
0.0
0.0
0.0
0.0
0.0
0.0
0.0
0.0
0.0
0.0
0.0
0.0
1.77534
0.0
0.0
0.0
0.0
0.0
3.13897
0.0
0.0
0.0
0.0706204
0.0
1.41421
0.347909
0.0
0.0
0.0
0.0
2.15688
0.0
0.0
0.0
0.974001
2.04428
1.27681
0.0
0.891283
0.0
1.51182
0.0
0.0
1.71771
4.06927
0.0
0.0
0.0
1.8907
0.0
0.0
0.0
0.0
0.0
0.338462
0.0
0.0
0.0
0.0
0.0
0.0
0.0
0.0
0.00480549
0.0
0.783427
0.0
0.0
0.0
0.0
0.0
0.0
0.0
0.0
0.555416
0.0
0.0
0.780538
0.0
0.0
2.6122
0.0
0.0
0.0
0.60477
0.0
0.0
0.0
0.0
0.0
0.0
0.107106
0.0
0.0
0.0
0.0
1.26416
0.0
3.72956
0.0
0.0
0.0353316
0.0
0.0
0.0
0.0
0.0
0.0
0.0
0.0
0.122815
0.0
0.0
0.0
0.0
1.07666
0.0
0.0
0.0
0.0
0.0
0.0
0.0
1.18698
0.0
0.0
0.0
0.0
0.0
0.0
0.441996
0.0
0.0
0.0
0.0
0.0
0.0
0.0
0.0
0.298491
0.0
3.50104
2.62349
0.0
0.0
0.0
0.0
0.0
0.0
0.0
0.0
0.0
1.58629
0.0
0.0
0.0
0.0
1.28612
0.0
0.0
0.0
0.0
1.62494
0.0
0.0
0.0
0.0
0.0
0.0
0.0
0.0
0.0
0.269585
0.0
0.0
0.0
0.983692
0.347707
0.0
0.134335
0.126063
0.0
0.0
0.0
2.7948
1.64871
3.14882
0.0
0.0
0.0
0.0
0.0
2.24904
1.95268
0.0
0.0
0.0
0.0
0.0
0.0
0.0
0.0
0.0
0.156787
0.0
0.0
0.0
0.0
0.0
0.0
0.0
0.120241
0.0
0.0
0.0
0.0
0.0
0.0
0.0
2.17324
0.0
0.0
0.0
0.0
0.579881
0.0
1.9685
1.3435
0.0
0.0
0.0
0.0
0.0
0.0
0.0
0.318022
0.0
0.0
0.0
0.0
0.0
0.0
0.066375
0.0
0.0
0.0
0.0
0.0
0.0
0.0
0.973796
0.0
1.34322
0.0
0.0
0.0
0.39276
0.0
1.79159
0.0
0.0
0.0
1.71053
2.40206
0.0
0.0
1.87045
0.0
0.106564
0.0
0.0
0.0
0.0
0.0
0.0
1.43502
0.0
0.0
0.0
0.0
0.677098
0.0
0.0
0.0
0.0
0.0
0.0
0.0
0.0
0.0
0.0
0.378785
0.97639
0.999379
0.457509
0.0
0.0
0.0
0.0
0.0
0.0
0.200762
0.924877
0.0
0.0
0.0
1.09737
0.0
0.0
0.0
0.0
0.210669
0.0
0.0
2.13458
0.0
0.0
0.0
0.0
0.0
0.990323
0.0
1.40145
0.0
0.0
0.0
0.0
0.795056
0.0
0.0
1.08389
0.0
0.0
0.0
0.0
0.0
0.663534
0.0
0.0
0.0
0.643726
0.0
0.0
0.0
0.0
0.0
0.0
0.0
2.26659
0.0
0.0
1.95386
0.0
2.0095
0.0
0.0
0.0
0.0
0.0
0.0
0.59376
0.0
0.0
2.59036
0.0
0.0
0.0
0.0
0.0
0.0
0.0162369
0.0
0.0
0.0
0.0
0.0
0.0
0.393091
0.0
0.0
0.507601
0.0
0.0
0.0
1.11294
0.0
0.0
0.0
0.0
0.0
0.0
0.0
0.0
1.53755
0.0
0.0
0.0
0.0
1.11716
0.0
0.0
0.0
0.0
0.0
0.0
3.72519
0.0
1.75969
0.0
0.0
0.0
0.0
0.0
0.0
0.0
0.0
0.0
2.45153
0.0
0.0
0.0
0.0
0.0
0.0
0.0
0.0
0.0
0.0
0.0
0.0
0.0
0.0
0.0
0.179362
0.0
0.0
0.0
0.0
0.402093
0.0
2.2242
0.0
0.168382
0.0
0.0
0.0
0.0
0.0
0.0
0.0
0.0
0.0
0.0
0.0
2.60341
0.0
0.0
1.12767
0.0
0.0
0.0
0.0
0.0
1.76165
0.0
0.0
0.0
0.0
0.0
0.0
0.0
1.7755
0.0
0.0
0.0
1.06735
0.0
0.0
0.0
0.0
4.01338
0.0
0.0
0.0
0.0
0.0
0.0
0.0
0.0
0.0
0.0
0.0
0.0
0.0
0.0
0.0
0.0
0.0
0.0900124
0.0
2.29626
0.0
0.0
0.0
0.91228
0.0
0.0
0.0
2.28341
6.31039
1.43203
0.0
0.0
0.0
1.34766
0.0
0.0
0.0
0.0
0.0
0.0
0.0
0.867398
0.0
0.0
0.0
0.398973
0.0
0.0
0.0
0.0
1.07077
1.59135
0.0
0.0
1.36178
0.0
0.0
0.0
0.0
0.0
0.0
0.0
0.0
0.0
0.0
0.0
0.0
2.14558
0.0
0.0
0.0
0.0
2.14447
0.0
0.212245
0.0
2.50276
0.0
0.0
0.0
0.0
0.0
0.0
0.0
0.0
0.206602
0.0
0.0
0.0
2.2168
0.218041
0.0
0.0
0.0
0.0
2.84074
0.0
0.0
0.0
2.71708
0.0
0.0
0.0
0.0
0.0
0.0
0.0
3.59457
0.0
0.0
0.225335
0.0
3.45348
0.0
0.0
0.0
0.431194
0.0
1.71839
0.469154
0.0
0.0
1.11615
0.0
0.0
0.0
0.0
0.0
0.0
0.0
0.0
1.40726
4.05456
0.0
0.0
0.0
0.0
0.0
0.0
0.0
0.0
0.0
0.0
0.0
0.0
0.0
0.0
0.0
0.0
2.02332
0.0
0.0
0.664232
0.0
0.0
0.668242
0.0
0.0
0.0636753
0.0
0.0
0.0
0.0
1.03416
2.49476
0.0
0.0
0.0
1.24518
0.0
3.78372
0.0
0.0
0.0
0.0
0.0
1.38993
0.0
0.0
0.0
0.0
0.0
0.373114
0.137706
0.0
1.43224
0.0
0.0
0.989938
1.16955
0.0
0.0
0.0
0.0
0.0
0.0
0.0
0.0
0.0
0.0
0.0
0.3934
0.0
0.0
0.0
0.0
0.0
0.326882
0.990842
0.0
4.23739
0.0
0.217843
0.0
0.0
0.0
0.0
0.0
0.0
0.0
0.0
0.0
0.0
0.332983
0.886055
1.31037
0.0
0.0
0.0
0.0
0.0
0.0
0.0
0.0
0.214837
0.0
0.0
0.0
0.0
0.0
0.0
0.0
0.0
0.295707
0.0
0.0
0.0
0.0
0.0
0.0
0.0
0.331994
0.0
0.170968
0.0
0.0
0.0
0.0
0.0
0.0
0.0
0.0
0.0
0.0
0.0
0.506079
0.0
0.391792
0.0
0.0
0.0
0.0
0.0
1.46541
0.0
0.27561
0.0
0.0
0.339892
0.0
0.0
0.0
0.0
0.0
0.0
1.09424
0.0
0.0
0.0
0.0
0.0
1.1323
0.0
0.0
0.0
0.0
0.0
0.0
2.58966
0.0
0.0
0.386293
0.0
0.086847
0.0
0.0
0.314447
0.0
0.0
0.0
0.00562829
0.0
0.0
0.0
0.580116
0.0
0.0
0.0
0.0
0.0
0.0
0.0
0.0
0.0
0.0
0.0
0.502734
0.0
0.0
0.0
0.557826
0.0
0.0
0.88329
0.0
2.35669
0.0
0.214738
0.0
0.114998
0.0
0.0
0.0
0.0
0.0
0.0
0.0
0.0
0.0
0.0
0.0
0.0
0.0
0.944304
0.0
0.0
0.211433
0.0
0.0
1.25301
0.0
0.0
0.556808
0.0
0.806718
0.0
0.0
0.0
0.0
0.179115
0.0
0.302121
0.0
0.0
0.0
0.0
0.0
0.0
0.0
0.726691
0.0
0.0
1.02665
0.0
0.319351
0.0
0.0
0.0
0.0
1.04692
0.0
0.0
3.38404
0.0
0.0
0.0
1.52607
0.481038
0.0328031
2.01842
0.0
0.0
0.0
2.93005
0.0
0.0
0.0
0.0
1.73881
0.0
0.0
0.0
0.0
5.26632
0.0
0.0
0.0
0.0
0.0
0.0
1.45828
0.0
0.0
0.0
0.0
0.0
0.0
0.0
0.0810258
0.0
0.0
0.0
0.0
0.0
0.0
0.0
0.0
0.0
0.0
0.0
0.0
2.79417
1.71849
0.0
0.173106
0.0
0.0
0.0
0.0
0.558063
0.0
0.121084
0.0
0.0
0.0
0.0
0.0
0.559703
0.0
1.86222
0.0
0.0
0.335541
0.992598
0.0
0.0
0.508191
1.44466
0.0
0.695905
0.550521
0.0
0.0
0.0
0.0
0.0
0.0
0.0
2.8792
0.0
0.834393
0.0
0.0
1.12107
0.0
0.0
0.0
3.25336
3.57908
0.0
0.0
0.0
0.0
0.0
0.0
1.34285
0.302642
0.0
0.0
0.0
0.0
0.0
0.0
0.0
0.668491
0.0
0.0
0.0
0.0
2.38497
0.0
0.0
0.0
0.0
0.0
0.0
0.0
0.0
0.333259
0.0
0.0
0.0
3.68235
0.0
0.0
0.0
0.0
0.0
0.126135
0.0
0.0
0.0
0.324972
0.0
0.0
4.04105
0.0
1.5015
0.0
0.0
0.340777
3.13231
0.0
0.0
0.0
0.0
0.0
0.361863
0.0
0.207229
0.0
0.0708978
0.0
0.0
3.74233
2.04178
0.0
0.0
0.0
0.0
0.817684
0.0
0.0
0.0
0.100716
0.0
0.0
0.0
0.0
2.14318
0.0
0.0
0.997528
0.0
0.0
0.0
0.0
0.0
0.0
0.0
0.0
0.54824
0.0
0.0
0.0
0.0
0.0
0.0
0.0
0.0
0.0
0.0
2.9493
0.364112
0.0
1.40245
0.0
0.0
0.0
0.0
0.0
0.0
0.0
0.0
0.0
0.0
0.0
8.15382
0.0
0.0
3.05801
0.0
0.0
0.0
0.823755
0.0
0.0
0.0
0.0
0.0
2.92525
0.0
0.910734
0.0
0.0
2.02635
0.0
0.0
0.0
0.0
0.176043
0.0
0.0
0.0
0.0
0.77256
0.0
0.0
0.0
1.06219
0.489667
0.0
0.0
0.0
0.0
0.0
2.32688
0.0
0.0
0.0
0.0
0.0
0.0
0.0
0.0
0.0
0.0
0.0
0.0
0.0
0.0
0.0
0.0
0.0
0.566715
0.0
0.0
0.0
0.0
0.0
1.87214
0.0
0.0
0.0
0.869154
0.0
0.0
0.0
0.0
0.0
0.0
0.0
0.0
0.0
0.668219
0.0
0.0
0.514388
0.0
0.0
0.0
0.0
0.254098
0.556591
0.0
1.4894
0.0
0.0
2.89196
0.0
0.0
0.0
0.0
2.18737
0.0
0.0
0.0
1.56236
0.0
0.0
0.0
0.0
0.0
0.0
0.0
0.0
0.0
0.0
0.0
0.0
0.0
0.0
0.0
0.0
1.19911
0.0
0.0
0.0
0.0
0.0
0.0
0.0
0.0
2.97948
0.0
1.39687
0.0
0.0
0.0
0.0
0.0
0.0
0.0
2.24377
0.0
0.907981
0.0
0.0
0.0
0.0548164
0.0
0.0
0.0
0.872528
0.00446042
0.0
0.0
0.0
0.0
0.679511
3.22206
0.0
0.0
0.0
0.0
1.52569
0.0851259
0.171871
0.0
0.0
0.0
0.0
0.0
0.0
0.0
0.0
0.0
0.0
2.26631
0.0
0.0
0.0
3.94082
0.0
4.23671
0.0
1.81681
0.0
0.0
0.0
0.0
0.0
0.0
0.0
0.0
0.0
0.0
0.0
0.0
0.0
0.655776
0.231703
0.0901106
0.0
0.0
0.0
0.0
0.0
0.0
0.0
0.713375
0.0
0.0
0.0
0.938056
1.23946
0.0
0.0
0.0
0.0
0.0
0.921166
0.383112
0.363351
0.0
0.20113
0.0
0.0
0.0
0.0
0.0
0.0
0.0
0.0
0.0
0.0
0.0
0.0
0.94886
0.0
0.0
0.0
0.0
0.0
0.0
0.0
0.0
0.0
2.34496
0.0
0.153297
0.0
0.0
0.0
0.0
0.38693
0.0
0.0
0.0
0.0
0.0
0.0
0.0
0.0
0.0
0.0
0.0
0.0
0.0
0.0
0.0
0.0
0.0
0.767122
0.0
0.0
0.778587
1.17096
0.0
0.0
0.0
0.0
0.0
0.0
0.0
0.0
1.02755
0.0
0.0
0.0
0.0
0.0
0.0
0.0
0.0
0.0
0.0
0.0
0.0
0.0
0.0
0.0
0.0
0.0
0.0
0.0
0.0
0.0
0.0
0.0
0.0
0.0
0.66946
0.0
0.330369
0.713842
0.0
0.0
0.990672
0.0
0.0
0.0
0.0
0.0
0.0
0.0
0.0
0.0
0.562194
0.0
0.0
0.0
1.65606
0.0
0.0
0.0
1.55735
0.383605
0.0
0.0
0.0
0.0
0.0
0.0
0.0
0.0
0.0
0.369886
0.0
0.0
0.0
0.0
0.0
0.0
0.105785
0.0
0.0
0.0
0.0
0.0
0.0
0.0
0.0
0.0
0.0
0.58637
1.63008
2.82798
0.0
0.0
0.0
0.0
0.0
2.71205
0.0
0.0
0.0
0.0953216
0.0
0.0
0.0
0.0
1.07215
0.0
0.0
1.59113
1.08937
2.52255
0.0
4.00046
2.51651
0.0
0.0
0.0
3.55581
0.0
0.0
0.0
0.0
0.0
2.48698
0.0
0.0
0.0
2.30209
0.0
0.0
0.0
0.0
0.0
0.0
0.0
1.24682
0.0
0.0
4.73508
0.0
0.0
0.0
0.0
0.0
0.0
0.0
0.0
0.0
0.0
0.0
1.33923
0.0
0.0
0.0
0.0
0.0
0.0
0.0
0.0
0.0
0.0
0.0
0.0
0.0
0.0
2.03139
0.0
0.0
0.992663
0.0
0.0
0.0
0.0
0.0755777
0.0
0.0
0.0
0.0
0.0
0.0
0.433567
0.0
0.0
0.0
0.0
0.0
0.0
0.643235
0.0
0.0
0.0
0.0
0.0
0.0
0.0
0.0
0.0
0.0
0.0
2.2522
0.0
0.0
0.0
1.15583
3.372
0.0
1.46247
1.40294
0.0
0.0
0.0
0.0
0.0
0.788574
2.43633
0.0
0.0
1.83939
0.609424
3.6516
0.0
0.0
0.0
0.0
0.0
0.0
0.0
0.0
0.0
0.0
0.0
0.0
0.0
0.0
0.0
0.0
0.0
0.0
0.0
0.0
0.910704
0.0
0.0
0.0
0.0
0.0
0.0
0.0
0.0
0.0
0.0
1.22823
0.502926
1.76488
0.0
0.0
0.0
0.0
0.0
0.0
1.17347
0.0
0.0
0.0
0.0
0.295421
0.973682
0.0
0.0
0.0132982
0.0
0.0
0.0
3.97116
0.0
0.0
0.0
0.0
0.0
0.246271
0.0
2.15767
0.0
0.0569896
0.0
0.0
0.0
0.0
0.0
0.0
0.0
0.0
0.0
0.0
0.0
0.0
0.0
4.1795
0.0
0.0
0.0
0.0
0.0
1.31946
0.0
0.0
0.0
0.0
0.0
0.0
0.0
0.223834
0.135061
0.0
0.0
2.27419
0.0
0.0
0.0
0.0
0.0
0.0
0.0
0.0
0.0
0.0
0.909448
1.01275
0.0
0.0
0.451991
0.0
2.27068
0.0
1.94791
0.0562561
0.0
0.0
0.0
0.0
0.0
0.0
0.0
0.0
0.0
0.0
0.0
0.0
1.67611
0.0
0.0
0.0
0.0
0.0
0.0
0.0
0.0
0.0
0.0
0.0
0.0
1.72926
0.0
0.467377
0.0
3.96339
0.983799
3.71484
0.0
1.82324
0.0
0.0
0.0
0.0
0.0
0.711387
0.0
3.24655
0.0
0.0
0.0
0.0
0.0
0.0
0.0
0.0
0.0
0.0
0.970949
0.0
0.0
0.0
0.0
0.0
0.0
0.0
0.0
0.0
0.300897
0.0
0.0
0.0
1.7721
0.0
0.554045
0.0
0.0
0.0
0.85419
0.0
0.0
0.829757
0.0
1.27112
1.29517
0.0
2.72815
0.0
0.0
0.0
0.0
0.0
0.0
1.87843
0.0
0.0
0.0
3.02307
0.849846
0.0
0.0
3.36081
0.0
0.0
2.22434
0.0
1.57966
0.0
0.720514
4.74276
2.27021
0.0
0.0
0.0
0.0
0.46511
0.707777
0.695163
0.0
0.0
2.63737
1.01922
0.0
0.0
1.16789
0.0
1.0814
0.0
0.0
0.0
1.456
0.0
0.325596
0.0
0.0
0.0
0.0
0.0
0.0
0.0
0.265964
0.0
0.0
2.83059
0.0
0.0
0.0
0.0
0.0
0.0
0.0
0.0
0.0
0.0
0.0
0.0918697
0.0
0.0
0.0
0.0
0.0
0.0
0.0
0.0
0.0
3.87364
0.0
0.0
0.0
0.0
0.0
0.0
0.0
0.900469
0.0
0.0
0.0
2.88136
0.0
0.0331836
1.46266
0.0
3.65285
0.0832268
0.0
0.0
0.121925
0.0
0.850325
0.0
2.29889
0.0
0.0
0.0
0.126762
0.0
0.0
1.46014
0.0
0.0
0.809079
0.0
0.0
0.775844
0.0
0.0
0.0
0.0
0.0
0.0
0.0
0.0
1.86855
0.0
0.0
0.363368
0.0
0.0
0.154094
0.627575
0.0
0.0
0.0
0.0
0.0
0.0
0.196721
0.0
0.0
0.0
1.73314
0.361457
0.0
0.59582
0.0
0.0
0.0
1.97511
0.368738
0.0
0.0
0.134039
0.0
0.0
0.0
0.913279
0.0
0.669368
0.0
0.0
0.629903
0.0
0.0
1.67875
0.0
1.72749
0.0
0.0
0.0
0.932867
0.253482
0.0
0.0
0.0
0.0
0.0
0.0
0.0
1.28247
0.0
0.0
0.0
0.696153
0.0
0.0
0.0
1.93579
0.0
0.877764
0.0
0.0
0.0
0.0
0.0
0.0
0.373836
0.0
0.0
0.0
0.0
0.0
0.0
0.0
0.0
0.0
0.0
0.0
0.0
0.519938
0.0
0.0
0.0
0.0
0.614834
0.0
0.0
0.0
0.0
0.0
0.0
0.0
0.0
0.0
0.360865
0.0
1.19543
0.0
0.0
0.0
0.0
2.60944
0.631009
0.0
0.0
0.0
1.91407
0.0
0.0
0.0
0.527325
0.0
0.478987
0.307109
0.0
0.0
0.0
0.0
1.19652
0.154177
0.0
0.674844
0.0
0.0
0.0
0.0
0.0
0.344419
0.0
0.0
0.0
0.417706
0.0
0.0
0.0
0.0
0.0
0.0
0.0
0.0
0.0
0.0
0.0
0.0
0.0
1.1797
0.0
0.0
1.35791
1.07202
0.0
0.0
0.0
1.21244
0.0
0.703047
0.0
0.0
0.196624
0.0
0.792309
0.685903
2.55258
0.0
0.0
0.0
0.0
0.738443
0.0
0.0
0.0
0.0
0.0
0.0
0.0
1.24323
0.0
0.0
0.0
0.0
0.0
0.0
0.0
4.61756
0.0
0.267158
0.0
0.0
2.21589
0.0
0.0
0.0
0.0
0.0
0.0
3.32627
0.0
0.0
0.0
0.0
0.0
0.0
0.0896044
0.0
0.0
0.0
0.0
2.51466
0.991857
1.15155
0.0
0.0
0.0
0.0
0.0
0.0
2.72611
0.0
0.0
0.0
0.0
2.32711
0.0
0.0
0.0
4.2818
0.0
0.0
0.0
0.0
0.0
2.36737
0.0
0.0
0.0
0.895357
2.0697
0.0
0.0
0.0
0.0
2.91584
0.464784
0.0
0.0
0.0
0.0
0.0
0.0
0.0
1.25567
2.94124
2.41079
0.0
0.018167
0.612588
2.85164
0.0
0.0
0.0
0.0
0.0
0.0
0.0
0.0
0.0
0.0
0.0
0.0
0.0
0.0
0.0
0.0
0.0
0.0
2.91881
0.0
0.0
0.0
1.38403
0.958762
0.0
0.0
0.0
2.58334
0.0
0.0
0.0
0.0
0.0
0.0
1.75956
0.0
0.0
0.0
2.68747
0.0
0.0
0.0
0.0
0.0
2.17559
0.0
0.0
0.905802
0.0
0.0
0.0
0.0
1.69778
3.09549
0.0
0.706847
1.93269
0.0
0.0
0.0
0.0
2.07246
0.0
0.0
0.0
0.0
0.0
0.0
0.568637
0.0
0.0
0.0
0.0
0.0
0.0
0.0
0.0
0.0
0.957388
0.0
0.0
0.0
2.13884
0.0
0.591895
0.0
0.0
0.0
0.0
0.0
0.0
0.0
0.0
4.58621
0.610274
0.0
0.0
0.0
0.0
0.308859
0.0
0.346371
0.0
0.0
0.0
0.0
0.0
0.427981
0.0
0.0
0.0
1.34759
0.0
0.882452
0.0
0.53034
0.0
0.0
0.0
0.0
0.0
0.0
0.0
0.0
0.0
0.0
0.0
0.0
0.0
0.0
0.0
0.0
0.0
0.0
0.0
0.0
0.0
0.0
0.0
0.0
0.0
0.0
0.0
1.80683
0.0
0.0
0.31383
0.0
0.0
0.0
0.808171
0.0
1.43893
0.0
0.0
0.0
0.0
0.0
0.0
0.0
0.0
0.0
1.93707
0.0
2.16041
0.0
0.0
0.0
0.0
0.0
0.0
0.0
0.0
1.49498
0.0
0.0991772
0.0
0.902249
0.0
0.0
0.497167
0.0
0.334906
0.0
0.0
0.0
0.0
0.0
0.0
0.0
0.0573725
0.0
0.0
0.0
0.902161
1.49092
0.0
0.0
0.0
0.0
0.0
0.0
0.729386
0.0
0.0
0.0
0.0
0.0
0.397038
0.0
0.0
0.0
0.0
0.804988
0.0
0.0
0.0
0.162028
0.0
0.0
2.46599
0.0
0.496537
2.28902
0.0
0.0
0.0
0.0
0.0
0.0
0.0
0.0
0.0
0.0
0.0
0.0
0.0
0.081124
0.0
0.0
0.0
0.0
0.0
0.0
0.0
0.0
0.0
0.0
0.0
0.0
0.0
0.0
0.0
0.0
0.0
0.0
0.0
0.0
0.0
0.0
0.0
0.0
0.0
0.0
0.0
2.09036
0.0
0.0
2.14484
0.614551
0.0
0.0
1.81417
0.0
0.0
0.0
0.0
0.0
0.0
1.14512
0.0
0.0
2.45883
0.580627
2.71785
0.0
0.0
1.7435
0.0
0.0
0.0
0.0
0.0
0.0
0.0
0.917612
0.0
0.0
0.0
5.61656
0.0
0.0
0.0
2.20045
0.0
0.0
0.0
0.41385
0.0
0.0
0.0
0.0
0.0
0.0
1.98086
0.0
0.0
0.0
0.0
0.0
0.0
0.0
0.0
0.0
0.0
2.02555
0.0
0.0
0.0
0.0
1.51648
0.0
0.0
4.92344
1.01741
0.0
0.0
0.0
1.96774
0.0
0.0
0.0
0.58978
0.0
0.0
2.06048
0.0710551
0.0
0.748419
0.0
0.0
0.0
0.0
0.688836
0.0
0.0
1.63422
0.0
1.30593
0.0
0.0
0.0
0.0
0.0
0.451116
0.0
0.0
0.0
0.0
0.0
0.0
0.0
0.0
1.02038
0.0
0.0
0.0
0.0
0.0
0.488086
0.0
2.86758
0.0
0.0
1.50735
0.0
0.0
0.0
0.0
0.0
0.0
0.0
0.0
1.39921
0.0
0.774311
0.0
0.0
0.0
0.0
0.0
0.0
0.0
0.0
2.01387
0.0
0.0
0.0
0.0
0.0
1.3298
4.33584
0.525142
0.0
0.586085
0.0
0.0
2.24718
0.0
0.0
1.20778
0.0
0.575781
0.0
0.0
0.0
0.310972
0.0
0.0
0.0
1.6075
0.488039
0.0
1.76789
0.0
0.0
0.0
0.199193
0.0
0.0
0.0
0.873325
0.0
0.0
0.0
0.0
0.0
0.0
0.0
0.0
1.21827
0.0
0.83427
0.812546
0.0
2.3907
0.0
0.0
0.0
0.194358
2.84483
0.0
0.0
0.0
0.0
0.0
0.946258
0.290721
0.0
0.0
0.124391
0.231969
0.196351
2.7506
3.49417
0.0
0.0
0.0
0.0
0.0
0.492914
0.0
0.0
0.0
0.0
0.0
1.80505
0.0
1.49212
1.80922
0.607635
0.0
0.0
0.0
0.0
1.4004
0.0
0.0
0.0
0.0
0.0
0.156426
2.20185
0.0
0.0
0.0
0.0
0.0
0.0
1.92529
0.0
0.0
0.0
0.0
0.0
0.0
0.0
0.0
0.0
0.0
0.0
0.0
0.0
0.0
1.1955
0.0
0.0
0.0
0.0
0.0
0.0
0.0
0.0
0.0
3.84721
0.0
0.0
0.0
0.0
1.26209
0.0
0.0
0.0
0.0
0.0
0.0
0.0
0.0
0.0
0.0956842
0.396303
0.0
0.0
3.95631
0.0
0.784463
0.76702
0.0
0.0
0.0
0.0
1.33957
0.0
0.0
0.268909
0.0
0.0
0.0
0.0
0.0
0.0
0.0
0.0
0.0
0.0
0.0
1.57379
0.0
0.0
0.0
0.0
0.0
0.227812
0.0
0.0
0.0
0.0
0.0
0.0
3.43863
0.0
0.0
0.385203
0.0
0.0
0.0
0.0
0.0
0.999881
0.0
0.0
0.0
0.0
0.0
0.0
0.0
0.0
0.0
0.0
0.0
0.771897
1.46255
0.0
0.124405
1.76466
3.34305
0.0
0.0
0.0
0.992034
0.0
0.18469
0.0
0.0
1.1583
0.0
0.0
0.741666
0.0
0.0
0.156407
0.0
0.0
0.0
0.0
0.0
0.19394
1.00086
1.50598
0.0
1.29544
0.417135
0.0
0.0
0.0
0.0
1.12933
1.59239
0.0
0.0
0.0
0.0
0.0
0.0
0.0
0.0
0.0
0.0
0.0
0.0
0.0
0.0
0.0
0.0
0.0
0.0
0.0
0.0
0.0
0.0
0.0
0.0
0.0
0.0
0.483313
0.0
0.0
0.0
0.0
0.0
0.0
0.0
0.0
0.0
0.0
0.0
0.53781
1.00693
0.0
0.0
0.721192
0.0
0.0
1.29004
1.59703
0.0
0.0
0.0
0.0
0.0
0.0
2.49093
0.975382
0.0
3.08441
3.1647
0.0
0.0
0.0
0.0
0.0
0.0
0.0
0.0
0.486447
0.152385
0.0
0.0
0.0
0.0
0.0
0.0
0.0
2.26316
0.193506
0.88936
0.0
0.0
0.0
0.0
0.0
0.0
0.0
0.0
0.0
0.0
0.158852
0.0
0.0
0.0
0.0
2.31954
0.0
0.0
0.0
0.0
0.0
0.599418
0.0
0.0
0.0
1.5998
0.0
0.0
0.0
0.0
0.0
0.0
0.0
0.147202
0.0
0.0
0.0
0.0
1.8821
0.0
0.0
0.0
0.0
0.108195
0.0
0.0
2.48369
0.0
0.0
0.0
0.0
0.0
1.36166
0.0
0.548973
0.0
0.0
0.905677
0.0
0.0
0.0
0.0
1.73767
0.0
0.0
0.0
0.0
0.0
0.0
0.617308
0.0
0.343217
0.0
1.67411
0.0
0.0
0.555613
0.0
0.613249
0.0
0.0
0.0
0.0
0.0
0.0
0.0
0.0
0.0
0.0
2.29921
0.0
0.0
0.0
0.0
0.0
0.0511664
0.907261
0.815081
0.0
0.0
0.0
1.58955
0.0
0.0
0.0
0.0
0.0
0.0
0.0
3.84272
0.0
0.0
2.96825
0.0
0.0
0.0
0.0
0.0
0.364202
0.0
0.0
0.0
0.0
0.0
0.0
0.0
0.0
0.0
0.0
1.6303
0.0
0.0
0.0
0.11981
0.0700578
1.57117
0.0
0.0
0.133295
0.0
0.0
0.0
0.0
0.0
0.0
0.572823
0.417266
0.0
0.0636005
0.0
0.0
0.0
0.0
2.72139
1.01701
0.0
0.0
1.5575
0.0
0.0
0.0
0.0
0.0
0.0
0.0
0.0
0.0
0.0
0.0
0.0
1.19061
0.0
0.0
0.0
0.0
0.0
0.288207
0.855368
0.0
0.0
0.0
0.0
0.0
0.0
0.0
0.0
0.0
0.0
0.0
0.0
0.481606
0.0
0.0
0.53953
0.0
0.0
0.0
0.0
0.0
0.0
0.0
0.0
0.0
0.0
0.0
0.0
0.0
0.0
0.0
0.521867
0.0
0.0
0.0
0.986942
0.0
0.0
0.0
0.0
0.0
1.43003
0.968125
0.0
0.0
0.0
0.0
0.0
2.92571
0.0
0.0
0.0
1.12564
0.0
0.0
1.22611
0.0
0.0
0.0
0.0
0.0
0.0
0.0
0.0
2.89523
0.0
0.0
2.84998
0.0
0.0
0.0
4.31302
0.0
0.0
0.0
0.0
0.0
0.0
0.0
0.0
0.576925
0.0
2.55721
0.0
0.0
0.0
0.0
0.0
0.473886
0.0
0.0
0.0
2.13507
0.0
0.0628216
0.0
0.0
0.0
0.0
0.0
0.0
0.0
0.0
0.921048
0.0
3.12683
0.0
0.0
0.0
0.20486
0.0
0.0
0.0
0.0
0.0
0.0
1.46998
0.0
0.0
0.0
0.0
0.0
0.0
0.0
0.0
8.17365
0.0
0.0
0.0
0.0
0.0
0.0
0.0
0.0
0.0
0.0
0.0
0.0
0.0
0.0
0.413791
0.991963
0.0
0.0
0.0490179
0.0
0.0
0.0
0.0
0.0
1.01028
0.123806
0.0
0.0
0.0
0.0
0.0
0.0
0.0
0.0
0.0
2.1937
0.0
0.0
0.0
0.0
0.0
0.0
1.85232
0.0
1.52939
0.0
0.0
2.38696
1.43994
0.0
0.0
0.0
2.96799
0.0
0.0
0.0
1.07345
0.0
0.0
0.0
0.0
0.0
0.0
0.0
0.0
0.0
0.0
0.0
0.0
0.212221
0.0
0.0
0.0
1.69408
1.37875
0.0
0.0
0.0
0.0
0.0
0.0
0.0
0.0
0.0
0.0
0.394161
3.01721
0.141288
0.0
2.44922
0.0
0.0
0.0
0.0
0.0
0.0
0.0
0.0
2.75798
0.0
0.930064
1.86846
0.0
0.0
0.0
0.0
0.0
1.1675
0.0
0.0
0.0
0.0
0.0
0.0
0.0
0.0
0.0
0.0
0.0
0.0
0.48311
0.0
0.0
0.0
0.0
0.0
0.0
0.0
0.0
0.0
0.0
0.0
0.0
0.0
0.0
2.31931
0.0
0.0
0.425803
0.0
0.0
2.56811
0.0
0.0
0.102093
0.0
0.0
0.0
0.0201565
0.335628
0.758143
0.0
0.0
0.0
0.0
0.0
1.26984
0.0
0.0
0.0
0.0
0.0
0.0
0.0
0.0
2.07934
0.0
0.0
1.08207
0.619183
0.0
0.884501
0.0
0.0
0.0
0.0
1.47103
0.0
0.0
2.24261
0.0
0.036313
0.0
0.0
0.0
0.0
4.93973
0.0
0.0
0.0
4.1239
2.44512
0.0
0.0
0.0
0.0
0.0
0.0
0.0
0.0
1.7689
0.0
0.0
0.819525
0.0
0.0
0.0
0.0
0.0
0.99068
0.0
0.0
3.71364
0.0
0.0
0.0
0.0
0.0
0.0
0.0
0.0
0.0
0.0
0.0
0.0
1.75049
0.0
0.0
0.0
0.0
0.0
0.0
0.0
1.12622
0.0
0.0
0.0
0.0
0.0
0.0
2.18177
0.0
0.0
0.0
0.152234
0.0
0.0
2.11945
0.0
0.0
0.0
0.0
0.0
0.0
0.0
0.0
0.0
0.0
0.0
0.0
0.0
0.0
0.0
1.38596
0.0
0.0
3.70924
2.58362
1.36085
0.876934
0.0
3.4373
0.25812
1.27501
1.68518
0.0
0.0
0.198508
0.0
0.0
0.0
0.0
0.0
0.0
0.0
2.25064
0.0
1.86734
0.0
0.0
0.0
0.0
0.0
0.0
0.0
1.73876
0.988473
2.20919
0.0
0.0
0.0
0.0
0.043151
0.0
0.0
0.0
0.0
0.0209839
0.0
0.0
0.0
0.0
0.192453
0.0
0.0
0.0
1.99045
0.0
0.0
4.66351
0.967715
0.0
0.663274
0.0
0.645373
0.0
0.0
0.0
0.0
3.66432
0.0
0.0
0.0
0.0
2.01477
0.608718
0.0
0.0
0.0
0.0
3.71162
0.0
0.0
0.0
0.0
1.39069
0.0
0.0
0.0
1.79677
1.9738
3.5195
0.441166
0.0
0.0
0.13624
0.0
0.0
0.0
0.0
0.198927
0.0
0.0
0.337812
0.0
0.0
0.0
0.0
1.37818
1.22042
0.0
0.0
0.0
0.0
2.63383
0.0
0.0
0.751344
0.0
0.0
0.0
0.0
2.07528
0.0
0.17189
0.0
0.0
0.0
0.0
0.0
1.08706
0.0
0.0
0.0
0.0
4.78176
2.37807
0.569938
0.0
0.0
0.0
0.0
3.56746
0.0
0.0
0.0
0.0
0.0
0.0
0.158259
0.0
0.0
0.577049
0.0
2.71881
1.3796
0.0
0.0
0.0
0.42858
0.0
0.0
0.0
0.825695
0.0
0.0
0.0
0.0
1.5969
0.0
0.0
0.0
1.86965
0.0
0.0
0.0
0.0
0.691586
0.0
0.0
0.0
0.0
2.02903
0.0
0.0
0.0
0.301844
0.0
0.0
0.0
0.0
0.0
0.0
0.0
0.0
0.0
0.0
0.0
0.108892
0.0
0.0
0.0
0.0
0.0
0.0
0.0
0.0
1.04726
0.0
1.8932
0.0
2.62695
0.0
0.414095
1.33738
0.0
2.20584
0.0
0.0
0.586942
0.0
0.58076
2.82792
0.0
0.0
0.0
1.49798
0.0
0.0
2.78692
0.0
0.0
0.0
0.0
0.0
0.0
0.0
3.00546
0.0
0.0
0.0
0.0
0.0
0.0
0.0
2.04286
1.96157
1.95486
0.0
0.219916
0.0
0.0
0.0
0.0
1.42344
0.0
0.0
0.0
0.0
2.83697
0.0
0.0
0.0
0.0
0.0
0.0
0.0
0.0
0.961151
0.0
0.0
0.0
0.0
0.934621
0.208101
0.0
0.0
0.0
0.0
0.423499
0.0
0.0
1.12771
0.0
0.0
0.0
1.01539
0.0
0.0
0.0
0.940836
0.0
0.0
0.0
0.0
0.0
0.0
1.86434
0.0
7.20568
0.0
0.0
0.0
0.0
0.0
0.0
0.0
0.0
0.369329
0.0
0.0
0.0
0.0
0.0
5.12683
0.0
0.0
1.45854
2.75814
0.0
0.0
0.0
0.0
0.0
0.0
0.0
0.0
0.0
0.0
0.0
0.0
0.0
0.0
0.0
0.0
1.14476
0.0
0.0
0.0
0.0
0.0
0.0
0.711795
0.0
0.0
0.967986
0.252714
0.517499
0.0
0.0
0.0
0.0
0.0
0.0
0.0
1.41591
0.611199
0.0
0.123066
0.0
0.0
0.0
0.0
0.0
0.0
0.672196
1.09248
0.0
0.0
0.0
0.0
0.0
0.0
0.278394
0.0
0.0
2.66797
0.0
0.0
0.0
0.0
0.0
0.0
0.0
0.0
4.99301
0.0
0.0
0.0
0.0
0.0
0.0
0.0
0.0
0.0
0.0
0.0
0.0
0.0
0.0
0.0
0.0
0.0
0.0
0.0
0.785884
0.0836529
0.0
0.0
0.32581
1.11994
0.0
0.0
0.0
0.0
0.0
0.0
1.67897
0.0
0.0
1.9395
0.0
0.0
0.0
0.0
0.0
0.0
0.475154
0.0
0.736244
0.0
0.0
0.0
0.276326
0.0
0.0
0.0
0.0
0.0
