0.0
0.0
0.740632
2.02655
0.0
0.0
0.0
0.0
0.0
0.0
0.751027
0.0
0.0
0.0
0.144775
1.20185
0.0
0.000688523
0.0
0.0
0.0
0.0
0.485766
0.0
0.0
0.0
0.0
0.0
2.49785
0.0
0.0
0.0
0.0
2.7215
0.0
0.0
0.0
0.0
0.0
0.0
0.0
0.0
3.59699
0.353324
0.0
0.0
0.0
0.0
1.32682
2.49939
0.0
0.0
0.233618
1.08733
0.0
0.0
0.990133
1.57712
0.0
0.0
0.0
0.0
0.0
1.10422
3.10533
0.564702
0.0
0.0
0.0
0.0
0.0
0.723945
0.0
0.229015
0.0
0.0
0.0
0.0
0.0
0.0
0.819069
0.0
0.0
0.0
1.62888
0.0
0.0
4.2308
0.0
0.0
0.0
0.0
0.0
2.18775
0.0
0.0
0.0
0.0
0.545943
0.0
0.38954
0.186767
1.56959
0.0
0.0
0.0
0.0
0.0
0.0
4.4013
0.314785
2.14185
0.0
3.34835
0.0
3.08107
0.0
0.0
0.0
0.0
0.0
0.930668
0.0
0.0
1.28492
0.0
0.0
2.09903
0.0
0.0
0.0
0.0
0.0
1.77747
2.89069
0.0
0.0
0.0
1.40755
0.0
0.0
0.0
0.0
0.0
0.0
0.927434
0.455902
0.0
0.0
0.0
0.0
0.0
2.72795
0.0
0.383471
0.0
0.913178
2.33398
0.0
1.09083
1.79827
0.0
2.06155
0.0
0.0
0.0
0.0
0.0
2.23986
0.0
0.0
0.392441
0.0
1.32352
0.0
0.0
0.0
0.122131
0.0
0.0
2.40665
0.0
0.0
0.0
2.35909
0.0
0.257075
0.292735
0.0
0.0
0.0
0.76661
0.0
0.0
0.0
0.0
0.0405739
0.0
0.0
0.0
0.0
2.53921
0.0
1.25752
0.0
0.420035
0.881654
0.0691552
0.0
0.0
0.0
2.18024
0.0
0.0
2.88664
0.0
0.0
0.0
0.228111
0.0
0.0
1.35759
0.0
0.0
0.719991
0.0
0.883429
0.0
0.0
0.0
0.0
0.0
0.0
0.168472
0.0
0.0
0.554287
0.836487
1.03766
0.0
0.0
0.0
0.0
0.235167
0.0
0.0
0.0
1.93381
0.0
0.0
0.279068
0.0
0.0890589
0.0
0.0
0.0
0.0
0.0
0.0
0.753783
0.0
0.0
0.0
0.279575
0.244436
0.0
0.0
0.0
0.0
0.0
0.0
2.01368
0.0
0.0
0.356802
1.267
1.89481
1.50819
0.0
0.0
1.86994
0.0
0.0
3.42804
1.05778
0.0
0.0
0.0
4.16116
0.0
0.0
0.0
1.87998
0.0
3.38743
1.87722
2.14411
0.0
0.0
0.832807
3.84777
0.504121
0.38507
0.0
2.84359
0.0
0.0
1.09675
1.47861
1.59695
0.0
0.0
0.307431
0.0712394
0.0
1.88185
0.0
0.0
2.72848
0.94645
0.0
0.0
0.0
0.715702
0.0
0.0
0.0
0.0
0.0
1.33851
1.92548
0.0
0.0
2.20841
0.0
0.0
1.58916
0.0
0.0
0.0
0.0627007
2.1124
1.09389
0.0
0.0
0.0
0.0
0.0
0.0
0.0
0.551162
0.0
0.0
0.0
1.66295
1.31982
0.0
0.0
0.0
0.464881
0.0
0.972008
0.932534
0.0
0.0
4.86375
0.0
0.0
0.0
0.0
0.0
0.0
0.0
0.0
0.295531
0.0
0.0
1.3093
0.0
0.0
0.0
1.18008
1.99463
1.50759
1.0791
0.0
0.169661
0.0
1.47077
1.06641
0.0
0.0
0.191445
0.0
0.587569
1.24051
0.320851
0.0
0.0
0.0
0.0161425
0.0
2.54348
0.0
0.0
0.0
0.0
0.0
3.74694
0.0
0.0
0.0
0.0
0.0
0.0
0.73639
0.0
0.418735
0.0
0.0108921
0.0
1.77471
0.509647
0.0
0.0
0.0
0.0
0.0
0.0
0.701133
0.0
0.0
0.0
0.0
0.0
0.0
0.0
0.0
0.0
0.0
0.0
0.0
0.0
0.0
0.0
0.924884
2.58628
0.0
0.0
3.37098
0.0
0.0
0.0
3.49443
0.473699
0.0
0.0
0.0
0.0
0.462564
0.0
1.06124
2.45367
0.0
0.0
1.13621
0.0
0.0
0.0
4.26508
0.0
2.9338
0.606915
0.0
0.0
0.875441
0.0
1.11322
0.0
0.0
1.13297
0.0
0.0
0.0
0.851789
0.0
3.16261
0.0
0.0560581
0.0
0.0
0.2552
0.378941
0.0
0.0
0.0
0.0
0.0
2.75135
3.6429
0.0
0.940666
0.0
0.384968
0.0
0.0
0.0
0.0
0.0
3.91699
0.0
0.0
0.0
1.39392
0.0
0.0
2.12836
0.0
0.0
0.0
0.0
0.0
0.0
0.0
0.0
1.53081
0.0
0.0
0.0
0.361662
0.0
0.0
0.420545
0.0810133
0.899856
0.0
3.8615
0.0
0.0
0.0
0.79573
0.0
0.0
0.0
0.0
0.0
0.0
0.0
0.0
1.96896
0.0
0.0
0.0
0.0
0.0
0.316078
0.0
0.0
0.758339
0.0
0.0
0.0
0.0
1.6277
0.0
0.0
0.785351
0.0
0.0
0.492441
1.36005
0.334174
0.0
0.0
0.835657
0.0
0.0
0.0
1.27301
0.0
0.0958482
0.0
0.0
0.0
0.0
1.10851
0.0
0.0
0.0
0.0
0.0
0.0
2.17015
0.0
0.0
2.78824
0.0
0.0
0.0
0.0
0.0
0.0
0.0
0.0
0.0
0.0
0.0
0.0
0.0
0.0
0.957992
0.0
0.666232
0.0
0.0
0.0
0.0
2.826
0.029119
0.619681
0.0
0.0
3.06029
0.0
1.7064
0.0
0.0
0.0
0.0
0.0
0.0
0.479741
0.0
0.0
2.08855
0.0
0.535329
0.0
0.0
0.0776099
0.0
0.0
0.0
2.91396
1.24574
0.0
0.913174
0.0
0.760362
0.0
0.0
0.0
0.0
0.0
0.0
0.0
0.0
3.50183
0.147025
3.2327
3.90526
0.965964
0.0
0.0
0.63793
4.70527
1.87491
0.0
0.0
0.0
0.0
0.0
0.0
0.0
1.57204
0.0
0.0
0.0
0.0
0.355415
1.53859
0.0
0.0
3.35883
0.0
0.0
0.0
0.0
0.0
0.0
0.0
0.0
0.0
0.0
1.01035
0.0
5.16567
1.40424
0.0
0.0
2.60071
0.0
0.0
2.84538
0.0
0.0
0.0
0.0
0.0
0.0
0.0
0.968458
0.0
0.0
0.0
0.757181
0.0
0.0
0.0940313
0.0
0.0
3.14464
0.0
0.0
1.70207
4.17582
0.0
0.0
3.09996
3.09476
1.24704
0.874591
0.0
0.0
0.512704
1.94608
0.0
0.0
2.52626
0.0
0.0
1.62568
1.65318
0.0
1.68526
2.22368
0.696763
0.0
0.0
0.0
0.0
0.0
0.0
0.0
1.48075
0.0
0.0
0.0
0.0
0.0
0.223171
0.135203
0.0
1.19031
0.0
0.0
0.0
0.527866
0.0
0.0
0.0
0.0
0.0
1.4965
0.563253
0.0
0.307407
0.0
0.0
0.0
0.0
0.0
0.0
0.980109
0.0
0.0
0.677433
0.0
0.0
0.0
0.08044
0.0
0.0
0.0
0.0
0.0
0.0
0.0
2.33274
0.0
0.0
0.0
0.0
5.18704
0.0
0.0
2.60154
0.0
0.0
0.0
0.0
0.0
0.0
0.0
0.0
0.0
0.0
0.0
0.0
4.32762
0.0
0.420581
0.0
0.0
0.686204
2.47134
0.0
0.0
0.0
1.51003
0.0
0.390967
0.0
0.0
0.0
0.0
0.0
0.0
0.0
0.0
0.0
0.0
0.0
0.0
1.2991
0.0
0.0
0.623242
0.591881
1.1975
0.22879
1.23977
0.0
0.0
0.0
0.0
0.0
0.0
0.0
2.5295
3.74376
0.92796
0.0
0.0
0.0
0.293399
0.0775688
0.0
0.0
0.288536
0.366396
0.333008
0.0
0.0
0.0
0.0
0.0
0.0
1.27146
0.0
0.558609
2.44451
0.0
0.0
0.0
0.0
0.0
0.871197
0.0
0.0
0.0
4.27052
1.93457
0.0
1.80458
0.601954
0.0
0.0
0.0
0.0
0.0
0.0
0.0
0.491686
0.0
0.0
0.0
0.0
0.0
0.0
0.0
0.0
0.35073
0.0
0.0
0.0
0.0
0.82295
1.28542
0.0
3.12045
0.0
0.0
2.11492
0.0
0.0
0.0
0.0
0.0
0.0
0.0
0.0
0.107609
0.610192
0.0
0.0
0.0
0.0
0.0
1.0553
0.0
0.0
0.0
0.968005
0.0
0.0
0.0
0.0
0.0
0.0
0.0
0.0
0.0
0.0
0.0
3.1197
0.0
4.62847
0.0
0.0
0.0
0.0
0.0
0.908494
1.91176
0.0
0.0
0.0
0.0
0.0
4.16072
0.0
0.0
0.0
0.0
0.0
0.0
0.0
0.0
0.0
0.119948
0.683542
2.43159
0.0
0.0
0.0
0.0
0.0
0.0
0.0
0.0375904
0.401082
0.0
0.0
0.0
1.15147
0.0
0.0
0.0
0.0
0.0
1.29646
0.0
0.0
0.0
0.0
0.0
0.0
0.0
0.0
1.18337
0.0
0.0
0.51338
0.0
0.0
4.28376
0.963376
0.0
0.557108
0.0
0.0
0.0
0.0
0.0
0.848129
0.0
0.0
0.0
0.0
0.0
0.0
1.96859
0.476412
0.0
0.0
0.0
0.0
0.0
0.0
0.0
0.0
0.0
0.0
0.0
0.411596
0.0
0.0
1.69489
1.1319
0.0
0.0
2.50758
0.37349
0.362913
0.0
0.0
0.0
2.11258
0.0
0.0
0.0
0.0
0.0
0.0
0.0
0.0638242
5.248
0.0
0.0
0.0
0.0
0.0
0.406065
0.0
0.0
0.0
2.84267
0.0
0.0
0.0
0.0
0.906042
0.0
0.130127
0.0
0.0
0.315181
0.333169
0.931717
0.0
0.0
0.351327
0.0
0.0
0.0
0.0
0.0
0.0
0.0
0.0
0.0
2.62359
0.0
2.17874
0.0
0.599105
0.0
0.0
0.0
0.0
0.0
0.0
0.0
0.0
3.21181
0.0
0.0
0.0
0.0
0.0
0.0
0.0
0.0
0.0
0.0
0.0
0.0
1.45641
0.0
1.22337
0.0
0.0
0.0
0.0
5.51177
0.0
0.0
0.0
0.0
0.0
0.0
0.0
0.0
0.0
0.0
0.0
0.0
0.0
0.0
0.0
0.0
0.0
0.0
0.345017
0.0
0.0
0.0
0.0
0.0
0.0
1.57603
1.72245
0.0
0.0
0.0
0.561685
0.0
0.0
0.0
0.0
1.22629
0.0
0.152592
2.22422
0.0
0.0
0.0
0.0
0.0
1.0051
0.0
0.0
0.0
0.317097
0.0
3.90996
0.0
1.35442
0.0
1.50604
0.0
0.134214
0.0
0.0
0.0
0.12119
0.0
0.0
0.0
0.0
0.0
0.753483
0.0
0.0
2.40874
0.0
0.502118
0.0
0.0
0.996963
0.0
0.0
2.89608
0.0
0.0
0.304771
0.0
0.114189
4.52196
0.16931
3.13412
0.0
0.0
1.22046
0.487291
0.0
0.0
0.172534
0.0
0.0
2.13788
0.0
0.290398
0.0
0.0
0.0
0.0
4.72538
3.02606
0.0
0.0
0.0
1.1082
0.0
0.539626
0.0
0.0
0.0
0.0
2.80236
1.89019
0.0
0.0
0.333829
0.0
0.0
0.0
0.0
1.42508
0.0
0.0
0.0
0.0
0.0
0.0
1.53157
0.0
0.0
1.00544
0.0
0.758559
0.747042
0.0
0.0
0.0
0.455432
0.987759
0.0
0.0
0.0
0.0
0.0
0.0
0.0
0.0
0.0
0.0
0.0
0.0
0.153037
0.331239
1.26648
1.38814
0.0
0.0
0.0
0.0
0.0
0.0
0.0
0.0
0.0
1.31251
1.69593
0.0
1.01286
0.0
0.0691009
0.0
0.0
1.27869
0.0
0.0
1.32753
0.0
0.0
0.0
0.0
0.420181
0.0
0.0
0.0
0.0
0.0
0.0
0.0
0.0
0.0
0.0
0.585349
0.0
0.0
0.0
0.0
3.13537
0.0
0.0
3.41255
1.11826
0.0
0.0
0.529231
0.0
0.0
0.0
0.0
0.0
0.0
0.182796
0.0
0.0
0.0
0.0
1.67181
0.0
0.0
0.0
0.0
0.0
0.0
1.56064
1.31275
0.0
0.0
2.37768
0.0
0.0
0.818668
0.208812
1.46435
2.36913
0.0
0.0
0.0
0.0
0.0
0.0
1.34858
5.57874
0.0
2.18738
0.0
0.401056
0.0
0.0
3.14445
0.0
0.0
0.0
0.0
0.0
0.0
0.0
0.0
0.0
1.47453
0.0
0.0
1.20691
0.0
0.367363
1.32861
0.0
0.0
0.0
0.0
0.0
0.0
0.0
0.0
0.0
0.0
0.0
0.0
0.185994
0.0
1.4221
1.32846
0.0
0.0
0.0
0.0
0.0
5.73887
0.0
1.41255
0.0
0.0
0.0
0.0
0.0
3.1172
0.0
0.0
0.0
5.23159
0.0
0.0
0.0
0.443472
0.0
1.41104
2.95556
1.17104
3.9358
0.0
0.0
1.7186
0.0
0.0
0.0
0.241474
0.0
0.0
0.0
0.0
0.0
0.0
0.288388
0.0
0.0
0.0
0.0
0.0
0.0
1.81778
0.0
0.0
2.36253
0.0
0.0
0.0
0.0
0.0
0.0
0.0
0.0
0.0
0.0
0.0
0.0
0.0
0.0
0.0
0.130227
0.0
0.0
0.370756
0.0
3.9941
0.0
0.0
0.0
0.0
0.0
0.0776144
3.63731
2.10372
0.0
0.0
0.0
0.0
3.39188
0.0
1.10054
0.0
1.43112
0.302405
0.0
0.0
0.0
0.997245
0.0
0.0
0.0
0.0
0.0
0.0
0.0
0.0
0.0
0.0
0.0
0.0
0.0
0.0
0.0
0.0
0.0
0.0
0.0
0.665121
0.0
0.0
0.0
0.0
1.55878
0.0
2.69655
0.0
0.0
0.0
5.72711
0.0
0.0
0.0
0.0
0.0
1.03218
0.0
0.0
0.0
0.0
1.75918
0.0
0.0
1.14189
0.0
0.0
0.0
0.75032
1.48252
0.0
0.333098
0.0
0.0
1.37766
0.0
0.0
3.18574
0.0
0.0
0.0
0.0
0.0
0.0
0.0297549
1.93124
0.0
0.0
0.0
0.0
0.415701
0.0
0.886324
0.0
0.0
0.0
0.0
0.0813924
0.0
0.0
0.0
0.0
0.0
0.0
0.0
0.0
0.0
0.0
0.0
0.0
0.0
0.79487
0.0
0.410089
0.0
0.263388
1.78249
0.0
0.0
0.67531
0.881727
0.0
0.202992
0.600926
0.0
0.0
0.176272
1.04291
0.0
0.0
0.0
0.0
0.0
0.0
0.0
0.0
0.0
0.0
0.0
0.0
0.955323
0.0
3.21918
2.07109
0.669235
0.0
0.0
0.0
0.0
0.0
0.0
0.595363
4.37104
0.550957
0.0
0.0
0.76479
0.0
0.0
0.0
0.0
0.0
0.0
0.0
0.99246
1.06831
1.62454
0.685743
0.0
0.0
0.0
1.48979
0.0
0.931584
0.753113
0.0
0.0
0.0
0.517046
0.0
0.0
1.72583
0.0
0.0
0.2775
0.0
0.0
0.0
0.0
0.0
0.0
0.0
0.0
0.0
0.0
0.0
0.0
0.0
0.0
0.0
1.38755
0.117031
0.0
0.0
0.0
0.742576
0.0
0.0
2.2385
0.0
0.0
0.0
0.0
0.0
0.0
0.0
0.0
0.709322
0.0
0.0
0.0
3.70015
0.0
0.00549453
3.62479
2.6799
0.0
0.0
0.0
0.0
6.55527
0.0
0.0
0.0
0.0
1.63518
0.0
0.0
0.0
0.0
2.42737
0.0
0.0
0.0
0.0
0.0
0.0
0.0
0.0
0.0
0.0
0.0
0.0
0.0
0.0
0.0
0.0
0.0
0.0
0.0
1.69625
0.0
0.0
0.0
0.0
0.0
0.356364
0.0
0.0
0.0
0.0
0.365758
0.0
0.0
0.247713
0.0
0.967189
0.564963
0.0
0.0
0.0
0.0
0.853988
4.81268
0.0
0.0
0.0
0.621017
0.0
0.266121
1.68971
2.70298
0.0
0.0
0.644158
0.0
0.0
0.0
1.71094
0.0
0.0
0.0
0.0
0.0
0.0
0.0
0.0
0.79998
0.0
0.0
0.0
0.0
0.0
0.0
0.0
3.52484
0.0
0.0
0.0
0.0
0.0
1.21427
0.0
0.0
0.409625
0.26527
0.0
0.0
0.416513
0.0
0.0
0.0
0.0
2.65922
0.404712
0.0
0.0
0.0
0.0
0.0
0.0
0.619593
0.0
0.0
0.0
0.125201
0.0
0.0
0.0
0.0
0.0
0.0
0.0
0.0
0.0
0.158428
0.0
0.31732
0.0
0.0
0.0
0.0
0.0
0.0
0.0
2.00678
0.0
0.0
0.0
0.0
0.047905
0.0
0.673247
0.0
0.0
0.0
0.437416
0.0
1.98473
0.0
0.0
0.153802
0.0
0.275307
0.0
0.0
0.0
0.0
0.0
2.16298
0.0
0.842232
0.0
0.0
1.82331
0.0
0.0
0.0
0.0
0.927645
1.33198
0.0
3.2967
2.024
0.0
0.0
0.0
0.0
0.0
0.0
0.26282
2.65233
0.0
0.0
0.0
1.92999
0.875823
0.0
0.0
0.0
1.24083
0.0
0.0
0.0
0.824523
0.0
0.118456
0.0
0.0
1.0062
0.0
0.0
0.0
0.817785
3.36313
0.0
1.28579
0.0
0.0
0.0
2.8348
0.0
0.0
0.0
0.0
0.0
0.0
0.0
0.0
0.0
0.42394
0.43526
0.0
0.0
0.0
0.0
0.475159
0.548919
3.99345
0.803383
1.52062
0.0
0.0
0.0
0.0
0.0
0.0
0.0
0.0
1.51224
0.0
0.195587
0.0
0.0
0.0
0.852619
0.0
0.0463174
0.0
1.49179
0.0
0.0
1.69933
0.0
2.16113
0.0
1.78816
0.463738
3.31784
2.7461
0.0
0.0
1.03801
0.0
0.69795
0.543883
0.0
0.0
0.333051
0.0
0.0
2.12777
0.0
0.986381
1.80255
0.0
0.0
0.0
0.0
0.0
0.0
0.0
0.0
3.14786
1.08008
0.930697
0.0
0.0
1.51546
0.267126
0.0
0.0
3.23665
0.922259
1.30186
0.0
0.0
0.0
2.68915
0.0
0.0
0.0
0.0
0.0
0.0
0.0
0.0
0.0
1.67941
0.0
1.24757
5.51297
0.0
0.0
0.0
0.0
2.10009
1.83358
0.0
0.0
0.0
0.0
0.0
1.58182
0.0
0.0
0.0
0.0
0.963775
0.884418
0.0
0.0
0.0124391
0.0
0.0
0.326403
0.0
0.0
0.0
0.0
2.04981
0.0
0.0
0.0
0.0
0.0
1.46052
0.0
1.12484
0.0
2.49218
0.0
2.24833
0.0
0.0
0.0
0.0
0.0550354
0.0
0.0
0.0
0.0
0.0
0.0
0.0
3.39906
0.0
0.0
1.81365
1.13134
0.0
4.25785
0.0
0.0
0.0
0.0
0.960902
0.0
0.0
0.0
0.511027
1.77247
0.0
2.30804
0.0
0.0
0.0
0.0
2.57982
0.0
0.0
1.10073
0.0
0.0
0.35225
0.0
0.0
0.0
1.21051
0.0
0.155395
0.0
0.0
0.0
0.0
4.60244
0.0
0.0
0.0
5.42747
0.502611
0.0
0.0
0.0
0.533598
0.0
1.26764
0.0
1.0215
0.0
0.0
0.0
0.992496
0.0
0.0
0.0
0.0
0.0
0.829827
0.0
0.0
0.0
0.0
0.0
0.0
0.0
0.0
0.0
0.0
0.300749
6.04381
1.16021
0.0
0.0
1.99093
0.0
3.64091
0.0
3.96864
0.988058
0.331943
0.0
0.0
1.57631
0.00867856
0.481179
0.0
0.0
0.0
0.0
0.0
0.0
1.38914
0.0
0.0
0.0
0.0
1.04681
0.0
0.0
0.0
1.08012
0.0
0.0
2.07871
0.0
2.3661
0.0
3.02261
0.0
0.0
0.780864
0.934048
0.652742
0.0
0.0
0.697602
0.0
0.0
0.0
0.0
0.115766
0.903562
0.839556
1.05295
0.0
0.0
0.0
0.0
0.0
0.745761
0.0
0.0
0.0
0.0
0.0
0.0
0.0
0.0
0.0
0.0
0.0
0.0
0.0
1.45413
0.0
0.0
0.0
0.0
0.0
0.0
0.0
0.0
0.0
0.0
0.316583
0.0
0.0
0.0
4.24576
0.0
0.0
0.0
0.0
0.0
0.0
0.0
0.0
0.6579
0.886584
2.54659
0.0
0.0115699
0.0
0.0
0.0
0.0
1.90684
0.0
0.0
0.0
0.0
0.0
0.457939
0.0
0.0
0.0
0.0
0.0
0.0
0.0
0.0
1.69666
0.0
0.0
2.71006
0.416296
0.0
0.0
0.0
0.0
0.0
0.151384
5.3153
0.0
1.27392
0.0
3.18612
0.0
0.0
0.0
1.07057
1.45197
0.0
0.0
0.0
0.0
0.0
0.0
1.20896
0.780988
0.0
0.0
0.0
0.0
0.0
0.0
0.0
1.75938
0.0
0.0
0.582581
2.13684
1.52522
0.0
0.0
0.0
0.0
4.519
0.0
0.0
0.0
0.0
0.0
4.40268
0.0
0.0
0.0
0.0
0.161974
0.0
0.0
0.0
1.81643
0.0
0.0
0.0
0.0
0.0
0.0
0.0
0.0
0.0
0.0
0.0
0.0
0.0
0.0
1.59095
0.0
0.0
0.0
0.0
0.0
0.432432
0.0
1.89071
0.0
1.23755
0.0
0.0
0.0
0.946686
0.0
0.0
0.201708
0.0
1.43845
0.0
2.5514
0.4651
0.0
0.519646
0.0
0.0
0.0
0.0
2.14666
0.0
0.0
0.0
0.0
0.0
0.0
3.74728
0.0
0.358548
0.0
0.968964
0.0
0.0
0.0
2.2565
0.81161
1.47729
0.0
0.0787546
0.0
0.0
0.0
0.0
1.271
0.713895
0.0
0.781212
0.0
0.0
0.0
0.0
0.0
0.0
0.0
0.0
0.823336
0.0
1.07772
0.0
0.0
1.98676
0.0
0.0
0.0
0.0
0.0
0.926676
0.0
0.0
1.78987
0.0
4.50936
0.0
0.0
0.95767
0.0
0.0
0.0
0.0
0.115777
0.0
0.0
0.0
0.0
0.0
0.417715
0.0
0.0
1.729
1.37217
0.0
0.0560994
0.0
0.109222
0.0
0.0
0.0
0.0
1.41524
0.0
0.0
2.83064
0.0
0.0
0.0
0.0
0.0
3.91213
4.31215
1.79258
0.0
0.0
0.0
0.0
0.0
0.0
0.327114
4.34697
0.0
0.0
0.0
0.0
0.0
1.0955
0.0
0.0
0.0
0.0
2.22322
4.12234
0.0
0.726401
0.0
0.0
0.0
0.0
0.0
0.0
0.0
0.0
0.0
0.0
0.0
0.0
0.0
0.0
0.0
0.0
0.0
0.0
0.0
0.0
0.0
2.76012
1.17265
0.0
0.0
0.0
1.79453
0.0
0.0
0.0
0.0
0.0
1.23796
0.0
0.0
0.0
0.0
1.55968
0.0
0.0
0.0
0.0
4.88613
0.0
0.0
0.0
0.0
0.0
0.0
0.0
0.0
0.0
1.68419
0.0
0.284539
0.0
0.0
3.10793
0.0
1.30286
0.0
0.0
0.0
0.0
0.0
0.0
0.0
0.0
0.0
0.0
0.824934
0.477899
0.0
0.0
0.0
0.0
0.0
0.0
0.0
0.0
1.54671
0.0
0.0
0.0
0.0
0.0
0.0
0.0
0.0
0.0
0.0
0.0
0.0
0.0
0.0
0.0
0.0
0.0
0.0
0.0
0.0
0.0
0.00887534
0.0
0.0
0.233102
2.75877
0.0
0.0
0.0
0.0
0.0
0.0
0.0
0.0
0.0
0.0
0.0
0.0
0.0
0.0
2.1049
0.952048
4.13328
0.0
1.43611
0.0
0.0
0.0
0.0
0.0
0.0
0.0
3.44146
0.0
0.0
2.32361
0.0
0.0
1.18168
0.0
0.0
1.97685
1.19568
3.66172
0.0
2.58208
0.0
0.181802
0.0
0.0
0.0
3.19935
0.0
2.79243
0.161245
0.0
0.0
0.0
0.109136
0.0
0.0
0.0
0.0
0.0
0.0
1.91746
0.0
0.0
0.0
0.0
0.0
0.0
0.576906
0.0
2.16627
2.66945
0.0
0.0
0.0
0.0
1.20968
0.0
0.507285
0.0
0.0
0.0
3.16905
0.0
0.0
0.0
0.452965
0.0
0.6737
0.0
0.0
0.0
3.51459
1.91625
0.0
0.0
2.52674
5.59479
0.0
0.0
0.203942
0.0437462
0.812835
0.0
0.709316
1.76829
2.53659
0.85017
0.128286
0.0
0.0
0.0
0.0
2.3129
2.25585
0.0
0.0
0.0
1.80934
0.282112
2.83393
3.57534
0.0
0.0
0.0
0.0
0.0
0.222627
0.0
0.0
0.0
2.96261
0.0
0.0
0.0
0.0
0.0
0.735617
0.0
0.0
2.12029
0.0
1.44783
0.0
0.0
0.0
0.0
0.397564
0.0
0.0
0.0
3.68978
0.459443
0.0
0.0
0.138175
0.0
0.0
1.86686
0.0
0.0
0.0
0.0
1.10587
0.0
0.0
3.01536
0.0
0.0
1.42177
0.0
0.61508
2.82933
2.11033
0.0
0.0
1.46053
0.0
0.0
0.0
0.0
1.50677
0.0
0.0
0.0
0.0
0.0
0.0
0.0
0.0139512
0.0
0.0
1.34631
2.66436
1.72142
0.0
0.0
0.0
2.01526
0.0
0.0
1.13076
1.11314
0.0
0.0
0.0
0.0
0.0
1.69291
0.599928
2.91465
0.0
0.806993
0.0
0.0
0.0
0.0
0.937166
2.3516
0.0
0.0
0.0
0.0
0.0
0.500173
2.24074
0.285623
0.884367
1.07504
0.0
0.0
0.0
2.15123
0.0
0.35357
0.0
0.0
0.0
0.0
1.91039
0.0
0.0
0.12915
0.0
0.0
0.0
0.0
0.246116
0.0
0.0
0.0
0.0
0.0
0.0
0.0
0.0
1.6266
0.0
0.0
1.47447
2.21168
0.0
0.0
0.0
0.0
0.732626
1.27427
0.498264
0.500231
0.0
0.0
0.0
0.0
0.0
1.1594
0.0
0.0
0.059729
0.0
0.0
0.0
0.0
0.0
0.0
0.0
0.0
0.0
0.0
0.0
0.0
0.38331
0.0
1.43957
0.0
0.0
0.0
0.0
0.0
0.158385
2.79194
0.0
0.0
0.0
0.0
0.0
0.0
0.592959
0.0
1.18461
0.0
0.0
0.929156
0.282208
0.0
0.0
0.0
0.692862
0.0
0.255429
0.0
0.0
0.0
0.395804
0.0
1.33343
0.0
0.143247
0.0
0.0
0.0
0.0
0.633274
0.0
0.0
0.0
2.78023
0.0
0.0
3.64903
0.0
0.0
0.448535
1.42398
0.0
0.0
0.944237
0.0
0.0
0.0
0.0
0.0
0.0
1.1203
0.0
0.0
0.0
0.0
2.4544
0.565767
1.84389
0.0
1.49802
0.0
0.0
0.0
1.45213
1.33212
0.0
0.0
2.22111
0.327173
0.822474
1.7294
0.0
0.0
0.0
1.09961
0.0
0.0
1.46697
0.0
0.931172
1.01576
0.0
0.348479
0.0
0.0
0.0
0.0
3.64237
0.0
0.192778
0.0
0.0
0.331518
0.319544
0.0
0.0
1.02576
0.0
3.90398
0.0
0.0
0.0
0.0
0.0
0.0
0.0
0.0
0.0
0.201552
0.0
0.0
0.0
2.84364
0.0
0.0
0.0
0.0
0.0
0.0
0.0
0.0
0.0
0.894824
0.0
1.10529
0.0
0.0
2.14224
0.0
0.0
1.14844
0.955818
0.0
0.0
1.24524
0.0
0.0
0.0
0.0
0.0
0.0
0.0
0.0
2.41993
1.37146
0.0
0.0
0.0
0.0
0.0
1.9809
0.948228
0.0
0.0
0.0
0.0
0.0
0.0
0.0
0.0
0.0
0.0
0.37957
0.0
0.0
1.19187
0.0
0.0
0.0
0.0
0.0
0.0
2.37086
0.563575
1.02417
0.0
0.0
1.87796
0.0
0.0
4.68134
0.0
0.0
0.0
0.0
0.0
0.0
0.0
0.0
0.560028
3.92769
3.28889
0.0
2.01417
0.0
0.0
0.0
0.0
2.01966
0.0
0.0
0.0
1.07144
0.0
0.0
0.0
0.0
0.0
2.6007
0.0
0.304823
0.0
0.388229
0.0
0.151235
0.00894105
0.0
0.283418
0.0
1.14365
0.128506
0.0
0.0
0.307594
0.0
0.150761
0.0
0.92259
0.0
3.17674
0.0
0.0
0.0
0.0
0.892221
0.0
0.00486253
0.13168
1.45865
0.0
1.19684
0.0
2.66543
1.15394
0.0
0.0
0.0
0.0
0.0
0.554715
3.19835
0.0
2.34078
0.0
3.53311
0.251491
0.689336
0.0
0.0
0.0
0.0
0.0
0.0
0.0
0.0
0.0
0.0
0.0
0.0
0.0
0.0
0.0
0.0
1.06362
0.0
3.7408
0.0
0.0
0.607807
0.0
0.0
0.0
0.0
0.0
1.34956
0.0
0.0
0.0
0.0
0.0
0.0
0.0
3.09526
0.0
2.1071
0.0
0.0
0.0
0.0
0.273405
5.88058
0.0
1.07013
0.0
2.92076
1.39504
0.0
0.0
0.0
0.669945
0.0
0.0
2.88964
0.0
0.477588
0.0
0.0
1.41939
0.0
0.0
0.0
0.0
0.0
0.0
1.73597
0.0
1.29294
0.446418
0.0
1.84479
1.20313
0.0
0.0
1.21837
0.0
0.0
2.05498
1.31518
0.0
0.0
0.0
0.0
0.0
0.0
0.0
0.0
0.0
0.0
0.0
0.0
0.454633
0.0
0.0
0.0
0.0
0.71524
1.19311
1.62745
0.0
0.714346
0.0
0.585125
0.0
0.0
0.0
0.0
0.0
1.44987
0.0
0.0
0.0
0.0
1.76261
0.0
0.0
0.0
2.93562
0.0
0.0
2.51727
0.918602
1.06877
0.0
0.0
1.78112
0.0
0.628892
0.0
0.0
0.0
0.0
0.0
3.30194
0.0
0.0
0.0
0.0
0.0
0.0
0.0
0.0
1.07679
0.0
0.0
0.57518
0.0
0.0
0.0
0.694883
0.0
0.579677
0.0
4.73166
0.0
1.6321
0.0
0.802085
0.0
0.0
0.321322
0.0
0.0
0.0
0.0
0.0
0.0
0.0
0.0
0.0
0.0
0.0
0.0
0.0
0.0
0.0
0.0
1.36519
0.0
0.0
0.0
0.0
0.0
0.0
1.39818
1.91697
0.0
0.0
0.0
0.0
4.56008
0.0
0.0
0.0
2.9247
0.674905
0.0
0.20994
0.0
0.0
0.0
2.25963
0.0
0.0
0.0
0.0
0.0
0.0
0.0
0.0
0.0
1.02618
0.0
0.0
0.0
0.0
0.0
0.0
0.0
2.39181
0.294001
0.0
2.3152
0.0
0.490382
0.685671
0.0
0.699949
0.0
0.0
0.668986
0.0
0.0
0.0
1.48016
0.0
0.0
0.0
0.0
3.31859
0.553121
0.0
0.0
0.0
0.72315
0.0
0.0
0.0
2.16517
0.0
0.0
1.23679
0.0
1.45908
1.10919
0.0
0.0
0.0
1.13672
0.0
0.0
0.995905
1.78445
0.969546
0.0
0.643363
0.0
0.0
0.0
1.64889
0.73094
0.0
0.0
0.996454
0.0
0.0
3.35497
0.0560673
1.06722
0.0
0.0
1.48261
0.0
0.0
0.0
0.0
0.0
0.0
0.0
1.16368
0.0
0.0
0.0
0.0
1.71006
0.0
1.40163
0.0
0.0
0.0
0.0
0.0
1.65313
0.0
0.0
0.0
0.0
0.0
0.0
0.0
0.0
0.0
0.0
0.0
4.26411
0.0
0.0
0.0
0.0
0.0
3.12842
0.0
0.0
0.0
0.0
1.28423
1.09457
0.994626
0.307805
0.0
0.350067
0.0
0.0
0.0
0.0
0.0
0.0
0.0
0.635806
0.0
0.0
0.0
0.0
0.0
0.0
1.88156
0.0
0.0
0.0
0.0
0.0
0.0
0.0
0.0
0.0
0.0
2.67737
0.0
0.364821
0.225526
0.0
0.0
0.609723
0.0659755
0.722232
0.0
0.0
1.22226
3.1246
0.339365
0.0
0.0
0.0
1.51139
0.287167
0.0569081
0.0
0.0
0.0
1.44427
0.0
0.0
0.0
0.0
0.0
0.0
0.0
0.0
0.0
2.11772
0.0
0.192122
0.0
0.0
0.0
0.0
0.0
3.59861
0.952054
0.851193
0.0
0.376441
0.0
0.0
1.43653
0.0
0.0
0.0
0.326074
0.103727
0.0
0.0
0.0
2.93068
0.947619
0.0
0.0
0.0
0.762687
1.39409
0.0
0.66005
0.0
0.0
0.0
0.0
0.0
0.0
0.0
0.0
0.0
0.0
0.0
3.3762
0.0
0.0
0.0
0.385377
0.0
0.0
1.50992
0.0
0.24143
0.0
2.45266
0.0
0.0
0.0
1.44188
0.0
0.0
0.0
0.0
0.0
0.0
0.0
0.0
0.0
0.0
0.0
0.0
0.70566
0.0
0.0
0.0
0.0
0.0
0.0
0.0
0.0
0.357453
0.0
2.2197
1.1761
0.0
3.1512
0.0
0.0
0.0
0.0
0.0
0.0
0.0
0.0
0.0
0.0
1.54813
0.0
0.0359277
3.7582
0.0
0.0
0.553582
0.0
0.0
0.0
0.0
0.0
0.0263121
0.243831
0.259681
2.07743
0.0
0.0
0.0
2.49837
0.0
0.0
1.47651
0.0
0.0
0.143796
0.0
0.479399
0.59782
0.0978783
0.0
0.0
0.0
0.0
0.0
1.03834
0.0
0.0
0.0
1.4399
3.2516
0.0
2.62002
0.444985
5.57849
0.0
0.0
0.0
0.0
1.14385
0.0
1.02558
0.0
0.0
0.0
0.0
0.0
0.0
0.0
0.0
0.0
0.0
3.56472
0.0
0.317363
0.0
0.0
0.0
1.22019
0.0
0.0
1.40912
0.0
4.02149
1.29385
0.0
1.76626
0.0
0.0
0.0
0.549609
0.459853
0.0
0.0
0.0
0.0
0.363413
1.37663
0.0
0.0
0.0
0.0
4.4341
0.0
2.52017
0.0
0.0
0.0
0.0
0.0
4.82077
0.0
4.97188
1.75647
1.25532
1.07723
0.0
0.0
0.0
0.192034
2.56446
2.34056
0.0
0.0
0.0
4.41912
0.0
1.28266
0.0
0.0441948
0.0
0.0
3.42028
0.245004
0.0
0.0
0.0
0.0
0.0
0.0
1.3535
0.0
0.0
0.0
0.0
2.72169
0.0
0.0
0.0
0.0
0.0
0.0
0.0
0.0
3.30042
0.70047
2.63545
0.0
0.0667836
0.0
0.0
3.0527
0.0
0.0
2.29874
0.0
0.0
3.37406
0.74744
2.59226
0.0
2.81265
4.97256
4.16016
0.989667
0.0
0.0
0.0
0.0
1.72459
0.763149
0.0
0.976372
0.201719
1.60573
0.689696
0.0
0.0
0.0
0.0
0.0
1.37787
0.0
0.0
0.0
0.0
0.0
0.0
1.10524
0.0364566
0.0
1.10013
0.0
0.0
0.0
0.0
0.0
0.0
0.0
0.0
4.16148
3.20165
0.0
1.14124
0.0
0.0
0.0
0.0
0.719281
0.0
0.659345
1.62002
0.0
0.594326
1.70576
0.590167
0.840773
0.0
0.0
0.0
0.0
0.0
0.0
4.1408
0.0
0.0665746
0.0
0.0
0.0
0.0
0.785236
0.0
0.0
0.0
0.0
0.0
0.0
2.38469
0.0
0.0
3.01361
0.0
0.611576
0.0
0.0
0.0
0.0
0.0
0.0
1.68046
0.0
0.0
0.0
0.0
0.0
0.0
0.0
0.507922
0.0
0.0
0.0
0.0
0.0
0.0
0.0
5.48574
0.0
0.0
0.0
0.0
2.28499
0.0
0.0
0.0
0.0
3.5769
0.0
3.92777
1.79069
0.0
0.0
0.937418
0.0
0.0
3.62413
0.0
0.0
0.0
0.0
0.0
0.0
0.0
0.67361
0.0
0.0
0.0
0.0
0.0
2.79709
0.0
0.0
2.92238
1.20595
2.89255
0.0336776
0.516046
0.280448
1.13958
0.0
0.0
1.03626
0.832514
0.3928
0.0
0.0615616
0.0
0.0
0.0
2.4914
0.0
1.92526
0.0348759
0.0
0.0
0.0
0.0
1.84553
0.0
0.0
0.0
0.0
1.06537
0.0
1.27591
1.31865
0.0
0.707065
2.79328
0.0
0.0
2.45707
0.0
2.96769
0.0
0.0
0.0
0.0
0.0
0.722222
0.0
0.527621
3.40002
0.0
0.0
0.0
0.0
0.0
1.65817
0.0
0.0
0.0
0.0
0.0
0.0
0.0
1.54285
0.0
0.0
0.0
1.01501
0.0
1.54976
0.0
0.0
0.0
0.743035
0.0
0.0
1.04451
0.0
0.0
1.21364
0.0
0.0
0.0
0.0
0.0
3.60724
0.0
0.0
0.0
0.0
0.0
0.328423
0.0
0.0
0.0
3.86955
0.0
0.0
0.0
0.0
0.0
0.0
0.0
0.0
0.10336
1.32643
0.0
0.0
0.0
0.0
0.808941
1.03135
0.0
0.0
1.83888
4.3399
0.0
1.60332
0.0
0.0
0.493445
0.921341
0.0
0.0
0.0
0.472503
0.0
2.93859
0.0
2.88497
0.0
0.0
0.0
0.0
0.0
0.0
0.0
0.0
0.0
