0.0
0.0
4.08955
0.0
1.91843
0.0
0.0
0.0
0.0
0.0
0.0
0.0
0.0
0.0
0.0
0.0
0.0
0.0
0.0
0.0
0.0
0.0
0.0
0.0
0.0
0.0
0.0
0.0
0.0
0.0
0.0
0.0
0.0
9.84911
0.0
0.0
0.0
0.0
0.0
0.0
0.0
0.0
0.0
0.0
0.0
3.05839
0.636116
0.0
1.03502
2.65137
0.0
0.0
0.0
0.0
0.0
0.0
0.0
0.0
0.0
0.0
0.0
0.0
0.0
0.0
0.0
0.0
0.0
0.0
0.0
0.0
0.0
0.0
0.745884
0.0
0.0
0.0
0.0
2.20048
0.0
0.0
2.73768
0.0
0.0
0.0
0.0
0.0
0.0
0.0
0.0
0.0
0.0
0.0
0.0
0.0
0.0
0.0
0.0
0.0
3.7115
0.0
0.0
0.0
0.0
0.0
0.0
0.0
0.0
0.0
0.0
0.0
0.0
0.0
0.0
0.774332
0.343741
0.0
0.0
0.0
4.0747
0.0
0.0
0.0
0.0
0.0
0.0
0.0
0.0
3.44282
0.0
0.0
0.0
0.0
0.0
0.0
1.76042
0.0
5.42209
0.0
0.0
0.0
0.0
2.56393
0.0
0.0
0.0
0.0
0.0
0.0
0.396194
0.0
0.0
0.0
0.0
0.0
0.0
0.0
0.0
0.0147748
0.237482
0.0
1.68907
0.0
1.60531
0.0
0.0
0.0
0.0
0.0
0.0
0.0
0.0
0.0
4.38737
0.0
0.0
0.0
2.82672
0.0
0.0
0.0
4.67169
0.0
0.0
0.0
0.0
2.15896
0.0
0.0
0.0
0.0
0.0
0.0
0.842081
0.0
0.0
0.0
0.0
1.2
0.0
2.95742
0.0
0.0
0.0
2.72394
0.0
0.173717
0.0
0.0
0.0
0.0
0.0
0.0
0.0
0.0
0.0
1.3814
0.0
0.0
0.0
0.0
0.0
0.0
0.0
0.0
0.0
0.0
0.05691
0.0
0.0
0.0
0.0
0.0
0.0
0.733858
0.0
0.0
0.0
0.0
0.0
0.0
0.0
0.0
0.0
0.0
0.235702
0.184304
0.0
1.8205
0.0
0.0
0.0
0.0
0.0
0.0
0.0
0.0
0.0
0.0
0.0
0.548216
0.0
0.0
3.01883
0.0
0.0
0.0
0.0
0.0
0.0
1.00752
0.331554
1.28253
0.0
0.0
0.0
0.0
0.267143
0.199265
0.0
0.0
0.0
2.09576
2.97422
0.443105
0.0
0.0
0.0
0.0
0.0665781
0.0
0.0
0.0
0.0
0.0
5.11541
0.0
0.531275
0.0
0.0
0.0
0.0
1.87516
3.4573
0.0
0.0
0.0
0.0
0.0
0.0
0.0
0.0
0.0
0.0
0.0
0.0
0.0
0.0
0.0
0.0
0.0
0.164323
0.0
0.0
0.0
0.0
0.0
0.366572
0.0
0.0
0.702371
0.0
0.0
0.0
0.0
0.0
0.0
0.0
0.0
0.0
0.0
0.0
0.0
0.0
0.0
0.0
0.0
0.0
0.0
0.0
0.0
0.0
0.0
0.0
0.0
0.0
0.0
0.0
0.275589
0.0
4.81547
0.0
0.0
1.00592
0.0
0.0
0.768861
0.0
0.0
0.0
0.0
0.0
0.0
0.0
0.0
0.0
0.0
0.399399
0.0
0.0
1.25503
0.0
0.0
0.10184
0.0
0.0
0.0
0.0
4.00572
0.0
0.0825153
0.0
0.0
0.0
0.0
0.035524
1.47491
5.51248
0.0
0.0
0.0
0.0
0.0
0.0
0.0
0.315885
0.0
0.0
0.0
0.0
0.0
0.0
0.0
0.0
0.0
0.0
0.0
0.0
0.0
0.0
0.540699
0.0
0.0
0.0
0.0
0.0
0.0
0.0
0.0
0.0
0.000860423
5.37087
0.0
0.199246
0.0
0.0
0.0
0.0
0.0
0.809142
0.0
0.0
0.0
0.0
0.0
0.0
0.0
0.0
0.0
0.0
1.14789
0.0
0.514243
0.0
2.02207
0.0
0.0
0.0
0.0
0.0
0.0
0.158691
0.0
1.5095
0.0
0.0
1.34762
0.0
0.0
0.0
1.39734
0.0
0.0
0.0
0.0
0.0
0.0
0.0
0.0
3.11192
0.0
0.0186376
0.0
0.0
1.49533
0.0
0.0
0.0
0.0
0.0
0.0
0.0
0.455569
0.0
0.0
0.0
0.0
2.53381
0.0
0.0
0.0
0.0
0.0
0.0
0.0
0.0
0.0
0.0
0.0
0.0
0.0
0.0
4.18918
0.0
0.0
0.0
0.0
0.0
2.58256
0.0
0.0
0.0
0.0
0.0
2.85077
0.0
0.0
0.0
0.0
0.0
0.0
0.0
0.0
2.04006
2.60418
0.0
0.0
1.50376
0.0
0.0
0.0
0.0
0.0
0.0
0.0
0.0
0.0
0.0
0.0
0.0
0.0
0.0
0.0
0.0
0.0
0.0
0.0
0.0
0.0
0.776954
0.0
0.0
0.0
0.0
0.0
0.0
0.0
0.0
0.0
0.0
0.0
0.0
0.0
0.0
0.192833
0.0
0.593684
0.0
0.0
0.0
0.0
0.0
0.0
2.46675
0.0
0.0
0.0
0.0354497
0.0
0.0
0.0
0.0
0.0
3.76566
0.0
0.0
0.0
3.57082
0.0
0.0
0.0
0.0
0.0
0.0
0.0
0.549178
0.0
0.0
0.0
0.829979
0.0
0.0
0.0
1.10362
0.0
0.0
0.405436
0.0
0.0
0.0
0.363719
3.64511
0.0
3.672
0.0
3.38013
0.0
0.0
0.0
0.0
0.0
0.0
0.0
0.0
0.0
0.0
0.192332
3.12067
0.0
0.0
0.0
1.34014
0.0
0.0
2.49957
0.0
0.0
0.0
0.0
0.0
0.0
0.0
1.70416
0.0
0.0
0.0
0.0
0.0
1.18866
0.0
0.0
4.81516
5.58745
0.0
0.0
0.0
0.0
0.0
0.0
0.0
0.0
0.0
0.0
0.0
0.0
0.0
0.0
0.505193
0.0
0.0
0.0
0.0
0.0
0.0
3.61185
0.0
0.0
0.0
0.0
0.0
0.0
0.0
0.0
0.0
0.0
1.93681
0.0
0.0
0.0
0.0
0.0
0.0
0.0
0.0
0.0
0.0
0.0
0.0
0.0
0.0
0.0
0.0
0.0
2.2368
0.0
0.0
0.0
0.0
0.0
0.173244
0.0
0.0
0.586402
0.0
0.0
1.20508
2.93398
0.0
0.0
0.803911
0.666986
0.0
2.84434
0.0
0.0
3.60654
1.25392
0.0
0.0
2.55094
0.0
3.37728
0.0
0.0
0.0
0.0
0.0
0.0
0.0
0.0
0.0
0.0
0.0
1.23552
0.469412
0.0
0.0
2.89363
0.864353
0.0
0.0
1.36319
1.28536
0.0
0.0
0.0
0.0
0.0
0.0
0.0
0.0
0.0
0.0
0.0
0.0
0.0
0.0
4.71782
0.0
0.0
0.544147
0.0
0.0
0.0
0.0
0.0
0.0
0.0
0.0
0.0
0.0
0.0
0.0
0.0
1.57423
0.0
0.0
3.54452
0.0
0.0
1.54974
0.0
0.0
0.0
2.42209
0.0
1.372
0.0
0.0
0.0
0.0
0.0
0.933351
0.0
0.0
0.0
0.0
0.0
0.0
2.02571
0.207274
0.0
0.0
0.138918
0.0
0.0
2.93082
0.0
0.0
0.0
0.0
0.0
0.0
0.0
0.636997
0.0
0.0
0.0
0.0
0.0687655
0.0
0.0
0.0
1.38501
0.0
0.0
0.0
0.0
0.0
0.0
0.871513
0.0
0.0
0.0
0.0
0.0
0.0
0.0
0.0
0.0
0.0
3.11563
3.43154
0.0
0.0
0.0
0.0
0.0
0.485568
0.0
0.0
0.0
0.0
0.0
0.0
0.0
0.0
0.18585
0.0
0.0
2.08334
0.0
1.4078
0.0
0.0
0.0
0.0
0.0
0.0
0.269255
0.0
0.0
4.6298
0.0
0.0
1.74042
0.0
2.78492
0.0
0.0
0.0
0.0
0.0
0.0
0.0
0.0
0.0
0.0
0.0
2.747
0.0
0.0
0.0
0.0
0.0
0.0
0.0
0.184647
0.0
0.0
0.0
0.0
0.0
0.0
2.81334
0.0
0.0
0.0
0.493077
0.0
0.0
0.0
0.0
0.0
0.0
0.0
0.0
0.0
0.0
0.0
1.19222
0.0
0.0
0.0
2.47451
0.0
0.0
1.92911
0.0
0.0
0.0
0.0
1.84004
0.0
0.0
0.0
0.362803
0.0
3.01325
0.0
0.723294
0.0
0.0
0.0
0.0
0.0477538
0.0
0.0
5.52995
0.0
1.02498
1.35605
0.0
0.0
0.0
0.0
0.0
0.0
0.672484
0.0
0.0
0.0
0.0
1.7449
0.0
5.17251
0.689788
0.0
0.0
0.0
0.0
0.0
0.0
0.0
0.0
0.0
0.0
0.0
0.0
0.0
0.0
0.0
0.0
0.0
0.0
0.0
0.0
0.0
0.0
0.0
0.0
0.0
0.0
0.0
0.0
0.0
0.0
0.510323
0.0
0.0
0.830981
0.0
0.0
0.0
2.98988
0.0
0.0
0.0
0.0
0.0
0.0
1.86153
0.0
0.0
0.745155
1.42076
0.481407
0.0
0.0
0.0
0.0
0.0
0.0
0.0
1.63
0.0
0.0
0.0
0.0
0.0
0.0
0.0
0.0
0.0
1.7709
0.0
0.0
0.0
0.0
0.0
0.0
0.0
0.0
0.0
1.74444
0.0
0.0
2.24737
2.86086
2.5837
0.0
0.0
0.0
0.0
0.0
1.09099
0.0
2.07931
0.0
0.0
0.0
2.10297
0.0
0.0
0.219202
0.0
0.0
0.0
0.213073
0.0
0.0
0.0
0.0
0.0
0.0999805
0.0
0.0
0.0
0.0
0.0
0.0
0.0
0.0
2.04129
0.0
1.69937
0.0
0.0
0.0
0.0
0.0
0.0
0.0
1.35963
0.0
0.0
0.484978
0.0
0.0
0.0
0.0
0.0
0.0
0.0
0.0
0.0
2.39127
0.0
0.0
0.0
0.0
1.71385
0.0
0.0
0.0
0.0
0.566217
0.0
0.0
0.0
0.0
0.0
0.0
0.0
3.51116
0.0
0.0
0.0
0.0
0.0
2.95074
0.0
0.0
0.0
0.0
0.250216
0.0
0.0
0.0
0.0
1.01684
0.0
0.0
1.18321
0.0
0.0
0.0
0.0
1.87783
0.266266
0.0
0.0
0.0
0.44798
0.0
2.89111
0.0
0.0
0.0
0.794652
0.0
0.0
1.76021
0.0
0.0
0.0
0.0
0.0251664
0.0
3.243
0.0
0.0
0.0
0.0
0.0
0.0
0.0
0.0
0.0
0.0
0.0
0.0
0.0
3.02607
0.0
0.0
0.0
0.378163
0.0
0.0
0.0
2.42259
0.0
0.0
0.0
0.0
0.0
0.0
0.0
0.0
10.007
0.0
0.0
0.0
0.0
0.0
0.933172
0.0
0.0
0.0
0.0
0.0
0.0
0.0
0.0
0.0
2.29976
0.0
0.0
1.34941
0.0
0.0
0.0
0.0
0.0
0.462435
0.0
0.0
0.0
1.29475
0.0
0.0
0.0
0.0
0.0
0.0
0.0
0.0
0.0
0.0
0.615734
1.897
0.0
0.0
0.0
0.0
2.13696
0.0
0.0
0.0
0.98541
0.0
0.901121
0.0
0.0
0.0
0.847786
0.0
1.47931
0.0
0.599788
0.0
0.0
0.0
0.0
0.0
0.0
0.0
0.0
1.02577
2.48298
0.0
1.45583
0.0
2.5562
1.4556
0.0
0.0
0.0
0.0
0.0
0.0
0.0
0.0
0.0
0.113767
1.09791
3.73145
0.777704
0.0
0.0
0.0
0.0
0.0
0.0
0.0
0.0
0.0
0.0
0.0
0.0
0.0
0.124775
0.0
0.0
0.0
0.0
0.0
0.0
0.0
0.0
0.0
0.0
0.0
0.0
1.79973
0.0
0.0
0.0
1.7105
0.0
0.0
0.0
0.0
0.0
0.0
0.0
1.90015
0.0
0.0
0.0
0.0
0.0
0.260537
0.0
0.0
0.0
0.191804
0.0
3.51713
0.0
0.0
0.323423
0.0
0.0
0.0
0.0
0.0
0.0
0.0
1.38527
0.0
0.0
0.0
0.0
0.0
0.0
0.0
0.0
0.0
1.96306
0.733528
0.0
0.0
0.0
0.0
0.273968
0.0
1.18882
0.0
0.0
0.0
0.0
0.0
0.0
0.0
0.0
1.01112
0.295633
0.0
0.0
0.0
0.476744
0.0
0.0
0.0
0.0
0.0
1.17149
0.0
0.0
0.590319
0.0
0.0
0.0
0.0
0.0
1.54722
0.0
0.0
0.836189
0.0
0.204149
0.0
0.0
0.0
0.0
0.0
0.0
0.0
0.0651435
0.0
0.0
3.24092
0.0
0.0
0.0
0.0
0.0
0.0
0.0
0.0
0.0
0.0
1.54636
2.48881
0.0
0.0
0.578807
0.0
2.499
0.0
0.0
0.0
0.0
0.0
0.0
0.0
0.0
0.0
0.0
0.0
0.0
0.0
0.0
0.0
0.0
3.89161
0.0
0.0
0.0
1.3353
0.0
0.0
0.0
0.0
2.35455
0.0
0.0
0.0
0.0
0.0
0.0
0.0
0.0
0.217701
0.308213
0.0
0.0
0.756279
0.0
0.0
0.102448
0.993598
0.0
0.0
0.0
0.0
0.0
0.0
0.0
0.0
0.0
0.0
0.0
0.0
2.9324
0.0
0.0
2.15487
0.0
0.0
0.0
0.0
0.0
0.0
0.0
1.44036
0.0
0.0
0.0
0.0
0.0
1.4047
0.0
0.0
0.0
0.0
0.0
0.0
0.0
0.95027
0.0
1.43249
3.08275
0.0
0.0
0.0
0.0792854
0.0
0.0
0.625081
0.0
0.0
3.53349
0.0
0.0
0.0
0.0
0.0
0.0
0.0
1.22265
0.0
0.0
0.0170702
0.0
0.0
0.0
0.0
0.0
1.97499
3.62725
0.0
0.0
0.0
0.0
0.0
0.0
0.0
0.873748
1.394
0.0
0.0
0.757608
0.0
0.0
0.0
0.0
0.0
0.0
0.880613
0.0
0.0
0.0
0.0
0.0
0.0
0.0
0.0
0.0
0.0
0.0
0.0
0.0
0.0
0.0
0.0
0.0
0.0
0.775496
0.0
0.0
0.0
1.52422
0.0
0.0
0.0
0.0
1.50137
0.54887
0.0
0.0
0.0
0.0
0.0
0.0
0.0
0.0
0.0
0.0
0.656467
0.0
0.0
0.0
0.0
0.0
1.03892
0.0
0.0
0.0
0.0
0.0
0.0
0.0
0.0
0.0753156
1.92049
0.0
0.846565
0.0
0.0
0.0
0.0
0.0
0.0
3.79374
0.0
0.0
1.47146
0.0
0.0
0.0
0.0
0.0
0.0
0.0
0.522989
0.0
0.799496
0.689465
0.0
0.0
0.0
0.0
0.0
0.0
0.0
2.89327
0.0
4.04384
0.885301
0.00495321
0.0
0.683516
1.45285
0.0
0.0
0.951352
0.0
0.0
0.0
0.0
0.0
0.0
0.0
0.0
0.0
0.0
0.0
0.0
0.0
0.992177
0.0
0.0
0.0
0.0
0.0
0.0
0.0
0.0
0.0
0.0
0.0
0.0
0.0
0.0
0.448544
3.27843
0.0
0.0
0.0
3.44878
0.0
0.0
0.0
0.0
0.0
4.32717
1.03111
0.0
0.0
0.0
0.0
0.0
0.0
0.0
0.0
0.0
0.206185
0.0
0.0
0.0
0.0
0.0
0.0192335
2.39069
0.0
0.0
0.0
0.0
0.0
0.137105
0.0
0.0
0.0
0.0
0.0
0.0
0.0
0.0
0.0
0.0
0.0
0.0560955
0.0
0.0
0.0
0.0
0.0
0.0
2.04023
0.0
0.0
0.0
0.0
0.0
0.0
1.37712
0.0
0.0
0.0
0.0
0.0
0.0
0.0
0.0
4.50747
0.0
0.359381
0.0
0.0
0.0
0.0
0.0
0.0
0.0
0.0
0.0
0.0
0.0
0.0
0.753977
0.0
0.0
0.0
0.0
0.0
0.0
0.0
0.0
0.258251
0.0
0.0
0.0
0.0
0.0
0.0
0.0
0.104404
1.04518
0.0
0.0
0.0
0.43999
0.0
0.0
0.0
0.0
0.0
0.0
0.0
0.0
0.0
0.51325
0.0
0.0
1.29872
0.122991
0.0
0.0
0.0
0.0
0.0
0.0
0.0437489
0.0
0.0
0.0
0.0
0.0
0.0
0.0
0.0
1.73955
0.602502
0.0
0.0
0.0
0.0
0.0
0.0
0.0
0.0
1.55468
0.0
0.0
0.0
0.0
0.635927
0.0
0.0
0.0
0.0
0.0
1.3913
0.0
0.0
0.0
0.0
0.0
0.0
0.0
0.0
0.0
0.0
0.0
0.187666
0.0
0.0
0.0
0.0
0.0
1.11896
0.0
1.29018
0.0
0.0
2.37778
0.0
0.0
0.119182
0.0
0.0
0.0
0.250597
0.0
1.09629
0.0
0.0
0.0
0.0
0.0
0.0
1.40155
0.290433
0.0
0.0
0.0
0.0
0.0
0.0
0.0
0.0
0.0
0.200903
0.0
0.0
0.263321
0.0
0.0
0.0
0.0
3.21889
0.0
0.0
0.656925
0.0
1.69534
0.895914
1.68138
0.0
0.0
0.0
0.0
0.0
0.0
0.0
0.0
0.0
0.0
0.107193
0.0
0.0
0.0
0.0
1.28699
0.0
0.0
0.0
0.0460967
0.0
0.0
0.0
0.0
0.0
0.0
0.0
0.311185
0.0
0.0
0.0
0.0
0.601403
0.0
0.0
0.0
0.0
0.0
0.0
0.0
0.0
0.0
6.31695
0.21825
1.19654
2.31186
0.0
0.0
0.0
1.84779
0.0
0.0
0.363385
0.0
1.04409
2.99037
0.0
0.0
0.0
0.0
0.0
0.0
0.168664
0.0
5.32258
0.460447
0.0
3.48728
0.0
0.0
3.36454
1.47038
0.0
0.0
0.0
0.0
0.0
0.459566
2.00883
0.0
0.0
2.24435
2.93345
0.0
0.0
1.19716
2.50686
0.239518
0.0
0.0
0.0
0.0
0.0
0.0
0.0
0.0
0.0
0.0
0.0
0.0
0.0
5.11606
0.0
0.0
0.0
0.0
0.0
0.0
0.0
0.0
0.0
0.0
0.0
0.255299
3.51921
0.0
0.0
0.0
0.0
0.0
0.0
0.0
0.0
0.0
0.0
0.0
0.0
0.0
0.0
0.0
0.0
0.0
0.0
0.0
0.0
0.0
0.0
0.0
0.766952
0.0
0.0
0.0
0.0
5.79951
0.0
0.0
0.0
0.0
0.0
1.1684
0.0
5.24811
0.0
1.55608
0.423582
0.0
0.0
0.0
7.33848
0.0
0.0
0.0
0.0
0.0
1.74034
0.0
0.0
0.0
0.0
0.0
0.0
0.0
0.0
0.0
0.0
0.0
0.0
0.0
0.0
0.0
2.67819
2.93242
0.0
0.0
0.0
0.0
0.0
0.0
0.0
0.736701
0.0
0.0
0.0
0.0
1.46853
0.0
0.0
0.0
6.74333
0.929231
0.0
0.0
0.0
0.0
0.0
0.0
6.85817
0.0
1.71262
0.0
0.0
1.99528
0.0
0.0
0.0
0.0
3.1526
0.0
0.0
0.0
1.54759
1.7419
0.0
0.0
0.0
0.0
2.36914
0.0
0.0
0.0
0.0
0.0
0.17726
3.04117
1.64999
0.0
0.0
0.593214
1.34505
0.131579
0.0
2.31967
0.724922
0.0
0.0
0.0
0.0
0.0
0.0
0.0
0.0
0.0
0.0
0.0
0.0
1.08721
0.0
0.0
0.0
0.0
1.2912
0.0
0.0
0.0
0.0
0.0
0.0
0.0
0.0
0.0
1.77988
0.0
0.0
0.0
0.0
0.0
0.0
0.0
0.0
0.0
0.0
1.33359
0.0
0.0
0.0
0.0
0.257893
0.0
0.0
0.0
0.0
0.0
0.0
0.0
0.0
0.0
0.0
0.0
0.0
0.0
0.0
1.42434
0.0
0.215421
0.0
0.0
0.0
3.49358
0.0
0.0
0.0
0.0
0.0
0.0
0.0
0.0
0.0
0.0
0.0
0.0
0.0
0.0
0.466043
0.0
0.0
0.363714
0.0
0.0
0.0
0.0
0.0
0.0
0.0
2.06181
0.0
0.0
0.0
0.0
1.32665
0.0
5.13042
0.0
6.37537
0.0
0.0
0.0
1.12496
0.0
0.0
0.0
0.0
0.0
0.0
0.0
0.0
0.0
0.0
0.0
3.98487
0.0
0.0
0.0
0.0
0.354745
0.0
1.60332
4.90715
0.0
0.73467
0.0495285
0.0
0.767043
0.0
0.0
0.0
0.0
0.0
0.0
0.0
1.39281
0.0
0.0
0.0
1.09854
0.0
0.0
0.0
2.98923
0.0
0.0
0.0
0.0
0.0
0.0
0.764554
0.0
0.509279
0.0
0.0
0.0
0.0
0.915751
0.0
0.0
0.0
0.428479
0.0
3.58372
0.0
0.0
0.0
0.0
0.0
0.0
0.0
0.0
0.0
0.0
0.0
0.0
0.0
0.735699
0.0
0.0
0.0
0.0
0.0
0.0
0.0
0.0
2.02748
0.0480304
0.0
0.350307
1.84883
0.0
1.26454
0.0205536
0.0
0.0
0.0
0.899192
0.0
0.0
0.0
0.0
0.0
0.0
0.0
0.0
0.0
0.0
1.7601
1.25712
0.0
2.95214
0.0
0.0
0.0
0.0
0.0
0.0
0.0
0.0
1.06299
1.08224
2.65578
1.87723
0.0
0.0
0.0
0.82538
0.0
0.0
0.0
0.528122
0.0
0.0
0.0
0.0
0.0
0.0
0.0
0.0
0.29738
1.50196
0.0
0.0
1.06889
1.19742
5.43244
1.94713
0.76453
0.0
0.0
0.0
0.0
0.0
0.0
0.0
0.0
0.0
0.0
0.0
0.0
0.0
0.0
0.0
0.0
0.0
0.0
0.0
0.0
0.0
0.0
0.0
0.0
0.0
0.0
3.27859
0.18888
0.82633
0.0
0.0
0.0
0.0
0.0
0.0
0.0
0.0
1.33217
0.648983
0.0
0.0
0.0
0.0
0.0
0.0
0.0
0.0
0.0
0.0
0.804155
0.0
0.0
0.0
0.0
0.0
0.86002
0.0
1.4388
0.0
0.0
0.0
0.0
0.0
0.0
0.0
0.0
0.0
0.0
0.0
0.0
0.0
1.78284
0.0
0.0
0.0
0.0
0.0
2.22999
0.0
0.0
0.0
0.0
0.0
0.388884
0.0
0.0
0.0
1.74644
0.0
0.0
0.0
0.0
0.0
0.0
0.0
0.0
0.0
0.0
0.0
0.0
0.0
1.21761
0.0
0.0
0.0
0.0
2.48025
0.0
0.0
0.0
0.0
0.0
0.0
0.0
0.0
0.0
0.355276
0.0
0.0
0.0
0.0
0.0
2.23668
0.0
0.0
0.0
0.0
0.580895
0.0
0.0
0.0
0.0
0.0
0.0
0.0
0.0
0.0
0.0
0.0
1.1718
0.0
0.0
0.0
0.0
0.0
0.0
0.0
2.41809
0.0
0.0
0.0
0.0
0.0
0.0
0.0
0.0
0.0
0.0
0.0
0.0
0.0
0.0
0.0
0.0
0.0
0.0
0.0
0.0
0.0
0.0
0.0
0.0
0.0
0.0
0.0
0.0
0.0
0.0
0.0
0.0
0.0
0.0
2.37536
0.0
0.0
0.0
0.0
0.0
0.0
0.0
0.647098
0.0
0.0
0.0
0.0
0.0
0.0
0.0
0.0
0.0
0.0
0.0
0.0
3.07061
0.0
0.177578
0.0
0.0
0.0
0.0
0.962676
0.0
0.0
0.75797
0.0
3.28823
0.0
0.0
0.0
0.0
0.0
0.0
0.0
0.0
0.365508
0.0
0.0
0.0
0.0
0.0
0.0
0.0
0.0
0.0
0.0
0.0
0.0
0.0
0.0
0.0
0.0
0.0
0.0
0.0940675
1.21418
0.0
0.0
0.0
0.0
0.0
0.0
2.959
0.0
0.0
0.0
0.0
2.14114
0.0
0.360181
0.0
0.0
1.46759
0.0
0.682321
0.0
0.0
0.0
0.398373
0.0
1.3561
0.0
0.0
0.0
0.0
0.0
0.0
0.0
2.46215
0.0
0.0
0.0
0.0
4.00831
0.0
0.0
0.0
0.242617
0.0
0.0
2.6421
0.0
2.56459
0.0
0.0
0.0
0.0
0.0
0.0
0.0
0.0
0.0
0.0
0.0
2.94791
0.0
2.38807
0.0
0.0
0.49056
0.0
0.0
0.0
0.778277
0.0
0.0
0.0
0.0
0.0
0.0
0.0
0.0
0.0
0.0
0.0
0.0
0.0
0.0
6.99368
0.0
0.0
0.0
0.0
2.23899
0.0
0.0
0.0
1.03872
4.39569
0.0
0.0
0.0
0.0
0.0
0.0
0.0
0.0
0.0
0.0
0.0
0.0
0.0
0.0
0.0
0.0
0.150058
0.230856
0.0
0.606547
5.11579
0.831616
0.0
3.28476
0.0
0.0
0.0
1.15286
0.425603
0.0
0.0
0.0
0.0
0.0
0.0
0.0
0.0
0.0
0.0
0.0
2.10106
0.0
0.0
1.95502
0.0
0.0
0.0
0.0
0.0
0.0
0.0
0.0
0.0
0.0
0.0
0.0
3.87489
0.0
0.0
0.0
0.0
0.0
0.0
0.0
0.0
4.52763
0.0
0.0
0.0
0.0
0.0
0.0
0.0
0.0
0.0
0.0
0.0
0.0
0.0
2.46802
3.39442
0.0
0.0
1.67267
1.12132
0.0
3.92108
0.0
0.0
0.101007
0.0
2.15611
0.0
0.0
0.0
5.3274
0.0
0.0
0.0
0.103146
0.0
1.74875
0.0
2.50123
0.0
0.0
0.0
3.84482
1.34064
0.0
0.0
0.0
0.894668
0.0
0.0
3.28504
0.0
0.0
0.0
0.0
0.0
0.0
0.0
0.0
0.0
0.0
0.0
0.0
0.0
0.0
0.0
0.0
0.0
0.0642746
2.36786
0.0
0.0
1.182
0.0
2.02676
0.0
0.0
0.0
0.0
0.0
0.0
4.54849
0.0
0.0
0.0
0.0
0.0
0.0
0.0
0.0
3.35827
0.0
0.0
0.0
2.42638
0.365886
0.164283
0.0
2.79546
0.0
0.0
0.0
0.0
0.705491
0.0
0.0
0.0
0.0
0.0
0.0
0.0
0.0
0.0
5.7685
0.0
0.0
0.0
1.25146
0.0
0.308085
0.211424
0.0
0.0
1.46894
0.0
0.0
0.0
0.0
0.0
0.0
2.28943
0.0
0.969611
0.0
0.0
0.0
0.0
0.0
0.0
0.0964896
0.0
0.0
0.0
0.647912
0.673852
0.0
0.0
0.0
0.575667
0.0
0.0
0.0
0.133401
0.0
4.62206
0.0
0.0
0.0
0.0
0.0
0.0
1.3614
1.09209
0.0
0.0
0.0
2.3005
0.0
0.0
0.0
0.0
1.98836
0.0
0.0
0.0
0.0
0.0
0.0
0.0
0.22353
0.0
0.0
0.0
0.0
0.0
0.0
0.0
0.0
0.0
0.0
0.0
0.0
0.0
0.0
0.0
0.522702
0.0
0.0
0.0
0.0
0.0
0.0
0.0
0.0
0.0
0.0
0.0
0.0
0.0
0.0
0.0
0.0
0.0
0.0
0.10573
2.10219
0.0
0.0
0.0
0.0
0.0
0.0
0.0
0.0
0.0
0.0
0.0
1.32274
0.0
0.0
0.0
0.228472
0.0
0.0
0.0
0.0
0.0
0.0
0.0
0.0
0.0
0.0
0.0
0.0
0.0
0.0
2.78428
0.0
0.0
0.0
0.0
0.0
0.0
0.0
0.0
0.0
0.0
0.0
0.0
0.0
0.0
0.0
0.0
0.0
0.423187
0.0
0.0
0.0
0.0484804
0.0
0.0
0.0
0.0
0.0
5.30494
0.0
0.0
0.0
0.0
0.0
0.0
0.0
2.33095
0.0
0.0
2.15942
0.90512
0.0
0.0
0.0
0.0
0.0
0.0
0.359873
0.0
0.0
0.0
0.0
0.0
0.0
2.39771
1.26395
1.8476
2.0274
0.0
0.0
0.0
1.3324
0.0
2.60483
0.0
0.0
0.0
0.0
0.0
0.0
0.0
0.0
0.0
0.0
0.0
0.204559
0.0
0.0
0.0
0.175123
0.177888
0.0
0.0
0.0
0.0
0.0
0.0
0.0
0.0
0.0
2.80364
0.0
0.0
0.0
4.54065
1.00272
0.0
0.0
1.57704
0.606948
0.339304
0.0
0.0
0.0
0.0
0.0
0.0
0.0
1.34175
0.0
0.0
0.0
0.0
0.0
0.0
0.0
0.0
0.0
0.0
0.870174
0.0
0.0
0.0
0.0
0.0
0.0
0.0
0.0
0.0
0.0
0.0
0.0
0.0
0.0
0.0
0.0
0.0
0.0
0.599275
0.0
0.0
0.0
3.7393
0.0
0.0
0.0
0.0
0.0
0.0
0.0
3.86087
0.0
0.0
0.0
2.76058
0.0
2.63977
0.0
0.0
0.0
0.0
1.37574
0.0
0.0
1.62285
0.0
0.0
1.24337
0.0
0.0
0.0
3.89944
0.0
0.0
0.0
0.0
0.0
0.0
2.03221
0.0
0.0
0.0
0.0
0.0
0.0
0.0
0.533308
0.0
0.0
0.0
0.0
3.65337
0.0
0.45552
0.0
0.0
0.0
0.0
0.500706
0.0
0.0
2.84448
0.0
0.0
0.0
1.6917
0.0
0.961408
0.0
0.0
1.11057
0.0
0.0
0.0
1.94458
0.0
0.0
0.0
0.0
0.0
1.05401
0.0
0.0
0.0
0.0
0.0
0.0
0.0
0.0
0.0
0.0
0.0
0.0
0.0
0.0
0.0
0.0
0.0
0.0
0.0
0.0
0.209928
0.0
0.0
0.0
0.0
0.0
0.0
0.0
0.0
1.94351
0.0
0.0
0.0
0.0
0.0
0.0
0.0
0.0
0.206403
0.0
0.0
0.0
0.0
0.0
0.0
0.0
0.0
0.0
0.0
2.21304
0.00165841
0.0
1.76039
0.0
0.0
0.0
0.0
0.0
0.0
0.0
0.0
0.0
0.0
0.0
0.0
0.0
0.883168
0.0
0.0
0.0
0.0
0.0
1.74673
0.0
0.0
0.0
0.0
0.0
0.0
0.0
0.0
0.0
0.0
2.58945
0.0
0.0
0.0
2.73384
0.0
0.0
0.0
0.0
0.0
0.0
2.08965
0.716479
0.0
0.589626
0.0
0.0
0.0
4.06242
1.45978
5.05708
0.0
0.0
0.0
0.0
0.0
0.0
0.0
0.0
0.0
0.0
0.529023
3.01424
0.0
0.0
0.0
0.0
0.0
0.0
0.0
0.0
0.0
0.0
0.0
0.0
0.0
0.0
0.0
0.0
0.0
0.0
0.0
0.0
0.0
0.0
0.0
1.71383
0.0
1.9176
0.0
0.0
0.0
0.0
0.0
0.0
0.898996
0.204502
0.0
0.0149818
3.04691
0.0
0.7996
0.0
0.0
1.8752
0.0
0.0
0.431762
0.0
0.0
0.0
0.0
0.0
0.0
0.0707498
0.0
0.0
0.0
0.0
0.492097
0.0
0.0
0.0
0.0
0.0
6.01327
0.0
3.08837
0.0
0.0
0.0
0.0
0.0
0.0
0.0
0.0
0.371071
0.0
0.0
0.0
0.0
0.0
0.0
0.0
0.0
0.0
0.0
0.0
0.0
0.0
0.0
1.5053
0.0
0.0
0.0
0.0
0.0
0.0
0.0
0.0
0.0
0.0
0.0
0.0
0.0
0.0
0.0
0.0
0.0
0.0
0.0
2.11437
0.0
0.0
0.0
0.0
0.0
0.0
0.0
3.68898
0.0
1.35413
0.0
0.0
0.0
0.0
0.0
0.0
0.0
0.0
0.0
0.0
0.0
0.0
0.0
0.0
0.0
0.0
0.0
3.80082
0.0
0.0
0.0
0.0
0.0
0.0
0.0
0.0
0.0
3.17504
0.0
0.0
0.0
0.0
0.0
0.0
0.0
0.0
0.0
0.0
0.757288
0.0
0.893178
0.0
0.0
0.0
0.0
0.0
0.0
1.49388
0.0
0.0
0.0
0.0
0.0
0.0
1.5516
0.0
0.911036
0.0
0.0
1.8836
0.0158914
0.0
0.0
1.99733
0.0
0.0
0.0
0.0
0.0
0.0
0.0
0.0
0.272912
0.0
0.0
0.0
0.0
0.0
1.16769
0.0
0.0
1.8775
0.0
4.29747
0.0
0.113114
0.875039
0.0
0.0
0.0
0.0
0.0
0.0
0.0
0.0
0.0
0.0
0.0
0.0
0.0
0.0
0.0
0.0
0.0
0.0
0.0
0.0
0.0
0.0
0.0
0.0
0.0
0.0
0.0
0.0
0.0
0.0
0.0
0.0
0.0
0.0
0.0
0.0
0.0
0.0
0.0
0.0
0.218987
0.0
0.0
0.0
0.0
0.0
0.0
0.0
0.0
2.59129
1.16892
2.39155
0.0
4.01942
0.0
2.57934
0.0
0.0
0.0
3.26635
0.0
1.19178
4.75778
0.0
0.0
0.131845
0.0
0.317885
0.0
1.32041
0.0
0.0
0.0
0.0
0.0
0.0
0.0
0.0
0.328957
4.3408
2.06555
0.0
0.0
0.0
0.0
0.0
0.0
0.0
0.0
0.0
0.0
0.0
1.99653
0.0
0.0
0.0
0.464519
0.0
0.12182
0.0
0.0
0.0
0.0
0.0
0.0
0.0
0.282183
0.0
0.0
0.0
0.0
1.91232
0.0
0.0
1.6863
0.0
1.67409
0.0
0.0
0.0
0.0
0.0
2.15577
0.0
0.0
0.0
0.0
1.1197
0.0
0.0
0.0
0.0
5.29689
0.0
1.18013
0.0
0.0
1.1263
0.0
0.0
0.0
0.0
3.70081
0.0
0.0
3.75077
0.0
0.0
0.0
0.0
3.34013
0.0
0.0
0.0427829
0.0
0.0
0.0
0.0
0.0
0.0
0.0
0.0
0.0
0.0
1.9669
0.0
0.0
0.0
0.0
0.0
0.0
0.0
3.0532
0.0
0.0
0.0
0.0
0.939156
0.252358
0.0
1.20524
0.0
0.0
0.0
0.0
0.0
0.0
0.0
0.0
0.0
0.0
4.36078
1.26153
0.0
2.60977
0.0
0.731647
0.0
0.0
0.0
0.0
1.9557
0.127679
2.32677
0.0
0.130533
0.0
0.0
0.0
0.776675
0.0
0.0
0.0
2.74586
0.0
0.473163
0.0
0.0
0.0
0.0954034
0.0
0.0
0.0
1.7242
0.0
0.0
0.0
0.0
5.90105
2.75878
0.0
0.0
0.0
0.0
0.0
0.0
1.10425
0.0
0.0
0.0
0.0
0.0
0.0
0.0
0.0
0.0
0.0
0.0
0.0
4.17438
0.0
0.106319
0.0
2.13645
0.0
0.0
0.00910863
0.0
0.171639
0.0
0.0
2.87586
0.0
2.85943
0.50475
1.54344
0.0
0.0
0.0
0.0
0.0
0.0
0.0
0.0
0.0
0.0
0.0
0.0
5.4513
3.63861
0.0
0.0
0.0
0.0
0.0
0.0
0.0
4.23714
0.0
3.42533
0.0
0.0
0.0
0.0
0.0
0.0
0.0
0.0
4.69335
0.0
0.0
2.11052
0.0
0.0
0.0
2.42956
0.0
0.0
0.0
0.0
1.11679
0.0
2.24307
0.0
2.18155
2.79841
0.0
0.0
0.0
0.0
0.0
2.39365
0.0
0.0
5.38227
0.0
0.0
0.0
1.23381
0.0
0.0
0.0
0.0
0.0
0.0
0.0
0.0
0.0
0.0
0.0
0.0
2.0634
0.334362
0.0
0.0
0.0
0.0
0.981093
0.0
0.0
0.0
0.0
0.0
0.0
0.0
0.0
1.29034
0.0
2.89852
0.0
0.135314
2.895
0.0
0.0
0.0
0.0
0.0
0.0
0.0
0.0
0.0
1.02355
0.0
3.45681
0.0
0.0
0.0
0.0
0.0
0.0
0.0
0.0
0.0
0.0
0.0
0.0
0.0
0.0
2.25853
0.0
0.0
0.952953
0.0
3.33146
0.0
0.0
0.0
3.6998
0.0
0.0
0.0
0.0
0.0
0.0
0.0
3.5227
0.0
0.0
1.86176
0.0
0.0
0.0
0.0
0.0
0.0
0.715927
0.0
1.53491
3.90097
0.0
0.0
0.0
0.0
0.0
0.0
0.0
0.0
3.36967
0.0
0.0
0.0
1.41098
0.0
0.181594
0.0
0.0
0.0
0.0
0.861092
0.0
0.0
0.0
0.0
0.0
0.0
0.0
0.0
1.46467
0.0
0.0
0.0
0.0
3.53948
0.0
0.0
0.0
2.42387
2.60476
0.0
5.87671
0.0
0.0
0.0
0.0
0.0
0.0
0.0
0.0
0.0
0.0
0.0
1.77762
0.0
0.0
0.0
0.0
0.0
0.0
0.0
0.0
0.0
