1.04974
0.0
4.76648
0.0
0.510106
0.0
0.0
0.0
0.0
0.0
0.0
0.0
0.0
2.55094
0.0
0.0
0.0
0.0
0.0559771
0.0
0.0
0.385416
0.0
0.0
1.4853
0.0
0.838556
0.0
0.0
0.0
0.0
0.0
0.0
7.49899
0.0
0.0
0.0
0.0
0.0
0.0
0.0
0.0
3.95001
0.0
0.0
1.85213
0.619946
0.514599
0.0
0.936485
3.61528
0.772958
0.0
0.0
0.0
0.0
0.0
0.0
0.0
0.0
0.0
0.0
0.0
2.90813
0.232206
0.0
0.0
1.77252
0.0
0.0
0.0
0.0
0.0355218
0.0
0.0
0.0
0.0
0.0
1.33921
0.0
0.819175
0.0
0.0
0.0
0.0
0.0
0.0
0.0
0.0
0.0
0.0
0.0
0.0
0.0
0.0
0.0
0.0
0.0
0.57082
0.0
0.0
0.0
0.0
0.0
0.0
0.0
0.363398
0.0
0.0
0.0
0.0
0.0
0.0
4.25715
0.836089
0.0
0.0
0.430268
0.0
0.0
0.0310361
0.0
0.0
0.0
0.0
0.0
0.0
2.3445
0.0
0.0
0.0
0.0
0.0
0.0
0.912401
0.0
0.0
0.0
0.730775
0.0
0.0
1.94178
0.0
0.0
0.0
0.0
2.07105
0.0
3.49946
0.0
0.0
0.0
0.0
0.254852
0.0
0.0
0.0
0.0
0.0
0.0
0.0
0.0
0.0
0.0
0.0
0.0
0.0
0.0
0.953282
2.99946
0.0
0.0
0.0
0.73998
0.0
0.0
1.75381
0.0
0.0
0.785541
3.2471
0.0
0.0
0.0
0.0
0.0
0.425414
0.0
0.0
0.0
0.0
0.0
0.512775
0.387953
0.0
0.0
0.0
0.0
0.0
3.85728
0.0
3.40032
0.0
0.0
0.0
0.0
0.0
0.0
0.0
0.639624
0.0
0.0
0.0
0.0
2.0481
4.48307
0.0
0.0
0.0
0.0
0.0
2.23752
0.0
0.0
0.86757
0.0
0.0
0.0
0.0
0.0
0.0
0.0
0.0
0.0
0.0
0.0
0.0
1.02107
0.0
0.0
0.0
0.0
0.0
0.82982
0.0
0.0
0.0
1.83895
0.0
0.0
0.0
0.0
0.0
1.51873
0.0
0.0
0.0
0.0
0.0
1.53776
0.0
0.0
0.740058
0.0
0.0
0.0
1.02082
0.0
0.0
1.86747
0.0
0.47183
0.0
0.0
0.0
0.0
0.0
0.366311
0.0
0.0
0.402847
0.0
1.96669
1.94419
0.0
0.0
0.0
0.0
0.0
0.0
0.0
0.0
0.0
1.91198
4.52223
1.66069
0.0
0.0
0.0
0.0
0.0
4.38192
1.96865
0.0
0.0
3.75648
0.0
0.355195
2.42739
0.0
0.0
0.0
0.0
0.0
0.965171
0.0
0.0
0.0
0.0
0.0
0.0
0.0
0.0
0.0
0.0
0.0
0.0386063
0.547858
0.0
0.986354
0.0
0.0
0.0
0.0
0.0
0.0
0.0
0.0
0.0
0.0
0.0
0.0
0.0
0.0
2.95173
0.0
0.0
0.0
1.5164
0.0
0.0
0.0
0.0
0.0
0.0
0.0
0.0
0.0
0.0
0.0
0.0
0.0
0.0
0.0
0.0
1.15215
0.0
0.0
0.0
0.0
0.0
0.0
0.0
0.0
0.0
0.0
0.0
0.0
0.0
0.385165
0.403098
0.0
0.297608
0.0
0.0
0.0
0.0
4.66489
0.310069
4.53542
0.0
0.0
0.0
2.36417
0.0
2.31531
5.50112
0.0
0.0
0.0
0.0
0.0
0.0
0.0
0.0
0.0
0.0
0.0
0.0
0.0
0.0
0.0
0.0
0.0
1.45836
0.0
0.0
0.0
0.0
3.12591
0.0
0.0
6.11168
0.0
0.0
0.0
0.0
0.0
0.0
1.1127
2.78526
1.48066
0.250595
0.0
0.0
0.0
0.0
0.0
3.12221
0.0
0.0
0.0
0.0
0.0
0.0
0.0
0.0
0.0
0.0
0.0
0.0
0.0
0.0
2.84754
0.0
1.56127
0.0
0.0
0.0
1.28967
0.0
0.0
0.0
0.0
0.0
0.0
0.0
0.0
0.0
2.62845
0.0
0.0
0.0
0.591972
0.0
0.0
0.0
0.0
0.769761
0.0
0.0
0.0
0.0
0.672826
0.0
0.0
0.0
0.0
0.0
0.0
0.0
0.0
0.0
0.0
0.0
1.20798
0.0
0.0
0.0
0.0
0.0
1.02649
0.0
0.0
0.0
2.22878
0.0
0.0
0.0
3.68886
0.0
1.59783
0.0
0.0166218
0.0
0.0
0.0
3.88569
0.0
0.0
0.0
0.0
0.0
1.46297
0.0
0.0
0.0
0.0
0.0
0.0
0.0
0.0
3.12915
1.11623
0.0
0.0
4.38742
0.0
0.0
0.0
0.0
0.0
0.0
0.0
0.0
0.0
0.0
0.0
0.0
0.0
0.0
0.941282
0.0
0.0
0.0
0.0
0.144553
0.0
0.0
0.0
0.0
0.0
0.0
0.0
0.0
0.0
4.02861
0.0
0.0
0.0
0.0
0.0
0.0
2.87459
0.0
0.0
0.0
0.0
0.0
1.80016
0.0
0.0
1.62312
0.0
0.784611
0.0
0.0
0.0
0.0
0.0
0.0
0.0
0.0
0.0
0.0
0.0
0.0
0.0
0.0
0.0
0.0
0.0
0.0
0.0
0.0
0.0
0.0
0.0
0.152648
0.0
0.0
0.0
0.0
0.0
2.47035
0.0
0.0
0.0
0.0
0.611749
5.2558
0.0
0.0
0.0
2.12995
0.0
0.0
0.0
0.0
0.0
0.0
0.0
0.0
0.0
0.0
0.0
1.69159
0.0
0.625157
1.97894
0.901662
3.08534
0.0
0.0
0.0
0.0
0.0
0.0
0.0
0.0
0.0
0.0
0.0
0.0
0.390005
0.763329
0.0
1.84212
0.0
0.0
1.13539
2.14798
0.0
0.0
0.0
0.0
0.0
0.0
0.216285
0.0
0.0
0.0
0.0
0.0
2.83244
0.0
0.0235113
0.0
0.0
0.0
0.0
0.0
0.0
1.84019
0.0
0.0
0.0
0.0
0.0
0.0
0.0
0.0
0.0
0.0
0.0
0.0
0.0
0.0
0.0
0.0
0.0
0.0
0.0
0.0
0.122405
0.0
0.0
0.0
0.0
0.0
0.0
1.23941
1.36235
0.0
0.0
0.0
0.0
0.0
0.187387
0.0
0.0
0.0
0.0
0.0
0.0
1.1542
0.0
0.0
2.89616
1.26213
0.0
1.46059
0.0
0.0
2.03218
3.60935
0.0
0.0
0.0
0.0
0.0
0.0
0.0
0.0
0.0
0.0
0.0
0.0
0.0
0.0
0.0
1.81658
0.0
0.0
0.0
0.0
0.0
0.980881
2.86442
0.0
2.05968
1.92088
1.24201
0.0
0.0
0.0
0.0
0.0
0.0
0.0
2.1907
0.0
0.0
0.0
0.0
0.0
0.0264255
0.0
0.0
0.700282
0.0
1.96302
0.0
5.36836
0.0
0.0
0.0
0.0
0.0
0.0
0.0
0.0
0.0
1.07755
0.912107
0.0
5.56428
0.0
0.0
1.95667
0.0
0.0
0.883399
1.99976
0.0
1.60807
0.0
0.0
0.0
0.0
0.0
0.0
0.0
0.0
0.0
0.275526
3.30421
0.0
0.0
0.0
0.0
0.0
0.0
0.0
0.0
2.67103
0.0
0.0
0.0
0.0
0.0
2.58645
0.0
2.18893
0.0
0.0
0.0
0.0
0.0
2.38834
0.0
1.01241
0.0
0.0
0.0
0.0
0.0
1.34677
1.28147
6.27908
0.0
0.0
2.59125
0.0
0.0
0.0
0.0
0.0
0.0
0.0
5.2627
2.4889
0.0
0.0
0.0
0.0
0.0
0.0
0.0
1.31305
0.168579
0.0
0.0
0.0
0.0
0.0
0.768402
0.0
1.59274
0.0
0.0
3.0937
0.0
0.0
0.0
0.0
0.0
0.0
0.31326
0.0
0.849999
1.06443
0.0
0.0
3.87301
0.0
0.0
0.0
0.0
0.0
0.0
0.0
0.0
0.0
0.0
0.0
0.0
0.0
2.52995
1.12973
0.0
0.0
0.0
0.0
0.0
0.0
0.364926
1.02436
1.02551
0.0
0.0
0.590395
0.0
0.0
0.0
0.0
0.0
0.768811
0.0
0.0
0.0
0.0
0.0
0.325521
0.0
0.0453662
0.0
0.0
0.0
0.889727
0.0
0.0
0.0
3.12868
0.0
0.0
0.0
0.0
0.0
0.0
0.0
2.65587
0.0
0.0
0.0
1.767
0.0
0.44639
0.0
0.541152
0.0
0.0
0.0
0.0
0.0
0.0
0.0
1.35273
0.0
1.60892
3.25742
0.0
0.0
0.0
0.0
0.0
0.0
0.0
0.0
0.578248
0.0
0.0
3.44945
0.0
3.85713
0.0
0.0
0.0
0.0
0.0
0.0672794
0.0
0.0
0.0
0.0
0.0
0.0
0.0
0.0
0.0
0.0
0.0
0.0
0.0
0.0
0.512231
0.0
0.0
0.0
0.0
0.0
0.0
0.0
0.0
0.290468
0.0
0.0
0.0
0.0
3.18262
0.0
0.0
0.0
0.0
0.0
0.0
0.0
0.0
0.333862
0.0
2.87924
0.0
0.0
2.43879
0.0
2.67166
0.0
0.0
0.0
0.0
0.0
0.0
0.0
3.51281
0.0
0.0
1.80183
0.0
0.0
0.0
0.0
0.548313
0.0
1.44022
0.0
0.0
0.0
2.54307
0.0
0.0
0.0
0.0
0.0
0.0
0.0
0.0
1.92731
1.86679
2.51384
0.0
0.0
0.230202
0.0
0.0
0.0
0.0
3.25973
0.0
0.0
0.0
0.849141
0.0
0.0
0.0
1.36502
0.0
0.0
3.94632
0.0
0.0
0.0
0.0
0.0351303
0.0
0.0
0.0
0.0
2.15755
0.0
1.11601
0.0
0.0
0.0
0.0
0.0
0.927842
0.0
0.0
0.0
0.0
0.0
0.0
4.47085
0.0
0.0
0.0
0.0
0.0
0.0
0.0
0.0
0.0
0.0
0.0
1.32587
2.1711
0.0
0.0
0.0
0.0
0.0
0.0
0.0
0.0
0.0
0.0
0.0
0.0
0.0
0.0
0.304862
0.148387
0.0
3.0809
0.0
0.0
0.0
0.0
0.0
0.263615
0.0
2.29071
0.0
0.0
2.50088
0.0
0.0
0.0
0.0
0.0
1.36584
0.64755
2.09441
0.0
0.0
0.0
0.0
0.0
0.0
0.0
0.0
4.99719
0.0
0.0
0.0
0.0
0.0
0.0
0.0
3.05547
0.0
0.0
0.0
0.0
0.0
0.0
0.0
0.0
0.165523
0.0
0.0
0.0
0.0
0.0
1.06288
0.0
0.586939
0.0
0.0
0.0
0.0
0.0
5.05117
0.0
0.0
0.0
3.88037
0.0
0.0
0.0
0.0
0.0
0.0
0.0
0.0
0.0
0.0
0.0
2.92066
5.55184
0.0
0.0
0.0
0.0
1.41584
0.0
0.0
0.0
0.0
0.0
0.0
0.708596
0.271866
0.0
0.0
2.47723
0.0
0.0
6.21579
0.804016
0.0
0.0
0.0
0.0
1.92148
0.0
0.0
0.0
0.910655
0.0
0.0
0.0
0.0
2.98603
0.0
0.0
0.0
0.0
0.387146
0.442943
0.0
0.0
0.0
0.0
0.0
0.0
0.0
0.0
0.0
0.0
0.0
0.0
0.680662
0.0
0.0
0.0
5.49008
4.03547
0.0
0.0
0.0
0.0
0.0
0.0
0.0
0.0
0.0
0.0
0.0
0.0
0.0
8.24419
0.0
0.0
0.885559
0.0
0.0
0.0
0.0
0.0
0.0
0.0
0.0
0.0
1.28543
0.0
1.91192
0.0
0.0
2.48806
0.0
0.0
0.0
0.0
0.0
0.311686
0.0
0.0
0.0263332
0.0
0.0
2.69967
0.0
1.86012
5.98327
0.0
0.0
0.0
0.0
0.0
0.0
0.0
0.0
0.0
0.0
0.0
0.0
0.0
0.0
0.0
0.0
0.0
0.0
0.0
0.0
0.0
3.39805
0.0
0.0
2.00523
0.0
0.0
0.0
0.0
0.0
0.0
0.0
0.0
0.0
0.0
0.0
0.0
0.0
0.0
0.0
0.0
0.0
0.0
0.0
0.0
0.0
0.600226
0.0
0.0
0.0
1.37645
0.0
4.47954
1.32067
2.09235
0.0
0.0
2.28471
0.0
0.625808
1.5284
0.0
0.299798
0.0
0.0
0.0
4.32067
0.0
0.0
0.0
0.0
1.99968
1.26078
0.0
0.0
0.0
0.0
0.0
1.07304
0.0
0.0
0.0
0.145012
0.0
0.0
0.259461
0.0
0.0
0.0
0.0
1.98933
0.0
0.0
0.0
0.0931826
0.0
0.0
0.0
0.0
0.0
0.0
0.0
0.0
0.0
3.65997
0.0
0.0
0.597441
0.0
0.0
0.0
0.0
0.0
0.654638
0.0
0.0
0.0
0.0
0.83551
1.88783
0.0
0.0
0.0
0.0
2.99912
0.0
0.0
0.0
0.0
0.0
0.0
0.0
0.0
0.0
0.0
0.0
0.0
2.55275
0.0
0.0
0.0
8.03157
0.0
2.07014
0.0
0.52159
0.0
0.0
0.0
0.0
0.0
0.0
0.0
0.0
0.0
0.0
0.0
0.0
0.0
0.0
0.0
0.0
0.0
0.0
0.0
0.0
0.0
2.74856
0.0
0.0
0.0
1.91792
0.0
0.0
1.32973
0.0
0.0
0.0
0.0
0.0
4.47419
0.0
0.0
0.0
0.0
0.0
0.482461
0.0
0.0
2.74631
0.0
0.0
0.0
0.0
0.0
0.0
0.584266
0.0
0.0
0.0
0.0
0.0
0.0
0.0
0.0
4.46375
0.0
0.0
1.59455
0.0
0.0
0.0
0.0
0.0
0.866251
0.224456
0.750241
0.0
2.95793
0.0
0.0
0.0
0.0
0.0
0.0
0.0
0.0
0.310941
0.0
0.0
0.0
0.0
0.953373
1.62953
0.0
1.22241
0.755404
1.07323
1.02477
0.0
0.0
0.0
0.0
0.0
6.39189
1.12769
0.0
0.0
0.0
0.0
0.0
0.0
0.0
0.0
0.0
0.0
0.0
0.0
0.0
0.0
0.0
0.0
0.0
0.0
0.0
0.0
0.0
0.0
0.0
0.0
0.0
0.774013
0.0
0.0
1.68882
0.0
0.0
0.0
1.16779
0.0
0.0
0.0
0.0
4.122
0.0
0.0
0.0
0.0
0.0
0.0
0.0
0.0
0.0
0.0
0.0
3.31805
0.0
0.0
0.0
0.0
0.0
0.0
0.0
0.0
0.0
0.0
0.0
0.0
0.0
0.0
0.0
0.0
0.743438
0.0
0.0
0.0
0.0
0.0
0.0
0.0
4.64284
0.0
0.0
0.0
0.0
0.0
1.65457
0.0
0.0
0.0
0.0
0.0
1.03971
0.0
0.0
0.0
2.82565
0.0
0.0
2.77628
0.0
0.0
0.0
0.0
3.5172
0.0
3.19559
0.0
0.0
0.440456
0.0
0.0
0.0
5.04858
0.0
0.0
0.0
0.730547
0.0
0.807097
0.0
0.0
0.0
0.513126
0.0
0.0
0.0677669
0.0
0.0
0.0
0.0
0.0
0.0
0.0
1.8105
0.0
0.0
0.0
0.0
0.0
0.0
0.0
3.27534
0.0
0.0
0.0
4.55707
0.0
0.0
0.0
0.0
0.0
0.0
0.0
0.0
0.0
0.0
0.0
0.0
0.0
0.0
1.15148
0.0
1.20075
0.0
0.544376
0.0
0.0
0.0
0.0
0.807772
0.0
0.0
0.0
0.0
0.0
1.491
0.0
0.0
0.0
0.0
0.0
0.0
0.0
0.0
0.0
0.0
0.0
0.0
0.0
0.0
0.0
0.0
0.0
0.0
4.35808
0.0
0.0
0.0
0.0
0.523207
0.296444
2.57678
1.98208
0.0
0.0
0.0
0.0
0.0
0.0
0.0
0.0
0.0
1.63256
0.0
1.15604
0.0
0.0
0.0
0.0
0.0
0.0
0.0
0.0
0.0
0.0
0.0
0.0
0.113832
0.0
0.0
0.0
0.0
0.0
0.0
0.0
0.0
0.0
0.0
0.0
0.0
0.0
0.0
0.0
0.0
0.0
0.0
0.0
3.93095
2.27278
0.0
0.0
0.0
0.0
0.0
0.0
0.66142
0.0
0.0
0.0
0.0
0.0
1.77455
0.0
0.0
0.0
0.0
0.0
0.0
1.71787
0.0
0.0
0.181624
4.94695
0.0
0.37551
0.0
1.04612
1.46341
1.13078
0.0
0.0
0.0
0.0
1.16853
0.0
0.190267
0.0
0.0
0.0
0.0
0.0
0.0
2.25095
0.0
0.0
0.0
0.0
0.0
0.731802
0.0
0.0
0.0
0.0
0.0333714
0.0
0.0
1.13992
0.0
0.0
0.0
6.61333
0.0
0.0
0.0
0.0
0.0
0.0
0.0
0.0
0.0
0.0
1.58916
0.967534
0.0
0.0
0.0
0.0
0.452017
0.0
3.31349
0.0692859
0.0
0.0
0.0
0.0
0.0
0.0
1.18996
0.0
0.0
0.0
0.0
0.0
0.0
0.0
0.0
0.0
0.0
0.0
0.0
0.0
3.21482
0.0
0.0
0.0
0.0
0.0
0.0
0.0
0.0
4.39138
2.74787
2.18462
0.769392
0.0
0.0
0.0
0.0
0.0
0.0
5.52461
0.0
0.0
0.0
0.0
0.0
0.0
0.0
0.0
0.0
0.0
0.0
0.0
0.0
0.0
0.0
0.0
0.0
0.0
0.0
0.0
0.0
0.0
0.518739
0.0
0.0
0.0
2.13413
0.0
0.0
0.0
0.0
0.0
0.0
0.0
0.0
4.08104
0.0
2.09737
4.26003
0.0
0.0
0.0
1.63476
0.0
0.0
0.0
0.0
5.59953
0.0
0.0
0.0
0.0
0.0
0.0
0.0
2.7722
0.0
0.207551
4.25358
0.0
2.3043
0.0
0.0
4.326
3.10339
0.0
0.0
0.0
0.0
0.0
5.52365
0.0
0.0
0.0
1.60109
0.372616
0.0
0.0
1.5194
0.718085
0.295367
0.0
0.668378
0.0
1.67118
0.0
0.151527
0.0
0.0
0.0
0.0
0.0
0.0276766
0.0
4.96752
0.536422
0.0
2.09759
0.0
0.0
0.0
0.0
0.0
0.0
0.0
0.0
0.0
0.606388
0.0
0.0
0.0
0.0
2.49899
0.16345
0.0
0.0
0.0
0.0
0.0
1.67091
0.197576
0.0
0.0
0.0
0.0
0.0
0.0
0.0
0.0
0.0
0.0
3.39524
0.0
0.0
0.0
0.0
3.3031
0.0
0.0
1.26611
0.0
0.0
0.493693
0.0
2.79734
0.0
0.0
0.0
0.0
0.0
0.0
0.1362
0.0
0.0
3.0706
0.0
0.0
1.32147
0.54746
0.0
0.0
0.0
0.0
0.0
0.0
0.0
1.0694
0.0
0.0
0.0
0.0
0.0
0.0
2.05385
0.0
0.0
0.0
0.0
0.0
0.0
0.0
0.0
0.471745
0.0
0.227774
0.0
0.456021
0.0
0.0
2.50016
0.0
7.56156
0.0
0.0
0.0
0.0
0.0
0.0
0.0
5.32416
1.45779
2.4283
0.0
0.0
0.0
0.0
0.0
2.67192
0.0
0.0
0.0
0.0
0.0
0.0
0.0
0.0
0.0
0.0
0.0
0.170101
0.0
0.0
0.0
0.0
0.0
2.14012
2.60929
0.0
0.0
0.0
4.89824
0.67888
0.297328
0.0
0.128177
0.0
0.0
0.0
0.0
2.24675
0.0
0.0
0.0
0.0
0.0
0.0
0.0
0.0
0.0
0.0
0.0
0.0
0.0
0.0
0.0
0.0
0.0
2.28819
0.0
0.506961
0.0
0.0
0.00220621
1.35376
0.0
1.48077
0.0
2.63755
0.0
1.27995
0.0
0.0
0.0
0.440014
6.58285
0.0
0.0
0.0
0.0
4.04693
0.0
0.0
0.0
0.0
0.277361
0.0
0.0
0.0
0.0
0.0
0.0
0.252175
0.0
0.0
3.66484
0.0
0.196295
0.0
0.0
0.0
0.0
0.0
0.0
3.80918
0.0
0.0
0.0
0.0
0.0
0.0
0.0
0.254977
0.0
0.0
0.0
0.0
0.0
0.0
1.01185
0.0
0.0
0.0
0.0
0.0
0.0
0.0
4.62121
0.0
2.22426
0.0
0.0
0.91903
0.0
0.596385
0.0
4.17338
0.0
0.0
0.0
0.0
0.0
0.0
0.0
0.0
0.0
0.0
0.0
0.0
0.0
0.0
0.0
0.471725
0.0
0.0
0.0
0.0
4.93579
0.0
0.0
2.32618
0.0
2.34986
0.374594
0.0
0.0
0.0
0.0
0.0
0.982642
0.0
0.0
0.0
1.46124
0.0
0.0
0.0
0.0
0.0
0.0439051
0.0
4.87192
3.51019
0.0
0.0
1.14588
0.0
0.123647
0.305427
0.70378
2.3016
0.0
2.0653
0.0
0.0
3.56897
0.0
0.0
0.0
3.75728
2.03164
2.17236
0.0
0.0
0.0
0.0
0.0
0.0
0.0
0.0
2.34187
0.0
0.0
0.0538367
0.0
5.4632
0.0
0.0
0.0
0.0
0.0
0.0
0.0
0.0
4.00695
1.2384
0.603338
0.0
0.0
0.0
3.0285
0.0
0.0
0.0
0.0
0.0
0.0
0.0
0.0
0.0
0.839695
0.0
0.0
0.0
0.0
0.0
1.12572
0.0
0.0
0.0
0.0
0.0
0.0
0.0
0.447593
1.08097
0.0
0.0
7.6632
1.12077
0.0
0.0
0.0
0.0
0.0
1.81585
0.0
0.0
0.0
0.0
0.0
0.0
0.0
0.0
0.0
2.27518
0.0
0.0
0.0
6.74518
0.0
0.0
0.0
1.95399
4.47113
1.43912
1.96179
0.0
2.19171
0.0
0.111587
0.0
0.0
0.0
0.0
0.0
0.0
0.0
0.0
0.0
0.0
0.230208
0.0
0.0
0.0
0.0
0.576553
0.466541
0.0
0.0
0.0
0.0
0.0
4.62832
0.0
0.0
0.0
0.0
0.0
0.343626
0.0
0.0
0.0
0.0
6.60942
1.87509
0.0
0.0
0.0
0.0
0.0
0.0
0.0
0.0
0.0
0.0
0.0
0.0
0.0
0.0
0.0
0.0
0.424769
0.0
0.0
0.0
0.0
0.0
0.0
0.0
0.0
0.0
0.0
0.0
0.0
0.0
0.0
0.0
3.31634
0.0
0.0
0.0
0.0
0.0
0.0
0.0
0.0
0.0
0.0
0.0
0.0
0.0
0.0
0.0
3.96954
0.0
0.0
0.0
0.0
0.0
0.0
0.0
0.0
0.0
0.0
0.0
0.0
0.0180649
3.66152
0.0
0.0
0.0
0.0
4.23226
0.225543
0.187828
0.0
0.0
0.0
0.239705
0.0
0.0
0.0
2.06418
0.0
0.0
0.0
1.06823
0.0
2.19916
0.0
3.97009
0.0
0.0
3.53833
0.0
0.0
0.0
0.0
0.0
0.0
0.0
0.0
0.0
0.0
0.0
1.52844
0.0
0.0
0.0
0.0
0.0
0.0
0.0
0.0
0.0
0.0
0.0
0.0
0.0
0.0
0.0
0.0
0.0
0.0
0.0
0.0
0.0
0.572151
0.0
0.0
0.0
0.0
0.0
0.0
0.0
0.0
0.0
0.0
0.0
0.0
0.0
0.0
0.0
0.0
0.0
0.0
0.0
0.0
0.0
0.0
0.0
0.0
0.0
0.0
0.0
0.0
0.0
0.0
0.0
0.0
0.0
0.0
0.0
0.0
0.0
0.0
0.0
0.0
0.0
0.0
0.0
0.0
0.0
0.0
0.0
0.237147
1.35101
0.0
0.397965
2.45515
0.0
0.0
0.0
0.873721
0.0
0.0
0.0
0.0
0.0
0.0
0.0
0.0
1.58955
1.42156
0.492339
0.0
0.0
0.0
0.0
0.0
4.19801
0.0
0.0
0.0
0.0
0.0
0.0
0.0
0.0
4.86273
0.0
0.0
1.82148
1.28577
0.0
0.0
0.0
0.0356455
0.0
0.0
0.0
0.0
0.0
0.0
0.0
0.0
0.0515295
0.0
1.95444
0.0
0.0
0.0
0.0
0.0
0.0
0.472584
0.0
0.0
0.0
0.0
0.439177
0.0
0.0
5.53658
1.32466
0.0
0.0
0.0
4.14557
0.0
0.0
0.0
0.0
0.0
0.0
1.50876
0.0
0.847778
0.0
0.0
0.0
0.0
0.0
0.0
0.0
0.0
2.75866
0.0
1.93084
6.63443
0.0
2.30039
0.0
0.0
0.0
0.0
0.0
0.0
0.0
0.0
0.0
0.0
0.0
0.0
0.0
0.0
0.0
0.0
0.0
0.608466
0.0
0.0
0.0
0.0
1.56517
0.0
0.0
0.0
0.0
0.0
0.0
0.0
0.0
0.797721
0.0
1.146
0.0
0.0
0.0
0.0
0.0
0.0
2.90987
0.0
0.137964
0.0
0.0
0.0
0.0
0.0
0.0
5.43288
0.0
0.601411
4.50977
0.0
0.0
1.80985
0.0
0.0
0.0
0.0
0.0
0.0
0.0
0.0
1.17027
0.0
0.0
0.0
0.0
0.0
0.0
0.999058
0.0
0.0
0.0
0.697918
0.0
0.0
0.0
0.71614
0.0
0.0
0.0
0.0
0.0
0.0
0.0
0.0
1.76813
0.0
0.0
1.54813
0.0
1.93396
0.0
0.0
0.0
0.0
0.0
0.318065
0.0
0.0
0.0
0.0
0.0
0.0
0.0
0.0
0.0
1.32495
0.0
5.01962
4.11537
0.0
0.0
0.0
0.0
0.0
2.75925
0.0
0.0
0.0
0.0
0.0
0.0
0.0
2.56914
2.46869
0.0
0.0
0.0
0.0
0.0
1.22295
0.0
0.0
0.0
0.0
0.0
0.303261
3.89559
0.0
0.0
0.0
0.0
0.0
0.0
0.700571
0.0
0.0
0.0
0.0
1.38255
0.0
0.0
0.0
0.0
0.0
0.0
0.0
0.0
0.0
0.456422
0.0
0.0
0.0
0.84417
0.0
0.0
0.0
0.0
0.0
1.75395
0.0
0.0
0.0
0.0
2.92445
3.43976
0.0
0.0
0.0
0.0
0.0
0.0
0.0
0.0
0.958645
0.0
0.0
0.241822
4.66429
0.0
0.0
0.0
0.0
0.0
0.0
0.0
1.94152
0.433177
0.425099
0.0
0.0
0.0
0.0
0.0
0.0
0.0
0.0
2.95597
0.0
0.0
0.0
3.97684
0.0
0.656413
0.0
0.0
0.0
0.327234
0.0
0.0
0.0
0.0
0.0
0.0
2.7002
0.0
0.0
0.0
0.0
0.0
0.0
0.0
0.0
2.63209
3.67888
0.0
1.24956
0.137311
0.0
0.0
0.0
0.0
0.0
0.0
0.0
0.0
0.84429
0.0
4.95498
1.06231
4.72621
0.0
0.0
0.0
0.0
0.295583
1.14919
0.0
0.0
0.0
0.0
0.0
0.0
0.0
0.0
0.0
0.0
0.0
0.0
0.0
0.0
0.856097
0.0
2.3933
0.0
2.40443
0.0
0.0
0.0
0.0
0.0
0.0
2.72119
0.0
0.0
0.0
0.571981
0.0269488
0.0
0.0
0.0
0.0
0.0
0.0
0.0
0.0
0.279685
0.0
0.0
2.4523
0.0
0.0
0.0
0.0
0.0
0.0
0.0
0.0
0.0
0.0
0.0
0.0
1.28729
0.0
0.0
0.0
0.0
0.0
0.0
0.0
0.0
4.13233
0.0
0.0
0.0
0.0
0.0
0.720484
1.29971
0.0
0.0
0.0
0.0
0.0
0.0
0.0
0.0
0.0
0.0
1.27881
6.51561
0.0
0.0
0.0
0.0
0.0
0.0
0.0
0.0
1.25134
2.33526
0.0
0.0
0.0
0.0
0.0
0.0
0.0
1.08668
0.0
0.250962
0.0
0.0
0.0
0.0
0.0
0.0
0.0
3.35429
0.0
0.0
0.0
0.0
0.0
0.567114
0.0
1.96668
0.0
0.0
0.0
0.0
0.0
0.0
0.0
0.0
0.0
0.0
0.0
1.82735
0.0
0.0
0.0
0.0
0.0392469
1.17802
0.0
0.112265
0.0
0.323044
0.0
0.0
1.09433
0.0
2.34723
0.0
0.0
0.0
0.347085
0.0
0.0
0.0
0.0
0.0
0.0
0.0
1.45994
0.0
0.0
0.0
0.0
0.0
0.0
0.0
2.80948
0.0
0.0
0.0
0.0
0.0
0.0
2.50898
0.0
0.0936604
0.0
4.05144
0.0
0.0
0.0
0.0
0.0
0.0
0.0
0.0
0.0
0.0
0.0
0.0
0.0
2.28328
1.31199
0.0
0.0
0.0
0.0
0.0
0.0
0.0
2.45098
0.0640338
0.0
0.0
0.0
0.0
0.0
0.0
0.0
0.0
0.0
0.0
0.0
0.312836
0.0
0.0
1.51243
0.0
0.0
0.0
0.0745061
0.911123
0.0
0.0
0.0
1.54033
0.0
0.0
1.62333
0.0
0.0
0.0
0.0
5.50927
0.0
0.0
0.0
3.69905
0.0
1.75332
0.0
0.0
0.0
0.0
0.0
0.0
0.0
0.0
0.0
1.67996
0.0
0.0
0.0
0.0
0.0
0.0
0.0
0.0
0.621795
0.0
0.287003
2.61501
0.0
0.0
0.0
0.0
0.0
0.0
0.0
0.169175
0.0
0.0
0.0
0.0
3.3944
0.0
0.0
0.11688
0.0
0.0
0.900959
0.0
0.0
0.152746
3.62271
0.0
0.0
0.0
0.0
0.0
0.0
0.0
0.0
0.0
0.0
0.0
0.0
0.592013
0.0
0.0
0.0
3.39455
0.0
0.0
0.0
0.0
0.0
0.0
0.0
0.0
0.0
0.0
0.0
0.110406
0.0
0.37122
0.0
0.0
0.0
0.0
0.735812
0.0
0.0
0.0
0.0
0.0
0.0
0.0
0.0
0.0
0.0
0.0
0.0
0.0
2.30623
0.0
0.0
3.93066
1.08475
0.0
0.0
0.0
1.08203
0.0
0.384064
0.0
0.602016
0.0
0.0
2.21146
0.0
0.0
0.0
0.814516
0.0
0.0
0.0
0.825937
0.0
0.0
0.0
0.0
0.711034
0.0
0.0
0.0
1.04984
0.0
0.0
0.0
0.0
0.0
0.0
0.0
0.711374
0.0
0.116003
0.0
0.0
0.0
0.0
0.0
0.0
0.0
0.0
0.0
0.0
0.0
0.0
0.0
0.0
0.823636
0.0
0.0
0.0
0.0
0.0
0.0
3.78823
0.0
1.05536
1.22805
0.0
0.0
0.0
1.67839
0.0
8.43468
0.661838
0.0
0.0
0.566171
0.0
0.0
0.0
0.0
0.0
0.0
1.19611
0.0
1.09635
0.0
0.0
0.0
0.0
0.0
0.0
0.0
0.0
0.0
0.0
0.0
0.547502
2.07972
0.0
0.0
0.0
0.0
0.0
0.0
0.0
0.0
0.0
5.34716
0.0
0.749729
0.0
0.0
0.0
0.0
0.0
0.0
1.39866
0.0
0.0
1.42928
1.67572
0.0
0.0
0.0
2.92129
0.794475
0.0
0.0
1.1965
0.0249795
0.0
0.0
0.0
0.0
0.0
0.0
0.0
0.0
0.0
0.0
0.0
0.0
0.0
0.0
0.0
0.0
2.55073
0.0
2.61102
0.111562
0.0
0.0
0.0
0.0
0.0
0.0
0.0
0.0
0.21174
0.687991
0.0
2.56719
0.0
0.0
0.0
0.0
0.0
0.0
0.0
0.0
0.665913
0.0
0.0
3.27547
0.0
0.0
0.0
0.0
0.0
2.50598
0.0
0.0
0.0
0.0
0.0
0.516854
0.0
0.0
0.0
0.0
0.0
0.0
1.09585
0.0
0.0
0.0
0.730835
0.0
0.0
0.0
2.13121
0.0
0.0
0.0
0.0
0.0
0.0
0.0
0.0
0.0
0.0
0.0
0.0
0.0
0.0
0.0
0.0
0.0
0.0
0.0
4.1128
0.651666
0.0
0.0
0.0
0.0
0.0
0.0
0.0
0.0
0.0
0.0
0.0
0.0
0.0
0.0
0.0
1.20038
0.0
0.0
0.0
0.0
0.0
2.64736
0.0
0.0
0.0
0.0
0.0
0.0
0.826184
3.56503
0.0
0.0
0.0
0.0
0.0
2.46252
0.0
5.06135
0.0
0.0
2.30596
2.62456
0.0
0.0
1.42849
0.0
0.0
0.0
0.0
0.0
2.16754
0.0
0.0
0.0
0.0
0.0
0.0
0.0
0.0
2.21015
0.0
0.0
5.86756
0.0
0.0
0.0
0.0
0.0
0.0
0.0
0.0
0.586724
0.0
0.0
0.0
0.726247
0.0
0.0
0.0
0.0
0.0
0.0
0.0
0.0
0.0
0.122054
0.0
0.0
0.0
1.04223
2.09205
0.0
0.0
0.0
0.0
2.94084
0.0
3.94468
0.0
0.0
0.0
0.0
0.0
0.0
0.0
0.0
0.0
0.856838
4.90172
0.0
0.0
0.0
0.0
0.0
0.0
0.0
2.57511
6.80298
0.0
0.645356
0.0
6.04918
0.0
0.0
0.0
0.0
0.0
0.0
0.0
0.0
0.0
0.0
0.0698863
0.0562464
0.0
0.812402
0.0
4.40186
0.0
0.0
0.0
0.0
0.0
0.0
0.0
0.0
3.46913
0.0
0.0
0.0
0.0
0.0
0.763876
2.7909
0.0
0.0
0.0
0.0
0.0
0.0
3.53326
0.0
0.0
0.0
0.0
0.0
1.20809
2.26744
0.0
3.2972
0.639453
0.0
0.0
0.0
0.0
0.873229
0.0
0.0
0.0
2.62031
0.0
0.0
0.0
0.0
3.30277
0.0
0.0
0.0
0.0
0.0
5.02034
0.0
0.0
0.0
0.0
0.0
0.0
0.0
0.0
2.66446
5.82664
0.0
1.99594
0.0
0.0
0.570098
0.0
0.0
0.0
0.0
1.38791
0.0
0.0
2.59956
0.0
0.0
0.0
0.0
1.12435
0.0
0.0
0.0
0.0
0.0
1.82617
0.0
0.0
0.0
0.0
0.0
0.0
0.0
3.94581
0.0
0.0
0.0
0.0
0.0
0.0
0.0
0.909259
0.0
0.0
0.0
0.0
6.10823
1.97828
0.0
0.0
0.0
0.0
0.0
4.16561
0.647712
2.22734
0.0
0.0
0.0
0.0
4.17105
0.0
0.0
3.34489
0.0
2.62925
0.0
0.104853
0.0
0.0
1.35626
0.0
0.0
0.0
0.0
0.0
0.0
0.0
0.0
0.0
0.0
0.0
0.0457896
0.0
0.0
0.0
0.0
0.0
0.216397
0.0
0.0
0.0
0.0
5.58457
0.0
0.0
0.0
3.10509
0.0
0.0
0.0
0.0
0.0
0.0
0.0
0.0
0.0
0.0
0.0
0.0
0.0
0.0
0.0
0.247487
0.0
0.0
0.0
0.0
2.50676
0.0
0.0
0.0
2.65805
0.0
0.0
1.89622
0.0
4.14349
0.0
0.0
1.10054
0.0
0.0
2.02637
3.51347
0.0
0.0
1.36404
0.0
0.0
0.0
0.0
0.0
0.0
0.0
0.0
0.0
3.32069
3.68631
0.0
0.0
0.0
0.0
0.0
0.769376
0.0
1.17722
0.424269
4.91509
0.0
0.0
0.0
0.0
0.0
0.0
0.0
0.0
2.4888
0.10857
0.0
2.20379
0.0
0.0
0.0
0.0
0.0
0.0
0.0
0.0
0.0
0.0
0.551143
0.0
1.62991
3.02639
0.0
0.0
2.04736
1.7205
0.0
2.86199
0.0
0.0
0.0
0.0
0.0
0.0
0.0
0.0
0.0
0.0
0.0
0.0
0.94363
0.0
0.0
0.0
0.916595
1.33507
0.0
2.35303
1.57987
0.0
0.0
0.0
0.0
2.7398
0.0
0.0
0.0
0.0
0.0
0.0
5.01868
0.0
0.979148
0.0
1.64635
0.0
2.22761
0.0
0.0
0.0
0.0
0.0
0.0
0.0
0.0
0.0
0.0
2.01271
0.0
0.0
0.0
0.0
0.0
0.0
0.0
0.0
0.0
0.0
0.0
0.0
2.59284
0.0
0.0
2.80471
0.0
0.0
0.0
1.6533
0.0
0.0
0.0
0.0
0.0
1.28774
0.0
0.0
0.0
0.0
0.0
0.0
0.0
3.20222
0.0
0.0
2.20344
0.0
0.0
0.0
0.0
0.0
0.0
2.78933
0.0
0.0
6.34344
0.0
0.0
1.12532
0.0
0.0
0.0
0.0
0.0
7.31074
0.0
0.0
0.0
3.67904
0.0
0.0
0.0
0.0
0.0
2.79771
0.0
0.0
0.0
0.0
0.0
0.0
0.0
0.0
0.0
1.97612
0.0
0.0
0.0
0.0
0.0
0.0
0.0
0.0
0.0
0.0
0.0
5.03033
0.0
0.0
0.0
0.0
0.0
0.0
2.03923
0.0
0.0
0.0
0.0
0.0
0.0
0.0
0.0
0.0
0.0
0.0
1.55226
0.0
0.0
