0.0
0.0
3.87985
0.0
0.9342
0.0
0.0
0.0
0.0
0.0
0.0
0.0
0.0
0.0
0.0
0.0
0.0
0.0
0.275298
0.0
0.0
0.0
0.0
0.0
0.0
0.0
0.0
0.0
0.0
0.0
0.0
0.0
0.0
5.82943
0.0
0.0
0.0
0.0
0.0
0.0
0.0
0.0
1.7677
0.0
0.0
0.0
0.555505
0.329527
0.0
1.23992
0.0
0.0
0.0
0.0
0.0
0.0
0.0
0.0
0.0
0.0
0.0
0.0
0.0
2.2572
0.044034
0.0
0.0
0.0
0.147973
0.0
0.0
0.0
0.0
0.0
0.0
0.0
0.980708
0.0
0.0
0.0
0.979744
0.0
0.0
0.0
1.42324
0.0
0.0
0.0
0.0
0.0
0.0
0.0
0.0
0.0
0.0
0.0
0.0
0.0
1.56151
0.0
0.0
0.0
0.0
0.0
0.0
0.0
2.67133
0.0
0.0
0.329362
0.0
0.0
0.0
1.30003
0.0
0.0
0.0
2.31295
0.193729
0.0
0.0
0.0
0.0
0.0
0.094332
0.0
0.0
4.6998
0.0
0.0
0.0
0.0
0.0
0.0
1.02918
0.0
0.0
0.0
0.0
0.0
0.0
1.73954
0.0
0.0
0.0
0.0
1.01353
0.0
1.48805
0.0
0.0
0.0
0.0
0.0
0.0
0.0
0.0
1.22634
0.0
0.0
0.0
0.0
0.0
0.0
0.0
0.0
0.0
0.0
2.25589
5.53895
0.0
0.0
0.0
0.0
0.0
0.0
1.78957
0.0
0.0
0.0
2.3273
0.0
0.0
0.0
0.0
0.0
0.0
0.0
0.0
0.0
0.0
0.0
3.64352
0.356253
0.0
0.0
0.0
0.0
0.0
1.06524
0.0
3.35792
0.0
0.0
0.0
0.0
0.0
0.0
0.0
0.0
0.0
0.0
0.0
0.0
0.0
0.700472
0.0
0.0
0.0
0.0
0.0
2.4605
0.0
0.0
0.0
0.0
0.0
0.0
0.0
0.0
0.0
0.0
0.0
1.8427
0.0
0.0
0.0
1.15407
0.137918
0.0
0.0
0.0
0.568596
1.61665
0.0
0.0
0.0
1.81094
0.0
0.0
1.62781
0.0
0.0
0.0
0.0
0.0
0.0
0.0
0.0
0.0
0.0
0.0
1.93196
0.0
0.0
0.0
1.92973
0.0
0.0
0.0
0.0
0.0
0.0
0.0
0.0
0.0
0.0
0.0
0.0
0.0
0.0
1.22244
1.18858
1.4919
0.0
0.0
0.0
0.17732
0.0
0.0
0.0
0.0
0.0
0.0
4.13048
0.668744
0.0
0.0
0.0
0.0
0.0
2.61482
0.0
0.0
0.0
1.27652
0.0
0.0
0.600092
0.0
0.0
0.0
0.0
0.0
0.0
0.0
0.0
0.0
0.0
0.0
0.0
0.0
0.0
0.0
0.0
0.0
1.58556
0.247127
0.0
0.0
0.0
0.0
0.0
0.0
0.0
0.0
0.0
0.0
0.0
0.0
0.0
0.0
0.0
0.0
0.0560389
1.20256
0.0
0.0
0.0
0.0
0.0
0.433236
0.0
0.0
0.0
0.0
0.0
0.0
0.0
0.212725
0.0
0.0
0.0
0.0
0.0
0.0
0.0
0.0
0.0
0.0
0.0
0.0
0.0
0.0
0.0
0.0
0.0
0.0
0.0
2.12299
0.327263
0.0
0.0
0.0
0.0
0.0
0.0
4.66401
0.0922902
2.51926
0.0
0.0
0.0
0.0
0.0
1.26583
4.26549
0.0
0.0
0.0
0.0
0.0
0.0
0.0
0.0798381
0.0
0.0
0.0
0.0
0.0
0.0
0.0
0.0
0.0
1.11391
0.0
0.0
0.0
0.0
0.24238
0.0
0.0
0.235709
0.0
0.0
0.0
0.0
0.0
0.0
0.743643
5.42705
0.0
0.0
0.0
0.0
0.0
0.0
0.0
1.11377
0.0
0.0
0.623871
0.0
0.0
0.0
0.0
0.0
0.0
0.0
0.0
0.0
0.0
0.0
2.42426
0.0
0.0
0.0
0.0
0.0
0.942622
0.0
0.846724
0.0
0.0
0.0
2.02067
3.56272
0.0
0.0
3.12077
0.0
0.0
0.0
0.0
0.0
0.0
0.0
0.0
0.0
0.0
0.0
0.0
0.0
0.721757
0.0
0.0
0.0
0.0
0.275964
0.0
0.0
0.0
0.0
0.0
0.0
2.48616
2.68197
1.04376
0.112775
0.0
0.0
0.0
0.0
0.0
0.0
0.0
0.0
0.0
0.0
0.0
0.0
1.01144
0.0
0.0
1.29305
0.0
0.0
1.21861
0.0
0.0
0.0
0.0
0.0
2.21853
0.229714
0.916529
0.0
0.0
0.0
0.0
0.0
0.0
2.36311
3.67149
0.0
0.0
3.8676
0.0
0.0
0.0
0.0
0.0
0.0
0.0
0.0
0.0
0.0
0.0
0.0
0.0
0.0
0.443382
0.0
0.0
0.0
0.0
0.182682
0.0
0.0
0.0
0.0
0.0
0.0
0.0
0.0
0.0
0.184338
0.0
0.0
0.0
0.0
0.0
0.0
1.62938
0.0
0.0
0.0
0.0
0.0
0.0
0.0
0.0
0.066223
0.0
0.0
0.0
1.85569
0.0
0.0
0.0
0.0
0.0
0.0
0.0
0.0
0.0
0.0
0.0
0.0
0.0
0.0
0.0
0.0
0.0
1.62853
0.0
0.0149934
0.0
0.779984
0.0
0.0
0.0
0.0
0.0
2.439
0.0
0.0
0.0
0.0
0.0
6.37305
0.0
0.0
0.0
3.51236
0.0
0.0
0.0
0.0
0.0
0.0
0.0
0.0
0.0
0.0
0.0
5.44335
0.0
0.0
0.0
0.0
0.0
0.0
1.84218
0.0
0.0
0.0
0.0
0.0
0.0
0.0
0.0
0.0
0.0
0.0
0.0
0.0
1.9667
0.0
0.0
0.0
0.0
0.0
0.0
0.0
0.0
0.600555
0.0
0.0
0.0
0.0
0.0
0.0
0.0
0.527188
0.0
1.46408
0.0
0.0
0.0
0.0
0.0
0.0
3.59335
0.0
0.0
0.0
0.0
0.0
0.0
0.0
0.0
0.0
0.0
0.0
0.0
0.0
0.0
0.0
0.0
0.0
0.639066
0.0
0.157993
0.0
0.0
0.0
0.0
0.0
0.0
0.0
0.968796
2.6173
0.0992859
0.0
0.0
0.0
1.58763
0.0
0.0
0.0
0.0
0.0
0.0
0.136007
0.2134
0.0
0.0
0.8472
0.0
0.0
2.26544
0.0
0.0
0.0
0.0
0.0
0.0
0.0
0.0
0.0
0.0
0.0
0.0
0.0
0.0
0.0
0.0
0.0
0.0
0.0
0.0
0.539844
0.0
0.0
0.0
0.0
0.773756
1.61488
0.0
3.05355
0.47722
0.0
0.0
0.0
0.0
0.0
0.0
0.0
0.0
0.0
0.0
0.0
0.0
0.0
0.0
0.0
0.0
0.0
4.85393
0.0
0.0
0.0
3.05525
0.0
0.0
0.0
0.0
0.0
0.0
0.0
2.8458
0.0
0.0
1.89529
0.0
3.96016
0.0
2.6979
2.02744
0.0
0.0
0.0
2.22684
0.0
0.140844
0.0
0.0
0.0
0.0
0.0
0.0
0.0
0.0
0.387542
0.0
3.04946
0.0
0.0
0.0
0.0
0.0
0.0
0.0
0.0
0.0
0.0
0.0
0.0
0.0
0.0
0.0
0.0
0.0
0.0
0.0
0.0
0.0
0.0
1.98862
0.0
0.0
1.09624
0.0
0.0
1.32861
0.0
1.97435
3.06709
0.194868
0.0
0.0
1.02346
0.0
0.892853
0.0
0.0
0.0
0.0
0.0
3.59487
0.0304367
0.0
0.0
0.0
0.0
0.0
0.162114
0.0
0.0
0.0
0.0
0.0
1.84253
0.0
0.0
1.50499
0.0
0.0
0.0
0.0
1.55428
0.0
0.0
0.0
0.0
0.0
0.0
0.129312
0.0
0.0
3.44275
0.0
0.0
3.57766
0.0
0.0
0.0
0.0
0.0
0.0
0.0
0.0
0.0
0.0
0.0
0.0
0.0
2.41942
0.806414
0.0
0.0
0.0
0.0
0.0
0.0
0.0
0.717571
0.0
0.0
0.0
0.697404
0.0
0.0
0.0
0.0
0.0
0.0
0.0
0.0
0.470759
0.0
0.0
0.0
0.0
0.0
0.0
0.0
0.0
0.0
0.0
0.0
0.0
1.87455
0.0
0.0
1.04545
0.0
0.0
2.53447
0.0
2.08181
0.0
0.0
0.0
0.0
0.0
0.0
0.0
1.38775
0.0
0.0
0.0
0.0
0.703144
0.0
0.0
0.378486
0.0
0.0
0.0
0.0
0.0
0.0
0.0
0.0
0.0
0.0
0.0
0.862713
0.0
0.0
1.91169
0.0
0.506382
2.28139
0.0
0.0
0.0
0.0
0.201521
0.0
0.459908
0.0
0.0
0.0
0.0
0.0
0.0
0.0
0.0
0.0
0.0
0.0
0.0
0.0
0.0
0.0
0.0
0.0
0.0
0.0
0.0
0.0
0.606833
0.0
0.0
0.804325
0.0
2.22428
0.0
0.0
0.0
0.961853
0.0
0.0
0.0
0.0
0.214354
0.0
2.22035
0.0
0.0
0.143973
2.13368
0.0
0.0
0.0
0.0
0.0
1.7143
0.0
0.0
4.06894
0.0
1.8911
1.23683
0.0
0.0
0.0
0.0
0.0
0.0
0.207676
0.0
0.0
0.0
0.271428
0.0
0.0
0.0
0.0
0.0
0.924315
0.0
0.0
1.91241
2.43565
4.36401
0.0
0.0
0.0
0.0
0.0
0.0
0.0
2.66253
0.0
0.0
0.0
0.416657
0.0
0.0
0.0820077
0.0
0.0
0.0
2.52549
0.0
0.0
0.0
0.0
0.0
0.0
0.0
0.0
0.0
3.30892
0.0
0.522474
0.0
0.0
0.0
0.0
0.0
0.0
0.0
0.0
0.0
0.0
0.0
0.0
0.0
0.0
0.0
0.0
0.0
0.0
0.0
0.0
0.0
0.0
0.0
0.0
0.0
4.25032
2.5136
0.0
1.19919
0.0
0.0
0.0
0.0
0.0
0.0
0.0
0.0
0.0
0.207137
0.0
0.0
0.0
0.0
3.90384
0.0
0.0
0.0
0.0
0.0
0.0
0.0
1.60172
0.0
1.2225
1.45298
0.0
0.0
0.0
0.0
0.0
0.793349
0.0
2.26963
0.0
1.20992
0.0
0.0
5.09799
0.0
0.0
0.0
2.38722
4.04435
0.0
0.0
0.0
0.0
0.0
0.0
0.0
0.0
0.0
0.0
0.0
0.0
0.0
0.0
0.0
2.21392
0.0
0.0
0.0
0.0
0.0
0.0
0.0
0.0
1.52401
0.0
0.0
0.0
0.0
1.76832
0.0
0.0
0.0
5.20385
0.0
0.0
0.0
0.0
0.0
0.0
0.0
0.0
0.0
0.855735
0.0
0.700331
3.74139
0.0
0.0
0.0
0.0
1.30967
4.87853
0.0
0.0
0.0
0.0
0.0
0.0
0.0
0.0
0.0
1.94737
0.0
0.0
4.2446
0.0
0.0
0.0
0.0
0.0
2.84214
0.0
0.0
0.0
2.20824
0.0
0.0
0.0
0.0
3.85936
0.0
0.0
0.0
0.0
0.960202
0.0
1.51605
0.0
0.0
0.0
0.0
0.0
0.0
0.0
0.0
0.0
0.0
0.0
0.0
0.0
0.0
0.0
1.05649
2.83561
0.0
0.0
0.0
0.0
0.0
0.0
0.0
0.118494
0.0
0.0
0.0
0.0
0.0
7.2764
0.0
0.0
2.83947
0.0
0.0
0.0
0.0
0.0
0.0
0.0
0.0
0.0
1.22878
0.196928
0.325417
0.0
0.0
3.78663
0.0
0.0
0.0
0.0
0.882657
0.0
0.0
0.0
0.0
0.0741726
0.0
0.0
0.0
0.0
0.0
0.0
0.0
0.0
0.0
0.0
0.0
0.0
0.0
0.0
0.0
0.643525
0.0
0.0
0.41406
0.0
0.0
0.0
0.0
0.0
0.0
0.0
2.28511
0.0
0.0
0.0
0.0
0.0
0.0
0.0
2.0243
0.0
0.886422
0.0
0.0636329
0.0
0.0
0.0
0.0
0.0
0.0
0.0
0.0
0.0
0.0
1.2271
0.0
2.06698
0.0
0.0
0.0
2.52436
0.0
1.51162
1.97279
2.01832
0.0
0.0
0.0
0.0
0.0
1.31144
0.0
1.43686
0.0
0.0
0.0
1.64419
0.0
0.0
0.0
0.0
0.0
0.920567
0.0
0.0
0.0
0.0
0.712996
1.05212
0.0
0.466653
0.0
1.05806
0.0
0.0
0.0
0.0
0.0
0.0
0.0
0.0
0.0
3.21188
0.0
2.26437
0.0
0.0
0.0
0.0
0.0
0.0
0.0
0.0
0.0
0.787381
0.0
0.0
0.0
0.0
0.0
0.0
0.0
0.0
0.0
0.0
0.0
0.0
0.383632
0.0
2.2189
0.0
0.0
0.0
0.0
3.88797
0.0
0.0
0.0
0.0
0.0
0.0
0.0
0.0
0.0
0.0
0.0
0.0
0.541954
0.758345
0.0
0.0
4.72362
0.0
2.98739
0.0
1.58369
0.0
0.0
0.0
0.0
0.0
0.0
0.0
0.0
0.0
0.0
0.0
0.0
0.0
0.0
0.0
0.0
0.0
0.0
0.0
0.0
0.0
0.0
0.0
0.0
0.0
0.0
0.0
0.0
1.89828
0.0
0.0
0.0250007
0.0
0.0
3.89333
3.70671
0.0
0.168171
1.69273
0.0
0.0
0.0
0.0
5.85165
0.0
0.104895
0.0
0.0
0.0
0.0
0.0
0.0
0.0
0.0
0.0
0.0
0.0
0.0
0.0
2.25525
0.0
1.41051
0.0
0.0
0.0
0.0
0.0
0.0
0.0
0.0
0.0625371
0.0
1.87868
0.0
0.0
0.0
0.0
0.0
0.0
0.0
0.0
0.0
0.0
0.0
0.0
0.0
0.0
0.0
0.0
0.0
2.60127
0.0
0.0
0.0
0.0
0.0
0.0
0.0
0.0
0.0
0.0
0.0
0.0
0.0
0.0
0.0
0.0
0.0
0.0
0.0
0.0
0.0
0.0
0.0
0.0
0.0
0.0
0.0
0.0
0.0
0.0
0.0
0.0
0.0
0.0
0.0
0.0
0.0
0.0268039
0.0
0.0
0.0
0.0
0.0
0.836162
0.0
0.0
0.0
0.134675
0.0
0.0
0.0
0.0
0.0
0.0
0.0
0.0
0.0
0.0
0.0
0.0
0.0
0.0
0.0
0.0
0.0
0.0
0.0
0.0
0.0
0.0
0.0
0.0
0.0
0.0
0.0
1.8897
3.70887
0.0
0.0
0.0
0.0
0.0
0.0
1.70078
0.0
0.0
0.0
0.215902
1.08603
0.0
0.0
0.0
0.0
0.0
0.0
0.0
0.0
0.0
0.0
0.0
0.0
1.73213
0.907587
0.0
0.0
0.0
0.689055
2.88799
0.292004
3.78144
0.0
0.0
0.0
0.0
0.0
0.0
4.70791
0.0
0.0
0.0
1.06963
0.0
1.45738
0.0
0.0
0.0
0.0
0.0
0.0
0.958628
0.0
0.0
0.0
0.0
0.0
0.0
0.0
0.0
0.0
0.0
0.0
0.0
0.0
1.4087
0.0
0.0
0.0
0.0
0.0
3.899
0.0
0.0
0.0
0.0
0.0
0.104028
1.5725
0.0
0.0
0.0
0.0
0.0
0.0
0.0
2.49917
0.0
0.0
0.0
0.306914
0.0
0.0
0.0
0.0
2.0103
0.0
0.0
0.0
0.0
0.0
1.82863
0.0
0.0
0.0
0.0
0.0
0.0
0.0
0.0
0.0
0.0
0.0
0.0
0.0
0.0
0.0
0.0
0.0
0.0
3.1166
0.0
0.0
0.0
0.633696
3.49578
0.918289
0.0
0.0
0.0
0.0
0.0
0.0
0.0
0.0
0.0
0.0
0.0
1.77305
0.576261
3.97472
0.0
0.0
0.0
0.0
0.0
0.0
0.0
0.0
0.0
0.0
0.0
0.0
0.0
0.0
0.0
0.0
0.0
0.0
0.0
0.0
0.0
0.0
0.0
0.0
0.845952
0.0
0.0
0.0
0.0
0.0
0.0
0.0
0.429693
0.732389
0.0
0.0
0.0
0.0
0.0
0.0
0.311718
0.0
0.458341
0.0
0.0
0.939441
1.51213
0.0
0.0
0.489602
0.0
0.0
0.0
4.83314
0.0
0.0
0.0
0.0
0.0
0.0986929
0.0
2.5689
0.989961
1.75731
0.0
0.0
0.0
0.0
0.0
0.0
0.0
0.0
0.0
0.0
0.0
0.0
0.0
4.16884
0.0
0.0
0.0
0.0
0.0
3.04101
0.0
0.0
0.0
0.0
1.93236
0.0
0.0
0.0
0.0
0.0
0.0
1.27127
0.0
0.0
0.0
0.0
0.0
0.0
0.0
0.0
0.0
0.0
2.05293
0.319285
0.0
0.0
0.0
0.0
0.0
0.0
4.23732
0.0
0.0
0.0
0.0
0.0
0.0
0.0
0.851091
0.0
0.0
0.0
0.0
0.0
0.103633
0.0
0.0
0.0
0.0
0.0
0.0
0.0
0.0
0.0
0.0
0.0
0.0
0.0
0.0
0.0
0.0
0.517539
0.78806
2.00541
0.0
0.0
0.0
0.0
0.0
0.0
0.0
3.53132
0.0
0.586854
0.0
1.17834
0.0
0.0
0.0
0.0
0.0
0.0
0.0
0.0
0.0
0.0
0.0
0.0
0.0
0.0
0.0
0.0
0.0
0.0
0.0
0.0
0.0
0.0
0.0
0.0
0.0
0.0
0.0
0.0
0.0
0.0
0.0
3.7851
0.0
2.63529
3.04139
0.0
1.95891
0.0
1.89938
0.0
0.0
0.0
0.0
1.53178
0.0
0.0
0.0
0.0
0.350599
0.0
0.0
1.63643
0.0
1.62113
4.45315
0.0
3.35082
0.0
0.0
4.02845
3.8542
0.0
0.0
0.0
0.0
0.0
2.94032
0.293728
0.0
0.0
2.7535
1.21537
0.0
0.0
2.11572
0.0
3.23931
0.0
0.0
0.0
0.498767
0.0
0.0
0.0
0.0
0.0
0.0
0.0
0.0
0.0
0.0370286
0.0
0.0
1.07145
0.0
0.0
0.0
0.0
0.0
0.0
0.0
0.0
0.0
3.58888
0.0
0.0
0.0
0.0
1.53452
0.0
0.0
0.0
0.0
0.0
0.0
3.5703
0.0
0.264036
0.0
0.0
0.0
0.0
0.474743
0.0
0.0
0.0
0.0
3.42943
0.0
0.0
0.0
0.0
4.31611
0.0
0.0
0.0
0.0
0.0
0.320012
0.0
1.5656
0.0
0.0
0.0
0.0
0.0
0.0
1.35864
0.0
0.0
0.0
0.0
0.0
1.5219
0.0
0.0
0.0
0.0
0.0
0.0
0.0
0.0
1.35479
0.0
0.0
0.0
0.0
0.0
0.0
0.0
0.0
0.0
0.0
0.0
0.0
0.0
0.0
0.0
0.0
0.0
0.0
0.0
0.0
0.527032
0.0
0.0
0.0
3.38905
0.0
0.0
0.0
0.0
0.0
0.0
0.0
8.0003
0.0
3.8115
0.0
0.0
0.0
0.0
0.0
1.38215
0.0
0.544861
0.0
0.0
0.0
1.31723
0.266676
0.0
0.0
0.0
0.0
1.04149
0.0
0.0
0.0
0.0
0.0
0.0
4.05865
0.0
0.0
0.0
3.58848
0.0
0.0
0.0
0.0
0.0
0.0
0.0
0.0
0.0
0.0
0.0
0.0
0.0
0.0
0.0
0.0
0.0
0.0
0.0
0.0
0.0
0.0
0.0
0.0
0.0
0.0
0.298882
0.0
0.0
0.0
0.0
0.0
0.0
0.0
0.0
0.0
0.0
0.0
0.0
0.0
0.0
0.0
0.839162
6.0916
0.0
0.0
0.0
0.0
0.942638
0.0
0.0
0.0
0.0
0.0
0.0
0.0
0.0
0.0
0.0
0.0
0.0
0.0367083
0.0
1.25375
0.0
0.0121644
0.0
0.0
0.0
0.0284938
0.399646
0.0
1.06084
0.0
0.0
0.0
0.0
0.0
0.0
0.0
0.0
0.0
0.0
0.0
0.0
0.0
0.0
0.0
0.0
0.0
1.17563
0.0
0.0
0.0
0.0
1.72747
0.0
1.12735
0.0
0.0
0.90768
0.0
4.13045
0.0
8.71619
0.0
0.0
0.0
0.0
0.0
0.0
0.0
0.0
0.0
0.0
0.0
0.0
0.0
0.0
0.0
0.0
0.0
0.0
0.0
0.0
5.44476
0.0
0.0
0.810183
0.0
2.4118
0.0
0.0
0.0
0.0
0.0
0.0
0.25598
0.0
0.0
0.0
0.0
0.0
0.0
0.0
0.0
0.0
0.0
0.0
0.567201
1.45339
0.0
0.0
0.0
0.0
0.0
0.0
1.15611
2.89063
0.0
0.896383
0.0
0.0
0.601935
0.0
0.0
0.0
6.86121
0.0
0.312013
0.0
0.0
0.0
0.554217
0.0
0.0
0.0
0.0
0.0
0.0
0.0
0.0
0.0
2.34122
0.0
0.0
0.0
0.0
0.0
0.0
0.0
0.0
2.58528
0.737615
0.0
0.0
0.0
0.0
6.19555
0.0
0.0
0.0
0.0
0.0
0.0
0.0
0.0
0.0
1.28641
0.0
0.0
0.671556
0.0
0.0
0.0
0.0
0.0
0.0
0.0
0.0
0.0
0.0
0.0
0.0
0.0
0.0
3.81405
0.0
0.0
0.0
0.0
0.0
0.0
2.21882
1.14444
0.0
0.0
2.70263
0.0
0.0
0.0
0.0
0.0
2.22978
0.0
0.0
0.0
2.13833
0.0
0.0
0.0
1.60588
2.80241
0.0
0.216098
0.0
0.0
0.0
0.0
0.0
0.418735
0.0
0.0
0.0
0.0
0.0
0.0
0.0
0.0
1.0175
0.0
0.0
0.0
0.0
0.0284575
0.0
0.0
0.742818
0.0
0.0
0.0
0.860648
0.0
0.56893
0.0
0.0
0.0
0.0
0.0
0.0
0.0
0.0
5.07679
0.296359
0.0
0.0
0.0793374
0.0
0.0
0.0
0.0
0.518594
0.0
0.0
0.107148
0.0
0.0
0.0
0.0
0.0
0.0
0.0
0.0
0.0
0.0
0.0
0.0
0.0
0.0
0.0
0.0
0.0
0.0
0.0
0.0
0.0
0.124277
0.0
0.0
0.0
1.21292
0.0
0.0
0.0
0.0
0.0
0.0
0.0
0.0
0.0
0.767055
0.0
2.97935
0.0
0.0
0.0
1.6266
0.0
0.0
0.0
0.0
0.0
0.0
0.0
0.0
0.360685
0.0
0.0
0.0
0.0
0.0
1.33765
0.0
2.90965
0.0
0.0
0.0
0.0
0.0
0.0
0.0
0.0
1.82922
0.0
0.0
0.917375
0.0
1.13846
0.0
2.36837
0.0
0.0
0.0
0.0
0.0
0.0
0.0
0.0
0.0
0.0
0.0
0.0
0.0
0.0
1.60892
0.0
0.0
0.0
0.0
0.0
0.0
0.0
0.0
0.0
0.0
0.0
0.0
2.06908
0.0
0.0
0.0
0.0
0.319625
0.0
0.0
0.0
0.0130501
0.0
0.0
0.430292
0.0
0.0
1.2181
0.0
0.0
0.0
0.0
0.0
0.0
0.0
0.0
0.0
0.0
0.0
0.0
0.0
0.0
0.0
0.0
0.0
0.0
0.0
0.0
0.0
0.0
0.0
0.0
0.0
0.0
0.0
0.0
0.0
0.0
0.0
0.0
0.0
0.0
0.0
0.0
0.0
0.0
0.0
0.0
0.0
1.63837
0.0
0.0
2.4914
1.23609
0.0
3.32449
0.0
0.322525
0.0
0.0
0.0
0.0
0.0
0.0
0.0
0.0
2.90665
0.0
0.0
0.0
0.0
0.333675
0.0
0.0
1.4371
0.0
0.0
0.0
0.0
0.0
0.0
0.565763
0.0
7.83974
0.0
0.0
0.0
2.2467
0.0
0.0
0.0
0.0444939
0.0
0.0
0.0
0.0
0.0
0.0
0.0
0.0
0.0
0.0
0.0
0.0
0.0
0.0
0.0
0.0
0.0
1.37391
0.0
0.0
0.0
0.0
0.0851679
0.0
0.0
6.31161
1.3103
0.0
0.0
0.0
3.78138
0.0
0.0
0.0
0.0
0.0
0.0
2.15344
0.272849
0.0
0.0
0.0
0.0
0.0
0.0
0.0
0.0
0.0
2.01012
0.0
2.81804
3.04743
0.0
0.0
0.198416
0.0
0.739882
0.0
0.0
0.0
0.0
0.0
0.0
0.0
0.0
3.00934
0.0
0.0
0.0
0.0
0.0
0.0
0.0
0.0
0.0
0.0
0.0
0.0
0.0
0.0
0.0
0.0
0.0
0.0
0.235434
0.995233
0.0
0.0
0.0
0.0
0.0
0.0
0.0
0.0
0.0
0.0
0.0
0.0
0.0
0.0
0.0
0.0
0.976062
3.98364
0.0493168
0.501203
0.681168
0.0
0.0
0.650656
0.0
0.0
0.0
0.56334
0.0
0.0
0.0
0.0
0.0
0.0
0.0
0.0
0.0
0.0
0.0
3.27092
0.0
0.0
0.0
0.0
0.0
0.0
0.0
0.0
2.63142
0.0
0.0
0.0
0.0
0.0
0.0
2.99319
0.911348
0.0
0.0
1.75191
0.0
0.0
0.0
0.0
0.0
0.0
0.0
0.0
0.0
0.0
0.0
0.0
0.0
0.0
0.0
0.0
0.0
0.0
0.0
2.20518
3.6355
0.0
0.0
0.0
0.0
0.0
3.15996
0.0
0.0
0.0
0.0
0.738127
0.0
0.0
1.09002
2.65608
0.0
0.0
0.0
0.0
0.0
3.41916
0.0
0.0
0.0
0.0
0.0
0.0
6.37511
0.0
0.0
0.0
0.0
0.0
0.0
2.52879
0.0
0.0
0.0
0.0
0.0
0.0
0.0
0.0
0.0
0.0
0.0
0.0
0.0
0.0
0.0
0.0
0.0
0.405952
0.0
0.0
0.0
0.0
0.0
0.0
3.54569
0.0
0.0
0.0
0.0
0.0
0.602697
0.0
0.0
0.0
0.0
0.0
0.0
0.0
0.0
0.0279874
0.0
0.0
0.0
2.79299
2.01299
0.0
1.39197
0.0
0.0
0.0
0.0246825
2.67077
0.750545
0.0
0.0
0.0
0.0
0.0
0.0
0.0
0.0
0.0
0.0
0.0
0.0
0.0
0.562481
0.0
0.318582
0.0
0.0
0.0
1.20002
0.0
0.0
0.0
0.0
0.0
0.0
1.61915
0.0
0.0
0.0
0.0
0.0
0.0
0.0
0.0
0.0
2.45723
0.0
0.0
0.0
0.0
0.0
0.0
0.0
0.0
0.0
0.0
0.0
0.846866
0.0
5.24298
0.0
3.92954
0.0
0.0
0.0
0.0
0.0
1.83346
0.0
0.0
0.0
0.0
0.0
0.0
0.0
0.0
3.44537
0.0
0.0
0.0
0.0
0.0
0.635717
0.634982
1.47724
0.0
2.23762
0.0
0.0
0.0
0.0
0.0
0.0
2.08177
0.0
0.0
0.0
0.0
0.0
0.0
0.0
0.0
0.0
0.0
0.0
0.0
0.0
0.0
0.0
0.0
0.0
0.0
0.0
0.0
0.0
0.0
0.0
0.0
0.0
0.0
0.0
0.0
0.0
0.0
0.0
0.0
0.80894
0.0
0.0
0.0
0.0
0.0
1.89835
0.0
0.0
0.0
1.20212
0.0
0.0
1.74674
0.0
0.0
0.0
0.0
0.0
0.0
0.0
0.0
0.0
0.0
3.819
4.8004
0.0
0.0
0.61325
0.0
0.0
0.0
0.0
0.0
3.62713
1.79133
0.0
0.0
0.0
0.0
0.0
0.0
0.0
0.855674
0.267619
0.0
0.0
0.0
0.0
0.0
0.666353
0.0
0.0
1.33041
0.0
0.0
0.145146
0.0
0.0
0.0
0.0
4.87614
0.0
0.0
0.0
0.0
0.0
0.0
0.0
0.0
0.0
0.0
0.0
0.0
0.0
0.0
0.0
0.0
2.26727
2.90538
0.0
0.0940154
2.76919
0.0
0.0
0.0
0.0
0.0
0.0
0.0
0.0
0.0
0.942014
0.0
0.0
0.0
0.0
0.0
0.0
2.14176
2.06522
0.0
0.0
0.0
0.0
0.0
0.0
0.0
0.0
0.0
0.0
0.0
0.0
0.0
0.0
1.82025
0.0
0.0
0.0
1.87548
2.79851
0.175791
0.0
0.0
0.0
0.0
0.0
0.0
0.0
0.0
0.0
0.0
0.0
1.67562
0.324258
0.303061
0.0
0.0
0.0
0.0
0.0
1.77716
0.0
0.0
0.0
0.0
0.0
0.183486
0.0
0.0
0.0
0.0
0.0
0.0
0.0
1.65245
0.0
0.0
2.84743
0.0
0.0
0.0
0.0
0.0
0.0
0.0
0.0
0.0
0.0
0.0
0.0
0.0
0.0
0.0
1.83563
3.70076
0.0
0.0
0.0
1.77929
0.0
0.937335
0.0
0.0
0.0
0.0
0.0
0.0
0.62696
0.0
0.0
0.0
0.0
0.0
0.589955
0.0
0.0
0.0
0.0
0.0
2.74007
0.0
0.0
1.7577
0.0
0.0
0.0
0.0
0.0
0.0
0.0
0.429008
0.0
0.0
0.0
0.0
2.4841
0.0
0.0
0.0
0.0
0.0
0.0
6.05066
0.0
0.0
2.25191
0.0
0.0
0.0
0.0
0.0
0.0
0.0
0.0
1.03576
0.0
0.0
0.0
3.7935
0.0
0.0
0.0
0.0
0.0
0.0
0.0
0.0
0.0
0.0
0.0
0.0
0.0
0.0
0.0
0.0
0.0
0.468182
0.0
0.0
0.0
0.0
0.0
0.0
0.0
0.0
1.25179
0.0
0.0
0.0
0.0
0.0
1.9181
0.0
0.0
0.0
0.0
0.0
0.0
2.22847
0.0
0.0
0.0
0.0
0.0
0.0
0.0
0.0
2.77881
0.0
0.0
1.94412
0.0
0.0
0.0
1.63634
0.0
0.0
0.0
0.470188
0.0
0.0
0.0
0.0
0.0
0.0
0.0
0.0
0.0
0.0
0.0
0.0
0.583024
0.0
0.0
0.0
0.0
0.0
0.0072787
0.0
0.0
0.0
0.0
0.0
0.0
0.0
0.0
0.390197
0.0
3.13118
0.0
0.0
0.0
1.0034
0.0
0.0
0.0
0.0
0.0
0.0
1.74934
0.0
0.0
0.0
0.0
0.434489
0.0
2.59899
0.0
9.26475
0.299104
0.0
0.0
0.0
0.0
0.0
0.0
0.0
0.0
0.0
1.48103
0.0
0.0
0.0
0.0
0.0
0.0
0.00651532
0.0
0.0
0.0
0.0
0.0
0.0
0.815825
1.33443
0.0
0.0
0.0
0.0
0.0
0.0
0.0
0.0
0.0
0.644289
0.0
0.0
0.0
0.0
0.0
0.0
1.48599
0.0
0.0
0.799213
0.0
3.85074
2.2695
0.0
0.0
0.0
3.38342
0.0
0.0
0.0
2.21716
0.0
0.0
0.0
0.0
0.0
0.0
0.0
0.0
0.0
0.0
0.0
0.0
0.0
0.0
0.0
0.0
0.0
4.11355
0.0
0.0
0.797544
0.0
0.0
0.628111
0.0
0.0
0.0
0.0
0.0
0.0
0.0
0.0
1.70809
0.0
0.0
0.0
0.0
0.0
0.0
0.0
0.0
0.0
0.0
0.191805
4.71902
0.0
0.0
0.0
0.0
0.0
0.0518561
0.0
0.0
0.0
0.0
0.0
0.0
0.0
0.0
0.0
0.0
0.0
0.0
0.398274
0.0
0.0
0.0
1.05346
0.0
0.0
0.0
1.28764
0.0
0.0
0.0
0.0
0.0
0.0
0.0
0.0
0.0
0.0
0.0
0.0
0.76317
0.0
0.0
0.0
0.0
0.0
0.0
3.35788
0.0
0.0
0.0
0.0
0.0
0.0
0.0
0.0
0.0
0.0
0.0
0.0
0.0
0.0
0.0
0.0
2.02965
0.0
0.0
0.0
1.49586
0.0
1.00494
0.0
0.0
0.0
0.0
0.0
0.0
1.16914
0.0
0.0
0.0
0.0
0.0
0.0
0.961517
1.38508
0.0
0.0
0.0
5.12375
2.36286
0.0
0.0
0.0
0.0
0.0
0.0
0.0
0.0
3.4478
0.0
0.0
0.0
0.0
0.946231
0.0
0.0
0.0
0.644166
0.0
0.0
4.83429
0.0
0.0
0.0
0.0
0.0
0.0
0.0
0.0
2.30099
0.0
0.0
0.0
0.0
0.0
0.0
0.0
0.0
0.0
0.0
0.0
0.386797
0.61174
0.0
0.0
0.0
0.0
0.0
2.19861
0.0
0.0
0.0
0.0
0.0
0.0
0.772036
0.0
0.0
0.0
0.0
0.0
0.0
0.0
0.0
0.0
0.724249
0.0
0.0
0.0
0.0
0.0
0.512487
0.0
0.0
2.09831
4.30987
0.0
1.78179
0.0
1.5835
0.0
0.25097
2.00184
0.0
0.0
0.0
0.0
0.0
0.0
0.0
0.0
0.988369
0.0
0.394488
0.0
2.72848
0.0
0.0
0.0
0.0
0.0
0.0
0.0
3.24998
2.17453
4.20872
0.0
0.0
0.0
0.0
0.0
0.0
0.0
0.0
2.54928
0.0
0.0
0.0
0.0
0.0
0.0
0.0
0.409741
0.0
1.6024
0.416246
0.0
7.78129
0.0
0.0
0.0
0.0
0.233167
0.0311808
0.0
0.0
0.0
2.56514
0.0
0.0
1.04215
0.0
2.62234
0.0
0.0
0.0
0.0
0.0
1.60764
0.0
0.0
0.0
0.0
0.0
0.0
0.0
0.0
0.0
3.12413
0.275966
0.0
0.0
0.0
2.30502
0.0
0.555899
0.0
0.0
2.89547
0.0
0.0
0.780603
0.0
0.0
0.0
0.0
0.662526
0.0
0.0
0.0
0.0
0.0
1.4644
0.0
0.0
0.0
0.0
0.0
0.0
0.0
2.58393
0.0
0.0
0.0
0.0
0.0
0.0
0.0
0.0
0.0
0.0
0.0
0.0
3.26576
2.06856
0.0
0.0
0.0
0.0
0.0
4.21928
0.0
0.0
0.0
0.0
0.0
0.0
0.731604
0.685517
0.0
2.28657
0.0
1.22435
3.23134
0.0
0.0
0.0
0.385317
0.0
0.0
0.0
0.0
0.0
0.0
0.0
0.0
0.112714
0.0
0.0
0.886149
0.203095
0.0
0.0
0.0
0.0
1.65849
0.0
0.0
0.0
0.0
2.55572
0.0
0.0
0.0
0.835652
1.42406
0.0
0.0
0.0
0.0
0.0
0.0
0.0
0.0
0.0
0.0
0.0
0.0
0.0
0.0
1.47558
0.0
0.0
0.0
0.0
3.13143
0.0
0.0
0.0
1.49876
0.0
0.0
2.26818
0.0
1.1169
0.0
0.0
1.11823
0.0
0.0
3.17637
0.941878
0.0
0.0
0.0
0.0
0.0
0.166866
0.0
0.0
0.0
0.0
0.0
0.0
0.0
3.90288
0.0
0.0
0.0
0.0
0.0
0.0
0.0
0.826513
1.26629
0.415506
0.0
0.0
0.0
0.0
0.0
0.0
2.72159
0.0
1.13389
0.0
0.0
3.08659
0.0
0.0
0.0
2.05237
0.0
0.0
0.0
0.0
4.46147
0.479245
0.0
0.0
0.362314
0.968525
0.0
0.0
0.0
0.0
0.0
2.90317
0.0
0.0
0.295795
0.295467
0.0
0.0
0.0
0.0
0.0
0.0
0.0
0.0
0.0
0.0
0.0
0.0
0.0
2.28371
0.0
4.78141
0.0
0.0
0.0
0.0
0.0
1.17875
0.0
0.0
0.450334
0.0
0.0
0.0
0.0
0.0
3.06724
0.0
0.0
0.0251449
2.70374
0.0
0.0
0.0
0.0
0.0
0.0
0.0
0.0
0.0
0.0
0.0
0.0
1.84021
0.0
0.0
0.0
1.73543
0.0
0.0
0.0
0.0
0.0
0.0
0.283808
0.0
0.0
2.9804
0.0
0.0
0.0
0.0
0.0
0.0
0.0
0.0
0.0
3.8422
0.0
0.0
1.00723
0.0
0.0
0.0
0.0
1.25279
0.0
0.0
4.86871
0.0
0.0
0.0
0.0
0.0
0.0
1.47535
0.0
0.0
3.65567
0.0
0.0
0.384087
0.0
0.0
0.0
0.0
0.0
6.52598
0.0
0.0
0.0
3.09125
0.0
0.0
0.0
0.0
0.0
0.0
0.0
0.0
0.0
0.0
0.0
0.0
0.0
0.0
0.0
0.0831772
0.0
0.0
0.0
0.0
3.31487
0.0
0.0
0.0
1.15714
0.0
0.0
1.59095
0.0
0.0
0.0
0.0
0.0
0.0
0.0
0.0
0.0
0.0
0.0
0.0
0.0
0.0
0.0
0.0
0.0
0.0
0.0
0.0
0.0
