0.0
0.0
1.25827
2.227
0.0
0.222513
0.0
0.0
0.0
0.0
0.0
0.0
0.0
2.49387
1.05157
1.40574
1.07148
0.0
0.0
0.0
0.42067
0.0
0.0
0.0
0.460238
0.0
1.00875
0.0
0.0
0.0
0.0
0.0
1.7068
0.409837
0.0
0.0
0.233352
0.0
0.0
0.0
0.0
0.0
3.74893
0.641888
0.0
0.841863
0.704744
0.648618
0.850067
2.01693
0.0
0.161267
0.0
0.422504
0.484618
0.0
0.0
0.0
0.0
0.0
0.0
0.0
0.0
0.229981
3.49011
1.83647
0.0
0.0
0.0
0.0
0.0
0.0
0.0
0.0
0.0
0.0
0.0
0.0
0.0
0.14338
1.89353
0.0
0.0
0.0
0.151247
0.0
0.0
2.2121
1.19275
0.0
0.0
0.220879
0.0
0.732404
0.0
0.0
0.0
0.0
0.0
0.0
0.0
0.0
0.130481
0.0
0.0
0.0
1.16349
0.0
0.0
0.41016
0.274379
0.0
0.0
3.01257
1.15085
2.69779
0.0
0.415159
0.418596
0.0
0.467049
0.753771
0.0
0.0
1.57495
0.0
0.0
2.95205
0.0
0.0
0.0
0.0
0.0
1.13155
0.0
0.0
0.0
1.16214
1.1679
0.0
0.0
0.0
0.0
0.0
0.400183
0.643744
0.983683
0.381311
0.0
0.0
0.0
0.0
2.35702
0.0
0.0
0.0
0.0
0.555415
0.315462
0.0
0.0
0.0
0.0
0.0
0.0
1.43108
0.0
0.0
1.32734
0.0
0.0
1.12123
0.0
0.903297
0.0
0.0
0.0
0.385678
0.0134816
0.0
2.88778
0.0
0.0
0.0
0.0
0.0
0.665008
0.612946
0.0
1.24061
0.0
0.353739
1.94747
1.6238
0.0
0.0
1.28485
0.0
0.0
2.25562
0.0
2.65392
0.0
1.06697
0.0
0.0
0.540385
0.0
0.0
0.0
0.0
2.03045
0.0
0.0
3.97611
1.54502
0.0
0.0
0.970499
0.0
0.0
2.44636
0.0
0.0
1.79567
1.0251
0.602606
0.552744
0.0
0.0
0.0
0.0
0.26203
1.17396
0.0
0.0
0.450818
0.59535
0.334735
0.0
0.0
0.0
0.0
0.580203
0.0
0.0
0.0
0.819005
0.0
0.0
0.0
0.0
0.0
0.0
0.0
0.0
0.0
0.0
0.0
1.50085
0.0
0.0
0.0
0.0
1.61631
0.0
0.0
1.77511
1.09836
0.0
2.08754
0.498272
0.0
0.770707
0.0
0.0
0.0
1.48351
0.0
0.0
0.0
0.899801
0.0
4.49314
0.0
0.0
0.0
1.22935
0.0
0.0
0.260657
0.0
2.12562
0.0
5.09896
1.30295
0.942145
0.316701
0.0
0.0
0.663727
3.50124
2.37985
0.0
2.61403
0.0
0.0
0.0
1.3893
1.99701
0.0
0.0
1.29796
0.0
0.207699
0.513848
0.0
0.0
0.565457
0.0621724
0.248823
0.0
0.0
1.34547
0.0
0.0
0.0
1.0041
0.0
2.28665
1.53208
0.0
0.0
1.08083
0.0
0.0
0.0
0.0
0.832734
0.634023
0.0
0.0
0.395469
0.0
0.462774
0.0
0.0
0.0
0.0
0.0
1.15744
0.0
0.0
0.0
1.52151
1.90271
0.0
0.0
0.0
1.375
0.0
0.0
0.0
0.0
0.0
6.29289
0.0
0.0
0.0
0.0
1.25562
0.0
0.0
0.0
0.700819
0.0
0.0
1.55763
0.0
1.22435
0.0
0.0
2.52143
1.41675
1.87833
0.0
0.0
0.0
0.307252
3.10035
0.0
0.0
0.0
1.86724
0.267872
1.43878
0.0
0.0
0.128017
0.0
0.0
0.0
0.26861
0.0
0.608841
0.0
0.0
0.0
1.55052
0.0
0.0
0.0
0.0
0.0
1.84978
0.512528
0.0
0.0
0.0
1.41065
0.0
1.28694
2.73153
0.0
0.0
0.0
0.0
0.296339
0.0
0.0
1.18796
2.44056
0.0
0.0473253
0.0
0.0
0.0
0.0
1.39105
0.0
0.0
0.0
0.0
0.0
0.0
2.23805
2.3169
0.0
0.0
2.32564
0.0
0.0
0.0
5.17236
1.86012
0.0
0.0
0.0
0.0
0.0
0.0
1.1485
0.206403
0.0
0.162504
1.20888
0.491268
0.0
0.0
2.66283
0.0
1.96239
1.47832
0.0
0.0
0.62942
0.0
0.0
0.418119
0.0
0.866003
0.0
0.0
0.427351
0.0
0.0
0.993929
0.0
0.0
0.0
0.00629397
0.527593
0.0
0.0
0.0
0.932757
0.0
0.0
0.0
2.89018
0.0
0.938786
0.0
0.0
0.0
0.838794
0.0
0.0
0.0
1.85151
0.0
1.60976
0.0
1.61209
0.0
0.0
1.46429
3.73801
0.0
0.0
0.0
0.809429
0.0
0.341834
1.00078
0.244473
0.0
0.0
0.0
0.0
0.0
0.0
2.5423
0.0
0.0
0.0
3.91
0.0
0.0
0.0
0.0
0.0
0.365069
0.0
0.0
0.0
0.0
0.0
0.0
0.0
0.0
0.785879
0.0
0.0
0.0
1.64035
0.436696
0.0
0.0
0.0
0.0
2.87641
0.0
0.61244
0.0
0.0
2.51878
0.0
0.0
1.97036
1.59237
0.0
0.0
1.42086
0.921322
0.0
0.0
0.0
2.33726
0.0
0.0
0.0
2.22304
0.0
0.22334
0.648064
0.345007
0.0
0.0
0.0
0.342735
0.0
2.69815
0.0
0.0
1.66153
0.0
0.0
0.0
0.0
0.0
0.245052
0.0
0.0
0.0
0.997325
0.0
0.0
0.0
0.0
0.645071
0.0
0.314489
0.0
0.0
0.256871
0.48272
0.0
1.10107
0.0
0.530453
0.0
2.88955
0.0
2.07885
0.0
0.0
0.0
0.0
0.473173
0.0
1.01286
0.0
0.0
0.238452
0.0255028
0.989912
0.0
1.06087
0.363361
0.950508
0.268194
0.0
3.52371
0.0
0.0
2.35103
0.796618
2.35446
0.0
0.0
0.0
0.0
0.0
0.0
0.0
0.0
3.0405
0.0
1.87143
4.00031
2.26485
0.0
0.0
0.0
2.75836
1.2894
0.0
1.71613
0.0
0.817685
0.0
0.659525
0.0
2.09337
0.0
0.0
0.0
0.628799
0.0
0.0
0.0
0.0
1.76844
0.0
0.0
0.0
0.0
0.680032
0.0837994
0.812728
0.0
0.0
0.0
1.66845
0.0
1.04183
0.14058
0.0
0.0
1.99443
0.0
0.411296
0.0
1.49831
0.0
0.0
0.0
0.0
0.0
0.0
2.02618
1.57991
0.0
0.0
1.97913
0.0
0.0
0.0
0.0
0.0
4.1611
0.0
0.0
0.274345
5.01739
0.0
0.0
2.986
0.650176
0.210901
1.94819
0.0
0.0
0.712777
1.70008
0.714391
0.0
1.17722
0.0
0.597379
0.108475
2.24091
0.045695
1.08044
0.237899
0.0
0.0
0.0
0.0
0.0
1.86292
0.0
0.0
0.47061
0.0
1.85212
0.0
2.39414
0.0
0.542531
0.0
0.0
0.0
0.0
0.0
0.0
1.85175
0.0
0.191062
0.0
0.0
0.0
0.0
0.363806
0.0
0.703377
0.199307
0.0
0.0
0.0
0.0
0.0
2.38344
0.0
0.0
0.749484
0.0
0.0
0.271041
0.0
0.0
0.0
0.0
0.310265
0.0
0.0
0.0
4.4057
1.92256
0.0
1.57464
0.0
3.22796
0.0
0.0
3.37119
0.0
0.0
0.0
0.0
0.0
0.0
0.540699
0.0
0.0
0.870288
0.0
0.403269
1.09396
0.0
1.67179
0.0
0.0
0.0
1.22781
0.0
0.0
0.0
2.63709
0.0
2.37919
0.0
0.274438
0.0
0.0
0.0
0.0
0.0
0.0
0.0
0.0
0.0
0.0
2.69285
0.0
0.0
1.19985
1.33392
0.0
0.349007
0.942713
0.0
0.0
2.42186
0.0
0.0
0.0
0.0
0.0
4.74969
0.0
0.0
0.309894
0.0
0.937741
0.0
0.191538
0.0
0.793189
1.81828
0.0
0.0
0.0
0.0
0.0
0.0
0.0
1.12918
0.0
0.0
2.6724
0.0
0.0
0.0
0.0
0.0
0.0
0.0
0.0
0.0
4.09199
2.38111
0.0
3.62144
0.0
0.0
0.0
0.0
0.0
0.0
0.0
0.0
1.01348
0.0
0.0
0.0
0.0
0.0
2.8699
0.0
0.0
2.52401
0.0
0.0
0.0
0.0
1.37945
2.31442
0.0
0.986174
0.0
0.0
1.07539
0.494176
0.0
0.0
0.0
0.0
0.285657
0.0
0.0
0.0
0.0
0.0
0.720287
0.0
0.0
0.0
2.19279
0.0
0.0
0.0
1.74933
0.0
0.233061
0.0
0.0
0.0
0.0
0.0
1.09707
0.0
0.0
0.0
0.0
0.0
4.56036
0.0
0.265299
0.0
0.0
0.0
0.0
0.108022
0.279782
0.0
0.0
0.0
0.0
3.38211
0.0
0.0
0.196288
0.0
0.260687
0.0
0.0
0.0
0.0
0.0
0.344636
4.19694
0.0
0.0
0.775658
0.0
1.12797
0.0
0.0
0.0
0.0
1.85195
0.0
0.0
2.69069
0.0
0.0
0.0
0.0
0.0
0.956999
0.0
0.0
0.0
1.43012
0.0
0.0
0.0
1.35018
1.69988
0.0
0.0
0.0
0.0
0.981227
1.59643
0.0272904
0.0
0.886326
0.0
0.606813
0.0568908
0.0
0.0
0.0
0.0
0.199736
0.0
0.0
0.599808
0.0
0.0
1.64355
0.0
1.27159
0.00501731
0.0
0.446481
0.0
0.0
0.0
0.408203
0.0
0.0
0.0
0.51983
0.0
1.6176
0.0
0.0233231
0.0
1.52865
1.21199
0.0
1.6073
0.0
0.0
1.74092
0.0
0.0
0.0
0.0
0.0
0.0
0.146222
2.4186
3.66755
0.0
0.0
0.0
0.0
0.0
0.391211
0.0
0.0
0.747764
1.04056
0.0
0.0
0.884653
0.0309809
0.0
0.0
0.0
0.0
0.0
1.45547
0.0
1.67624
0.0
0.0
1.7415
0.0
0.0
0.0
0.0
1.606
0.0
0.0
0.0
0.0
1.41863
0.811741
2.17298
0.0418458
1.04517
0.0
0.0
0.0
0.885388
0.0
0.741764
0.0
0.0
3.62601
0.0
0.0
0.0
0.0
0.0
0.0
0.0
0.0
0.435197
0.0
1.65496
0.0
0.0
0.0
1.95915
0.0
0.0
0.0
0.0
2.64562
0.0
0.0
0.0
0.0
0.0
0.0
0.0
0.0
0.0
0.0
0.639241
0.0
0.0
0.0
0.514179
0.0
0.0
1.98236
3.76799
0.0
0.0
0.0
0.0
0.0
0.0
2.1758
2.12069
0.0
0.229335
0.0
0.0
0.0
1.18085
0.0
0.0
3.78221
0.0
0.0
0.962988
0.00487778
0.0
0.0
0.0
0.0
2.51265
0.764314
2.45762
0.0
0.879823
0.0
3.18846
0.0
1.99229
0.801767
0.0
0.0
0.458442
0.0
0.0
0.0
1.69794
0.0
0.0
0.0
0.0
0.0
1.99119
0.0
0.0
0.736711
0.741832
0.0
0.0
0.669413
0.0
0.0
0.0
2.40615
0.0
0.0
0.912035
0.0
0.0
5.38834
0.8634
0.0
0.0
0.0
0.910947
2.18181
0.0
0.715093
1.95203
0.0
0.0
1.26927
0.0
0.893004
0.0
0.0
0.0
0.0
4.68085
2.20484
0.0
0.0
0.0
0.0
1.04291
1.53445
0.973806
0.0
0.0
0.0
0.0
0.618769
0.0
2.0693
0.322132
0.0
0.0
0.0
0.0
0.0
0.0
0.0
0.0
0.0
0.0
0.0
0.0
0.0
0.0
0.0
0.0
0.0
0.916599
0.0
0.0
0.0
3.12251
0.326741
0.0
0.0
0.0
0.0
0.0
0.0
0.0
0.0
0.0
1.0958
0.0
1.70789
0.0
3.16556
0.0
0.0
0.0
0.0
0.0
0.0
0.535038
0.0
0.0
0.0
0.0
0.507539
1.10767
0.0
3.51636
1.24557
0.686741
0.192542
0.0
1.71195
0.863886
0.0
1.41364
0.0
0.0
0.0
0.0223255
1.96898
0.0
0.0
0.0
0.223239
0.0
0.0
0.0
0.0
0.0
0.0
0.0
0.0
0.0
0.0
0.0
1.48267
0.0
0.0
0.955384
2.45164
0.0
0.0
0.0
0.0
0.152924
0.020958
1.38109
0.0
0.0
0.421744
0.115497
0.0
1.92764
0.0
0.0
0.0
0.100129
0.0
0.270923
0.0
0.0
2.54466
1.46213
0.0
0.0
2.24402
0.0
0.0
1.11915
0.0
0.0
0.0
0.0
0.0
0.0
0.0
0.0
2.09838
1.1038
5.65154
0.0
2.2254
0.866114
0.136478
0.0
0.405927
2.83048
0.0
0.0
0.0
0.0
0.0
0.0
0.0
0.0
0.0
1.81828
2.50293
0.0
0.0
0.0
0.0
2.02646
0.0
0.0
0.0
0.0
0.0
1.86587
0.272551
0.790289
0.0
1.86657
0.0
0.0
1.35322
0.0
0.176692
0.46048
0.0457548
0.0
0.0
0.0
0.0
4.96476
0.0
1.10834
0.0815692
0.491015
0.802645
0.0
0.0
0.120188
1.94717
0.0
0.0
1.28468
0.0
0.0
0.0
0.0
0.0
1.04606
3.17739
2.10788
1.88874
0.0
0.0
0.715882
2.1204
0.0
0.0
1.27289
0.0
0.0
0.0
0.0
0.0
0.0
1.21754
0.0
0.0
0.0
0.0
0.0
0.0
4.36619
0.0
1.95094
0.0
0.0
0.0
0.0
0.0
0.0
1.33095
0.0
0.970697
0.0
0.0
0.0
0.0
0.0
0.0
0.0
0.480601
0.0
0.0
0.0
0.0
1.1042
0.0
0.0
0.0
1.30037
0.0
0.799415
2.79898
0.658087
0.0
0.0
0.0
0.0
2.08569
0.0
2.28084
0.0
1.35352
0.985783
0.0
0.0
0.0
1.00126
0.0
0.0
0.500668
0.464432
0.0
0.0
0.0
0.0
0.0
1.31507
0.0
0.0
0.0
0.0
0.0
0.0
0.0
2.13017
0.0
1.80049
1.46802
0.0879849
0.0
0.0
0.288076
0.0
2.46219
0.0
1.47643
0.0
4.99275
0.0760311
0.0
0.0
0.0
0.0
0.0
0.0
0.0
0.240125
0.226124
0.73705
0.961385
0.0
0.0
1.47553
0.0
0.728172
0.646532
0.946688
0.0
0.0
0.0
0.0
0.419173
0.0
1.54968
1.06503
0.874238
0.0
0.0
0.0
0.0
0.0
1.25094
0.0
0.0
0.0
0.0
0.0
0.0
0.0
1.60782
2.11192
0.0
0.0
0.0
0.0
0.0
0.0
0.0
0.0
0.0
0.0
0.675022
0.0
0.0
0.0
0.0
0.0
0.0
0.335892
0.0
0.0
0.0
0.0
0.0
0.0
0.0
1.16901
0.0
0.0
0.0
2.06694
0.0
0.0
0.0
1.38752
0.0
0.0
0.0
0.789197
0.0
0.626563
0.0
0.0
0.0
0.0
0.0
0.0
0.0
0.0
0.0
0.161713
1.33669
0.0
0.0
0.0
0.803105
0.0
0.0
1.10878
4.68952
0.76108
0.0
0.0
0.0
0.0
0.0
0.0
0.0
0.0
0.0
0.0
1.74866
1.17992
0.850038
0.0
0.804327
0.0
0.0
1.72417
0.0
1.05843
0.0
1.52068
2.32739
0.0
1.45562
0.0
0.0
2.64635
0.0
0.0
0.396555
0.0
0.0
0.0
0.0
0.0
0.0
0.0
0.0
0.0
0.0
0.599846
0.0
0.0
0.0
0.0
0.0
0.299284
0.0
0.00734124
0.0
0.0
0.0
0.0
0.593705
0.0
0.0
0.0
0.0
0.0
0.8961
0.0
0.0
0.0
0.0
1.57205
0.0
2.5558
0.0
0.0
0.0
0.874293
0.0736775
0.0
0.0
0.0
3.23049
0.0
0.0
0.0
0.0
0.279733
0.960107
2.30133
2.11587
0.0
1.04705
0.033235
1.95754
0.0
0.0
0.0
0.0
0.0
0.397908
0.0
0.0
0.0
0.0
0.0
0.78874
0.0
0.0
0.596759
0.0
0.0
2.04022
0.0
0.0
0.0
0.0
0.0
0.0
0.0
0.0
0.0
0.0
0.0
0.142797
1.81853
0.0
0.0
0.0419615
0.190916
0.0
0.0
0.0
0.308753
0.333231
4.91535
0.560418
1.13612
0.0
1.8197
0.0
1.03874
0.0
3.07738
0.0
0.0
1.72803
0.0
0.0
0.0
1.16811
0.0
0.0
0.0
0.0
0.0
0.0
0.0
0.0
0.303331
0.0
0.0
0.0
0.0
0.431472
0.0
0.267397
1.87665
0.0
0.0
0.0
0.0
0.167444
0.0
0.0
1.34485
0.0
0.834111
0.0
0.0
0.506905
0.0
0.0
0.0
0.0
2.89664
0.207791
0.0
0.0
0.0
0.0
0.0
0.0
0.491535
0.152898
0.0
0.0
2.60273
0.0
0.12332
0.0
0.0
1.59508
0.0
0.0
0.0
0.0
0.490238
2.30022
0.0
0.0
0.0
0.0
0.0
0.0
0.0
0.0
3.0785
0.0
0.0
0.0
0.0
0.0
1.43581
1.50646
0.0
0.0
0.0
0.0
0.0
3.27563
0.0
0.128671
0.0
0.0
3.34422
0.0
0.0
0.0
0.0
0.0
1.95754
0.0
1.9309
0.0
0.0
0.706951
0.99906
0.0
0.0
0.0
0.0
0.532747
0.0
2.92822
1.56792
0.0
0.0
0.0
0.0
0.891617
0.0
1.48222
3.62637
0.0
0.0
0.0
0.293326
0.461729
0.0
0.0
0.0
1.1627
0.0
0.0
0.0
1.24001
0.0
0.0
0.0
0.0
0.0
0.0
0.0
0.0
0.298303
2.2424
0.276924
0.801983
0.0
1.08458
0.0
0.0
0.0
0.0
2.60126
0.0
2.61532
0.0
0.0
0.0
0.0
0.659534
0.604258
0.0
0.0
0.0
0.0
1.43515
0.952893
3.51056
0.0
0.0
0.532441
0.0
0.0
0.0
0.0
0.0
0.0
0.0
0.0
0.0
0.829439
0.0
0.0
0.0
0.924167
0.0
0.0
0.557833
1.86708
0.0
0.825124
2.8095
0.0
1.87517
0.0
0.168474
2.47537
2.9931
0.407704
0.0
0.0
1.48692
0.0
0.35516
0.387853
1.96021
0.0
0.0
1.25359
0.0
0.265257
1.20912
0.244485
1.90177
0.0
0.0
0.679268
1.9078
0.0
0.0
0.0
0.0
2.82121
5.24139
2.09005
0.0
0.0
1.11838
0.0
0.0
0.0
2.96491
2.57069
1.20633
0.0
0.0
0.0
1.61705
0.0
0.0300812
0.0
0.0
0.0
0.0
0.0
0.0
0.0
4.09438
0.259764
0.0
1.55008
0.0
0.0
0.668167
0.0
1.80251
0.814561
0.0
0.0
0.0
0.0
0.0
4.37036
0.272351
0.0
0.0
0.140901
0.0
0.0309079
0.0
0.570735
0.0
0.0
0.0
0.506339
0.161279
0.0
0.0
0.0
0.717903
0.0
0.0
0.0
0.0
1.65785
0.0
0.0
0.474058
0.0
2.91571
1.67408
0.805559
0.0
0.0
0.0
0.0
0.0
2.59542
0.0
0.0
0.0
0.0
0.0
0.0
1.02605
0.0
0.0
1.34039
2.77959
0.0
4.90415
0.0
0.0
0.0
0.0
0.945398
0.0
0.0
0.0
0.935028
1.69347
0.115804
1.60688
0.0
0.0
0.0
3.13414
2.65279
0.0
0.0
0.884265
0.0
0.0
0.0220517
0.633199
0.231493
0.0
1.83745
0.0
0.0754755
0.0
0.70434
0.271389
0.748256
4.27932
1.17067
0.0
0.838165
4.99503
0.151938
0.0
0.0
0.430118
1.26469
0.0
0.0
0.0
0.0
0.0
0.0
0.793107
0.0
0.0
0.0
0.0
0.0
0.0
0.0
0.0
0.0
0.0
0.0
1.70358
0.0
0.840594
0.0
0.0
0.0
0.908688
2.93763
0.446996
0.0
0.0
2.72594
1.28274
4.01147
0.0
2.49013
1.11605
0.418803
0.0
1.67848
3.97573
1.92674
1.04259
0.0
0.0
0.0
0.0
0.0
0.0
0.0433041
0.0
0.0
0.0
0.0
1.06834
0.0
1.11366
0.0446294
3.14852
0.0
0.453721
0.0
0.0
2.47202
0.25392
1.80703
0.0
0.0
2.55822
0.94376
0.636821
0.0
0.0
1.81822
0.441948
2.77365
1.4188
0.204594
0.0
0.949115
2.16339
0.0
0.0
0.0
0.0351102
0.0
0.0
0.0
0.0
0.0
0.336073
0.0
0.0
0.0
0.0
1.40673
0.0
0.562466
0.0
0.0
0.0
1.06854
1.91183
0.0
1.09218
0.0
0.0
0.0
0.0
0.0
0.0
0.0
0.772673
0.0
0.0
0.0
2.1525
0.0
0.0
0.0
0.0
0.0
0.0
0.277676
2.08109
0.0
0.4285
1.50882
0.0
0.312048
0.0
0.0
0.0
0.0
0.0
0.0
0.0
0.0
0.0
0.0
0.31059
0.0
0.0
0.0
0.0
0.0
0.0
0.0
0.0
0.733836
0.0
0.0
2.3941
1.31234
0.0
0.0
0.0
0.0
0.0
0.0
2.74879
0.0
0.334795
0.0
0.0
0.0
0.0
0.0
0.0
0.376826
0.0
0.0
0.172288
0.0
0.0
0.0
2.3714
1.88029
0.0
0.0
0.0
0.725649
1.62851
1.50817
0.0
2.72995
0.0
0.0
0.0603345
2.06372
2.30256
0.0
0.0
0.0
0.0
2.84936
0.0
0.122651
0.134063
0.0
0.252923
1.75726
0.0
0.0
0.0
0.0
0.0
0.0
0.463854
0.0
2.35563
0.0
0.0
0.0
0.0
0.921899
0.0
0.0
0.0
0.0
0.0
0.0
0.0
0.0
1.82224
0.509758
0.195618
0.0
0.0
1.84175
0.0
0.0
0.0
3.0326
0.0
0.782788
0.0
0.0
0.0
0.980121
0.0
0.0
1.94999
0.0
0.0
0.0
1.04046
0.0
0.0
3.33204
0.23703
0.792496
0.0
0.0
2.32284
0.0
0.0
0.0
2.60297
0.0409884
0.0
1.03655
0.0
0.0
0.0
2.3695
0.0
0.0
0.0
0.0
1.12657
0.932625
0.0
0.614589
0.0
0.0
0.0
0.0
3.00734
2.06027
0.0
0.0
0.0
0.281023
3.07738
0.0
0.0
1.00232
1.60861
0.0
0.0
0.0
0.582515
0.0
0.0
1.79119
0.0
0.0
0.0
0.0
0.0
0.0
0.0
0.0
0.0
0.0
3.59166
0.0
0.741471
0.719992
0.0
0.0
0.509643
1.9403
0.336691
0.0
1.05038
0.0
0.283571
0.0
2.17852
0.0
0.0
0.0
0.909563
0.0
0.0
0.0
0.511234
0.0
0.543271
0.0
0.0
1.08284
0.0
0.0
1.51962
0.0
0.857568
0.0
0.0
0.0
0.616217
0.979723
0.933612
0.0244485
0.0
0.0
0.0
0.0
0.0
0.0
3.01515
0.0
0.0
0.0
0.817902
0.0
0.871452
0.0
0.0
0.0
0.0
1.52065
2.86065
0.0
0.93753
0.0
0.0
1.4071
0.0
0.0
0.0
0.0
0.683162
0.0979325
0.0
0.0
0.0
0.0
0.0
0.0
0.0
0.0
0.0
0.0
0.0
0.0
4.47544
0.0
0.0
0.0
0.699354
1.71116
0.330491
0.686418
0.0
0.0
0.0
1.32742
0.0
0.0
0.0
0.425831
1.63674
0.0
0.0
0.0
0.520091
1.18488
0.0
0.0
0.0
0.0100603
0.575058
0.0
0.0
0.055676
0.32049
0.440716
0.0
0.0
0.0
0.0
1.04824
0.0
2.20129
0.0
0.0
0.0
0.0
0.0
0.0
0.0
0.0
0.369976
0.0
1.79217
0.0
0.0
0.0183836
0.0
0.0
0.0
0.0
0.0437705
0.0
1.42403
0.0
0.0
0.0
0.0
1.23049
0.0
0.0354634
0.246483
0.0
0.0
0.0
0.0
0.0
0.0
0.0
0.0
0.0
0.0
0.0
0.0
0.0
1.5619
0.868008
0.0
0.0
0.379858
0.0
0.463222
0.0
0.116845
0.0
0.0
0.0
0.0
0.0
0.0142995
0.0
0.0
0.0
0.0
0.414255
0.492237
1.24718
0.0
1.7441
0.0
0.0
0.0
0.0
0.0
0.0
0.0
3.93894
0.0
0.0
0.0
0.573739
0.0
1.88666
0.0
0.0
0.909572
0.251275
0.0
0.0
3.85425
0.0
1.27226
0.0
0.0
0.0
2.27244
0.0
1.68172
0.0
0.0
0.0
0.0
0.748754
0.591104
0.0
0.0
2.18792
0.0
0.0
1.65613
0.2123
0.0
0.0
0.0
0.558586
0.0
0.0
0.0
2.37915
3.05145
0.0
0.0
0.197514
0.0
0.0
0.0
2.30678
0.0
0.0
0.0
0.415677
0.0
0.593325
0.0
1.28322
0.0
1.60916
0.809649
0.0
0.0
1.77029
2.90375
0.0
0.695023
1.56455
4.45808
0.0
0.0
0.75121
0.0
0.0
0.0
0.603432
0.423822
1.42965
0.681544
1.44781
0.0
0.0
0.0
0.627551
0.0
1.07536
0.0
0.0
0.0
3.89867
0.0
2.62718
1.50911
0.0
0.0
1.25318
0.0
0.0
1.07159
0.0
0.0
0.0
2.29934
0.0
0.0
0.0
0.0
0.619195
0.0
0.0
0.0
4.78327
0.0
0.468167
0.0
0.0
0.0
0.0
0.0
0.0
0.0
0.0
1.09969
1.78381
0.0
0.0
0.0
0.0
0.0
0.188733
0.0
0.0
0.0
0.0
0.0
0.0
0.0
2.93951
0.227422
0.0
1.72116
3.73954
0.0
3.38622
2.56655
0.79329
0.0
1.26414
0.0
0.0
0.0
0.0
2.41374
0.0
0.0
1.02351
0.0
0.0
0.0
0.0
0.100452
0.0
0.0
0.0
0.859882
0.468511
0.050894
0.540562
0.0
1.75186
0.209697
0.0
0.0
0.601273
0.0
0.490713
0.0
0.0
0.0
0.966155
0.631878
0.0
0.0
2.70961
0.0
0.0
0.0
0.0
1.95265
1.93655
0.0
1.37742
0.0
0.0
0.0
1.17389
2.54633
0.0
0.0
1.51153
0.0
0.0682793
0.0
2.03628
1.40662
2.16376
0.0
0.718408
0.0
0.0
4.16802
0.0
0.0
0.0
0.0
0.0
0.0
0.0
2.55741
0.433741
0.0
0.321194
0.0
0.0
0.0
1.83046
0.0
0.76026
0.0
0.0
0.66795
0.845454
0.0
0.0
0.0
0.0
0.0
0.0
0.504419
1.8291
0.0
0.0
0.0
0.0
0.0
0.0
0.0
0.0
0.0
0.0
0.29055
0.0
0.0284081
0.0
0.0
0.0
0.0
0.0
0.154523
0.0
0.0
4.00576
0.0
0.405412
0.0674365
0.0
0.0
0.0
0.0
1.03631
4.49481
0.0
0.0
0.0
0.0
0.0
0.0
0.0
0.0
1.61951
0.0
0.0
0.44947
0.726189
0.0
0.422519
0.0
0.512909
0.0
0.0
0.0
0.626659
0.757093
0.0
0.0
0.0
0.0
0.888296
0.0
0.0
0.0
0.0
0.0
0.0
0.0
0.0
2.09185
0.0
0.0
1.71077
0.0
0.152884
1.82085
0.0
0.0
0.0
1.96706
0.0
0.0
0.369772
0.0
0.0
0.0
0.0
0.0
0.0
0.0
0.0
2.95342
0.0
0.59488
0.88527
1.7852
0.0647175
0.00509185
0.0
2.38905
1.04949
0.0
0.0
0.0
1.88231
0.0
1.30433
1.78143
0.0
0.0
0.0
0.0
0.0
1.16818
0.0
0.191545
0.0
0.0
0.560444
0.0
0.0
0.0
0.0
1.80355
0.0
0.0
0.0
0.0
0.0
0.0
0.672569
1.28908
0.634515
0.0
1.60534
0.0
0.0
0.0
0.0
0.0
0.914442
0.0
0.0
0.0
0.187329
0.0
0.0
0.234934
1.68389
0.0
0.0
0.0
0.0
0.0
0.302302
0.0
0.0
0.0
1.00833
0.0
0.0
0.0
0.0
0.60979
0.0
0.0
1.03393
0.0
0.0
0.0
0.867389
0.0
0.0
0.0
0.0
0.0
0.176091
0.0
0.0
2.41054
0.0
1.69356
0.0
0.0
0.0
0.0
3.07419
1.22237
0.0
0.0
0.0
0.0
0.0
0.0
0.0
2.02637
0.0
0.0
1.1021
0.0
0.0
1.8438
2.09337
0.0
0.0
0.129136
0.0
0.0
0.165055
1.61512
1.08587
0.0
0.0
0.467985
0.0
0.0
3.92051
0.0
0.222259
0.323439
0.0
0.0
0.0
0.0
0.0
0.743997
3.19208
1.3636
0.0
1.84886
0.0
0.0
0.0
0.0
1.7455
0.0
0.0
0.0
0.0
0.0
0.376379
0.0
0.0
0.0
0.243308
0.0
1.17822
0.0
2.11631
0.41491
0.385075
0.0
1.24164
0.0
0.0293127
0.0
0.446888
0.0
0.0
0.459861
0.0
0.814535
0.0
0.0
0.844795
1.50107
0.0
0.0
0.0
0.0
3.20304
0.0
1.26188
0.0
0.0
0.0
0.0
0.0
2.5063
0.0
0.0
0.0
0.0
0.0
0.0
0.0
0.793975
0.0
2.49856
0.0
3.01308
0.0
2.06271
0.0
0.0
0.0
0.0
0.0
0.0
0.0
0.0
0.0947266
0.0
0.0
0.0
0.0
1.38565
0.405549
0.0
0.0
0.0
1.2789
0.0
0.0
0.0
0.0
0.0249344
0.0
0.0
0.0
1.19078
0.960178
0.0
0.0
0.0
0.0
0.0
0.0
2.78737
0.0
0.0
0.409903
0.0
0.0
0.0
0.917968
4.96312
0.0
0.0
0.0
2.4166
0.10204
0.0
0.362589
0.0
0.0
0.0
0.0
2.08318
0.0
0.123119
0.752826
0.0
1.60487
0.0
0.0
0.0
0.0
0.0
0.0
0.0
0.0
1.95264
0.0
0.0
0.113293
0.468237
0.529078
0.0
0.253878
0.0
0.0
1.07994
0.0
0.0
0.0
0.0
0.0
0.0
0.0
0.0
0.0
0.0
0.0
0.0
0.0
1.84306
0.0
0.767543
0.0524623
0.0
0.175208
0.0
1.83411
0.721684
0.984409
0.0
0.0
0.823932
0.563825
0.0
0.0
0.0
0.0
0.0
0.0
0.0
0.0
1.58407
0.0
0.0
0.0
2.54111
0.0
0.0
3.55051
0.0
0.0
0.0
0.0
0.231692
0.0
0.0
0.0
0.0
0.0
0.0
0.0
1.07692
1.20179
0.0
0.0
0.0
0.0
0.0
0.0
0.0
0.0
0.0
0.0
0.463066
0.0
0.0
0.0
0.0
0.439762
0.829059
0.0
3.2224
1.62685
1.42159
0.0
1.16841
0.0
0.0
0.715852
0.0
0.0
0.241723
0.0
0.0
0.0
0.0
0.0
0.0
0.0
0.0
0.0
1.05286
0.0
0.0
0.0
2.51073
0.0
0.0
0.0
0.0
0.0
0.0
2.12258
1.3418
0.0
0.0
0.0
0.0
0.0
0.0
0.0
0.0
1.98157
0.764696
0.0
0.0
0.0
0.0
0.0
3.04031
0.0262079
1.81528
0.0
0.0
0.0
0.0
0.0
0.0
0.0
0.482172
0.0
0.0
0.0
0.0
0.0
0.0
0.264581
0.998679
0.0
0.0
2.98922
0.0
1.01622
0.0
0.0
2.4934
0.216252
0.0
0.0
1.64011
0.0
0.0
0.234338
0.0
0.0
0.0
0.0
2.74693
0.0
0.0
0.0
0.0
0.0
1.52338
0.0
0.0
1.10932
0.0
0.0
0.0
0.0
1.90859
0.0
0.0
0.0
0.0
0.0
1.61989
0.0
0.526341
2.41673
1.59539
0.0
0.493779
0.0
0.0
0.0
0.0
0.185977
0.0
0.0
0.380379
0.0
0.966162
3.2721
4.04301
0.0
0.0
1.0557
1.544
0.0
0.0
0.0
1.23304
0.0
0.0
0.0
0.0
0.0
0.328325
0.0
0.0
2.59119
0.0
0.0
0.0
0.0
0.0
0.0
0.0
1.2701
0.0
1.53991
0.0
0.0
0.0
0.0191448
0.0
0.0
0.0
0.0
1.40535
3.46073
0.0
0.0
0.0
0.0
0.0
2.10982
0.0
0.0
0.0
0.0
0.719735
2.45347
1.62476
0.311312
0.0
0.22352
0.0
0.0
1.03948
0.0
0.414499
0.0
0.0
0.708042
0.0
0.0
0.0
0.0
0.0
0.0
0.0
0.0
0.0
0.424414
0.0
0.0
0.0
0.0
1.39722
0.0
0.0
3.71316
0.0
0.438117
0.0
0.0
0.0
1.73935
0.13382
1.46661
0.0
0.0
2.1083
0.0
1.49882
0.0
0.0
0.0
1.21536
0.0
0.0
0.0
0.0
0.0
0.0
0.0
0.0
0.0
0.0
0.0
0.0
0.0
0.0
0.174111
0.0
1.44918
0.0
0.0
0.0
0.0
0.0
0.0
1.54121
0.0
2.34123
0.0
1.58504
0.0
0.0
0.0413758
0.0
0.0
2.41246
0.0
0.0
0.0
0.0
0.0
5.63094
0.879394
0.0
0.0
0.0
3.9151
3.9632
0.0
0.0
0.657983
0.0
0.0
0.0
0.0
0.0
1.75645
0.0
0.0
1.21105
0.0
3.06282
0.0
0.0
0.219491
0.0
0.0
0.0
1.69716
0.0
1.34322
0.0
0.302821
0.0
0.0
0.0
0.0153562
0.923538
0.0
0.0
0.0
0.349791
0.0
0.0
1.17595
0.0
0.0
0.0
0.0
2.81815
0.0
0.0
0.0
0.0
0.0
0.366768
0.0
0.0
0.0
0.0
1.88467
1.72909
0.0
3.23019
0.0
1.74621
0.0
0.0
0.0
0.0
0.0
0.17326
0.0
1.91767
2.41568
0.0
0.0
1.02132
0.0
0.262676
0.0
0.0
0.440419
0.0
0.0
0.100442
0.0132607
2.07656
0.0
1.86132
1.04372
0.0
0.0
2.42879
0.0
0.0
1.22124
0.0
0.0
1.29968
0.0
1.81307
0.0
0.684958
0.0
0.0
0.405505
0.0
0.0
0.0
0.0
0.0
0.761805
1.72835
2.12613
0.0
0.824035
0.0
4.0835
0.0
0.0
0.0
1.95444
0.0
0.0
0.271897
0.647825
0.0
0.0
0.0
0.196917
0.0
1.21186
0.0
0.0
0.0
2.12376
0.0
0.0
0.0
0.0
0.0
0.0
0.0
0.0
2.99279
0.0
0.882794
0.0
0.0
3.83664
0.0
0.0
0.0
0.252424
0.162839
0.0
0.0
0.0
0.0
1.9922
1.32769
0.0
0.0
0.0
0.0
2.29735
0.0
2.53731
0.0
0.0
0.0
0.169712
0.0
2.8454
0.0
5.46431
0.0
0.0
0.274132
0.0
0.0
0.0
0.0
2.40805
1.23044
0.0
0.0
0.0
0.0
0.0
0.217639
0.0
0.0
0.0
0.0
1.28622
2.12457
0.104052
0.0
0.0
0.0
0.0
0.0
1.01392
0.0
0.0
0.0
0.0
2.0672
0.0
1.21584
0.496805
0.0
0.0
0.0
0.337985
0.0
1.60389
0.0252636
4.06494
0.0
0.0
0.0
0.0139699
3.00917
0.0
0.0
1.05169
0.0
0.0
1.31055
1.38608
1.43299
0.0
4.24341
2.56206
1.7289
0.0
0.271353
0.276621
0.0
0.0
2.45165
0.0
0.0
0.0
0.718691
1.88168
1.72234
1.8434
0.0
0.0
0.0
0.0
0.465457
0.0
0.0
0.0
0.0
0.0
0.0
2.78274
1.12373
0.0
0.199841
0.0
0.0
0.0
0.0
0.0
0.0
0.0
0.0
1.05426
2.37196
0.0
2.07296
0.0
0.0
0.0
0.0
0.0
1.37179
0.0
0.0
0.0
0.499983
0.502622
0.982062
0.474192
0.0
2.15782
0.0
0.0
0.0
0.0
4.88054
0.0
0.798351
0.0
0.0
1.91286
0.0
0.0
0.0
0.0
0.0
0.0
0.0
0.0322074
1.14996
2.38037
0.0
0.452544
0.0
0.0
0.0
0.0
0.0
0.0
0.0
0.586986
2.49345
0.0
0.0
0.0
0.0
0.701677
0.0
0.0
0.0
2.48746
0.0
0.0
1.22898
0.0
0.0
0.0
1.05498
0.0
0.0
0.594037
0.0
0.108534
0.0
0.0783538
0.0
0.0
2.90812
0.301109
2.09591
2.24969
0.0
0.0
0.529363
0.305019
0.0
2.24981
0.0
0.0
0.0
1.40666
0.0
0.0
0.0
0.154678
0.116071
0.0
0.0
0.0
0.0
0.737373
0.0
0.0
3.95524
3.18954
0.492047
0.71824
0.0
0.0
1.39439
0.0
0.0
1.20434
2.06665
0.0105395
0.0
0.30987
0.0333874
0.0
0.0
0.94722
0.0
1.45534
0.0
0.0
0.0
0.0
0.0
0.0644907
0.0
0.0
0.0
0.0
0.0
0.0
1.8369
0.0
0.0
1.5628
1.80012
0.0
0.0
0.0
0.0
2.3832
0.0
0.66422
0.510026
0.0
0.0
0.0
0.0
0.0
1.62073
0.0
0.0
0.662836
0.0
0.0
1.51773
0.0
0.0
0.0
0.0
0.0
0.0
0.0
1.95291
0.0856744
0.0
1.32624
0.0
0.0
1.88046
0.0
0.0
0.0
0.692278
0.0
0.0
1.85896
0.0
0.0
1.456
0.0
0.0
0.0
0.0
1.44753
4.21553
0.0
0.0
0.0
0.0
0.0
0.0
0.0
0.0
0.0
2.16552
0.0
0.0
0.0
0.0
0.0
0.0
0.0
0.0
0.0
1.31559
0.0
0.0
0.0
0.207066
0.0
0.0
0.0
0.0
1.86927
0.544536
0.0
3.187
0.0
0.0
0.0
0.233132
0.0
0.0
0.209577
0.0
0.0
0.191476
0.901108
2.71597
0.0
0.0
0.259187
0.0
0.0
0.0
0.295707
0.0
0.0
