0.0
0.0
3.02712
0.0
0.960793
0.0
0.0
0.0
0.0
0.0
0.0
0.0
0.0
4.76128
0.0
0.0
0.0
0.0
1.43115
0.00312713
0.0
0.0
0.0
0.0
0.0
0.0
0.0
0.0
0.0
0.0
0.0
0.0
0.0
3.69419
0.0
0.0
0.0
0.973979
0.0
0.0
0.0
0.0
2.7955
0.0
0.0
0.0
0.650157
0.76178
0.0
1.93192
1.8879
0.0
0.0
0.0
0.0
0.0
0.0
0.0
0.0
0.0
0.0
1.27176
0.0
3.43968
2.79082
0.0
0.0
0.0
0.0
0.0
0.0
0.0
3.86244
0.0
0.0
0.0
0.0
0.0
0.00253801
0.0
2.46975
0.0
0.0
0.213712
0.0
0.0
0.0
0.0
0.0
0.0
0.0
0.0
0.0
0.0
0.0
0.0
0.0
0.0
1.98424
0.0
0.0
0.592357
0.0
0.0
0.0
0.0
1.53875
0.0
0.0
0.21214
0.0
0.0
0.0
0.0
0.0
0.0
0.0
0.0
6.91086
0.0
0.0
0.0
0.0
0.0
0.0
0.0
0.0
1.7117
0.0
0.0
0.0
0.0
0.0
0.0
0.0
0.0
0.0
0.0
0.0
0.0
0.0
1.86038
0.0
0.0
0.0
0.0
0.0
0.0
0.0
0.0
0.0
0.0
0.0
1.49127
0.0
0.0
0.0
0.0
0.0
0.0
0.0
0.0
0.0
0.0
0.0
0.0
0.0
0.0
0.472503
0.0
0.0
0.0
0.0
0.0
0.0
0.0
4.37551
0.0
0.0
0.0
2.58347
0.0
0.0
0.0
0.0
0.0
0.0
1.66261
0.0
1.66557
0.0
0.0
4.63614
3.6451
0.0
0.0
0.0
0.0
0.0
3.11792
0.0
0.0
0.0
0.0
0.0
0.0
0.0
0.0
0.0
0.0
0.0
1.31943
0.374468
0.0
0.976251
1.33803
0.0
0.0
0.0
0.923405
0.0
1.25817
0.0
0.0
2.70619
0.0
0.0
0.631465
0.0
0.0
0.0
0.0
0.0
0.409312
0.0
0.0
0.0
3.85717
0.0
0.0
0.0
0.0
0.0
1.41427
0.0
0.0
0.0
2.0071
0.0
0.0
0.0
0.0
0.0
0.0
0.0
0.0
0.0
0.0
0.0
0.456792
0.0
0.0
3.05852
0.0
0.0
0.0
0.0
0.0
0.0
1.98257
0.0
0.0
0.0
0.0
0.0
0.0
0.0
0.0
0.0
0.0
0.0
0.0
1.76756
3.11762
0.0
0.0
0.0
0.0
0.0
0.0
0.0
0.0
0.0
0.0
5.3625
0.282165
0.43832
0.0
0.0
0.0
0.0
4.8179
0.594406
0.0
0.0
1.53106
0.0
0.0
0.0
0.0
0.0
0.0
0.0
0.0
0.527121
0.0
0.0
0.0
0.0
0.0
0.0
0.0
0.0
0.0
0.0
0.0
0.757279
0.0
0.0
0.0157951
0.0
0.0
0.0
0.0
0.0
0.0
0.0
0.0
0.0
0.0
0.0
0.0
0.0
0.0
0.0216179
0.0
0.0
0.0
0.0
0.0
0.0
0.0
0.0
0.0
0.246856
0.0
0.0
0.614137
0.0
0.878055
0.0
0.0
0.0
0.0
0.0
0.585996
0.0
0.0
0.0
0.0
0.0
0.0
0.0
0.0
0.0
0.0
0.0
0.0
0.0
0.0
0.0
0.0
0.87892
0.0
0.0
0.0
0.0
2.04304
1.4492
2.64929
0.0
0.0
0.0
1.0563
0.0
7.21256
2.903
0.0
0.0
0.0
0.0
0.0
0.0
0.0
1.00777
0.0
0.0
0.0
0.0
0.0
0.0
0.0
0.0
0.0
0.0
0.0
0.0
0.0
0.0
0.0
0.0
0.0
1.31972
0.0
0.0
0.0
0.0
0.0
0.0
0.56881
5.39734
0.0116391
0.0
0.0
0.0
0.0
0.0
0.0
3.80375
0.0
0.0
0.0
0.0
0.0
0.0
0.0
0.0
0.0
0.0
0.0
0.0
0.0
0.0
5.24339
0.0
0.0
0.0
0.0
0.0
0.332421
0.0
0.0
0.0
0.0
0.0
0.0
0.0
0.0
0.0
2.81178
0.0
0.0
0.0
0.0
0.0
0.0
0.0
0.0
1.84293
0.0
0.360493
0.0
0.0
2.35444
0.0
0.0
0.0
0.0
0.0
0.0
0.0
0.0
0.0
0.0
0.0
2.36746
0.172627
1.03629
0.0
0.0
0.0
1.94101
0.0
0.0
0.0
1.56557
0.0
0.0
0.0
0.0
0.0
2.3708
0.0
0.0
0.0
0.0
0.0
1.55215
0.0
0.0
0.0
0.0585413
0.0
2.30281
0.0
0.0
0.0
0.0
0.0
0.0
0.0
0.0
1.57664
0.721149
0.0
0.0
2.36989
0.0
0.0
0.0
0.0
0.0
0.461339
0.0
0.0
0.0
0.0
0.0
0.0
0.0
0.0
0.347789
0.0
0.0
0.0
0.0
0.759997
0.0
0.0
0.0
0.0
0.0
0.0
0.0
0.0
0.0
1.88856
0.0
0.0
0.0
0.0
0.0
0.0
0.0
0.466585
0.0
0.0
0.0
0.0
0.0
0.0
0.0
0.0
0.0
0.0
0.0
0.80067
0.0
0.0
0.0
0.0
0.0
1.1738
0.0
0.0
0.0
0.038566
0.0
0.0
0.0
0.0
0.0
0.0
0.0
0.686777
0.0
0.0
0.0
0.755066
0.0
0.0
0.0
0.496126
0.0
0.415691
0.0
0.0
0.0
0.0
1.74547
6.82904
0.0
0.0
0.0
3.40051
0.0
0.0
0.0
0.0
0.0
0.0
0.0
0.0
0.0
0.0
1.49175
0.0
0.752477
0.347141
0.0
0.0
0.0
0.0
4.36898
0.0
0.0
0.0
0.0
0.257462
0.0
0.0
0.0
0.0
0.0
0.0
0.159633
0.0
0.581679
0.0
0.0
0.0451007
0.0
0.0
0.0
0.0
0.0
0.962435
0.0
0.0
0.0
0.0
0.0
0.0
0.0
4.22853
0.0
0.0
0.0
0.0
0.0
0.0
0.0
0.0
0.0
0.0
0.0
0.0
0.0
0.0
0.0
0.0
0.0
0.0
0.0
0.0
0.0
0.0
0.0
0.0
0.0
0.0
1.49757
0.0
0.0
0.384182
0.0
0.0
0.0
0.0
0.0
0.0
0.0
2.80437
0.0
0.0
0.0
0.0
0.0
0.462937
0.0
0.0
0.237441
0.0
0.0
0.0
3.32426
0.0
0.0
3.177
0.0
0.0
0.187728
0.0
0.0
0.167305
2.8406
0.0
0.0
1.07752
0.0
0.0
0.0
0.0
0.0
0.0
0.0
0.0
0.0
0.0
0.0
0.335554
1.8949
0.0
0.0
0.0
0.0
0.0
0.0
1.46554
0.0
0.0
1.13851
0.17079
0.0
0.0
0.0
0.0
0.0
0.0
0.0
0.0
0.0
0.0
0.0
0.0
0.0
0.0
0.0
0.0
1.39205
0.0
0.0
0.0
2.60075
0.0
0.0
0.0
0.0
0.0
0.0
0.0
1.92946
0.0
0.0
0.0
0.0
6.50293
0.0
0.0
3.43824
0.0
0.0
0.423414
1.59416
0.0
0.0
0.0
0.0
0.0
0.0
0.0
0.0
0.0
0.0
0.0
0.0
1.92969
0.0
0.442727
0.0
0.0
0.0
0.0
0.0
0.0
0.0
0.0
0.0
0.0
1.32544
0.0
1.75165
0.0
0.0
0.0
0.0
0.0
0.0
0.0
0.0
0.0
0.0
0.0
0.0
0.0
0.0
0.0
3.93937
1.96521
3.50116
0.0
0.0
0.372132
0.0
0.900302
0.0
0.0
0.0
0.0
0.0
8.031
2.38298
0.0
0.0
0.0
0.0
0.0
4.00358
0.0
0.0
1.74467
0.0
0.0
0.0
0.0
0.0
0.709589
0.0
1.4145
0.0
0.0
2.89744
0.0
0.0
0.0
0.0
0.0
0.0
1.26779
0.0
0.481614
0.298437
0.149816
0.0
3.52097
0.158703
0.0
0.0
0.0
0.0
0.0
0.0
0.0
0.0
0.0
0.0
0.0
0.0
1.46369
0.0
0.0
0.0
0.0
0.0
0.0
0.0
0.0
2.19681
1.46062
0.0
0.0
0.0
0.0
0.0
0.0
0.0
0.0
1.3015
0.0
0.0
0.0
0.0
0.0
0.0
0.0
0.0
0.0
0.0
0.0
0.0
0.0
0.0
0.0
1.677
1.42987
0.0
0.0
0.0
0.0
0.0
0.0
0.75742
0.0
0.0
0.0
0.916509
0.0
2.84
0.0
0.0
0.0
0.0
0.0
0.0
0.0
0.0
0.0
2.34898
0.170128
0.389014
0.0
0.0
0.89029
0.0
0.0
0.0
0.0
0.0
0.0
0.0
0.0
0.0
3.20546
0.0
1.11035
0.663732
0.0
0.0
0.0
0.0
0.0
0.0
3.37941
0.183138
0.0
0.0
0.0
0.0
0.0
0.0
0.0
2.46066
0.0
0.0
0.0
0.543526
0.0
0.0
0.0
0.0
0.0
0.0
0.0
0.0
3.86891
0.0
0.0
0.0
0.0
1.01352
0.0
0.0
0.0
0.0
0.0
0.0
0.0
0.0
0.0
0.0
1.8691
0.0
0.0
0.0
2.08378
1.55858
0.0
0.0
0.0
0.0
0.0
0.0
0.0
0.227002
0.0
0.0
0.997669
0.0
0.0
0.0
0.0
0.437881
0.0
0.0
0.0
0.0
0.0
1.17873
0.0
0.0
0.0
0.0
0.0
0.0
0.0
0.0
0.0
3.47829
3.76195
0.0
0.0
0.0
0.0
0.0
1.29115
0.0
1.62664
0.0
0.0
0.0
0.0
0.0
0.0
0.0
0.0
0.0
0.0
0.841911
0.0
0.0
0.0
0.0
0.0
0.0
0.0
0.0
0.0
0.0
0.0
3.09822
0.0
0.0
0.0
0.0
0.0
0.0
0.0
0.0
0.0
0.0
0.0
0.0
0.0119787
0.0
0.0
0.0
0.0
0.0
0.0
0.0
0.0
0.0
0.0
0.0
1.40929
1.817
0.0
2.06503
0.0
0.0
0.0
0.0
0.0
0.0
0.0
3.10353
0.0
0.0
0.416259
0.0
0.0
0.0
0.0
1.11951
0.0
0.0
0.0
0.0
0.0
0.0
0.0
0.0
0.0
0.0
4.55338
0.0
0.0
0.0
0.0
0.0
0.0
0.0
0.578083
0.0
0.0
0.0
0.0
0.0
0.0
0.0
0.0
6.61282
0.0
0.0
0.0
0.0
0.0
0.0
0.0
0.0
0.0
0.0
1.41182
0.0
0.0
0.0
0.0997821
0.0
0.397716
0.0
0.0
0.0
0.0
0.0
0.935241
0.0
0.0
0.0
0.0
0.0
0.0
0.0
4.64152
0.0
0.0
0.0
1.82891
0.0
0.0
0.0
0.0
0.0
0.0
0.0
0.0
0.0
0.0
0.0
0.286305
5.93793
0.0
0.0
0.0
0.0
0.0
0.0
0.0
0.0
0.730948
0.0
0.0
0.0
0.0
0.0
0.0
1.80278
0.0
0.0
4.62623
0.0
0.0
0.0
0.0
0.0
1.87875
0.0
0.0
0.0
0.0
0.0
0.0
0.473412
0.0
5.57545
0.0
0.0
0.0
0.0
0.286189
0.790842
0.0
0.0
0.0
0.0
0.0
0.0713082
0.0
0.0
0.0
0.0
0.0
0.0
1.79705
0.0
0.0
0.0
1.71629
0.0
0.0
1.43363
0.0
0.0
0.0
1.15518
0.0
0.0
0.0
0.0
0.0
0.0
0.0
6.75199
0.0
0.0
0.0
0.0
0.0
0.0
0.0
0.0
0.0
0.0
0.0
0.0
1.97394
0.0
3.07475
0.0
0.0
0.0
0.0
0.0
0.0
0.0
0.0
0.0
0.0
0.0
0.0
0.0323797
0.0
0.0
0.0
0.0
0.243994
0.0
0.0
0.0
0.0
0.0
0.0
0.0
0.0
0.0
0.0438202
0.0
0.0
0.0
0.97779
0.0
0.0
0.0
0.0
0.0
0.0
0.0
3.85795
0.0
0.0
0.0
0.0
0.0
0.0
0.0
0.0
0.0
0.0
0.0
1.73608
0.0
0.0
0.0
0.0
0.404856
0.0
0.0
0.0
0.0
0.356158
0.974652
0.0
0.0
0.0
0.0
0.0
2.41504
0.0
3.82458
0.0
1.11706
0.0
0.0
0.0
0.0
0.0
0.0
0.0
0.0
0.0
0.0
0.0
0.0
0.0
0.0
0.0
0.0
0.0
1.18537
0.0
0.0
0.0
0.0
0.0
0.0
0.0
0.0
0.0
1.73398
0.887495
0.0
0.0
0.0
0.0
0.0
0.0
1.30322
0.0
1.70837
0.0
3.07112
0.0
0.0
0.0
0.0
1.37963
0.0
0.0
0.103931
0.0
2.01879
0.0
0.0
4.80338
0.0
0.0
0.0
0.0
0.0
0.0
0.0
0.410174
0.0
0.0
0.0
1.99864
0.0
0.0
0.0
0.0
0.0
0.0
0.0
4.69824
0.0
0.0
0.0
0.0
0.0
0.0
0.102464
0.0
0.0
1.86579
0.0
0.0
0.0
1.81505
0.0
0.0
0.0
3.01336
0.0
0.0
0.0
0.0
0.0
0.0
0.0
0.0
0.0
0.0
0.0
0.0
0.0
0.0
0.0
0.0
0.0
0.0
0.0
0.0
0.0
0.711939
0.0
0.0
0.0
0.324506
0.0
0.0
0.0
0.0
0.0
0.0
0.0
0.0
2.35274
0.0
0.0
0.0
0.0
0.0
0.0
0.0
0.0
0.0
0.0
0.0
0.0
0.0
0.0
0.0
0.0
1.29519
0.0
0.0
0.0
0.0
0.0
0.0
0.0
4.35713
0.0
0.0
0.0
0.0
0.0
0.0
0.0
0.0
1.11871
0.0
2.212
0.0
6.02669
0.0
0.0
0.0
0.0
0.0
0.0
0.0
0.0
0.0
0.0
0.0
2.58071
0.0
0.0
0.0
0.0
1.39118
1.04823
0.0
0.0
0.0
0.0
0.0
0.0
0.0
0.0
1.4476
0.375351
0.0
0.0
0.0
0.0
0.0
0.0
0.854203
0.0
0.0
0.0
0.0
0.0
0.0
0.0
0.0
0.0
0.0
0.0
0.0
0.0
0.0
0.0
0.0
0.0
0.0
0.0
0.0
2.57932
0.0
0.0
0.0
0.0
0.0
0.0
0.0
0.331108
4.67033
0.0
0.0
0.0
0.0
0.0
0.0
0.0
0.0
0.0
0.0
0.0
1.87004
0.0
0.0
0.0
0.538816
0.0
0.0
0.0
0.0
0.0
0.0
0.0
0.0
0.0
0.0
0.0
0.0
0.116424
0.0
0.0
0.0
0.0
0.0
0.0
0.891751
7.73838
0.0
0.0
0.0
0.0
0.0
0.0
0.0
0.0
0.0
0.0
0.791357
1.52353
0.252397
0.0
0.0
1.18693
0.0
0.0753761
0.0
0.0
0.0
1.22995
0.0
4.71255
1.31127
1.58371
0.0
0.0
1.39627
0.0
0.0
0.122325
2.24126
0.0
0.0
0.0
0.0
0.0
0.0
0.0
0.0
0.0
0.0
0.0
0.0
0.0
0.0
0.0
0.0
0.0
0.0
0.0
0.0
0.0
0.0
0.0
0.0
0.0
0.0
0.0
0.0
1.31063
0.0
0.0
1.19902
1.28436
0.0
0.0
0.0
0.0
0.0
0.0
0.0
0.0
0.0
0.0
0.0
0.0
0.487961
0.0
0.0
0.0
1.41518
0.0
3.35163
0.482275
0.0
2.17323
0.23109
0.260382
0.0
0.0
0.0
0.0
0.0
0.0
0.0
0.0
0.0
0.0
0.0
0.128186
0.0
0.0
0.0
0.0
0.0
0.0
0.0
0.0
0.8099
0.0
0.0
2.53928
2.20255
0.0
0.0
0.0
0.0
0.0
1.31482
1.27278
0.346581
0.0
0.0
0.0
0.0
0.0
0.0
0.0
0.0
0.0
2.42405
0.0
0.0399643
0.0
0.0
0.0
0.0
0.0
0.0
0.0
0.0
0.0
0.0
0.547711
0.0
0.0
0.0
0.0
0.0
0.0
0.0
0.0
0.0
0.0
0.0
0.0
0.0
0.0
0.0
0.0
0.0
0.0
0.0
0.0
0.0
0.157594
2.94143
0.0
1.03066
0.0
0.0
0.0
0.0
0.0
0.0
0.0
0.0
0.0
0.0
2.1663
0.0
0.0
0.0
0.0
0.0
0.0
2.05148
0.0
0.0
1.41525
1.72366
0.0
0.0
0.0
5.05598
0.0
0.0
0.0
0.0
0.0
0.0
2.66171
0.0
1.37818
0.0
0.0
0.0
0.0
0.0
0.0
2.74435
0.0
0.0
0.0
0.0
0.0
0.0
0.0
0.0
0.0
0.0
0.388436
0.0
1.62816
0.0
0.0
0.0
0.0
3.28327
0.0
0.0
0.0
0.0
0.0
0.0
0.0
0.0
0.0
0.0
0.0
1.11118
0.0
0.0
0.0
0.0
0.0
0.0
2.76961
0.0
0.0
0.0
0.0
0.0
0.0
0.0
0.0
0.0
0.0
0.0
0.0
0.0
1.53089
0.0
0.0
0.0
0.0
0.0
0.0
0.0
5.11262
0.0
0.0
0.0
0.0
0.0
0.0
0.0
0.0
0.0
0.0
1.41583
0.0
0.0
0.0
0.0
0.0
0.0
0.0
1.91398
0.0
0.0
1.13847
0.0
0.0
0.0
0.150021
0.0
0.0
0.0
0.0
0.0
0.0
0.0
0.0
0.0
0.0
0.705776
0.0
0.0
0.0
2.95462
0.0
0.0
0.0
0.0
0.0
0.0
0.0
0.0
0.0
0.0
0.0
0.0
0.0
3.53385
0.0
2.79813
0.0
0.0
0.0
0.0
4.24636
0.0
0.0
0.0
0.0
0.14087
0.871509
0.0
0.0
0.0
0.733217
0.0
0.0
2.70642
0.0
0.0
4.44088
0.0
1.16526
0.0
3.03855
3.41479
0.0
0.0
0.0
0.0
0.0
0.0
3.78016
0.0
0.0
0.0
0.0
0.0
0.0
0.0
0.0
2.05968
2.73144
0.0
0.0
0.0
0.0
0.0
0.0
0.0
0.0
0.0
0.0
0.0
0.0
0.0
6.99546
1.50166
0.0
1.43047
0.0
0.0
1.65492
0.0
0.0
0.0
0.0
0.0
0.0
0.0
0.0
0.0
0.0
0.0
3.72073
0.0
0.0
0.0
0.0
0.0
0.0
0.0
0.0
0.0
0.0
0.0
0.0
0.0
0.0
0.0
0.0
0.0
0.0
1.07721
0.184509
0.0
0.0
0.0
3.4562
0.0
0.0
0.0
0.0
0.0
0.918638
0.0
1.10049
0.0
0.0
0.0
0.0
0.0
0.0
3.24246
0.0
0.0
1.84153
0.0
0.0
0.714695
0.0
0.0
0.0
0.0
0.0
0.0
0.0
0.0
0.225058
0.0
0.0
0.0
0.0
0.0
0.0
3.24068
0.0
0.0
0.0
0.731313
0.0
0.0
0.0
0.0
1.48753
0.0
0.574889
0.0
2.33196
0.0
0.0
1.16993
0.0
5.64014
0.269775
0.0
0.249585
0.476541
0.0
0.0
0.0
4.02877
0.0
0.0
0.0
0.0
0.0
0.0
0.0
0.0
0.0
1.2634
0.0
0.0
0.0
0.0
0.0
0.0
0.0
0.0
0.0
0.670105
0.0
0.0
0.0
0.0
0.0
0.0
0.0
0.0
0.0
0.0
0.967828
0.959685
0.0
0.0
4.05668
0.0
0.0
0.0
0.0
1.80967
0.0
0.0
0.0
0.0
0.0
0.0
0.0
0.0
0.50012
0.0
0.0
0.0
0.0
0.0
0.0
0.0
0.0
0.0
0.0
2.89182
0.0
0.0
1.06312
1.30268
0.0
0.0
0.0
0.583851
0.0
0.0
0.0
0.0
0.0
0.0
4.88053
0.137298
0.0
0.0
0.0
0.642538
0.0
0.0
0.0
0.0
0.0
0.188578
0.0
0.0
0.0
0.0
0.0
0.0
0.0
0.0
0.419673
0.0
0.0
0.0
0.0
0.0
1.41427
0.0
0.0
2.49498
0.0
0.0
0.0
0.0
0.0
0.0
0.0
0.0
0.0
0.0
0.0
0.0
0.0
0.0
1.82776
0.0
0.0
0.766277
0.0
0.0
0.0
0.0
4.5445
0.0
0.273228
0.0
0.0
0.66087
0.0
1.74612
0.0
5.13398
0.0
0.0
0.0
0.0
0.0
0.0
0.0
0.0
0.0
0.0
0.0
0.0
0.0
0.0
0.0
0.216639
0.0
0.0
0.0
0.0
4.80495
0.0
0.0
1.95974
0.0
0.699667
0.0
0.0
0.0
0.0
0.0
0.0
0.496569
0.0
1.84768
0.0
0.947061
0.0
0.0
0.0
0.0
0.0
0.88879
0.0
1.41692
0.0
0.0
0.0
0.0
0.0
0.0
0.0
0.0
4.27461
0.0
2.1116
0.0
0.0
4.68771
0.0
0.0
0.0
4.36343
0.0
0.0
0.0
0.0
0.0
0.0
0.0
0.0
0.0
0.0
0.0
0.0
0.0
0.0
0.0
5.34894
0.0
0.0
0.0
0.0
0.0
0.0
0.0
0.0
1.37881
0.0
0.0
0.0
1.82004
0.0887526
0.0
0.0
0.0
0.0
0.0
0.0
0.0
0.0
2.78766
0.0
0.0
0.0
2.27164
0.0
0.0
0.0
0.0
0.0
0.0
0.0
0.0
0.0
0.0
0.0
2.7949
0.0
0.0
0.0
4.56154
4.00749
0.0
0.0
0.0
0.0
0.0
1.8236
0.0
0.0
0.0
1.1552
0.0
0.0
0.0
0.0
0.331467
1.28735
0.0
0.0
0.0
2.54223
0.0
0.0
0.0
0.769169
3.29413
1.52573
0.199182
0.0
0.0
0.0
0.0
0.0
0.0
0.0
0.0
0.0
0.0
0.0
0.0
0.0
0.0
2.49027
0.0
0.0
0.0
0.0
1.43305
0.0
0.0
0.33562
0.0
0.0
0.0
2.76185
0.0
0.0
1.21296
0.0
0.0
0.0
0.351057
0.0
0.0
0.0
2.01308
2.21385
0.0
0.0
0.0
0.0
0.0
0.0
0.0
0.0
0.0
0.0
0.0
0.0
0.0
0.0
0.0
0.0
4.72496
0.0
0.0
0.0
0.0
0.0
0.0
0.0
0.0
0.0
0.0
0.0
0.0
0.0
0.0
0.0
0.0
0.0
0.0
0.0
0.0
0.0
0.602109
0.0
0.0
0.0
0.0
0.0
0.0
0.0
1.39477
0.0
2.94029
0.0
0.0
0.0
0.0
0.0
0.0
0.0
0.0
0.0
0.0
0.0
0.0
0.0
4.02417
0.0
0.0
0.0
0.0
4.33915
0.468274
0.0
0.0
0.0
0.0
0.0
0.0
0.0
0.0
1.96402
3.14464
0.0
1.10726
1.84671
0.0
0.0
0.0
0.0487835
0.0
0.0
3.22281
0.0
0.0
0.0
0.0
0.0
0.0
0.0
0.0
0.0
0.0
0.593941
1.57635
0.0
0.0
0.0
0.0
0.0
0.0
0.0
0.0
0.0
0.0
0.0
0.0
0.0849287
0.0
0.0
0.0
0.0
0.0
0.0
0.0
0.0
1.67721
1.10663
0.0
0.0
0.0
0.0
0.0
0.0
0.0
0.0
0.0
0.0
0.0
0.0
0.0
0.0
0.0
0.0
0.0
0.0
0.562296
0.0
0.0
0.0
0.0
0.0
0.0
0.208665
0.0
0.0
0.0
0.0
0.0
0.0
0.0
0.0
0.0
0.0
0.0
0.0
0.540308
0.0
0.0
0.0
0.0
0.0
0.0
0.0
0.0
4.91237
0.0
0.0
1.54388
0.0
0.871479
0.0
0.370746
0.0
0.0
0.0
0.0
2.10109
0.0
0.0
0.0
1.78314
1.02812
0.0
0.0
0.0
0.21057
0.0
0.0
1.87249
0.0
0.0
0.0
0.0
0.0
0.0
0.0
0.639866
4.10604
0.0
0.0
2.41733
0.125294
0.0
0.0
0.0
0.801026
0.0
0.0
0.0
0.0
1.24602
0.0
0.0
0.0
0.0
0.102333
0.0
1.51361
0.0
0.0
0.0
0.0
0.0
0.0
0.0
0.0
0.0
0.0
0.0
0.0
0.0
2.3075
1.46951
0.0
0.0
0.0
2.73094
0.0
0.0
0.0
0.0
0.0
0.0
1.35639
0.0
2.8904
0.0
0.0314276
0.0
0.0
0.0
0.0
0.0
0.0
3.32179
0.0
0.0
7.16084
0.0
0.853392
1.66777
0.0
0.0
0.0
0.0
0.0
0.040034
0.0
1.93099
0.0
0.0
0.0389086
0.0
0.0
0.0
0.0
0.0
0.610894
0.0
0.0
0.0
0.0
1.62633
0.0
0.0
0.0
0.882685
0.0
0.0
0.0
0.0
1.85931
0.0
0.0
0.0
0.0
0.0
0.0
0.0
0.0
2.53756
0.0
1.45367
0.0517566
0.0
0.0
0.0
0.0
0.0
6.37713
0.0
1.30755
1.32252
0.0
0.0
1.66342
0.0
0.0
0.0
0.0
0.0
0.0
0.0
0.0
4.01225
0.0
0.0
0.0
2.07416
0.0
0.0
0.0
0.0
0.0
0.0
0.0
0.0
0.51764
0.0
0.0
0.0
1.08455
0.0
0.0
0.0
0.0
0.0
0.0
0.474643
0.0
0.0
0.0
0.0
0.0
0.0
0.0
0.0
0.0
0.597993
1.60298
0.0
0.0
0.0
0.0
1.75007
0.0
0.0
0.0
0.0
0.0
0.0
4.79529
3.55826
0.0
0.0
0.0
0.0
0.0
5.43236
0.0
0.0
0.0
2.36368
0.0
0.0
0.0
0.0188968
0.0
0.0
0.0
0.0
0.0
0.0
1.63428
0.0
0.0
0.0
0.0
0.0
2.62703
2.91399
0.0
0.0
0.0
0.0
0.0
0.0
3.08542
0.0
0.0
0.0
0.0
0.0
0.0
0.0
0.0
0.0
0.0
0.0
0.0
0.0
0.0
0.0
0.0
0.0
0.0
0.0
0.0
0.0
0.0348093
0.0
0.0
0.0
0.0
0.0
0.0
0.0
0.0351568
0.251468
0.0
0.0
0.0
0.0
0.0
0.0
0.0
0.344475
4.70149
0.0
0.0
1.61524
0.668428
1.01186
0.908541
0.0
0.79888
0.0
0.0
0.0
1.56119
0.0
0.141258
0.0
0.0
0.0
0.0
0.0
0.0
0.0
0.0
0.0
0.0
0.0
0.0
0.0
0.0
1.66102
0.0
0.0
0.0
2.63883
0.0
0.0
0.0
1.04437
0.0
0.0
0.977248
0.0
0.0
0.0
0.0
0.0
0.0
0.0
0.0
2.57305
3.59598
0.0
0.0
0.0
0.657973
0.0
0.0
1.33152
0.734984
0.0
0.0
0.0
2.17474
0.32711
5.13032
0.0
3.00238
0.0
0.0
0.0
0.0
0.0851986
0.0
0.0
0.0
0.0
0.0
0.0
0.0
0.0
0.0
1.83103
0.0
0.0
0.0
0.0
0.0
0.0
1.61481
0.922197
0.0
0.0
0.0
0.0
0.0
0.0
0.0
0.0
1.16831
0.0
0.0
0.0
0.0
0.0
0.0
0.516216
0.0
0.0
0.0
0.0
0.0
0.0
1.13836
0.0
0.0
1.07233
0.0
0.0
0.0
0.0
0.0
0.0
0.0
0.0
0.0
1.83965
0.0
0.0
1.8455
0.0
0.0
0.0
0.0
0.0
0.0
0.0
0.0
1.61913
0.565958
1.77508
0.0
1.56887
0.0
0.0
0.0
0.0
0.0
0.0
0.0
0.0
0.0
0.0
0.0
0.0
0.0
0.0
3.53198
0.0
0.0
0.160675
0.0
0.0
0.195113
0.0
0.0
0.0
0.2073
0.0
0.0
0.0
0.0
2.29642
0.0
0.0
0.0
0.0
1.16624
0.0
0.0
0.0
0.0
0.0
0.0
0.0
0.887695
0.0
0.0
0.583829
0.0
0.0
0.0
0.0
2.09235
0.0
0.0
0.0
0.0
0.0
0.772797
0.0
0.0
0.0
0.0
0.0
0.0
0.0
0.0
0.0
0.0
2.46559
0.949094
0.0
2.96379
0.0
0.0
0.0
0.0
0.0
0.0
1.15378
0.0
0.0
0.0
0.0
0.0
0.0
0.0
0.0
0.0
0.0
0.0
0.0
0.0
0.0
0.0
0.0
0.0
0.0
0.0
3.22161
0.0
1.58146
0.0
0.0
0.0
0.0
0.0
0.0
0.0552251
0.0
0.0
0.0
0.0
0.0
0.0
0.0
0.0
0.0
0.0
0.0
0.0
0.0
0.0
0.0
0.0
2.46184
0.0
0.0
0.0
0.0
0.0
0.0
0.0
0.0
0.0
0.0
0.0
0.0
0.0
0.0
0.0
0.0
0.0
0.243242
0.0
0.0
0.967933
0.0
0.0
2.84223
0.0
0.0
0.0
0.0
0.0
0.0
0.0
0.0
4.54333
0.0
0.0
0.254818
0.0
0.0
0.0
0.0
4.37961
0.0
0.0
0.0
1.30186
0.0
5.10369
0.0
0.0
0.0
0.0
0.0
0.79894
0.0
0.0
0.0
0.433251
0.0
0.0
0.0
0.0
0.0
0.0
0.0
0.0
0.0
0.0
0.0
2.09616
0.0
0.0
0.0
0.0
0.0
0.0
0.0
0.0
0.0
0.0
0.0
0.0
0.0
0.0
0.0
0.449076
0.0
0.0
0.416327
0.0
0.0
1.25175
1.54761
0.0
0.0
0.0
0.0
0.0
0.0
0.0
0.0
0.0
0.0
0.0
0.0
0.767361
0.0
0.0
0.0
0.0
0.0
0.0
0.0
0.382108
0.0
0.0
0.0
0.0
0.0
0.191817
0.0
0.152658
0.0
0.0
0.0
0.0551869
0.0
0.0
0.0
0.0
0.0
0.0
1.39741
0.0
0.0
0.0
0.0
0.0
1.43691
0.458486
0.0
1.0318
2.37909
0.0
0.0
4.5254
2.13544
0.0
0.0
0.0
0.0
0.0
0.54204
0.0
0.0
0.0
0.0
1.43521
0.0
0.0
0.0
2.52824
0.240793
0.0
0.0
4.03974
0.0
0.0
0.0
0.0
3.19548
0.0
0.0
0.0
0.0
0.0
0.0
0.0
0.0
0.0
0.0
0.0
0.0
0.0
0.0
0.0
0.0
0.0
0.0
0.0
0.0
0.0
0.0
0.0
0.0
0.877847
0.0
0.0
0.0
5.3528
0.0
0.0
0.0
0.0
0.0
0.0
0.0
0.0
0.0
0.0
0.0
0.0
0.0
1.23996
0.0
5.17216
0.0
0.0
0.0
0.0
0.0
0.173618
0.0
0.0
0.0
0.0
0.0
0.0
3.64326
0.0
0.0
0.0
0.0
0.0
0.0
0.0
0.0
0.0
0.0
0.0
1.92668
0.0
0.0
0.0
0.0
0.0
0.0
0.0
0.0
0.0
0.0
1.79873
0.0
0.0
0.0
0.0
0.0
0.545601
0.0
0.0
1.34904
0.0
0.0
0.868317
0.0
0.270473
0.0
0.0
0.625378
0.0
0.0
0.0
1.01939
0.0
0.0
0.0
0.0
0.0
0.0
0.0
0.0
0.0
0.0
0.0
0.0147062
0.0
0.0
0.0
0.0
0.0
3.12431
0.0
2.55244
2.56978
0.0
0.0
0.0
0.0
0.0
0.0
0.0
0.0
0.0
0.0
0.0
0.0
0.0
0.0
0.0
0.0
0.0
0.0
0.0
0.0
0.0
0.0
1.02199
3.9562
0.0
0.0
0.0
1.67601
0.0
0.0
0.0
0.0
0.0
0.0
0.0
1.33989
0.0
0.0
0.0
0.0
0.0
0.0
0.0
0.0
0.0
0.0
0.0
1.12177
0.0
0.0
1.32794
0.0
0.0
0.0
0.0
0.0
0.0
0.0
0.0
0.0
0.0
1.04792
0.0
0.0
0.0
0.0
0.0
0.0
0.0
0.0
4.6087
0.0
0.0
0.0
0.0
0.0
0.0
0.0
0.0
0.0
0.0
0.0
0.0
0.0
0.0
0.0
0.0
0.580284
0.0
0.0
0.0
0.0
0.0
0.805596
0.0
0.0
0.0
0.0
0.0
0.0
0.516262
1.91182
0.0
0.0
0.0
0.0
0.0
4.02844
0.0
0.0
0.0
0.0
4.10246
1.90023
0.0
0.0
0.0
0.0
0.0
0.0
0.0
0.0
3.0295
0.0
0.0
0.0
0.0
0.0
0.0
0.0
0.0
1.27139
0.0
0.0
1.60628
0.0
0.0
0.0
0.0
0.0
0.0
0.0
0.0
0.0
0.0
0.0
0.0
1.81239
0.0
0.0
0.0
0.0
0.0
0.0
0.0
0.0
0.0
0.0
0.0
0.0
0.0
0.0
1.07335
0.0
0.0
0.0
3.90087
0.34036
0.0
2.89175
0.0
0.0
0.0
0.0
0.0
0.0
0.0
0.0
0.0
1.86591
0.0
0.0
0.0
0.0
0.0
0.0
0.0
0.0
0.0
7.42252
0.0
0.0
0.0
2.25962
0.0
0.0
0.0
0.0
0.0
0.0
0.0
0.0
0.0
0.0
0.0
2.09704
0.0
3.47124
0.0
6.0101
0.0
0.0
0.0
0.0
0.0
0.0
0.992596
0.0
1.53214
0.739435
1.13268
0.0
0.0
0.0
0.0
0.0
0.0
0.0
0.111712
0.0
0.0
0.0
0.663736
0.0
0.0
0.0
0.0
0.0
0.994771
1.05147
0.0
4.75626
0.0
0.0
0.0
0.0
1.27873
0.0
0.0
0.0
0.0
0.0
0.0
0.0
0.0
0.0
0.64488
0.0
0.0
0.0
0.0
0.0
3.72043
0.0
0.0
0.0
0.0
0.0
0.0
0.0
0.0
0.0
4.99803
0.0
0.0
0.0
0.0
1.54023
0.0
2.99151
0.0
0.0
3.55993
0.0
0.0
0.0
0.0
0.0
0.0
0.0
2.64189
0.0
0.0
0.0
0.0
0.0
0.540246
0.0
0.0
0.0
0.0
0.0
0.0
0.0
4.94412
0.0
0.0
0.0
0.0
0.0
0.0
0.0
2.44555
0.0
0.0
0.0
0.0
4.21556
0.776802
0.0
0.0
0.0
0.0
0.0
0.170442
0.0
1.51858
0.0
0.0
0.0
0.0
2.82635
0.0
0.0
2.43427
0.0
0.0
0.718358
0.0618078
0.0
0.0
0.0
0.0
0.0
0.0
0.0
0.0
0.0
0.0
0.200589
0.0
0.0
0.0
0.289693
0.0
0.0
0.0
0.0
0.0
1.95064
0.0
0.0
0.0
0.0
0.99687
0.0
0.0
0.0
5.10618
0.369516
0.0
0.0
0.0
0.0
0.0
0.0
0.0
0.0
0.0
0.0
0.0
0.0
0.0
0.0
0.0
0.0
0.0
0.0
0.0
3.14842
0.0
0.0
0.0
2.65083
0.0
0.0
1.02061
0.0
1.66712
0.0
0.0
0.990069
0.0
0.0
2.438
0.0
0.0
0.0
0.551682
0.0
0.0
0.0
0.0
0.0
0.0
0.0
0.0
0.0
0.238658
4.58357
0.0
0.0
0.0
0.0
0.0
0.0
0.0
1.60958
0.827392
5.99944
0.0
0.0
0.0
0.0
0.0
0.0
0.0
0.0
2.25997
0.0
0.0
0.307313
0.0
0.0
0.0
0.437478
0.0
0.0
0.0
0.0
1.89659
0.0
2.22388
0.0
0.357555
1.04777
0.0
0.0
0.75129
0.0
0.0
5.1279
0.0
0.0
0.0
0.0
0.0
0.0
0.0
0.0
0.0
0.0
0.0
0.0
0.615566
0.0
0.0
0.0
0.0
0.651052
0.0
4.23312
1.69585
0.0
0.0
0.0
0.0
1.05655
0.0
0.0
0.0
0.0
0.0
0.0
0.235058
0.993389
0.0
0.0
0.0
0.0
5.68702
0.0
0.0
0.0
0.0
0.0
0.0
0.0
0.0
0.0
0.0
1.02695
0.0
0.0
0.0
0.0
0.0
0.0
0.0
0.0
0.0
0.0
0.0
0.0
1.11756
0.0
0.0
0.0
0.0
0.0
0.0
0.0
0.0
0.0
0.0
0.0
0.0
2.57429
0.0
0.0
0.0
0.0
0.0
0.0
0.0
0.0
0.0
0.0
1.80112
0.0
0.0
0.0
0.0
0.0
0.0
1.03116
0.0
0.0
6.68143
0.0
0.0
2.684
0.0
0.0
0.0
0.0
0.783086
5.17744
0.0
0.0
0.0
0.0
0.125234
0.0
0.0
0.0
0.0
0.113166
0.0
0.0
0.0
0.0
0.0
0.0
0.0
0.0
0.0
1.62514
0.0
0.0
0.0
0.0
0.0554573
0.0
0.0
0.0
1.29643
0.0
0.0
3.42208
0.0
0.0
0.0
0.0
0.0
0.0
0.686823
0.0
0.0
0.0
0.0
0.0
0.0
0.0
0.0
0.0
0.0
0.0
0.0
0.0
0.0
