0.787359
0.0
0.39329
0.0
3.27862
0.0
0.0
0.0
0.0
0.0
0.0
0.879138
0.0
2.95421
0.256127
4.02419
0.0
0.070651
0.0
0.0
0.0
0.0
0.0
0.0
0.0
0.0
0.0
0.0
0.0
0.0
0.0
0.0
0.0
4.28273
0.0
0.0
0.0
0.0
0.0
0.0
0.0
0.0
5.98098
0.0
0.0
1.56301
0.0
0.0
0.0
0.924803
0.0
0.551425
0.0
0.0
0.0
0.0
0.0
0.0
0.0
0.0
0.0
0.0
0.0
3.20204
0.0
0.0
0.0
0.0
0.0
0.0
0.0
0.0
0.0
0.0
0.0
0.0
0.0
0.0
0.0
0.0
1.59564
0.0
0.0
0.0
0.0
0.0
0.0
1.10298
0.0
0.0
0.0
0.0
0.0
0.0
0.0
0.0
0.0
0.0
3.11931
0.0
0.0
0.0
0.0
0.0
0.0
0.0
0.0
0.0
0.0
2.42539
0.0
0.0
0.0
3.93227
1.45325
0.0
0.0
0.0
2.67922
0.0
0.0
0.0
0.0
0.0
0.0
0.0
0.0
6.74375
0.0
0.0
0.0
0.0
0.0
0.0
1.36076
0.0
0.0686077
0.0
1.00887
0.0
0.0
2.1471
0.0
0.0
0.0
0.0
0.0
0.0
0.0
0.0
0.0
0.0
0.0
0.0
0.0
0.0
0.0
0.125927
0.0
0.0
0.85822
0.0
0.0
0.0
0.0
0.586337
0.0
0.0
0.639006
2.89839
0.0
0.0
0.0
0.0
0.0
0.0
1.27724
0.0
0.463814
0.0
1.24357
0.0
0.0
0.0
0.0
0.536293
0.0
0.0
0.0
0.0
0.0
0.0
2.39274
1.78171
0.0
0.0
0.0
0.0
0.0
2.49373
0.0
0.0
0.0
0.29328
0.0
0.0
0.0
0.0
0.0
0.0
0.0
1.32108
0.0
0.0
0.0
1.47789
0.0
0.0
0.0
0.75474
0.0
0.729376
0.0
1.08186
1.69431
0.0
3.44919
0.0
0.0
0.0
0.0
0.0
0.0
0.0
0.0
0.0
0.0
0.197083
0.0
0.0
0.0
0.0
0.0
1.63451
0.0
0.0
0.0
0.0
0.0
0.0
0.248428
0.0
0.0
0.0
0.0
0.0
0.0
0.0
0.0
0.32329
0.0
0.0
0.0
0.0
0.0
0.0
2.02872
0.0
0.0
2.10887
1.63504
4.36318
0.0
0.0
0.0
0.0
0.0
0.0
0.0
0.0
0.199357
1.52006
0.84679
4.18931
0.0
0.0
0.0
0.0
0.0
0.0
0.0
0.0
0.0
0.0
3.19058
1.83291
0.0
0.0
0.0
0.0
0.0
3.31799
0.0
0.0
0.0
0.0
0.0
0.0
0.905116
0.594961
0.0
0.0
0.0
0.0
0.0
0.0
0.0
0.0
0.0
0.0
0.0
0.0
0.0
0.0
0.0
0.0
0.0971438
0.0
0.0
0.0
0.0
0.0
0.0
0.0
0.0
0.0
0.0
0.0
0.0
0.0
0.0
0.0
0.0
0.0
0.902678
0.0
0.0
0.0
1.67058
0.0
0.0
0.0
0.0
0.0
0.0
0.0
0.0
2.04916
0.0
0.689922
0.0
0.0
0.0
0.0
0.0
1.99937
0.0
0.0
0.0
0.0
0.0
0.0
0.0
0.0
0.0
1.53019
0.0
0.0
0.0
0.0573889
0.0
0.0
0.0
0.775174
0.815961
0.0
0.0
4.47343
1.10839
0.076473
0.0
0.0
0.0
1.23824
0.0
3.33032
4.60631
0.0
0.0
0.0
0.0
0.0
0.0
0.0
0.0
0.0
0.0
0.0
0.0
0.0
0.0
0.0
0.0
0.0
0.0
0.0
0.0
0.0
0.0
4.39311
0.0
0.0
0.223847
0.0
0.0
0.0
0.0
0.0
0.0
1.13435
2.16898
0.0
0.0
0.0
0.0
0.0
0.0
0.0
1.39341
0.0
0.0
0.0
0.0
0.0
0.0
0.0
0.0
0.0
0.709355
0.0
0.0
0.0
0.0
4.17261
0.0
0.0
0.0
0.0
0.0
0.0
0.0
0.365802
0.0
0.0
0.0
2.79161
0.0
0.0
0.0
4.33585
0.0
0.0
0.0
0.0
0.0
2.46717
0.0
0.0
0.60488
0.0
0.300038
0.0
0.0
1.40141
0.0
0.0
0.0
0.0
0.0
0.303581
0.0
0.0
0.0
0.0
0.0
2.36936
1.34504
0.0
0.0
0.0
0.0
0.0
0.0
0.0
2.36199
0.0
0.0
0.0
0.0
0.0
0.0
1.42832
0.0
0.0
0.0
0.0
0.0
1.52163
0.0
0.0
0.0
0.3484
0.0
2.33192
0.0
2.20832
0.0
0.0
0.0
0.0
0.0
0.0
3.37617
2.5884
0.0
0.0
2.65035
0.0
0.0
0.0
0.0
0.0
3.72469
0.352066
0.0
0.0
0.0
0.0
0.0
0.0
0.0
0.0
0.0
0.0
0.0
0.0
0.182745
0.0
0.0
0.0
0.0
0.0
0.0
0.0
0.0
0.0
0.540003
0.0
0.0
0.0
0.0
0.0
0.0
0.817965
1.00473
0.114066
0.0
0.0
0.0
0.0
0.0
0.0
1.3746
0.0
0.0
0.0
1.12602
0.0
0.0
0.0
0.0
0.0
3.70647
0.0
0.0
0.0
0.0
0.0
0.0
0.0
0.0
0.0
0.0
0.0
2.78997
0.0
0.0
0.0
0.0
0.0
3.1791
0.0
0.0
0.0
1.74242
0.566619
0.0
0.0
0.0
0.0
6.56816
0.0
0.0
0.0
3.64646
0.0
0.0
0.0
0.0
0.0
0.0
0.0
0.0
0.0
0.0
0.0
0.468542
0.0
0.0
0.0
0.0
0.0
0.0
0.871208
0.0
0.0
0.0
0.0
0.0
0.0
0.0
0.31391
0.0
0.0
0.0
0.0
0.0
0.161315
0.0
0.0
2.80077
5.76732
0.0
0.0
0.0
0.0
0.0
0.0
0.0
0.0
0.0
0.0
0.0
0.0
0.395933
0.0
0.0456638
0.0
0.0
0.0
0.0
0.0
0.0
2.16557
0.0
0.0
0.0
0.0
0.0
0.0
0.0
0.0
0.0
0.0
0.0
0.0
0.0
0.0
0.0
0.0
0.0
0.789708
0.0
0.0
0.0
0.0
0.0
0.0
0.0
0.0
0.0
0.0
0.86482
0.0
0.0
0.0
0.0
0.0
0.0
0.0
0.0
1.15104
0.0
0.0
0.0
1.54441
0.0
0.0
5.00195
1.45113
0.0
0.0
0.0
0.0
1.64745
2.28646
0.0
0.0
4.33731
0.0
0.262985
0.0
0.193496
0.0
0.0
0.0
0.0
0.0
0.0
0.0
0.625204
1.04779
0.0
0.557937
0.0
0.0
0.0
0.40373
1.13117
0.0
3.64893
0.0
2.1945
0.0
0.0
0.0
0.0
0.0
0.0
0.0
0.0
0.0
0.0
1.95607
0.0
0.0
2.4391
0.0
0.0
1.33922
0.0
0.0
0.0
2.78604
0.0
0.0
1.07535
0.0
0.0
0.0
0.0
0.0
0.0
0.0
0.0
0.0
5.46159
0.0
0.0
1.45919
0.0
0.0
0.0
2.51904
0.0
1.87988
0.0
0.0
0.0
0.0
0.0
0.315539
0.0
0.0
0.0
0.0
0.0
0.0
1.47834
0.0
0.0
0.0
0.0
0.0
0.0
2.11214
0.0
0.0
0.0
0.0
0.0
3.57327
0.0
0.0
0.0
0.0
0.0
0.0
0.0
0.0
0.0
0.0
0.0
0.0
2.7062
0.987133
0.0
0.0
1.85578
2.42511
1.61923
0.0
0.753394
0.0
0.0
0.0
0.0
0.0
0.0
0.0
6.20839
1.00744
0.0
0.0
0.0
0.0
0.0
1.3553
0.0
0.0
0.0
0.0
0.0
0.0
0.144737
0.0
0.0
0.0
0.0
0.0
0.0
2.39837
0.0
0.0
0.0
0.933376
0.0
0.0
0.0
0.0
0.0
2.7199
0.0784374
0.0
0.0
0.0
0.0
0.0
0.0
0.0
0.0
0.0
0.0
0.0
0.0
0.0
0.0
0.0
3.919
0.0
0.0
0.0
0.0
0.0
0.0
0.0
0.0
0.0
0.0
0.0
0.0
0.0
0.0
0.0
0.0
0.0
0.0
0.153304
0.0
0.0
0.0
0.0
0.0
0.0
0.0
0.0
0.0
0.0
0.0
1.51874
0.0
0.0
0.0
0.0
0.435864
0.0
0.0
0.0
0.0
0.0866561
0.0
0.0
0.0
0.0
0.0
0.0
0.0
0.654345
0.0
2.37133
0.0
0.0
0.0
1.92766
0.0
0.0
0.0
4.45693
0.0
0.0
0.0
0.0
0.0
0.0
0.0
0.0
0.0
0.0
0.0
0.0
0.0
0.274943
1.80725
0.0
4.28718
5.85408
0.0
0.0
0.0
0.0
0.0
0.0
4.73021
0.0
0.0
0.0
0.0
0.0
0.0
0.0
0.0
2.40685
0.0
0.0
0.0
0.0
0.0
0.421954
0.0
0.0
0.0
0.0
0.0
0.0
3.3708
0.0
2.99581
0.0
0.0
0.790812
0.0
0.0
0.0
0.0
0.0
0.0
1.66947
0.0
0.73325
0.0
0.0
0.0
0.0
0.0
0.0
0.882732
0.0
0.0
0.0
0.0
0.0
0.0
0.418373
0.0
0.0
0.0
0.0
0.0
0.0
0.0
0.0
0.0
0.0
0.0
0.0
0.0
0.0
2.46869
3.05879
0.0
0.0
0.0
0.0
0.0
0.0
0.0
1.16102
5.55412
1.77046
0.0
0.0
0.0
0.0
0.188966
0.0
0.0
4.64013
0.0
0.0
0.0
1.81813
0.0
0.0
0.0
0.0
0.0
0.0
1.44815
0.0
0.0
0.0
0.0
0.0
0.0
0.0
0.0
0.0
2.15489
0.0
0.0
0.0
0.0
0.0
0.0
0.0
3.96188
0.0
0.0
0.0
0.0
0.0
0.0
0.902856
0.0
0.0
3.7625
0.0
0.0
0.0
0.0
0.0
0.0
0.0
0.0
0.0
0.0
0.0
0.0
0.0
0.0
0.0
0.0
0.0
0.0
0.0
1.18633
0.0
0.0
0.580066
0.0
0.0
2.21572
0.0
5.46155
0.0
0.0
0.0
0.0
0.0
0.0782132
0.0
0.884135
0.0
0.0469358
4.44224
0.0
0.0
0.0
0.0
0.0
0.0
0.0
0.0
0.0
0.56088
0.0
0.0
0.0998015
0.0
0.0
0.0
3.20179
0.0
0.0
0.0
0.0
0.0
0.0
0.0
0.0
0.0
0.0
3.00719
0.0
0.0
0.0
0.0
0.0
4.34211
0.0
0.0
0.0
0.0
0.0
0.0
0.0
0.0
0.0
0.0
0.0
0.0
0.0
3.88605
0.0
0.0
0.0
0.953809
0.0
0.0
0.0
0.0
0.0
0.0
0.0
0.0
0.0
1.16474
0.0
0.0
5.78069
0.0
1.96661
0.0
0.0
0.0
2.45028
0.0
0.0
0.0
0.0
0.0
0.0
0.0
0.0
0.0
2.00654
0.0
0.0
5.14103
0.0
0.0
0.0
0.0
0.0
3.17638
0.0
0.0
0.0
0.0
0.0
0.0
0.0
0.0
1.80035
0.0
0.0
0.0
0.0
0.0
0.0
0.123277
0.0
0.0
0.0
0.0
0.0
0.0
0.0
0.0
0.0
0.0
0.0
0.0
0.0
0.0
0.0
0.0
6.52448
0.0
1.30054
0.0
0.0
0.0
0.0
0.0
0.0
0.0
0.0
0.0
0.0
0.0
5.95939
0.0
0.829685
1.99817
0.0
0.0
0.0
0.0
0.0
1.7246
0.0
0.0
0.0
2.27157
1.12795
3.83461
0.0
0.0
0.0
0.0
0.0
0.0
0.0
0.0
0.0
0.0
0.0
0.0
0.0
0.0
0.0
0.0
0.0
0.0
0.0
0.0
0.0
0.0
0.0
0.0
0.0
0.0
0.0
0.0
0.0
0.0
0.0
2.5383
0.0
0.0
0.0
0.0
0.0
0.0
0.0
0.589572
0.0
0.0
0.0
0.0
0.0
0.0
0.0
0.0
0.0
0.0
0.0
0.0
0.0
0.0
0.341571
0.0
0.0
0.143707
0.0
0.0
0.0
0.0
0.876833
0.0
2.89783
0.0
0.0
0.0
0.0
0.0
3.18167
0.0
0.0
0.0
0.35872
1.27051
0.0
0.0
2.07665
2.13825
0.0
0.0
0.0
0.0
0.0
0.0
0.0
0.0
0.0
0.27359
2.119
0.0
0.0
0.0
0.0
0.0
0.0
0.0
0.0
0.0
1.69834
2.01626
0.0
0.0
0.0
0.0
0.0
0.0
1.44126
0.0
0.101945
0.0
3.43932
0.0
0.543409
0.0
0.0
0.194892
0.0
0.0
0.0
0.0
0.0
0.0
0.0
5.98465
0.0
0.0
0.0
0.0
0.0
0.0
0.0
0.0
0.0
0.0
2.31999
0.0
0.0
0.0
0.0
0.0
3.84604
0.0
0.0
0.0
0.0
0.0
0.0
0.0
0.0
0.0
0.0
0.0
0.0
2.15301
0.0
0.0
0.0
4.44138
0.0
0.0
0.0
1.05499
0.0
0.0
0.0
0.0
0.0
0.0
0.0
0.0
0.0
0.0
0.0
0.0
0.0
0.0
0.0
0.0
0.0
0.0
0.0
0.0
0.0
1.01303
0.0
0.807525
0.0
1.64524
0.0
0.0
0.0
0.0
0.0
0.0
0.0
0.21944
6.64118
0.0
0.0
2.21007
0.0
0.0
0.0
0.0
0.0
0.0
0.0
0.0
0.0
0.0
0.0
0.0
0.0
0.00157437
0.0
0.0
0.0
0.0
0.0
0.0
0.0
3.69838
0.0
0.0
2.87988
0.0
0.0
0.0
0.664179
0.0
0.811223
2.9692
1.77102
0.0
8.49782
0.0
0.0
0.0
0.0
0.0
0.0
0.0
0.0
0.0
0.0
0.692571
0.0
0.0
0.0
0.0
0.0
1.23482
5.63025
0.0
0.895893
0.0
0.0
0.0
0.0
0.0
0.553909
1.7435
0.0
0.0
0.700713
0.0
0.0
0.0
0.0
0.0
0.0
0.0
0.0
0.0
0.0
0.0
0.0
0.0
0.0
0.0
0.0
0.0
0.0
0.0
0.0
0.0
0.0
0.0
0.0
0.0
2.51214
0.0
1.42039
0.0
0.0
0.0
0.0
0.0
1.71816
0.882922
0.0
0.0
0.0
0.0
0.0
0.0
0.0
1.31984
0.0
0.0
0.0
1.9653
0.0
0.0
0.0
2.22189
0.0
0.0
0.0
0.0
0.0
0.0
0.0
0.0
0.0
0.0
0.810424
0.853225
1.64937
2.90315
0.0
0.0
0.0
0.0
0.0
0.0
8.32934
0.0
0.0
0.0
0.0
0.0
0.0
0.0
0.0
0.0
0.0
0.0
0.0
0.0
0.0
0.0
0.0
0.0
0.0
3.38094
0.0
0.0
0.0
0.0
4.96415
0.0
0.0
0.0
0.0
0.0
0.0
0.0
0.0
1.66548
0.0
0.0
0.0
0.0
0.0
0.0
0.0
0.0
0.0
0.0
0.0
0.0
0.0
0.0
0.0
0.0
0.0
0.0
0.0
0.154343
0.0
0.0
0.0
0.0
0.0
0.0
1.68975
0.0
0.0
0.0
0.0
0.0
2.72494
0.0
0.0
0.0
0.0
0.0
1.32017
0.0039995
0.0
0.0
0.0
0.0
0.0839192
0.0
0.0
1.23034
0.0
0.621238
0.0
0.647107
0.0
0.0
0.0
0.0
0.0
0.0
0.0
0.0
0.0
0.0
0.0
0.0
0.0
0.0
0.0
0.0
0.0
0.0
0.0
0.0
0.0
0.0
0.0
0.0
0.0
1.12269
0.0
0.0
0.0
4.65471
0.0
0.0
0.0
0.0
0.0
0.0
0.954279
1.31535
0.0
0.0
0.0
0.0
0.0
0.0
0.0
2.72948
0.0
0.0
0.0
0.0
0.0
0.0
0.0
0.0
0.0
0.0
0.0
0.0
0.0
0.0
0.0
0.0
0.0
0.0
0.0
0.0
0.0
0.0
0.0
0.0
0.0
0.0
0.0
0.0
0.0
0.0
0.0
0.0
0.0
0.0
0.0
0.0
0.0
1.76829
0.0
0.0
0.0
0.0
0.0
0.0
0.0755774
0.0
0.324135
0.0
0.0
1.95808
1.16003
0.0
0.0
0.0
0.0
0.0
0.0
1.51118
0.0
0.0
0.0
0.0
0.0
0.0
0.0
0.0
0.0
0.0
0.0
0.0
0.0
0.0
1.4325
0.0
0.0
0.0
0.0
0.0
0.0
0.0
0.0
3.37102
0.0
0.0
0.0
0.0
0.0
3.43849
0.0
0.0
0.0
0.0
0.0
0.0
0.0429103
1.49485
0.0
0.0
0.0
2.70155
0.0
0.0
0.0
0.0
0.0
0.0
0.0
0.0
0.0
0.0
0.0
3.23842
0.0
0.0
0.0
0.0
0.158099
0.0
2.98015
0.0
0.0
0.0
0.0
0.0
0.0
0.0
2.56572
0.0
0.0
0.0
0.0
0.0
3.89442
0.0
0.0
0.0
0.0
0.0
0.0
0.0
0.743611
0.0
0.0
0.0
0.0
0.0
0.0
0.0
0.0
0.0
3.04729
0.0
0.0
0.0
0.0
0.0
0.0
0.0
0.0
2.02264
0.0
0.0
0.0
0.461886
0.0
0.0
0.0
0.0
1.14862
0.0
0.0
0.0
0.0
0.0
1.61021
0.0
0.0
0.0
0.0
0.0
0.0
0.0
0.0
0.0
0.0
0.0
0.0
0.0
0.0
0.0
0.0
0.0
0.0
0.0
0.0
6.4128
0.0
1.3924
0.997836
0.0
0.0
0.0
1.3589
0.0
0.0
1.16158
0.0
0.0
0.0
0.0
0.0
0.0
0.0
0.0
0.0
1.93461
0.0
1.20697
1.58379
0.0
4.0556
0.0
0.0
2.43475
0.0
0.0
0.0
0.0
0.0
0.0
3.93134
0.590329
0.0
0.0
2.26083
3.64563
0.0
0.0
3.53479
2.37845
0.778578
0.0
0.0
0.0
0.0
0.0
0.0
0.0
0.0
0.0
0.0
0.0
0.0
0.0
2.68152
0.0
0.0
1.9224
0.0
0.0
0.0
0.0
1.45011
0.0
0.0
0.0
0.0
4.3875
0.0
0.0
0.0
0.0
1.76905
0.0
0.0
0.0
0.0
0.0
0.0
1.95229
0.588307
1.33585
0.0
0.0
0.0
0.0
0.0
0.0
0.0
0.0
0.0
4.71551
0.0
0.0
0.592891
0.0
2.17484
0.0
0.0
0.0
0.0
0.0
0.266009
0.0
2.6133
0.0
0.0
0.0
0.0
0.0
0.0
2.3631
0.0
0.0
1.71308
0.0
0.0
6.01365
0.0
0.0
0.0
0.0
0.0
0.0
0.0
0.0
0.0
0.0
0.0
0.0
0.0
0.0
0.0
0.148716
1.09372
0.0
0.0
0.0
0.0
0.0
0.0
0.0
0.0
0.0
0.0
0.0
0.0
1.43287
0.0
0.0
0.0
8.82463
0.0
0.0
0.0
0.0
0.0
0.0
0.0
7.34531
0.0
1.56634
0.0
0.0
0.645782
0.0
0.0
0.0
0.0
0.886294
0.0
0.0
0.0
0.0
1.74615
0.0
0.0
0.0
0.0
1.00941
0.0
0.0
0.0
0.0
0.0
4.83396
2.55292
0.0
0.0
0.0
3.80882
0.0
0.0
0.0
2.41349
0.0
0.899889
0.0
0.0
0.927019
0.0
0.0
0.0
0.0
0.0
0.0
0.0
0.0
1.79389
0.0
0.0
0.0
0.0
2.80375
0.0
0.0
0.0
0.0
0.0
2.98599
0.0
0.0
0.0
2.09092
0.0
0.0
0.0
0.0
0.0
0.0
0.0
0.0
0.0
0.0
2.32111
0.0
0.0
0.0
0.0
0.0
0.0
1.78961
0.0
0.0
0.0
0.0
0.0
0.0
0.0
0.0
0.0
0.0
0.0
0.0
0.0
0.0
1.02172
0.0
0.0
0.0
4.50924
0.0
0.0
2.34154
0.0
0.0
0.0
0.0
0.0
0.0
0.0
0.616082
0.0
0.0
0.032126
0.0
0.0
0.0
0.0
0.0
1.61134
2.79933
0.0
0.0
0.0
0.0
5.12186
0.0
0.0
0.0
0.0
0.0
0.0
2.55262
0.0
5.41571
0.0
0.0
0.0
0.0
0.0
0.0
0.0
0.0
0.0
0.0
0.0
0.0
0.0
0.0
0.0
0.0
0.26877
0.0
0.0
0.0
2.8794
0.0
0.0
6.09925
0.0
0.0
0.759717
0.0
0.0
0.0
0.0
0.0
0.0
0.0
0.0
0.0
0.0
0.0
0.0
0.0
0.0
0.0
0.0
0.0
5.59146
2.08076
0.0
0.0
2.12802
0.0
0.0
0.574138
1.59355
2.78283
0.0
2.79952
0.0
0.0
1.54968
0.0
0.641132
0.0
1.18578
0.0
4.42637
0.0
0.0
0.0
0.0
0.0
0.0
0.0
0.0
0.0
0.0
0.0
0.0
0.0
3.08208
0.0
0.0
0.0
0.0
0.0
0.0
0.0
0.0
0.0376446
0.0
0.0
0.0
0.0
0.0
1.88862
0.0
0.0
0.0
0.0
0.0
0.0
0.0
0.0
0.0
0.0
0.0
0.0
0.0
0.0
0.0
0.735311
0.0
0.0
0.0
0.0
0.0
0.0
0.0
1.85177
0.0
0.0
0.0
0.715824
0.0
0.0
1.92322
0.0
0.0
0.0
3.14231
0.0
0.0
0.0
1.73065
0.0
0.0
0.0
0.0
0.0
0.0695695
0.0
0.0
0.0
1.14328
0.0
0.0
0.0
0.0
1.32309
0.0
1.30257
0.0
0.0
0.0
0.0
0.0
0.0
0.0
2.87128
0.0
0.0
0.0
0.0
0.0
0.0
2.90152
0.0
0.0
0.0
0.0
0.937894
0.0
0.0
0.0
0.0
0.0
0.0
2.98279
0.0
0.452055
0.0
0.0
0.0
0.0
0.0
0.0
0.0
0.0
1.43056
4.77087
0.0
0.0
0.0
0.0
0.0
0.0
0.0
0.15084
0.0
0.0
0.0
0.0
0.0
0.0
0.0
0.0
1.0337
1.21294
0.597763
0.0
0.0
0.0
0.0
0.0
0.0
0.0
0.0
0.0
0.0
0.0
0.0
0.0
4.76662
0.0
0.0
0.0
0.0
0.0
0.0
0.0
0.0
0.0
0.0
0.0
0.0
0.0
2.07385
0.0
0.752509
0.0
0.0
0.0
0.0
0.0
0.0
0.0
0.0
0.0
0.0
0.0
0.0
0.0
0.0
0.0
0.0
0.0
0.0
3.24394
0.0
0.0
0.0
0.0
0.0
0.0
0.0
0.0
0.0
0.0
0.0
0.0
0.0
0.695337
0.0
1.35512
0.0
0.733095
0.0
1.4526
0.0
0.0
0.0
0.0
0.0
0.0
0.0
0.0
0.0
0.0
0.0
0.0
1.68047
0.0
0.0
0.0
0.0
0.0
0.0
0.0
0.0
0.22371
0.0
0.0
0.0
3.07748
0.0
0.0
0.0
0.0
0.0
0.0
0.0
0.0
0.0
0.0
0.0
1.51001
0.0
0.0
0.415585
0.0
0.0
0.0
0.0
0.0
0.0
0.0
0.0
0.0
0.0
0.0
0.0
0.0
0.0
0.0
0.0
0.0
0.0
0.0
0.0
0.0
0.0
0.0
0.0
0.0
0.0
0.0
0.0
0.0
0.0
0.0
0.0
0.0
0.0
0.0
0.0
0.0
1.67875
0.0
0.0
0.0
0.176533
3.59031
0.0
3.69504
4.07149
0.0
0.399044
0.0
1.2763
0.0
0.0
0.0
0.0
2.62586
2.7507
0.0
0.0
0.338243
0.206003
1.4474
0.0
0.0
0.241346
0.0
0.0
1.68424
0.0
0.0
0.0
0.0
0.0
0.0
0.0
0.0
0.563757
0.0
0.0
1.48101
1.49728
0.0
0.0
0.0
0.18233
0.0
0.0
0.0
0.0
2.98934
0.0
0.0
0.0
0.0
1.04076
0.0
0.231789
0.0
0.0
0.0
0.0
0.0
0.0
0.0
0.0
0.0
0.0
0.139422
0.0
0.0
2.82053
1.34948
0.0
0.0
0.668248
8.86543
0.0
0.0
0.0
1.44353
0.0
0.0
3.1079
0.0
0.0
0.0
0.0
0.0
0.0
0.0
0.0
0.0
0.0
0.0
0.0
1.31047
3.5438
0.0
1.9355
0.0
0.0
2.02704
0.0
0.0
0.0
0.0
0.0
0.0
0.0
0.732241
0.0
0.0
0.0
0.0
0.0
0.0
0.0
0.0
0.973369
0.0
0.482056
0.741497
0.0
0.0
0.0
0.178807
0.0
0.0
0.0
1.1113
0.637046
0.0
0.0
0.0
0.0
0.0
0.0
0.0
0.0
0.0
0.0
0.0
0.0
0.0
0.0
0.0
0.0
1.59809
1.52647
0.0
2.9256
2.3113
0.0
0.0
0.791032
0.0
0.0
0.0
0.414521
0.0
0.0
0.42685
0.0
1.67321
0.0
0.2988
0.0
0.827223
0.0
0.0
0.0
0.0
0.0
0.0
0.0
0.0
0.78265
0.0
0.0
0.0
0.0
0.0
0.0
0.0
0.0
0.0
0.0
0.0
0.0
0.0
0.0
0.0
0.0
0.0
0.0
0.0
0.0
0.0
3.07541
0.0
0.0
0.0
0.0
0.0
0.0
0.0
0.0
0.0
0.0
0.0
6.23182
2.86986
1.20547
0.0
0.29826
0.0
0.0
4.14656
0.0
0.0
0.56926
0.0
0.0
0.0
0.0
0.0
2.51418
0.0
0.0
0.0
0.0
0.0
2.88999
0.0
1.3977
0.0
0.0
0.0
3.83094
2.27002
0.0
0.0
0.0
0.0
0.0
0.0
2.70885
0.0
0.0
0.0
0.0
0.0
0.0
0.0
0.0
0.0
0.0
0.0
0.0
0.0
0.0
0.0
0.0
0.0
0.0
2.82552
0.0
0.0
0.0
0.0
0.0
0.92363
0.0
0.0
0.0
0.0
0.670225
6.03645
0.0
0.0
0.0
0.0
0.0
0.0
0.0989227
0.0
0.574679
0.0
0.0
0.34137
0.384435
0.0
0.642385
0.114854
1.01627
0.0
0.0
0.0
0.0
0.0
0.0
0.0
0.0
0.0
1.40344
0.0
0.332846
0.0
0.0
0.0
0.0
0.0
0.0
0.853369
0.0
0.0
0.0528134
0.0
0.0
2.23111
0.0
0.0
0.0
0.0
0.0
0.0
0.533799
0.0
0.0
0.0
0.0
0.0
0.0
0.0
0.0
0.0
3.82487
0.0
0.0258959
0.874916
0.0
0.0
0.0
1.9782
0.0
0.0
0.0
0.0
0.177314
0.0
5.21757
0.0
1.49458
0.0
0.0
0.0
0.0
0.0
0.0
0.0
0.0
0.0
0.0
0.0
0.0
0.0
0.0
5.31525
0.0
0.0
0.0
0.0
0.0
0.0
0.0
2.741
0.0
0.0
0.0
0.0
0.0
0.0
0.0
0.0
0.576837
0.0
0.0
0.0
0.770563
0.0
0.0
0.0
0.0
0.0
0.0
0.0
0.0
0.0
0.0
0.0
0.0
0.236028
0.0
0.0
0.0
0.0
0.0
0.0
0.0
0.0
2.34211
0.17277
0.0
0.0
5.04466
0.0
0.0
0.0
0.0
0.0
0.0
0.0
0.0
0.187491
1.14187
1.27382
0.0
0.0913054
0.0
0.0
0.0
0.0
0.0
0.0
0.0
0.0
0.0
0.0
0.0
0.0
0.0
0.0
2.22978
0.0
0.0
0.0
0.0
0.0
0.0
0.822847
0.0
2.69947
0.0
0.0
0.0
0.0
0.0
0.0
0.0
0.0
2.63673
0.0
0.0
0.0
0.0
0.0
0.0
0.0
0.0
0.0
5.91193
0.0
0.0
0.0
0.0
0.0
0.0
0.0
0.817419
0.0
0.0
0.0
0.0
0.0
0.0
0.0
0.0
0.0
0.0
0.0
2.01932
0.0
0.0
0.0
0.0
0.0
0.329263
0.0
0.439369
0.0
0.0
0.0
0.0
0.0
0.0
1.70817
0.0
0.0
0.0
0.0
0.0
0.0
0.0
0.0
0.0
0.0
0.0
0.0
0.0
0.0
0.0
0.0
0.93574
0.0
0.0
0.0
0.0
0.729392
0.0
0.0
0.0
0.0
2.12823
0.0
0.0
0.0
0.456307
0.978663
0.0
0.0
0.0
0.0
0.0
0.0
0.0
0.0
0.0
0.0
0.0
0.0
2.46205
0.0
0.0
0.0
0.0
0.0
0.0
0.0
0.0
0.0
0.0
0.0
0.0
0.0
0.0
0.0
0.0
0.0
0.0
0.0
0.0
0.0
0.283416
0.0
0.0
3.07986
0.0
0.0
0.0
1.27044
0.0
0.0
0.0
0.0
0.324962
0.0
0.0
0.0
0.0
0.0
0.0
0.0
6.32087
0.0
0.0
0.0
0.0
0.0
3.58204
0.0
0.0
0.0
0.0
0.0
0.868384
0.0
0.199161
0.0
0.0
0.0
0.128153
0.0
0.0
0.0
0.0
0.0
0.0
0.0
0.0
0.0
2.59238
0.0
0.0
0.0
0.0
0.232528
0.0
0.0
0.0
0.0
0.0
0.0
0.0
3.24558
0.0
0.57739
0.0
0.0
0.0
0.0
0.0
0.0
0.0
2.05225
0.0
0.0
0.0
0.0
0.0
0.0
0.0
0.0
1.2564
0.0
0.0
0.0
5.02505
0.0
0.0
0.0
0.0
0.0
0.0
0.0
0.0
0.0
0.0
0.0
0.0
0.0
0.0
0.0
2.96089
0.0
0.793278
0.0
0.0
0.0
0.0
0.0
0.0
0.0
0.0
0.0
0.0
0.0
0.0
0.0
0.0
0.0
0.0
0.0
3.21805
0.0
0.0
0.0
0.0
0.0
0.0
0.0
0.0
0.467799
0.0
0.0
0.0
2.70987
0.0
0.0
0.0
0.0
0.0
0.0
1.90478
3.60884
0.0
0.0
0.849188
0.0
0.0
0.0
0.0
0.0
0.0
0.0
0.0
0.0
0.0
0.0
0.0
0.0
0.0
0.0
0.0
0.0
0.0
0.435309
0.0
0.0
0.0
0.0
0.0
0.0
0.0
0.0
0.0
0.0
0.0
0.0
0.0
0.0
5.73743
0.0
0.0
0.0
0.0
0.0
0.0
1.11084
0.0
0.0
0.0660279
0.0
0.0
0.0
0.0
0.0
6.75911
0.0
0.0
0.0
0.0
0.0
0.0
0.0
0.0
0.0
0.0
0.963388
2.59366
2.6022
0.0
0.0
0.0
0.0
1.14397
0.0
0.0
0.0
0.0
0.0
0.0
1.61956
0.0
0.0
0.0
0.0
0.0
0.0
0.0
0.0
0.0
0.0
2.92967
0.0
0.7475
0.0
0.0
0.0
0.0
0.199442
0.0
0.0
0.0
0.0
1.78421
3.19194
1.30219
0.574172
0.0
0.0
0.0
0.0
0.0
3.1744
0.0
0.0
0.0
0.0
0.0
0.0
0.0
0.0
0.0
0.0
0.0
0.0
0.0
0.0
0.0
0.0
0.0
4.67197
0.0
3.8176
0.812328
0.0
0.0
0.0
0.0
0.0
0.0
0.0
0.0
0.0
0.0
0.0
0.0
0.0
0.0
0.0
0.0
0.0
0.0
0.0
0.0
0.0
0.0
0.0
0.0
0.0
0.0
0.0
0.0
0.0
2.87257
0.0
0.0
0.0
0.0
0.0
0.0596799
0.0
0.0
0.0
0.0
0.0
0.0
0.0
0.0
0.0
0.0
0.0
0.0
0.0
0.0
3.63607
0.0
0.0
0.0
0.0
0.0
0.0
0.0
0.0
0.0
0.0
0.0
0.0
0.0
0.0
0.0
0.0
0.0
0.0
0.0
3.94674
0.0
0.0
0.0
0.0
0.0
0.0
0.0
0.0
0.0
0.326406
0.0
0.0
0.0
0.0
0.0
0.0
2.72283
0.0
0.0
0.0
1.66899
0.0
0.518579
0.0
0.0
0.0
0.0
0.0
0.0
3.26451
0.9995
0.0
0.0
0.0
0.0
0.0
3.7124
0.0
1.61404
0.0
0.0
6.44647
0.94502
0.0
0.0
0.0
0.0
0.0
0.0
0.0
0.0
0.0
0.0
0.0
0.0
0.0
0.0
0.0
0.0
0.0
0.348467
0.0
0.0
2.29257
0.0
0.0
0.0
0.0
0.0
0.0
0.0
0.0
1.50358
0.0
0.0
0.0
1.46288
0.0
0.0
0.0
0.0
0.0
0.0
0.0
0.0
0.0
0.0
0.0
0.0
0.0
0.0
0.0
0.0
0.0910311
0.0
1.67229
1.54939
0.0
3.16826
0.0
0.0
0.0
0.0
0.0
0.0
0.0
0.0
0.0
0.0
0.0
0.0
0.0
0.0
0.0
0.0
0.0
0.0
0.0
5.15321
0.0
0.0
0.0
0.388344
0.0
0.0
0.0
0.0
0.0
4.096
0.0
2.49505
0.0
0.0
0.0
0.0
0.0
3.10489
0.0
1.24642
0.0
0.0
0.0
0.0
0.0
0.0
0.0
0.0
1.42708
1.47086
0.0
0.0
0.0
0.0
2.24678
0.0
0.0
0.0
0.0
0.0
3.35822
0.824177
0.0
0.0
0.0
0.0
1.07717
0.0
1.32612
0.0
0.0
0.0
0.0
0.0
0.0
0.0
0.0
0.0
0.0
0.0
0.0
0.0
0.0
0.0
0.0
0.0
0.691862
0.0
0.0
0.0
0.555002
0.0
3.38948
0.0
0.0
0.0
0.131859
0.0
0.0
0.0
0.0
0.0
6.33237
2.07188
0.198223
0.0
0.0
1.15532
0.0
0.0
0.0
0.0
2.94463
0.0
0.0
6.74035
0.0
0.0
0.0
0.0
0.823045
0.0
0.0
0.0
0.0
0.0
0.633207
0.0
0.0
0.0
0.0
0.0
0.0
0.0
4.18333
0.0
0.0
0.0
0.0
0.0
0.0
0.0
3.17697
0.0
0.0
0.0
0.0
2.86088
0.0
0.0
0.0
0.0
0.0
0.0
1.08842
0.0
0.0
0.0
0.0
0.0
0.0
1.87712
0.0
0.0
4.64768
0.0
2.81986
0.0
0.0
0.0
0.0
2.33773
0.0
1.02821
0.0
0.0
0.0
0.0
0.0
1.55551
0.693585
0.0
0.0
0.0
0.0
0.0
0.0
0.0
0.0
0.0
0.0
0.0
0.0
0.0
0.443013
0.0
0.0
0.0
0.541295
1.24049
0.0
0.0
0.0
0.0
0.0
0.0
0.0
0.0
0.0
0.0
0.0
0.0
0.0
2.04121
0.0
0.0
0.0
0.0
0.0
2.33864
0.0
0.0
0.0
4.40528
0.843442
0.0
3.01761
0.0
2.49355
0.0
0.0
0.0
0.0
1.81485
2.72505
0.0
0.0
0.0
0.179857
0.0
0.0
0.0
0.0
0.0
0.0
0.0
0.0
1.91355
1.55036
2.92215
0.0
0.0
0.0
0.0
0.0
0.0
0.0
0.0
0.0
2.66963
0.0
0.0
0.0
0.0
0.0
0.0
0.0
0.0
3.72189
0.0
0.0
4.18175
0.0
0.0
0.0
0.0
0.0
0.0
0.325064
0.0
1.66967
0.0
0.0
0.0
0.0
4.54475
0.0
0.0
1.36905
0.0
0.0
1.82775
0.0
0.0
3.27752
0.0
0.0
0.0
0.0
0.0
0.0
0.0
0.0
0.0
0.0
0.0583277
0.0
0.0
0.0651246
0.0
0.0
4.33978
1.53243
0.0
0.0
0.0
0.0
0.101287
0.0
0.0
0.0
0.0
0.0
0.0
0.0
0.0
1.2027
0.0
0.649584
0.0
2.51287
2.74471
0.0
0.0
0.0
0.0
0.0
0.0
0.0
0.0
0.0
3.98256
0.0
1.80395
0.0
0.0
0.0
0.0
0.0
0.0
0.0
0.0
0.0
0.0
0.0
0.0
0.0
0.0
1.41298
0.0
0.0
0.0
0.0
0.0
0.0
0.0
0.0
1.64882
0.0
0.0
0.0
0.0
0.0
0.0
0.0
2.90062
0.0
0.0
0.0
0.0
0.0
0.0
0.0
0.0
0.0
1.23263
0.0
0.0
3.1992
0.0
0.0
3.18291
0.0
0.0
0.0
0.0
1.22938
4.81897
0.0
0.0
0.0
0.0
0.0
1.49031
0.0
0.0
0.0
0.0
0.0
0.0
0.0
0.0
0.0
0.0
0.0
0.0
0.0
0.0
0.0
0.0
0.0
2.49594
2.87555
0.0
1.27674
0.0
2.73714
0.0
0.0
7.80325
0.0
0.0
0.0
0.0
0.0
0.0
1.32148
0.0
0.0
0.0
0.0
0.0
0.0
0.0
0.0
0.0
0.0
0.0
0.986723
0.0
0.0
