0.0
0.0
2.073
0.0
0.924614
0.0
0.0
0.0
0.0
0.0
0.0
0.0
0.0
0.281464
0.0
0.763088
0.0
0.0
0.652059
0.0602607
0.0
0.0
0.0
0.0
0.0
0.0
0.0
0.0
0.0
0.0
0.0
3.62623
0.0
5.69745
0.0
0.0
0.0
0.0
0.0
0.0
0.0
0.0
0.656482
0.0
0.0
2.85282
0.0460051
0.0
0.0
5.56091
0.0
0.0
0.0
0.0
0.0
0.0
0.0
0.0
0.0
0.0
0.0
0.0
0.0
4.33644
0.0
0.0
0.0
0.0
0.0
0.0
0.0
0.0
0.0
0.0
0.0
0.0
0.0683474
3.95134
0.0
0.0
0.0
0.0
0.0
0.0
1.6189
0.0
0.0
0.0
0.0
0.0
0.0
0.0
0.0
0.0
0.0
0.0
0.0
0.0
1.90701
0.0
0.0
0.0
0.0
0.0
0.0
0.0
2.14149
0.0
0.0
1.01131
0.0
0.0
0.0
0.0559758
0.168624
0.0
0.0
0.489546
4.33348
0.0
0.0
0.0
0.0
0.0
0.0
0.0
0.0
4.37686
0.0
0.0
0.0
0.0
0.0
0.0
0.536851
0.0
0.0
1.74337
0.182993
0.0
0.0
0.617144
0.0
0.0
0.0
0.0
0.0
0.0
0.0
0.0
0.0
0.0
0.0
0.0
0.0
0.0
0.0
0.0
0.0
0.0
0.0
0.0
0.0
0.0
0.0
0.0
0.0
0.0
0.0
0.0
0.0
0.381652
0.482765
1.60417
0.0
0.0
0.895676
0.0
0.0
0.0
4.28268
0.0
0.0
0.0
0.0
0.0
0.0
0.0
0.0
1.48014
0.0
0.0
0.475312
0.0
0.0
0.0
0.0
0.0
0.0
3.07206
0.0
3.59037
0.0
0.0
0.0
0.0
0.0
0.0
0.0
0.0
0.0
0.0
0.0
0.0
0.0
0.0
0.174743
0.0
0.0
0.0
0.0
1.23223
0.0
0.0
0.704295
0.0
0.121605
1.86605
0.0
0.0
0.0
0.0
0.0
0.0
0.0
0.0
0.0
0.0
0.0
0.0
0.0
0.0
0.0
0.268865
0.0
0.0
0.0
2.27927
0.0
0.0
0.840347
0.0
0.0
0.0
0.0
0.0
0.0
0.0
0.0
0.127251
0.0
0.0
2.21503
0.0
0.0
0.0
0.0
0.0
0.0
2.27835
0.0
0.0
0.0
0.0
0.0
0.0
0.0
0.265238
0.0
0.0
0.0
0.0
2.27736
2.51865
0.0
0.0
0.0
0.0
0.0
0.0
0.0
0.0
0.355848
0.0
2.54832
0.0
0.0
0.0
0.0
0.0
0.0
3.92562
0.701474
0.0
0.0
1.02984
0.0
0.0
1.63126
0.0
0.0
0.0
0.0
0.0
0.0
0.0
0.0
0.0
0.0
0.0
0.0
0.0
0.0
0.0
0.0
0.0
0.482226
0.0
0.0
1.10357
0.0
0.0
0.0
0.0
0.124441
0.0
0.0
0.0
0.0
0.0
0.0
0.0
0.0
0.0
0.0
0.0
0.0
0.0
0.0
0.0
0.0
0.264068
0.0
0.0
0.382804
0.0
0.0
0.0
0.0
1.10817
0.0
0.0
0.0
0.0
0.0
0.0
0.0
0.0
0.0
0.0
0.0
0.0
0.0
0.0
0.0
0.0
0.0
0.0
0.0
3.44255
0.0
0.0
0.0
0.0
0.0
0.0
0.0
1.02402
0.0
0.0
0.0
0.0
0.0
0.0
0.0
3.423
4.93085
0.0
0.0
0.0
0.0
0.0
0.0
0.0
1.70108
0.0
0.0
0.0
0.0
0.0
0.0
0.0
0.0
0.0
2.53724
0.0
0.0
0.0
0.0
0.0
0.0
0.0
0.0
0.0
0.0
0.0
0.0
0.0
0.0
0.0
6.92755
0.0
0.0
1.32457
0.0
0.0
0.0
0.0
0.0
0.0
0.0
2.21561
0.0
0.0
0.0
0.0
0.0
0.0
0.0
0.0
0.0
0.0
0.0
2.66632
0.0
0.0
0.0
0.0
0.0
0.0
0.0
0.569609
0.0
0.0
0.0
2.99022
0.0
0.0
0.0
3.58711
0.0
0.0
0.0
0.0
0.0
0.0
0.328987
0.0
0.242006
0.0
0.0
0.0
0.0
2.16625
0.0
0.0
0.0
0.0
0.0
0.0
0.0
0.0
0.0
0.0
0.0
0.0
0.59862
0.0
0.0
0.0
0.0
0.0
0.0
0.0
0.0
0.0
0.0
0.0
0.0
0.0
0.0
6.37391
0.0
0.0
0.0
0.0
0.0
5.55482
0.0
0.0
0.0
0.0
0.0
0.0
0.0
0.0
0.0
0.0
0.0
0.0
0.0
0.0
1.67865
2.33924
0.0
0.0
3.23139
0.0
0.0
0.0
0.0
0.0
0.0
0.58056
0.0
0.0
0.0
0.0
0.0
0.0
0.0
0.0
0.0
0.0
0.0
0.0
0.0
0.0
0.380186
0.0
0.0
0.0
0.0
0.0
0.0
0.0
0.0
0.0
0.0
0.0
0.0
0.0
0.0
0.189537
0.0
0.589951
0.0
0.0
0.0
0.0
0.0
0.0
0.0
0.0
0.0
0.0
2.57883
0.0
0.0
0.0
0.0
0.0
3.71156
0.0
0.0
0.0
0.0
0.0
0.0
0.0
0.0
0.0
0.0
0.0
0.48425
0.0
0.0
0.0
0.0
0.0
0.0
0.0
1.40561
0.0
0.0
0.0
0.0
0.0
0.0
0.0
4.13302
0.0
0.0
0.0
2.96487
0.0
0.0
0.0
0.0
0.0
0.0
0.0
0.0
0.0
0.0
0.0
2.27442
0.0
0.310667
0.0
0.0
0.0
0.0
4.52797
0.0
0.0
0.0
0.0
0.0
0.0
0.0
0.0
0.0
0.0
0.0
0.0
0.0
1.46211
0.0
0.0
0.0
1.39207
0.0
0.0
0.0
0.365901
2.33279
0.0
0.0
0.0
0.0
0.0
1.03541
0.0
0.0
0.0
0.0
0.0
0.0
0.0
0.0
0.0
0.0
2.10901
0.0
0.0
0.0
0.0
0.0
0.0
0.0
0.0
0.0
0.0
0.0
0.0
0.0
0.0
0.0
0.0
0.0
0.256749
0.0
0.0
0.0
0.0
0.0
0.0
0.0
0.0
0.0
0.0
1.27865
0.0
0.714525
0.0
0.0
0.0
0.0
0.0
0.0
0.0
0.0
0.0
0.0
2.46825
0.0
0.0
4.36647
0.0
0.0
0.22885
0.0
0.0
0.0
0.0
0.0
0.0
0.0
0.0
2.07611
0.0
0.0
0.0
0.0
0.0
0.0
0.0
0.0
0.0
0.0
2.01103
1.03127
1.8717
0.0
0.0
0.0
0.0
0.0
0.0
0.921825
0.83269
0.0
0.0
0.0
0.0
0.0
0.0
0.0
0.0
0.0
0.0
0.0
0.0
0.0
0.0
0.538932
0.0
0.0
0.551891
0.0
0.0
0.0
2.70561
0.0
0.0
0.0
0.0
0.0
0.0
0.0
0.0
0.0
0.0
0.0
0.0
2.22241
0.0
0.532528
2.8758
0.0
0.0
0.0433435
0.659965
0.0
2.52855
0.0
0.0
0.0
0.0
0.0
0.0
0.0
0.0
0.0
1.14131
0.0
0.0
1.08408
0.0
0.0
1.05271
0.497402
0.0
0.0
0.0
0.0
0.0
0.0
0.0
0.0
1.19072
0.0
0.0
0.0
0.0
0.0
0.0
0.0
0.0
0.0
0.0
0.634709
0.0
0.0
0.0
0.0
0.0
0.741214
0.0
0.0
0.0
0.0
0.0
2.31653
0.0
0.0
0.0
0.0
0.0
2.16893
0.0
0.0
0.0
0.0
0.0
0.0
0.0
0.0
0.0
0.779662
0.0
0.0
0.0
0.0
0.0
0.0
0.0
0.141605
0.0
0.0
0.519617
0.0
0.0
0.0
0.0
0.0
0.0
0.0
0.0
0.0
1.15426
0.0
0.0
2.37791
0.0
0.0
0.0
0.0
0.0
0.0
0.0
0.0
0.0
1.13576
0.0
0.0
0.0
0.985344
0.886098
0.0
0.0
0.0
0.0
0.0
0.0
0.0
0.0
0.0
0.0
0.0
0.0
0.0
0.0
0.0
0.0
0.0
0.320364
0.0
0.0
0.0
0.0
0.0
0.0
0.0
0.0
0.0
0.0
0.0
0.0
0.0
0.0
0.0
2.98831
0.0
0.0
0.0
0.0
0.0
0.0
0.0
3.98118
0.0
0.0
0.0
0.965264
0.0
2.30573
0.0
0.0
0.0
0.0
0.0
0.0
3.49648
0.0
0.0
3.67747
0.626842
0.0
0.0
0.0
0.0
0.0
0.0
0.0
0.0
0.0
0.0
0.0
0.0
0.0
1.76806
0.0
1.33183
0.900519
0.0
0.0
0.0
0.0
0.0
0.0
2.58111
0.0
0.0
0.0
0.0
0.0
0.0
0.0
0.0
1.93317
0.0
0.0
0.0
0.0
0.0
0.0
0.0
0.0
0.0
0.0
0.0
0.0
3.44109
0.0
0.0
1.5789
0.0
0.422559
0.0
0.0
0.0
0.0
0.0
0.0
0.0
0.0
0.0
0.0
0.0
0.0
0.0
0.0
0.0
1.53738
0.0
0.0
0.0
0.0
0.0
0.0
0.0
0.692521
0.0
0.0
0.708451
0.0
1.05801
0.0
0.0
0.0
0.0
0.0
0.0
0.638116
0.0
0.0
0.0
0.0
0.0
0.0
0.0
0.0
0.0
0.030298
0.636885
0.895256
3.36347
0.0
0.0
0.0
0.0
0.0
0.0
0.0
0.0
0.0
0.0
0.0
0.0
0.0
0.0
0.0
0.0
0.0
0.0
1.36943
0.0
0.0
0.0
0.0
0.0
0.0
0.0
0.0
0.0
1.77633
0.0
2.60739
0.0
0.0
0.0
0.263816
0.0
0.0
0.0
0.0
0.0
0.0
0.0
0.0
1.94297
0.0
0.0
0.0
0.0
0.0
0.0
0.0
0.0
0.0
0.0
0.0
0.0
0.0
0.993639
0.0
0.0
0.0
0.0
0.0
0.0
0.0
0.0
0.0
0.0
0.0
0.0
0.0
0.0
0.0
0.0
2.24263
0.0
0.0
0.0
0.0
0.0
0.0
0.0
0.543641
0.0
0.0
3.46948
0.0
0.0
0.0
0.0
0.0
0.0
0.0
3.11589
0.0
0.0
0.0
0.0
3.73562
0.0
0.0
0.0
2.9261
0.444862
0.0
0.413402
0.0
0.0
0.0
0.0
0.0
0.0
0.0
0.0
0.0
0.0
0.0
0.0
0.0
0.0
0.0
0.0
0.0
0.0
0.0
0.0
0.0
0.0
0.0
0.0
0.0
0.0
0.0
3.34175
0.0
0.0
0.0
2.20913
0.0
0.0
0.0
0.0
0.0
0.0
0.887173
0.0
0.0
0.0
0.0
0.0
8.7065
0.0
0.0
0.0
0.0
0.768628
1.95979
0.0
0.0
0.0
0.0
0.0
0.0
3.6828
0.0
0.0
1.81504
0.0
0.0
3.35801
0.0
0.0
0.0
0.0
0.0
0.0
0.0
0.0
0.0
1.1026
0.0
0.0
0.0
0.0
1.64341
0.0
0.0
0.0
0.0
0.941186
0.0
0.0
0.0
0.0
0.0
0.0
2.65425
0.0
0.0
0.0
0.0
0.0
0.0
0.0
0.0
0.0
0.0
0.0
1.81177
0.0
1.55083
0.0
0.0
0.0
0.0
0.0
0.0
0.0
0.0
0.0
0.0
0.0
4.23107
0.0
0.746759
1.87517
0.0
0.0
0.0
0.0
0.0
0.0
0.0
0.0
0.0
0.0
0.0
4.92502
0.0
0.0
3.232
0.0
0.0
0.0
0.0
0.0
0.0
0.0
0.0
0.0
0.715658
0.0
1.39396
0.0
0.0
0.0
0.0
0.0
0.0
0.0
0.0
0.0
0.0
0.0
0.0
0.0
1.19236
0.0
0.0
0.0
0.0
0.0
0.0
0.0
0.0
0.0
0.103833
3.15805
0.0
0.0
0.0
0.0
0.0
0.0
0.0
0.0
0.0
0.0
0.0
3.12219
0.0
0.0
0.0
0.0
0.0
0.832137
1.32424
0.0
0.0
0.0
1.57775
0.0
0.935891
0.0
0.0
0.0
0.0
0.0
1.88303
0.496983
2.53439
0.0
0.0
0.0
0.0
0.0
0.0
0.0
0.0
0.0
0.0
0.0
2.15886
0.0
0.0
0.0
0.0
0.966302
3.62433
0.0
0.0
0.0
0.0
0.0
0.0
0.0
1.19407
0.0
2.21709
0.124299
0.0
0.0
0.0
0.0
0.0
0.0
1.90811
0.0
0.0
0.0
1.67688
0.0
0.0
1.74776
0.0
0.0
0.0
0.0
0.0
2.04769
0.569751
0.0
0.0
1.81368
0.0
0.0
0.0
0.0
0.0
0.0
0.0
2.36067
0.0
0.0
0.0
0.0
0.0
0.0
0.0
0.0
0.45032
0.0
0.0
0.0
0.0
0.0
0.0
0.0
0.0
0.0
0.0
0.0
0.0
3.71107
0.0
0.0
0.0
3.79289
0.0
0.0
0.520903
2.75048
0.0
0.0
0.0
0.0
0.0
0.0
0.0
0.0
0.0
0.0
0.0
0.0
0.0
0.0
0.0
0.0
0.0
0.0
0.0
0.0
0.0
1.30435
0.0
1.48394
0.0
0.0
0.0
0.0
0.0
0.0
0.0
0.0
0.0
0.27896
0.805863
0.0
0.0
0.0
0.331551
0.0
0.0
0.0
0.0
0.0946142
0.0
0.0
0.0
0.0
0.0
0.0
0.0
0.263269
0.0
0.0
0.0
0.0
0.0
0.0
0.0
2.00041
0.0
1.96094
1.03491
0.0
0.0
0.0
0.0
0.0
0.0
0.0
2.88853
0.0
3.72113
2.15677
0.0
0.0
0.0
0.0
0.0
0.0
0.0
0.0
0.0
0.0
0.0
0.0
0.0
0.0
0.0
0.0
0.0
0.0
0.0
0.0
0.0
0.0
0.0
0.0
0.0
0.0
0.0
0.0
0.0
0.0
0.0
0.0
0.0
0.0
0.0
0.0
0.0
0.0
0.0
0.0
0.0
0.0
0.0
0.0
0.0
0.0
0.0
0.0
0.0
0.0
0.0
0.0
0.0
0.0
0.0
0.0
0.424947
0.0
0.0
0.0
0.0
0.0
0.0
2.63854
0.899666
0.0
0.0
0.0
0.0
0.0
0.0
0.0
0.0
0.0
0.0
2.66479
0.0
0.0
0.0
0.938644
0.0
1.55834
0.0
0.0
0.0
0.0
0.0
0.0
0.0
0.0
1.80142
0.0
0.0
2.15654
0.0
0.0
0.0
1.03778
0.0
0.0
8.86784
0.0
0.0
0.164568
0.243043
0.0
0.0
0.0
0.0
0.0
0.0
0.0
0.0
0.0
0.0
0.0
0.00522088
0.0
0.0
0.0
0.0
0.0
1.49545
0.794442
1.92357
1.40179
0.0
0.0
0.0
1.15563
0.0
0.0
0.0
1.04201
0.0
0.0
0.0
0.0
0.0
2.59922
0.0
0.0
0.0
0.0
0.0
0.0
4.19053
0.0
0.0
0.0
0.0
0.0
0.0
0.131083
0.0
0.0
0.0
0.0
0.0
0.0
0.0
0.180656
2.27896
0.0
0.0
0.0
2.02071
0.0
0.0
0.0
0.0
0.0
0.832205
0.0
0.0
0.0
0.0
0.0
0.0
0.0
0.0
0.0
0.0
0.0
0.0
0.0
0.0
0.0
0.0
0.0
0.467515
0.0
0.0
0.0
0.0
0.0
0.0
0.0
0.0
0.0
0.0
0.0
0.0
0.0
0.0
0.0
0.0
0.0
0.0
0.0
0.0
0.0
0.0
0.0
2.35835
2.97134
0.0
0.0
0.0
0.0
0.0
1.03156
5.37758
0.0
1.33631
0.0
0.0
0.0
0.0
0.0
0.0
1.71695
0.0
2.88048
0.0
0.682181
0.0
0.0
0.0
0.0
0.0
0.0
0.0
0.0
0.0
0.0
2.66503
0.0
0.0
0.0
0.0
0.0
0.0
0.0
0.0
0.0
0.0
0.0
0.0
0.0
0.0
0.0
0.0
0.0
0.0
0.0
0.0
0.0
0.0
2.27474
0.0
0.0
0.0
0.0
0.0
0.0
0.0546396
0.0
0.0
0.0
0.0
0.365288
1.5008
0.0
0.0
2.84693
0.0
0.0
0.0
0.0
0.0
0.0
0.0
0.0
0.0
0.0
0.0
1.71643
0.0
0.0
0.0
0.0
0.0
0.0
0.0
0.0
0.0
0.0
0.0
0.0
0.0
0.0
0.0
2.36038
0.0
0.0
0.0
0.0
0.0
3.70841
0.0
0.0
0.0
0.0
0.0
0.0
0.0
0.0
0.780308
0.0
0.0
1.02594
0.0
0.0
0.0
0.0
0.0
0.0
0.0
0.0
0.0
0.0
1.7318
0.0
0.0
0.0
0.0
0.0
0.0
0.0
4.33279
0.0
0.0
0.0
0.0
0.0
0.0
0.0
2.15236
0.0
0.0
0.0
0.0
0.0
0.0
0.0
0.0
0.0
0.0
0.0
0.0
0.0
1.68217
0.0
0.0
0.0
0.0
1.34343
0.0
0.0
0.0
0.0
0.0
1.61126
0.0
0.0
0.0
0.0
0.0
0.0
0.0
0.456709
0.0
0.0
1.92917
0.0
0.0
0.0
0.0
0.0
0.0
0.0
0.0
0.0
0.0
0.0
0.0
0.0
0.0
0.0
0.0
0.0
0.0
0.0963613
0.0
0.0
0.0
0.0843478
0.0
0.0
0.0
0.0
0.0
0.0
0.0
0.0
0.0
2.11939
0.0
2.2936
2.56013
0.0
0.0130453
0.0
0.204343
0.0
0.0
0.0
0.0
0.679599
0.0
0.0
0.0
0.0
0.0
0.0
0.0
0.0
0.0
1.86965
4.186
0.0
1.00702
0.0
0.0
5.87171
2.60523
0.0
0.0
0.0
0.0
0.0
0.922623
2.97351
0.0
0.0
0.117868
0.0
0.0
0.0
0.0
4.17338
0.0
0.0
0.0
0.0
0.0
0.0
0.0
0.0
0.0
0.0
0.0
0.0
1.7545
0.0
2.86632
0.0
0.0
0.0116876
0.0
0.0
0.0
0.0
0.0
0.0
0.0
0.0
0.0
0.0
0.0
0.0
0.0
0.0
1.08714
0.0
0.0
0.0
0.0
0.0
0.0
0.0
0.0
0.0
0.0
0.0
0.0
0.0
0.0
0.0
0.0
0.0
0.0
0.289344
0.0
0.0
0.0
0.0
9.22474
0.0
0.0
0.0
0.0
0.0
0.0
0.0
2.27934
0.0
0.0
0.0
0.0
0.0
0.0
2.2032
0.0
0.0
0.0
0.0
0.0
7.70087
0.0
0.0
0.0
1.746
0.0
0.0
0.0
0.0
0.0
0.0
0.0
0.0
0.0
0.0
0.0
3.54451
0.0
0.0
0.0
0.0
0.0
0.0
0.00444078
0.142413
0.137212
0.0
0.0
0.0
0.0
0.0
0.0
0.0
0.0
6.11744
2.37522
0.0
0.0
0.0
0.0
0.0
0.0
7.66496
0.0
0.510337
0.0
0.0
2.65997
0.0
0.0
0.0
0.0
4.53631
0.0
0.0
0.0
0.0
3.38075
0.0
0.0
0.0
0.0
0.0
0.0
0.0
0.0
0.0
0.0
0.0
4.61475
0.0
0.0
0.0
2.60051
1.67047
0.307864
0.0
5.81288
0.0
0.0
0.0
0.0
0.0
0.0
0.0
0.0
0.0
0.0
0.0
0.0
0.0
0.0
0.0
0.167099
0.0
0.0
0.0
0.0
0.0
0.0
0.0
0.0
0.0
0.0
0.0
0.0
0.227253
0.0
0.0
0.0
0.0
0.0
0.0
0.0
0.0
0.0
0.0
0.489073
0.0
0.0
0.0
0.0
0.320496
0.0
0.0
0.0
0.0
0.0
0.0
0.0
0.0
0.0
0.0
0.0
0.0235495
0.828939
0.0
0.225244
0.0
1.55115
0.0
0.0
0.0
1.1435
0.0
0.0
0.0
0.0
0.0
0.0
0.825708
0.0
0.0
0.0
0.0
0.0
0.0
0.0
0.0
0.0
0.0
0.0
0.0
0.0
0.0
0.0
0.0
0.0
0.0
5.68312
0.0
0.855157
0.0
0.0
0.0
0.0
2.38478
0.0
3.15378
0.0
0.0
0.0
1.75459
0.0
0.0
0.0
0.0
0.0
0.0
0.0
0.0
0.0
0.0
0.0
0.0
0.0
0.0
0.0
0.0
2.83554
0.0
0.0
2.92373
0.0
0.0
0.0
0.0
0.0
0.0
0.0
0.0
2.7538
0.0
0.0
0.0
2.1289
0.0
0.0
0.0
0.0
0.0
0.0
0.0
0.0
0.0
0.0
0.0
0.102715
0.0
0.0
0.0
0.0
1.10117
0.0
0.0
0.0
0.0
0.0
0.0
0.0
0.0
4.21677
0.0
0.982251
0.0
0.0
0.0
0.0
0.0
0.0
0.0
0.0
0.0
0.0
0.0
0.0
0.0
2.43382
0.0
0.0
0.0
0.0
0.0
0.0
0.0
0.0
5.95472
0.0
1.48661
0.0
0.0
0.0
0.0
0.152004
0.0
0.0
0.0
0.0
0.0
0.0
0.0
0.0
0.530515
0.0
0.0
0.0
0.0
0.0
0.0505153
0.0
0.0
0.0
0.0
0.0
0.0
0.0
0.0
0.0
0.0
0.0
5.27355
0.0
0.0
1.90217
0.0
0.0
0.0
1.26775
0.0
0.0
0.0
0.0
0.0
1.02861
0.0
0.0
0.0
1.15571
0.0
0.0
0.105539
0.0
0.0
0.0
0.0
1.63925
5.78514
0.967084
0.0
0.0
0.0
0.0
0.0
0.0
0.0
0.0
0.706989
0.0
0.0
0.0
0.0
0.0
0.0
0.128537
0.0
0.0
0.0
0.0
1.63409
0.0
0.0
0.0
0.0
0.0
0.0
0.623579
0.0
0.0
0.0
0.0
0.0
0.0
0.0
0.0
0.0
0.0
0.0
0.149551
0.0
0.0
0.0
0.0
0.0
0.0
0.0
0.0
0.0
0.0
0.0
0.0
0.0
0.0
0.0
0.0
0.0
0.0
0.0
0.0
0.0
0.0
0.0
0.0
0.0
0.0
0.0
0.0
0.0
0.0
0.0
0.0
0.625188
0.0
0.0
0.0
0.0
0.0
0.0
0.0
0.0
0.0
0.0
0.0
0.0
0.0
0.0
0.0
0.778735
0.0
0.0
0.0
0.0
0.0
0.0
0.0
0.0
0.0
0.0
0.0
0.0
0.0
1.5776
0.0
0.0
0.0
0.0
2.55451
0.0
0.703676
0.0
0.0
0.0
0.0
0.0
0.0
0.0
0.0
0.0
0.0
0.0
1.338
0.0
0.0
0.0
0.0
0.0
0.0
0.875669
0.0
0.0
0.0
0.0
0.0
0.0
0.0
0.0
0.0
0.0
0.0
1.24163
0.0
0.0
0.0
0.0
0.0
0.0
0.0
0.0
0.0
0.0
0.0
0.0
0.0
0.0
0.0
0.0
0.0
0.0
0.0
0.0
0.0
0.0
2.2695
0.0
2.75678
0.0
0.0
0.0
0.0
0.0
0.0
0.0
0.0369195
0.0
0.0
0.0
0.0
0.0
0.0
0.0
0.0
0.0
0.0
0.0
0.0
0.0
0.0
0.0
0.0
0.0
2.26552
0.0
0.0
0.0
0.0
0.0
0.0
0.0
0.0
0.0
0.0
0.659007
0.0
2.22446
0.0
0.0
0.0
0.0
0.0
0.0
0.0
0.0
0.224633
0.0
0.0
0.0
0.0
0.0
0.0
0.0
0.0
0.0
0.82141
0.0
0.0
0.0
1.61971
0.0
0.0
0.0
0.0
0.0
0.0
0.0
0.0
0.0
0.0
0.0
0.0
0.0
0.0
0.0
0.0
1.7807
0.0
0.0
0.0
0.785481
0.0
0.0
0.0
0.0
0.0
0.0
0.0
0.0
0.0
0.0
0.0
0.0
0.0
0.0
0.0
0.0
0.0
0.0
0.0
0.0
0.0
0.0
0.935694
0.0
0.0
0.0
0.0
0.0
0.0
5.81777
3.62233
0.0
0.0
0.0
1.07585
0.0
0.0
0.0
0.0
0.0
0.0
6.31747
0.0
2.59388
0.0
0.0
0.0
0.0
0.0
0.0
0.0
0.0
1.0282
0.0
2.19324
3.92427
0.0
2.59401
0.0
0.0
0.0
0.0
0.0
0.0
0.228702
0.0
0.0
0.0
0.0
0.0
0.0
0.0
0.0
0.0
0.0
0.0
0.0
0.0
0.0
5.08039
0.0
0.0
0.0
0.0
3.26535
0.0
0.0
0.0
3.14716
0.0
0.0
0.0
0.0
0.0
0.0
0.0
0.0
0.0
0.0
0.0
0.0
0.0
0.0
0.0
0.0
0.0
1.7812
0.996155
0.0
0.0
1.81299
0.0
0.0
0.0990388
0.0
0.0
0.0
0.530137
1.79833
0.0
0.0
0.0
0.0530691
0.0
0.771143
0.0
0.0
0.0
0.0
1.1306
0.0
0.0
0.0
0.0
0.0
0.0
0.0
0.0
0.0
0.0
0.0
0.0
0.0
0.0
0.0
1.79525
1.97023
0.0
0.0
1.91335
0.0
0.0
0.0
0.0
1.2552
0.0
0.0
0.0
0.0
0.0
0.0
0.0
0.0
0.0
0.0
0.0
0.0
0.0
1.671
5.71899
2.36357
0.0
0.0
0.0
0.0
0.0
0.0
0.0
0.0
0.827776
0.227069
0.0
0.0
0.0
0.816574
5.81414
0.0
0.0
0.0
0.0
0.0
0.0
0.0
0.469938
0.0
0.0
0.0
0.270574
3.55581
0.0
0.0
0.0
0.0
0.0
0.0
3.45192
0.0
0.0
0.0
0.0
0.0
0.0
0.0
0.0
0.0
0.0
0.0
0.0
0.0
0.137629
0.0
0.0
0.0
0.0
0.0
0.0
0.0
1.56207
0.0
0.0
0.0
0.0
0.0
0.0
0.0
0.0
2.37304
0.0
0.0
0.0
0.0
0.0
0.0
0.0
0.0
3.59888
0.0
0.0
0.0
1.04627
0.0
0.0
0.0
3.2163
0.0
0.0
0.0
0.578361
0.0
0.0
0.0
0.0
0.0
0.0
0.0
0.0
0.0
0.0
2.44304
0.0
0.0
0.0
0.0
0.0
0.0
0.0
0.0
0.0
0.0
0.0
0.0
0.0
0.0
0.0
0.0
1.68781
0.0
0.0
0.0
0.0
0.0
0.0
0.0
0.0
0.0
0.919418
0.0
2.9912
0.0
0.0
0.0
0.0
0.0
0.0
0.0
0.0
0.0
0.0
0.0
5.21556
0.0
0.0
0.0
0.0
0.0
0.0
0.0
0.0
0.0
0.0
0.0
2.01199
0.0
0.0
0.0
0.0
1.99804
0.0
0.0
0.0
0.0
0.0
0.0
0.618775
2.66654
1.96906
0.0
0.0
0.0
0.0
0.0
0.0
0.0
0.993341
0.0
0.0
0.0
0.0
0.0
0.0
0.0
0.0
0.0
0.0
0.0
0.0
0.0
0.0
0.0
0.0
0.0
0.0
0.0
0.0
0.0482382
0.0
0.0
0.0
0.0
0.0
0.0
0.0
0.0
3.51371
0.0
0.0
2.39712
0.0
0.0
0.0
0.0
0.0
2.27805
0.0
0.891694
0.0
0.0
0.0
0.0
0.0
0.0
0.0
0.0
0.0
0.0
0.0
0.0
0.0
0.0
0.0
1.01219
1.46918
0.0
0.0
0.523636
0.0
0.427374
0.0
0.835348
0.0
0.0
0.942221
0.0
0.0
0.0
0.0
0.0
0.0
0.0
0.407016
0.0
2.04822
0.0
0.0
0.0
0.0
0.400829
0.0
0.131461
4.51048
0.0
0.0
0.0
0.0
0.0
0.0
0.0
8.30493
0.0
0.0
0.0
0.0
0.0
0.592273
0.0
0.0
0.0
0.0
0.0
0.0
0.0
0.0
0.0
0.0
0.0
0.0
0.0
0.0820752
0.453768
0.0
0.0
0.0
0.0
0.0
3.83361
0.0
0.0
0.0
0.0
0.0
0.0
0.0
0.0
0.0
0.0
0.0
1.00207
0.0
0.0
0.0
0.0
0.0
0.0
0.0
0.0
0.0
0.0
0.0
0.0
0.0
0.0
0.0811555
0.0
0.0
0.0
0.0
0.568176
0.0
0.0
0.0
0.0
0.0
0.0
0.0
0.0
0.0
0.0
0.0
0.0
0.811757
0.0
0.0
0.0
0.0
0.0
0.0
0.0
1.08942
0.0
0.120874
0.0
0.0
0.0
0.0
0.0
0.0
0.0
0.0
0.0
0.0
0.0
0.0
0.0
0.0
0.283918
0.0
0.13914
0.0
0.0
0.951797
0.0
0.0
0.0
4.00426
0.0
0.0
0.0
0.0
0.0
0.0
0.0
0.0
0.0
0.0
0.0
1.21683
0.199904
0.456251
0.0
0.0
0.0
0.0
0.0
0.0
0.0
0.0
0.0
0.201767
0.0
0.0
0.0
0.0
0.0
0.0
0.0
0.0
0.0
0.0
1.72328
0.0
0.0
0.0
0.0
0.0
0.0
0.0
0.0
0.0
0.0
0.0
0.0
0.0
1.22849
0.0
0.0
0.0
0.879875
0.0
0.0
2.60959
0.0
0.0
1.41451
0.0
0.0
0.0
0.215873
0.0
1.36162
0.0
0.0
1.05104
0.0
0.0
0.0
0.0
0.0
0.0
0.0
0.0
0.0
0.0
0.0
1.45984
0.0
0.0
0.0
0.0
0.0
0.0
0.0
0.0
0.0
0.0
0.0
0.0
0.0
0.0
0.0
0.0
0.0
0.0
2.31913
0.0
0.0
0.0
0.0
0.0
0.672906
0.915997
0.0
0.0
0.0
0.0
0.0
1.80438
0.0
0.0
0.0
0.0
0.0
0.0
0.155702
0.0
0.006464
0.0
0.0
0.0
0.0
0.0
0.0
0.335176
0.434709
0.0
0.0
3.6425
0.0
0.0
0.0
0.0
1.36296
0.0
1.02584
0.0
0.0
0.0
0.0
0.0
0.0
0.0
0.0
0.0
0.0
0.0
0.0
0.0
0.0
0.0
0.0
0.0
0.0
1.39075
0.0
0.0
0.0
2.24649
0.0
0.108084
0.0
0.630676
0.0
0.0
0.0
0.0
0.0
0.0
0.912656
0.0
0.900287
0.0
0.0
1.11476
0.0
1.55359
0.0
6.6266
0.0
0.0
0.0
0.0
0.0
0.0
0.0
0.0
0.0
0.0
2.29509
1.25766
1.58862
0.0
0.0
0.0
0.0
0.0
0.0
0.0
0.0
0.0
0.0
0.0
0.0
0.0
0.0
0.0
0.0
1.31996
0.0
0.0
0.0
0.0
0.0
0.540306
0.0
0.838468
0.0
0.0
0.0
0.0
1.59803
0.0
0.0
0.0
0.0
6.51231
1.18836
0.333408
0.0
0.0
0.615874
0.0
0.0
0.0
0.579181
0.0
0.0
0.0
0.0
0.0
0.0
0.0
0.0
0.0
0.0
0.0
0.0
0.0
0.0
0.0
0.0
0.0
0.51224
0.0
1.1202
0.0
0.0
0.0
0.0
0.0
0.0
0.0
0.0
2.51555
0.0
0.0
0.0
0.0
0.0
0.0
0.0
0.0
0.0
0.0
0.0
0.0
0.0
0.0
4.80499
1.11615
0.0
0.0
0.0
0.0
0.0
0.0
0.0
0.0
0.0
0.0
0.0
0.0
0.0
0.0
0.0
0.0
0.0
0.0
1.40135
0.0
0.0
0.0
0.0
0.0
0.0
0.0
3.00805
0.0
0.0
0.0
0.0
0.0
0.0
0.0
0.0
0.0
0.0
0.0
0.0
0.0
0.0
0.0
0.0
0.0
0.0
0.0
4.5907
0.0
0.852116
0.0
0.0
1.43865
0.0
0.0
0.0
0.0
0.0
0.0
0.785798
0.0
0.0
0.0
0.0
0.0
0.0
0.0
0.78321
0.0
0.0
1.73371
0.0
0.0
0.0
0.0
0.0
0.0
2.08392
1.25789
0.0
0.0
0.0
0.0
0.0
2.61454
0.0
0.0
0.0
0.0
7.20301
0.392182
0.0
0.0
1.04319
0.0
0.0
0.0
0.0
0.0
2.17666
0.0
0.0
0.0
0.967157
2.13608
0.0
0.0
0.0
0.0
0.0
0.0
3.58179
0.0
0.0
0.0
0.0
0.0
0.0
0.0
0.0
5.1951
0.0
0.0
0.0
0.629769
0.0
0.0
0.0
0.0
0.0
0.0
0.0
3.01041
0.0
0.0
0.0
0.0
0.0
0.0
0.0
0.0
0.0
0.0
2.26777
0.0
0.0
0.0
0.0
0.0
0.0
0.0
0.0
0.0
0.0
0.0
0.0
0.0
0.0
0.0
0.0
0.0
0.0
0.0
0.0
0.0
2.17387
1.3565
1.57288
0.919782
0.0
0.0
0.0
0.0
0.0
0.0
0.0
0.0
0.0
0.0
3.8748
0.0
2.48321
0.483436
0.0
1.16695
0.0
2.33214
0.0
0.0
0.0
0.404968
0.0
0.0
0.0
1.85168
0.311428
8.3318
0.274381
0.0
0.0
0.0
1.31734
0.0
0.0
0.0
0.39069
0.0
0.0
0.0
1.95947
0.0
0.0
0.0
0.0
0.0
0.0
0.0
0.0
3.32375
0.0
0.0
0.0
0.0
0.0
0.0
1.06379
0.0
0.0
0.0
0.0
0.0
0.0
0.0
0.0
0.0
0.0
0.0
0.0
0.698957
5.6087
0.0
0.0
0.0
0.0
0.361613
0.0
0.0
0.0
0.0
4.78375
0.0
0.0
0.0
0.0
0.513692
0.0
1.43062
0.0
0.0
6.29005
0.0
0.0
0.0
0.0
0.0
0.0
0.0
1.34272
0.0
0.0
0.0
0.0
0.0
2.68915
1.2348
0.0
0.0
0.0
0.0
0.0
0.0
1.48543
0.0
0.0
0.0
0.0
0.0
0.0
0.0
3.58025
0.0
0.0
0.0
0.0
0.0
0.0
0.0
0.0
0.0
0.0
0.0
3.83201
0.0
0.0
0.0
0.0
0.0
0.0
3.93243
0.0
0.0
1.39225
0.0
1.12308
0.0
0.0
0.0
0.0
0.0
0.0
0.0
0.0
0.0
0.0
0.0
0.0
1.03081
1.03878
0.0
0.0
0.0
0.0
0.0
0.0
0.0
0.0
0.0
0.0
0.0
0.0
0.0
0.0
0.0
0.0
0.0
2.19483
0.0
0.0
0.0
0.0
0.0
0.0
0.0
0.0
0.0
0.0
0.0
0.0
0.0
0.0
0.264625
1.78311
0.0
0.0
0.0
0.0
4.83413
0.0
0.0
0.0
4.05127
0.0
0.0
4.78477
0.0
0.0
0.0
0.0
0.163095
0.0
2.06968
7.53311
0.610032
0.0
0.0
1.21538
0.0
0.0
0.0
0.0
0.0
0.0
0.0
0.0
0.0
0.948436
2.54631
0.0
0.0
0.0
0.0
0.0
0.0
0.0
0.0
0.0
1.00283
0.0
0.0
0.0
0.0
0.0
0.0
0.272517
0.0
3.10038
0.0
0.0
1.11867
0.0
0.0
2.05809
2.50167
0.0
0.0
2.7158
0.0
2.72964
0.0
2.19337
0.0
0.0
0.891095
0.0
0.0
0.16157
0.0
0.0
5.80048
0.0
0.0
1.93275
0.473354
0.0
0.0
0.0
0.0
0.0
0.0
0.0
0.0
2.40416
0.0
0.0
0.0
0.0
1.13603
0.0
3.14062
0.0
0.0
0.0
0.0
0.0
2.71551
0.0
0.0
1.21374
0.0
0.0
0.0
0.67101
0.0
0.0
0.0
2.02457
0.0
3.90026
0.0
0.0
0.0
0.0
0.0
0.0
0.0
0.0
0.0
0.0
0.317165
0.0
1.82014
0.0
0.0
0.0
0.0
0.0
0.0
0.0
0.0
0.0
0.0
0.0
0.0
0.0
0.0
0.0
0.0
0.0
0.0
0.0
2.51784
0.0
0.0
0.0
2.62914
0.0
0.0
0.0
0.0
0.0
0.0
0.0
0.546173
0.0
0.0
0.321796
0.0
0.0
0.0
0.0
0.0
0.0
0.0
0.0
2.34641
2.31409
0.0
0.0
3.02313
0.0
0.0
0.0
0.0
0.0
0.916644
0.0
0.0
0.0
1.95171
0.0
0.301101
0.0
0.0
0.0
0.0
0.0
0.0
0.0
0.0
0.0
0.0
0.0
0.0
0.0
2.22608
0.0
0.0
0.0
0.0
0.0
0.0
2.17432
0.0
1.70291
1.36359
0.0
1.65924
0.0
0.0
0.0
0.0
0.0
0.0
0.0
0.0
0.0
1.06653
0.0
0.0
0.0
0.0
0.0
0.0
2.05434
0.0
0.0
0.0
0.0
