0.0
0.0
3.92173
0.0
1.92796
0.0
0.0
0.0
0.0
0.0
1.64365
0.0
0.0
0.0
0.0
0.450021
0.0
0.0
0.0
0.0
0.0
1.62578
0.0
0.0
0.0
0.0
0.0
0.0
0.0
0.0
0.0
0.0
0.0
3.39987
0.0
0.0
0.0
0.0
0.0
0.0
0.0
0.0
2.8531
0.0
0.0
0.80026
0.21277
0.0
0.0
2.16485
0.883389
0.0
0.0
0.0
0.0
0.830151
0.0
0.0
0.0
0.0
3.24162
0.0
0.0
2.24992
0.892297
0.0
0.0
0.177437
3.30991
0.0
0.0
0.0
0.0
0.0
0.0
0.0
0.0
0.0
0.504114
0.0
0.0
0.0
0.0
0.0
0.583697
0.0
0.0
0.0
0.508451
0.0
0.0
0.0
0.0
0.927764
0.0
0.0
0.0
0.0
0.653468
0.0
0.0
0.0
0.0
0.0
0.0
0.0
0.0
0.0
0.0
2.72353
0.0
0.0
0.0
1.65599
0.610926
0.0
0.0
0.643408
0.0
0.0
0.0
0.0
0.0
0.0
0.0
1.45365
0.0
3.59072
0.0
0.0110419
0.0
0.0
0.0
0.0
0.694066
0.0
0.0
0.0
0.00720683
0.0
0.0
0.0
0.0
0.0
0.0
0.0
0.383719
0.0
1.54062
0.0
0.0
1.08748
0.0
0.0
0.0
0.0
0.0
0.559112
0.0
0.0
0.414554
0.0
0.0
0.0
0.0
0.0
0.0
0.0
0.414345
0.0
0.0
1.62666
2.91528
0.0
0.0
0.0
0.500358
2.37079
0.0
0.0
0.691594
0.0
0.0
0.0
0.0
0.110344
1.7818
0.0
0.703855
0.0
0.0
0.0
1.24324
0.0
0.0
0.0
0.0
0.0
0.0
0.0
0.0
0.748127
0.0
0.0
0.0
0.0
0.0
0.0
0.0
0.0
0.0
0.0
0.0
0.0
0.182692
0.0
0.0
0.0
0.0
0.0
0.0
1.85459
0.0
0.0
0.0
0.0
0.0
0.116359
0.0
0.0
0.0
0.0
0.0
0.210267
0.0
0.0
0.0
0.0
0.0
0.0
0.0
0.0
1.39804
0.0
1.58185
0.117858
0.0
2.04149
0.0
0.0
0.163917
0.0
0.0
0.0
0.0
0.0
0.0
0.0
0.0
0.0
0.0
0.0
0.0
0.0
0.0
0.0
0.0
0.0
0.0
0.0
0.0
0.410766
0.0
0.0
0.0
0.0
3.18447
0.0
0.0
0.0
2.49828
0.0
0.0
3.14706
0.0
0.0
0.0
0.00126669
0.0
0.0
0.0
0.0
0.0
0.0
0.0
0.0
0.0
0.0
0.0
1.49261
0.0
2.50256
0.0
0.0
0.0
0.0
0.0
0.0
0.0
0.0
0.0
0.0
0.0
0.0
0.0
0.0
0.0
0.0
1.56865
0.0
0.0
0.0
0.0
0.0
0.0975874
0.0
0.954546
0.0
0.0
0.0
0.0
0.0
0.0
0.964211
0.752923
0.0
0.0
0.0
0.0
0.0
0.606323
0.0
0.0
0.0
2.17494
1.09263
0.0
0.0
0.0
0.0
0.0
0.0
0.0
0.0
0.0
0.0
0.0
0.0
0.0
0.0
0.0
0.0
0.0
0.0
0.0
3.64197
0.0
0.0
0.0
0.0
0.0
0.0
0.0
0.0
0.880271
0.0
0.0
0.0
0.0
0.0
0.0
0.0
0.0
0.429134
0.0
0.0
0.0
4.34047
0.0
0.269527
0.0
0.0
0.0
0.0
0.0
0.013851
2.07251
0.0
0.0
0.0
0.0
0.0
0.0
0.0
0.0
0.0
2.95808
0.0
0.840779
0.0
0.0
0.0
0.0
0.0
1.98328
0.0
0.0
0.0
0.0
0.0
0.0
0.0
0.0
0.0
0.0
0.0
0.0
0.0
1.26127
0.485405
0.952576
0.0
0.0
0.0
0.0
0.0
0.0
0.0
0.0
0.0
0.0
0.0
0.0
0.0
0.0
0.13133
0.0
0.0
0.0
0.0
0.0
0.0
0.0
0.715409
0.0
0.0
0.0
0.0
0.0
0.0
0.0
0.0
0.0
0.0
0.0
0.0
1.36708
0.0
0.0
1.12556
0.0
0.0
0.0
0.891431
0.0
0.0
0.0
0.0
0.0
0.0
0.0
0.0
0.0
2.17937
0.0
0.0
0.0
0.0
0.479873
0.0
0.0
0.0
0.0
0.0
0.0
0.0
3.04436
0.0
1.32201
0.0
0.0
0.0
0.0
0.0
2.07508
0.0
0.0
0.0
0.0
0.0
0.0
0.0
0.0
0.0
0.201216
0.0
0.0
0.0
0.0
0.0
0.0
0.0
0.0
0.466495
0.381271
0.0
0.0
0.0
0.0
0.0
0.0
0.0
0.0
0.561349
0.0
0.0
2.93536
0.0
0.0
0.0
0.0
0.0
1.98061
2.868
0.0
0.0
0.0
0.0
0.0
0.0
0.0
0.0
0.0
0.0
2.13959
0.0
2.19241
0.0
0.796893
0.0
0.0
0.0
0.0
0.0
0.0
0.0
0.0
0.0
0.0
0.0
0.0
0.0
0.0
2.49805
0.0
0.0
0.997307
0.0
0.0
0.0
0.137189
0.0
0.0
1.87426
0.639158
0.0
0.125032
0.0
0.0
0.0
0.0
0.0
0.0
0.0
0.0
0.0
1.97123
0.0
0.0
0.0
0.0
0.0
0.0
0.0
0.0
0.0
0.555929
0.0
0.0
0.0
0.0
0.0
0.0
0.0
1.6772
0.0
0.0
0.0
0.0
0.0
4.05853
0.0
0.0
0.0
0.0
0.0
0.0
0.0
0.0
0.0
0.0
0.0
0.0
0.0
0.0
0.0
0.0
0.0
0.0
0.0
0.259888
0.0
0.0
1.26203
0.0
0.0
0.779283
0.0
0.0
0.0
0.0
0.756036
0.0
0.0
0.0
0.0
0.0
0.0
0.0
0.0
0.0
1.8995
0.0
0.0
0.0
0.463627
0.902271
0.0
0.0
0.0
0.0
0.0
0.0
0.0
0.0
0.0
1.67704
1.79819
0.0
0.0
0.0
0.0
0.0
2.4203
0.0
0.0
0.0
0.0
0.0
0.0
0.0
0.0
0.0
0.0
0.0
0.0
0.0
0.0
0.0
0.0
0.0
0.0
0.0
1.45026
0.0
0.0
0.0
0.414633
0.0
0.0
0.0
0.672417
4.71606
0.0
0.231816
0.0
0.0
1.25441
0.0
0.0
0.0
0.0
0.0
0.0
0.0
0.0
0.196826
0.0
2.03349
1.41537
0.0
0.782181
0.0
0.0
0.332173
1.20073
0.0
0.0
0.0
0.0
0.0
0.0
0.0
0.0
0.0
0.0
0.0
0.0
0.0
0.0
0.0
0.0
0.0
0.0
0.0
0.0
0.0
2.23697
1.14343
1.64817
3.57289
3.68671
0.0
0.0
0.0
0.0
0.0
0.0
0.0
0.0
0.0
0.0
0.0
2.53813
0.0
0.0
0.212986
0.623596
0.0
5.54292
0.0
0.292485
0.0
0.0
0.0
0.0
0.0
0.0
0.0
0.0
0.0
0.0
0.0
0.0
0.0
0.0
2.07512
0.0
0.793846
0.595216
0.0
0.0
0.0
0.0
0.0
0.0
0.0
0.0
0.0
0.0
0.0
0.0
0.0
0.0
0.0
0.0
1.8195
0.0
0.0
0.0
0.0
0.0
0.0
0.0
0.0
0.551632
0.0
0.0
0.0
0.0
0.0
0.0
0.0
0.204438
0.0
0.0
0.0
0.0
1.16203
0.0
0.0
0.84167
0.469034
0.0
0.88825
1.05835
0.0
0.0
0.371893
0.541735
0.0
0.0
0.0
0.0
2.16589
0.0
0.0
0.0
0.0
0.0
0.0
0.0
0.0
0.0
0.0
0.0
0.0
0.496386
0.0
1.97748
0.0
0.0
0.0
0.0
0.0
0.0
0.0
0.0
0.0
2.65568
0.0
0.518957
0.0
0.0
0.0
0.0
0.0
0.0
0.0
0.0
0.0
1.76931
0.0
0.0
2.70472
0.0
0.564762
0.0
0.0
0.0
0.0
0.0
0.0
0.0
0.0
0.0
0.0
0.0
4.5189
0.710002
0.0
0.0
0.0
0.0
0.0
0.0
0.0
0.0
1.28591
0.0
0.0
1.86162
0.0
0.0
0.0
0.0
0.0
0.0
0.0
0.0
0.0
0.0
0.0
0.0
0.0
0.0
0.0
0.0
0.0
0.0
0.0
0.0281045
0.0
0.0
0.523126
0.0
0.267229
0.0
0.0
0.600899
0.0
2.04039
0.0
0.0
0.0
0.0
0.0
0.0
0.0
0.0
0.0
0.0
0.0
0.0
0.0
0.0
0.0
0.0
0.0
0.0
0.0448189
0.0
0.0
0.0
0.0
0.0
0.0
0.0
0.0
0.0
0.0
0.0
2.95167
0.0
0.0
1.24504
0.0
0.0
0.0
0.0
0.0
0.0
0.0
0.0
0.0
0.0
2.0378
0.0
0.0
0.0
0.0
0.0
0.0
0.0
0.0
0.0
0.0
0.0
0.0
0.0
0.0
0.0
0.0
0.0
0.755076
0.74648
0.0
0.0
0.0
0.0
0.0
0.0
0.0
0.0
0.0
0.0
0.0
0.0
0.0
0.0
0.175783
0.0
0.0
0.0
1.12899
0.0
0.0
0.0
0.0
0.0
0.0
0.0
0.0
2.07794
0.893945
0.0
0.107164
0.0
0.0
0.0
0.0
0.0
0.0
0.0
0.0
0.0
0.0
0.201676
0.0
0.0
0.0
0.0
0.0
2.27055
0.0
3.81645
0.767956
0.132135
1.18287
0.0
0.0
0.0
0.0
0.0
0.321789
0.0
0.503492
0.0
0.0
0.0
0.0
2.17432
0.0
0.0
0.168208
0.0
0.0
1.00506
0.0
0.0
0.0
0.0
0.0
0.389459
0.0
0.0
0.0
3.57741
0.0
0.205183
0.0
0.0
0.0
0.0
0.0
0.0
0.0
1.48314
0.0
0.0
0.0
0.0
1.09183
0.0
0.0
0.0
0.0
0.0
0.0
0.0
0.0
0.0
0.0
0.0
0.0
0.0
0.0
0.0
0.0
0.0
0.0
0.0
0.0
0.0
0.0
0.0
0.0
0.0
0.0
0.0
0.0
0.0
0.0
1.67929
0.0
0.0
1.64315
1.4074
0.0
1.0468
0.0
0.0
0.0
0.975394
0.928713
0.0
0.0
0.0
0.0
0.0
0.0
0.0
0.917499
0.0
2.71111
0.0
0.0
2.30299
1.65109
0.0
0.0
2.96104
6.23949
0.0
0.0
0.0
0.0
0.0
0.866013
4.18069
0.0
0.0
0.0
0.0
0.0
0.0
0.0
0.0
1.05277
0.0
0.0
0.0
0.0
0.0
0.926817
0.0
0.0
0.0
0.0
0.0
0.0
0.0
0.916571
0.0
0.0
0.0
1.08469
0.0
0.0
0.931237
0.0
0.666322
0.0
0.0
0.0
0.0
2.34552
0.0
0.383283
3.81994
0.0
1.18943
0.0
1.37747
0.0
3.21042
0.0
0.0
0.0
0.0
0.0
2.01677
0.0
0.0
0.0
0.0
0.0
0.0
2.44951
0.0
0.0
0.0
0.0
0.0
1.96696
0.0
1.59791
0.0
0.0
0.0
0.0
0.0
0.0
1.82531
0.0
0.0
0.0
0.0
0.0
0.0
1.28044
0.0
0.0
0.0
0.0
0.0
0.0
0.0
0.0
0.0
0.0
0.0
0.0
0.0966529
0.0
0.0
0.0
2.39056
0.199522
0.0
0.0
0.0
0.0
0.0
0.0
0.205313
0.0
0.0
0.0
0.0
0.0
7.41247
0.0
0.0
2.49597
0.400026
0.0
0.0
2.95195
0.0
0.0
0.0
1.34208
0.0
0.0
1.94
0.0
0.0
0.0
0.0666141
0.0
0.464785
0.0
0.0
0.0
0.0
0.0
0.0
0.0
0.330386
0.0
0.0
0.0
0.0
0.0711546
0.0
0.0
0.0
0.0
0.0
1.06705
0.0
0.0
0.0
0.0
0.0
0.0
0.0
0.215273
0.0
0.0
0.0
0.0
0.0
1.73379
0.0
0.0
0.0
0.0
0.0
0.0
0.72665
0.0
0.0
0.0
0.0
0.0
0.0
0.0
0.0
0.0
0.0
0.0
0.0
0.0
0.0
0.0
0.0
0.0
0.164926
0.503583
2.48975
0.0
0.0
0.0
0.0
2.4117
2.43009
0.0
0.0
0.0
0.0
0.0
1.38192
0.415695
2.33525
0.317832
0.152441
0.0
0.0
0.0
3.65281
0.0
0.0
0.0
0.0
1.40362
0.0
0.0
0.10021
0.0
0.0
1.17373
0.0
0.0
1.31182
0.0
2.06989
1.11333
0.0
0.0
0.0
0.0
0.0
0.0
0.0
0.0
3.35346
0.0
0.124092
0.0
2.53397
0.0
0.0
0.0
0.0
0.0
0.0
0.0
0.0
0.0
0.0
0.0
0.0
0.0
0.0
0.0
0.0
0.0
0.0
0.0
0.0
0.354981
2.77108
2.01211
0.0
0.0
0.0
0.0
2.07327
0.0278505
2.02602
0.0
0.0
0.0
0.0
0.0
0.0807239
0.0
0.0
0.0
0.0
0.27315
0.0
0.100647
0.0
3.67423
0.0
0.239369
0.0
0.0
0.0
0.0
0.0
0.0
0.0
0.13522
0.0
0.0
0.0
0.0
0.0
0.0
0.0
0.0
0.0
0.0
0.0
0.0
0.0
0.0
0.0
0.0
0.993168
1.94527
0.0
0.0
0.0
0.0
0.0470181
0.0
0.0
0.0
0.0
0.0
2.41217
0.799347
0.0
0.0
0.0
0.0
0.135528
2.31144
0.0
3.16084
0.0
0.0
0.0
0.0
0.0
0.0
1.50511
0.0
0.611061
0.0
0.0
0.0
0.0456137
0.0
0.0
0.0
0.0
0.0
0.0
0.0
0.0
0.0
0.0
0.0
0.171902
0.0
0.408711
0.0
0.120373
0.0
0.383183
0.0
0.0
0.0
0.0
0.0
0.0
0.0
1.5629
1.41613
0.0
0.0
0.0
0.0
0.0
0.0
0.0
0.0
0.847873
0.446029
0.0
0.0
0.0
0.0
0.0
0.983741
0.0302023
0.0
0.0
0.0
0.0
0.0
0.0
0.0
0.0
0.0
0.0
0.0
0.0
0.0
0.0
0.0
0.0
0.0
0.0
0.0
0.0
0.0
0.0
1.226
0.0
0.0
0.0
0.0
0.0
0.0
1.3531
1.02395
0.0
0.0
0.847524
0.660589
2.08998
0.0
0.0
0.0
0.0
0.521482
0.0
0.0
0.0
0.0
0.0
0.0
0.0919268
1.45056
0.0
0.0
0.0
0.0
0.0
0.416107
0.0
0.0
0.0
0.0
0.0
0.0
0.0
0.0
3.28188
0.0
3.74281
1.99394
0.0
0.0
0.0
0.0
0.0
0.809749
1.81844
0.0
0.0
0.0
0.592816
1.31207
0.0
0.0
0.0
0.0
0.0
0.0
0.154315
0.0
0.0
0.0
0.0
0.0
0.0
0.603539
0.0
0.0
0.0
2.05855
1.70753
0.0
0.0
0.0
1.89438
0.0
0.0
0.0
0.0
3.87278
0.0
0.0
0.003913
0.0
0.515814
1.20545
0.0
0.0
0.0
0.370056
0.0
0.0
0.0
0.0
0.0
0.0
0.0
0.734669
0.0
0.0
0.0
0.0
0.0
0.0
0.0
0.0
0.0
0.0
0.849868
0.0
0.0
0.0
3.68485
0.0
0.0
0.0
0.0
0.0
0.0
0.0
0.0
0.179964
0.0
0.0
0.62325
0.0
0.0
0.0216144
0.0
0.0
1.48928
0.0
0.0
0.0
0.0
0.0
0.0
0.0
0.0
0.0
0.0
0.0
1.09751
0.0
0.0
0.205327
0.0
0.0
0.0
0.537507
0.0
0.0
0.0
0.0
0.0
0.0
0.0
0.0
0.0
0.0
0.0
0.0
0.0
0.0
0.0
0.0
2.95284
0.0
2.97129
0.270296
0.0
0.0
0.0
0.0
0.0
3.31061
1.25888
0.0
0.0
0.698541
2.97467
3.04388
0.0
0.605615
0.0
0.0
0.0
0.0
0.0
0.0
0.0
0.0
0.0
0.0
0.0
0.0
0.0
0.0
0.0
0.688495
0.0
0.0
0.0
0.0
0.0
0.0
1.14227
0.0
0.0
0.0
0.0
0.0
0.0
0.0
0.0
2.6785
0.0
0.0
0.0
0.0
1.22364
0.0
1.19503
0.0
1.45857
0.0
0.0
0.0
0.0
0.0
0.0
0.536577
0.0
0.0
0.0
0.176309
0.0
0.0
0.0
0.0
0.0
0.0
0.0
0.0
0.0
0.0
1.93679
0.0
0.0
0.0
0.0
0.0
0.0
0.0
0.0
0.0
0.0
0.0
0.0
1.79556
0.0
0.0
0.0
0.0
0.0
1.05339
0.0
0.0
0.0
0.0
0.0
0.0
0.0
0.0
1.97165
0.0
0.0
2.97033
0.0
0.0
0.0
0.0
0.0
0.414414
0.0
0.628115
0.0
0.0
1.58317
0.0
0.0
0.0
0.0
0.0
1.68715
1.19307
3.1934
0.0
0.0
0.0
0.0
0.0
0.0
0.0
0.0
0.0
0.0
0.0
0.0
0.0
0.0
0.0
0.0
0.0
0.0
0.0
0.0
0.0
0.0
0.0
0.0
0.0
0.0
0.7626
0.0
0.0
0.0
0.0
1.0991
0.0
0.0
0.0
0.0
0.0
0.0
0.0
0.0
0.0
0.0
0.355904
0.0
0.584337
0.0
0.0
0.0
0.0
0.0
0.0
0.0
0.0
0.295532
0.0
0.0
0.0
0.0
0.0
0.0
0.0
0.0
0.0
0.0
0.0
0.0
0.0
0.0
0.0
0.0
0.0
0.0
0.0
0.0
0.0
0.0
0.0
0.0
1.1389
2.00534
2.53427
0.883251
0.12058
1.74141
0.0
0.0
0.13493
0.0
0.193148
0.601489
0.0
0.0
0.0
0.0
0.0
1.0863
0.0
0.0
1.0922
2.14015
0.332752
0.0
0.0
0.0
1.90202
4.1315
0.0
0.0
0.0
0.0
0.0
1.82136
0.0
0.515264
0.0
4.12526
1.09763
0.0
0.0
0.827043
0.0
0.0
0.0
0.0
0.0
0.0
0.0
3.10509
0.0
0.0
0.0
0.0
0.0
0.0
0.0
0.0
1.81831
0.0
2.00066
0.0
0.0
0.0
0.0
0.0
0.0
0.0
0.0
0.0
2.92487
0.0
0.0
0.0
0.0
0.108146
0.0
0.0
0.0
0.0
0.0
0.0
4.0471
0.0
0.0
0.0
0.0
0.0
0.0
0.0
1.69019
0.0
0.0
0.0
5.0352
0.0
0.0
0.0
0.0
3.1038
0.0
0.0
0.0
0.0
0.0
0.0
0.0
0.0
0.0
0.0
0.0
0.0
0.0
0.0
0.510242
0.0
0.0
0.0
0.0
0.0
2.11366
0.0
0.0
0.0
0.0
0.0
0.0
0.0
0.0
2.74748
0.0
0.250737
0.0
0.0
0.0
0.0
0.0
0.0
0.259624
0.0
0.0
0.0
0.105283
0.0
0.0
0.0
0.0
0.0
0.0
0.0
0.0
0.0
0.0
0.0
0.0
0.0220996
0.0
0.0
0.778555
0.0
0.0
0.0
4.4207
0.379447
2.44326
0.0
0.0
0.0
0.0
0.0
0.0
0.0
0.0
0.0
0.0
0.0
0.0
0.0
0.0
0.0
0.0
0.0
0.415119
0.0
0.0
0.0
0.0
0.0
0.0
0.0
0.0
0.0
0.0
2.94941
0.0333142
0.0
0.0
0.0
0.0
0.0
0.0
0.0
0.0
0.0
0.0
0.0
0.0
0.0
0.0
0.0
0.0
0.0
0.0
0.0
0.0
0.0906789
0.0
0.0
0.0
0.0
0.827836
0.0
2.22925
0.0
0.0
0.0
0.0
0.0
0.0
0.0
0.0
0.0
1.02429
0.0
0.0
0.0
0.0
4.33798
0.0
0.0
0.0
0.0
3.3505
0.0
0.0
0.0
0.0
1.68571
0.0
0.0
0.0
0.0
0.0
0.0
0.0
0.0
0.0
0.0
0.0
0.348874
0.0
0.0
0.0
2.20495
0.0
0.0
0.084125
0.0670086
0.0
0.0
0.0
2.05167
0.0
0.0
0.0
0.0
0.0
0.182073
0.0
0.0
0.0
0.0
0.0
0.0
2.47832
0.0
0.0
0.0
0.0
3.22139
0.0
0.0
0.0
0.0
0.0405457
0.0
2.5378
0.0
4.41064
0.0
0.0
0.0
0.0
0.0
0.0
0.0
0.0
0.0
0.0
0.0
0.0
0.0
0.0
0.0
0.0
0.0
0.0
0.0
0.0
2.82159
0.0
0.0
0.567219
0.0
0.988249
0.0542168
0.0
0.0
0.0
0.0
0.0
3.05066
0.0
0.0
0.0
0.895531
0.0
0.0
0.0
0.0
0.0882008
2.35518
0.0
0.0
0.665227
0.0
0.954595
0.0
0.0
0.0
0.0
0.707622
2.17443
0.0
0.0
0.0
0.932339
0.0
0.0
0.0
0.0
4.48788
0.0
0.897002
0.0
0.0
0.0
4.41399
0.0
0.0
0.0
0.0
2.3189
0.0
0.0
0.0
0.0
2.33984
0.0
0.0
0.0
0.0
0.0
0.0
0.0
0.450763
0.236061
0.0
1.33369
0.0
0.0
0.0
4.52481
0.0
0.0
0.0
0.0
0.0
0.0
0.0
0.0
0.0
0.0
0.0
1.22262
0.0
0.0
0.0
0.0
0.786108
1.29092
0.197328
0.0
0.0
0.0
2.11066
0.0
0.0
0.427763
0.0
2.55192
1.32493
1.18837
2.17543
1.28261
0.0
0.0
1.3165
0.0
0.0
0.0
1.06753
0.0
0.0
0.0
0.0
0.0
3.96822
0.0
0.0
0.0
0.0
0.0
0.0
0.0
0.0
0.0
0.0
1.90751
0.0
0.0
0.0
0.0
0.0
0.0
0.0
1.19938
0.0
0.0
0.0
0.0
0.0
0.0
0.355535
0.0
0.0
0.0
0.0
0.0
0.0
0.0
0.0
0.0
0.0
0.0
0.225208
0.0
0.0
0.0
0.0
0.0
0.138186
0.0
0.0
0.0
0.0
3.00124
0.0
0.0
0.0
0.0
0.0
0.0
0.0
0.0
0.0
0.0
0.0
0.0
0.0
0.0
0.0
0.0
0.0
0.0
0.0
0.0
1.47457
2.22981
0.0
0.0
0.0
0.0
0.0
0.0
0.0
0.0
0.0
0.0
0.0
0.0
0.0
0.0
0.0
2.39134
0.0
0.0
0.0
0.0
0.0
0.0
0.0
0.361175
0.0
0.0
0.0
2.53955
0.373213
0.0
0.0
0.0
0.0
0.0
0.929355
0.0
0.0
0.0
0.0
0.0
0.0
0.0
0.0
0.0
0.0
0.0
0.0187333
0.0
5.24366
0.0
0.0
0.0
0.0
0.0
0.0
0.0
0.0
0.0
0.0
0.0
1.02543
0.0
0.0
0.0
2.51239
0.0
0.0
0.0
0.0
0.0
0.0
0.0
0.0
0.0
0.0
0.0
0.0
0.0
4.49526
0.0
0.0
0.0
0.0
0.0
0.0
0.0
0.0
1.40277
0.0
0.0
0.0
0.0
0.0
0.0
0.0
0.0
0.0
0.0
0.572375
0.174301
0.0
0.0
0.0
0.0
1.2173
0.0
0.0
0.204426
0.549539
0.0
0.0
0.0
0.0
0.0
0.0
0.0
0.0
0.0
0.0
0.0
0.0
0.0
0.0
0.0
0.0
0.0
0.0
0.0
0.0
0.0
0.0
0.0
0.0
0.0
0.0
0.0
0.0
0.0
0.0
0.0
0.272928
0.0
0.0
0.0
0.0
0.0
0.0
0.0
0.0
1.28018
0.0
0.0
2.37102
0.923214
0.0
0.0
1.2693
0.0
0.0
0.0
0.0
0.0
0.0
0.0
0.0
0.0
3.26646
0.0
0.799542
0.0
0.0
0.0
0.0642261
0.0
2.94632
1.08526
0.0
0.0
0.776125
0.0
0.0
0.0
0.0
1.57565
0.0
0.17034
0.0
4.25166
0.0
0.514396
0.0
0.0
0.874002
0.0
0.0
0.0
0.0
0.0
0.0704432
0.214336
0.0
0.0
0.0
0.0
0.0
0.0
0.0
0.0
1.84817
0.175879
0.0
0.0
0.0
0.0
0.14504
0.0
0.0
3.09349
4.74719
0.0
0.0
0.0
6.2031
0.0
0.0
0.0
2.83249
0.0
0.0
0.144353
1.01339
0.0
0.0
0.0
0.0
0.0
0.0
0.0
0.0
0.0
0.0
0.0
0.599824
0.153582
0.0
0.0
0.0
0.0
0.0
0.0
0.0
0.0
0.0
0.0
0.0
0.976034
0.0
2.76594
0.0
0.0
2.507
0.0
0.0
2.54159
0.0
1.58361
0.195619
0.0
0.0
0.0
0.0
0.0
1.39543
0.0
0.0
0.0
0.768991
0.737598
0.0
0.0
0.0
0.229528
0.0
0.0
0.0
0.0
0.0
0.0
0.0
0.0
0.0
0.0
0.0
0.0
3.60421
1.63149
0.0
0.0
1.71309
1.12251
0.0
4.13707
0.0
0.0
0.44724
0.0
0.0
0.0
2.37779
0.0
0.0
0.0
0.0
0.0
0.0
0.217326
0.0
0.593987
0.0
0.0
0.0
0.0
0.0
0.0
1.29241
0.0
2.52063
0.0
0.0
0.0
0.0
0.0
0.0
0.0
0.0
0.0
0.0
0.467627
0.0
0.20998
0.0
0.0
0.0
0.0
1.51083
1.37137
0.0
0.0
0.0
0.0
0.0
0.0
0.0
0.0
0.0
1.44643
0.0544623
0.712968
2.97924
0.0
0.0
0.0
0.0
0.0
0.0
0.0
0.0
0.0
0.0
0.0
0.21179
0.0
0.0
1.16313
0.0
0.0
0.0
0.0
0.0
0.0
0.0
0.0
0.0
0.0
0.0
0.0
7.28862
0.0
0.0
0.945418
0.0
0.165044
0.0
1.65895
0.0
0.0
0.0
0.0
0.0
0.0
0.0
0.0
0.0
0.571357
0.0
0.0
0.0
0.0
0.420389
0.0
0.0
0.0
0.233134
0.0
0.0
0.0
0.0
0.0
1.0953
0.0
0.0
0.0
0.0
0.0
0.0
0.0
0.0
0.0
0.0
0.0
0.0
0.0
0.0
0.0
0.0
0.0
0.0
2.05019
0.0
0.0
1.1913
0.0
0.0
0.0
0.0
4.49204
0.0
1.97347
0.0
0.0
0.0
0.91497
0.0
0.619721
0.0
0.0
0.0
0.0
0.0
0.0
2.49321
0.0
3.13073
0.0
0.0
0.0
0.0
0.0
0.0
0.0038913
0.0
0.0
0.0
1.90349
0.0
0.0
0.0
0.0
0.0
0.0
0.0
0.0
0.0
1.33158
0.0
0.0
0.0
0.0
0.0
0.0
0.0
0.0
0.0
0.0
0.0
2.14187
0.0
0.0
0.0
1.81457
0.0
0.0
0.0
0.0
0.0
0.0
0.0
0.0
0.0
0.0
0.0
0.0
0.0
0.0
3.12778
0.0
0.0
0.0
0.0
0.0
0.0
0.0
0.0
0.0
1.6654
0.0
0.0
0.0
0.0
0.0
0.0
2.28259
0.0
0.0
0.0
0.0
0.0
0.0
0.0
0.0
0.0
0.0
0.0
0.0
0.0
0.0
0.413406
0.0
0.0
0.0
0.0
0.0
0.0
0.0
0.458513
0.0
0.0
0.0
0.960885
0.0
0.0
1.17456
1.18759
0.857884
0.0
0.0
0.0
0.0
0.0
0.0
0.0
0.0
0.0
0.0
2.45545
0.0
2.24951
0.32029
0.0
0.0
0.0
0.0
0.0
0.0
0.0
0.5964
0.0
0.0
0.68583
4.22903
0.0
0.0469604
0.0
0.0
0.0
0.0
0.0
0.0
0.0
3.12139
0.0
0.0
0.0
0.598225
0.0
0.0
0.0
1.83971
0.0
0.0
0.0
0.0
0.101861
0.0
0.0
0.0
0.0
0.0
0.0
0.0
1.04448
0.0
0.0
0.0
0.0
0.915915
0.0
0.0
0.0
0.0
0.0
0.0
0.0
0.0
0.0
0.0
0.0
0.0
0.0
0.0
0.0
0.0
0.0
0.0
0.0
0.836373
3.01485
1.75157
0.0
0.0
0.0
0.0
0.0
0.0
0.0
0.0
0.0
0.0
0.0
0.0
0.0
0.0
0.0
0.954255
0.0
0.123288
0.0
0.0
0.0
0.0342844
0.0
0.0
1.9558
0.0
0.0
0.0
0.0
0.0
1.33574
0.0
0.0
0.0
0.0
0.905259
0.0
0.0
0.0
0.0
0.0
0.0
0.0
0.0
0.0
0.0
0.0
0.0
0.0
0.0
0.0
0.0
0.0
0.0
0.0
0.0
0.0
0.0
1.04197
0.0
0.0
0.0
0.0
0.0
0.0
0.0
0.0
0.0
0.0
0.0
0.0
2.74948
0.0
0.0
0.464289
0.0
0.0
0.0
0.0
0.0
0.0
0.435669
0.0
0.0
0.0
0.0
0.0
0.0
0.0
0.0
0.0
0.0
0.0
0.0
0.0
0.0
0.0
0.652808
0.0
0.0
0.0
0.0
0.0
0.0
0.0
0.0
0.0
0.107742
1.01259
0.60087
0.0
0.0
0.0
0.0
0.0
1.24896
0.508952
0.0
0.0
2.71224
0.0
0.0
0.0
0.676676
0.0
0.0
0.0
0.322546
0.0
0.0
0.0
0.0
0.905054
0.390995
0.0
0.0
0.0
0.0
0.0
1.62545
0.0
0.0
0.0
0.0
0.0
0.0
0.0
0.0
0.0
0.0
0.0
0.0122756
0.0
0.0
0.0
0.285262
0.0
0.0
0.0
1.54935
0.0
0.0
0.0
0.0
0.0
0.0
0.0
0.0
0.0
0.0
0.0
0.0
0.0
1.43291
0.0
0.360793
0.0
0.0
0.0
0.0
0.0
0.0
2.95618
0.0
0.0
0.0
0.0
0.0
1.25232
1.36777
0.254947
0.0
0.0
0.0639547
0.0
0.0
0.0
0.279192
0.0
0.0
0.0
0.0
0.0
0.0
1.39327
0.0
0.0
0.0
0.0
0.0
0.0
0.86478
1.51626
0.0
0.0
0.0
0.0
0.0
0.0
0.0
0.0615622
0.0
3.06761
0.0
0.0
0.0
0.0
0.0
0.504114
0.0
0.0
0.0
0.0
0.0
0.175828
0.0
0.0
0.0
0.0
0.0
0.0
0.0
0.0201074
0.0
0.0
0.615443
0.0
0.0
0.0
0.0
0.0
0.0
0.0
0.0
0.0
0.0
2.89298
0.0
0.0
0.0
0.0
0.0
0.0
3.11708
0.0
6.4997
1.04164
0.0
0.0
0.0
0.0
0.611848
0.0
0.0
0.0
0.0
3.41302
0.0
0.0
0.0
0.664958
0.0
0.0
0.0
0.0
0.117135
0.0
0.0
0.0
0.0
0.0
0.0
0.0
0.0
0.0
0.0
0.0
0.0
0.776507
0.0
0.0
0.0
0.0
0.553117
0.0
0.0
0.0
0.0
4.27811
0.0
0.0
0.0
0.0
0.888476
0.0
0.0
0.0
0.0
0.694582
0.0
0.0
0.0
0.168819
0.0
0.0
0.0
0.634272
0.0
0.0
0.0
0.0
0.0
0.0
0.0
2.83568
0.0
0.0
0.0
0.0
0.0
0.753215
0.0
0.0
0.305502
0.0
0.0
0.0
0.0
0.0
0.0
0.0
0.0
0.0
0.0
0.0
0.483072
0.0
0.0
0.0
0.0
0.0
0.0
0.230102
0.0
0.294375
0.0
0.0
2.68446
0.0
0.0
0.0
0.0
0.0
0.0
0.0
0.0
0.0
0.0
0.0
0.0
0.0
0.0
0.0
0.0
0.0
0.300074
0.0
0.0
0.0
0.0
0.541624
1.00334
0.0
0.0
1.02116
0.0
0.0
0.0
0.0
0.0
0.0
0.0
0.0
0.0
0.0
0.0
0.0
1.13149
0.0
0.0
0.0
0.0
0.0
0.0
3.56641
0.0
2.31469
0.0
0.0
2.23525
0.0
0.0
0.0
0.0
0.0
0.0
0.0
0.0
0.0
0.0
0.0
1.13462
0.0
0.0
0.124567
0.0
0.0
0.0261759
0.0
0.0
0.0
0.0
0.809361
0.0
2.50177
0.0
0.0
0.0
0.0
0.572139
0.0
0.0
0.0
0.0
0.0
0.0
4.5646
0.320466
0.0
0.0
0.0
0.0
0.0
0.0
0.0
0.0
0.621026
0.0
0.0
0.0
0.0
0.0
0.0
0.0
0.0
3.15734
0.0
0.0
3.70341
0.0
0.0
0.0
0.0
0.288096
0.0
0.0
0.0
0.0
0.0
0.0
0.0
0.0
0.0
0.0
0.0106638
0.0
0.0
0.0
0.0
1.52685
0.0
0.0
0.0
0.0
0.0
0.506903
0.0
0.0
0.0
0.0
0.0
0.0
0.0
0.447025
0.0
0.0
0.0
0.0
0.0
0.0
0.0
0.0
0.0
0.0
1.55608
0.0
0.0
0.0
0.0
0.0
0.0
0.0
2.29348
3.16586
1.21513
0.0
1.40996
1.41702
0.0
0.0
0.0
0.0
0.0
0.0
0.329382
1.12562
0.0
0.0
0.0
0.0
0.0
0.0713964
0.0
0.0
0.0
0.0
0.0
0.0
0.0
1.07756
0.0
0.911819
3.24942
2.98922
0.0
0.0
0.0
0.0
0.0
0.0
0.0
0.0
0.0
0.0
0.0
0.0
0.0
0.0
0.0
0.0
0.69303
0.0
0.0
0.0
0.0
2.92298
0.0
0.0
0.0
0.0
0.0
0.0
0.0
0.0
0.0
0.514436
0.0
0.0
0.526994
0.0
2.92659
0.0
0.0
0.0
0.118194
0.0
2.47005
0.0
0.0
0.0
0.0
2.66354
0.0
0.0
0.657298
0.0
1.7835
1.5638
0.0
0.0
0.0
1.14645
0.0
0.0
1.49549
0.0
0.0
0.0
0.0
0.469729
0.0
0.0
0.0
0.0
0.519491
0.0
0.0
0.0
0.0
0.0
0.0372239
2.12056
0.0
0.0
0.0
0.0
0.0
0.0
1.21538
0.0
0.0
0.0
0.0
0.0
0.0
0.0
0.0
0.0
0.0
0.0
0.0
1.92848
1.93415
0.0
0.0
0.0
0.0
0.444963
0.26148
0.0
0.0
0.0
0.0
0.0
0.0
0.0
0.110633
0.0
2.01959
0.0
3.33825
0.0
0.0
0.0
0.0
1.58543
0.0
0.0
0.0
0.853156
0.0
0.0
0.0
0.0
0.0
0.0
0.0
0.0
0.0
0.0
0.750775
0.0
0.0
0.0
0.0
0.0
0.0
0.0
0.113944
0.0
0.0
0.0115246
0.0
0.0
0.0
0.0
0.0
0.0
0.0
0.0
0.0
0.0
0.0
0.0
0.0
0.0
0.0
0.0
0.0
0.0
0.0
0.0
0.0
1.27998
0.0
4.87044
0.0
0.250735
0.0
0.0
0.307546
0.0
0.681562
0.0
0.0
0.530011
0.0
2.85148
1.99615
0.0
1.31911
0.0
0.0
0.0
0.0
0.0
0.0
0.0
0.0
0.0
0.0
0.0
0.0
0.0928863
0.0
0.0
0.0
0.0
0.0
0.127507
0.0
0.120113
0.0
0.0411415
0.0
1.2556
0.0
1.15241
0.0
0.0
1.41187
0.0
2.56139
0.0316215
0.0
2.43807
0.0
0.0
0.0
0.0
0.0
0.789893
0.0
0.0
2.03751
0.192106
0.00167221
0.0
0.0
0.108887
0.0
0.0
0.0
0.0
0.0
2.02225
0.0
0.0
2.1165
0.0
0.0
0.0
0.0
0.0
0.0
0.0
0.0
0.0
1.92832
0.0
0.0
0.0
1.8276
4.27852
0.0
2.74504
0.0
0.0
0.0
0.0
0.0
0.0
0.0
0.0
1.9518
0.0
0.0
0.0
0.0
1.57365
2.85954
0.0
0.0
0.0
2.52415
0.0
0.0
0.0
0.0
0.0
0.0
0.0
0.0
0.0
0.0
0.650289
0.0
0.64623
0.0
0.0
0.0
0.0
0.104164
0.0
0.0
0.0
0.0
0.0
0.249955
0.103132
0.0
0.447918
0.0
0.0
0.0
0.0
0.0
0.406524
0.0
0.0
0.0
1.23795
0.0
0.0
2.44538
0.0
0.0
0.0
0.0
0.355417
0.0
0.0
1.42873
0.0
0.0
0.0
0.0
0.0
0.0
0.972969
0.0
0.0
0.0
0.0
0.0
0.0
0.0
0.0
0.0
0.0
0.0
4.37876
0.0
0.0
0.0
0.0
0.0
0.0
0.0
0.482685
0.0
0.0
0.0
0.0
0.0
0.0
0.0
0.0
0.0
0.0
0.0
0.0
0.0
0.0
0.0
0.543831
2.13358
0.0
0.0
0.0
0.0
0.0
0.0
3.34768
0.0
0.0
0.0
0.0
0.0
0.0
0.0
0.0
0.0
0.0
0.0
0.0
0.0
0.0
0.176553
0.0
0.0
0.0
0.0
0.0
0.0
