0.0
0.0
3.49043
1.52584
0.971347
0.0
0.0
0.0
0.0
0.0
0.0
1.48628
0.0
0.0
1.77757
0.0
0.0
3.00279
0.421458
0.0
0.0
1.34284
0.0
0.0
0.0
0.0
0.0
0.0
0.0
0.0
0.0
0.0
0.0
2.94856
0.0
0.0
0.0
0.0
0.0
0.0
0.0
0.0
5.78067
0.0
0.0
0.0259943
0.346303
0.0
0.0
2.96359
0.0
0.0
0.0
0.0
0.0
0.0
0.0
0.0
0.0
0.0
0.0
0.0
0.0
2.83148
3.08463
0.0
0.0
0.0
0.0
0.0
0.0
0.0
0.0
0.0
0.0
0.0
0.0
1.30174
1.76717
0.0
1.84857
0.0
0.0
0.0
0.0
0.0
0.0327695
0.607358
0.0
0.0
0.0
0.0
0.0
0.0
0.0
0.0
0.0
0.0
0.0
0.0
0.0
0.0
0.0
0.0
0.0
0.0
0.0
0.0
0.0
1.37091
0.0
0.0
0.0
0.128663
0.0
0.0
0.0
0.0
2.86752
0.0
0.0
0.0
0.0
0.0
2.20507
0.0
0.0
2.39042
0.0
0.0
0.0
0.0
0.0
0.0
1.60557
0.0
0.0
0.0
0.0
0.0
0.0
1.83385
0.0
0.0
0.0
0.0
0.164768
0.0
0.0
0.0
1.97452
0.0
2.62435
0.0
0.0
0.0
1.19086
1.67783
0.0
0.0
0.0
0.0
0.0
0.0
0.0
1.44312
0.0
0.0
1.60276
0.0771167
0.0
0.0
0.0
0.0
0.0
0.0
2.33883
0.0
0.0
0.818792
6.33627
0.0
0.0
0.0
0.0
0.0
0.0
0.601503
0.0
1.58944
0.0
0.0
1.43334
0.0
0.0
0.0
0.0
0.0
0.0
3.30275
0.0
0.0
0.810575
0.259366
0.0
0.424591
0.0
0.0
0.0
0.0
0.0
0.0
0.0
0.0
0.0
1.93027
0.0
0.0
0.0
0.236661
0.0
0.646332
0.0
0.0
0.0
0.0
0.491917
0.0
0.0
0.0
0.0
0.0
0.0
0.0
0.0
0.0
0.0
1.60232
0.0
0.0
0.0
0.0
0.421508
1.67972
0.0
0.0
0.0
2.50591
0.0
0.0
0.0
0.0
0.0
0.0
0.0
0.0
0.0
0.0
0.0
1.84797
0.0
0.0
1.40144
0.0
0.0
0.0
0.922665
0.0
1.48794
0.0
0.0
0.0
0.0
0.0
0.0
0.0
1.79146
0.749768
0.0
0.0
0.824355
1.00169
0.0
4.11186
0.0
0.0
0.0
2.12434
1.18135
0.0
0.0
0.0
0.573657
0.0
8.05866
1.33777
0.0
0.0
0.0
0.0
0.0
2.16105
0.42683
0.0
0.0
3.48808
0.0
0.0
0.0
0.0
0.0
0.0
0.0
0.0
0.0
0.611153
0.0
0.0
3.77897
0.0
0.0
0.0
0.0
0.0
0.0
0.0
0.879479
0.0
0.0
0.0
0.0
0.0
0.0
0.0
0.0
0.0
0.470163
0.0
0.0
0.0
0.0
0.314979
0.0
0.0
1.06594
1.2411
1.85315
0.0
0.0
0.0
0.0
0.0
0.0
0.0
0.0
0.277849
0.0
1.27972
0.0
0.46527
0.0
0.0
0.0
0.0
0.0
2.77229
0.0
0.0
0.0
0.0
0.0
0.0
0.0
0.0
0.0
0.165599
0.0
0.0
0.0
0.0
0.0
0.0
0.0
0.0
0.103204
0.0
0.0
0.635257
0.0
0.0
0.0
0.0
0.0
1.42585
0.0
3.47687
3.02395
0.0
0.0
0.0
0.0
0.0
0.0
0.0
0.0
0.0
1.45946
0.0
0.00461088
0.0
0.0
0.0
0.0
0.0
0.0
0.0
0.0
0.0
0.0
1.01959
0.0
0.0
0.330515
0.0
0.0
0.0
0.0
0.0
0.0
0.18108
0.0
0.0
0.0
0.0
0.0
0.0
0.0
0.0
0.952254
0.0
0.0
0.0
0.0
0.0
0.122137
0.0
0.0
0.286878
0.150923
1.19764
0.0
0.0
0.0
0.0
0.0
0.0
0.0
0.0
0.0
2.055
0.0
0.0
0.0
0.0
0.0
0.0
0.0
0.0
0.0
2.40761
0.0135878
0.0
0.0
0.0
0.0
0.0
0.258475
0.0
0.0
0.0
0.0
0.0
0.0
4.32602
0.0
0.0
0.0
0.0
0.0
0.0
0.0
0.0573249
0.0
0.0
0.0
0.0
3.78775
0.0
0.0
0.0
0.0
2.42126
0.0
0.0
0.0
0.0
0.0
0.0
0.0
0.294706
0.0
0.284142
0.0
0.0
0.0
0.0
0.0
0.0
0.0
0.0
0.0
0.0
0.356519
0.529166
0.43931
0.191379
0.0
0.0
0.0
0.0
0.0
0.0
2.26528
3.69704
0.0
0.0
3.0022
0.0
0.0
0.0
0.0
0.0
0.0
0.0
0.0
0.0
0.0
0.344601
0.0
0.0
0.0
0.919589
0.0
0.0
0.0
0.0
1.70692
0.0
0.0
0.0
0.0
0.0
0.0
0.0
0.0
0.0
2.66463
0.0
0.0
0.0
0.058122
1.44718
0.0
0.0
0.0
0.938126
0.0
0.0
0.0
0.0
0.0
0.520833
0.0
0.0
0.0
0.0
0.222634
0.0
0.0
0.0
0.0
1.27785
4.31613
0.0
0.0
0.0
0.0
0.0
0.0
0.0
0.0
0.0
0.0
0.323478
0.0
0.0
0.0
0.0
0.0
0.0
0.0
0.0
0.0
0.0
0.0
0.0
0.0
0.0
0.0
1.83158
2.67862
0.0
4.29214
0.0
3.60614
0.0
0.0
0.0
0.504382
0.0
0.0
0.596771
0.0
0.0
0.0
0.0
1.48847
1.322
0.126504
0.0
0.0
0.0
0.0
0.0
0.0
0.946775
0.0
0.0
0.0
0.0
0.0
1.40453
0.0
0.0
0.0
0.556119
0.0
0.302037
0.0
0.0
1.41275
2.61206
0.0
0.0
0.0
0.0
1.9402
0.0
0.0
0.0
0.0
0.0
0.0
0.0
1.89821
0.0
0.999846
0.0
0.0
0.0
0.0
0.0
0.0
1.32744
0.0
0.0
0.0
0.0
0.0
0.0
0.0
0.0
0.0
0.0
0.0
0.0
0.0
0.0
0.0
0.0
0.0
0.0
0.0
0.0
0.0
0.0
0.0
0.0
0.0
0.0
0.0
0.354347
1.28272
0.0
1.59361
0.27578
0.0
0.0
0.0
0.0
0.0
0.959262
0.0
0.0
0.0
1.0221
0.0
0.0
3.26904
0.0
0.0
0.0
0.0
0.0
0.0
0.427828
0.0
0.0
1.82313
0.0
0.0
0.0
0.0
0.0
0.0
0.0
0.0
0.0
0.0
0.0
0.0
2.32824
0.0
0.134974
0.0
0.0
0.0
0.0624975
0.733111
0.66102
0.0
0.0
0.0
0.0
0.0
0.0
0.0
0.0
0.0
0.0
0.0
0.0
0.0
2.47159
0.0
0.0
0.0
0.0
0.0
0.335176
0.0
0.0
0.0
0.0
0.0
0.0
0.0
0.0
0.0
0.0
0.0
0.0
0.0
0.0
0.341641
0.0
0.163798
0.0
0.0
1.65586
0.0
0.0
0.0
3.689
0.0
2.58107
0.0
0.0
2.11419
0.0
0.0
0.0
0.0
0.0
0.0
0.0
0.0
0.0
0.0
0.0
0.0
0.0
0.0
0.0
0.0
1.52476
0.0
0.0
0.0
0.0
0.0
0.0
0.0
0.0
0.0
0.0
0.0
0.0
0.0
0.0
0.0
0.249422
0.0683124
0.0
0.0
0.922104
0.0
1.09711
0.0
0.0
0.0
0.0
0.699259
0.0
0.0
0.0
0.0
0.0
0.0
0.0
5.30897
0.820321
0.0
0.0
0.0
0.0
0.0
1.03302
0.0
0.0
0.0
0.0
0.0
0.0
0.665075
0.0
0.0
0.0
0.572109
0.0
0.0
3.42114
0.0
0.0
0.0
0.0
0.0
0.0
3.32389
0.0
0.0
3.67279
0.0
0.0
1.49854
0.0
0.0
0.0
0.0
0.0
0.0
0.0
0.0
0.0
0.0
0.0
0.0
0.0
2.9568
2.78716
0.0
0.0
0.0
0.0
0.0
0.0
0.0
0.370597
0.0954096
0.0
0.0
0.0
0.0
1.2995
0.0
0.0
0.0
0.0
2.37185
0.0
0.173124
0.0
0.0
0.0
0.0
0.0
0.0
0.0
0.0
0.0
0.0
0.0
0.0
0.0
0.447492
0.0
0.91874
0.0
0.0
3.2615
0.0
0.0
0.0
0.431604
0.0
0.0
0.0
2.55414
0.0
0.0
0.0
0.0
0.0
0.0
0.428785
0.0
0.0
2.56025
0.640084
0.0
2.15526
0.0
0.0
0.0
0.0
0.0
0.0
0.0
0.0
0.0
0.0
0.0
0.0
0.0
0.836707
0.321413
0.0
0.0
0.0
0.0
0.0
0.0
3.54391
0.0
0.0
0.0
0.0
0.0
0.0
0.0
0.0
0.891854
0.0
0.0
0.0
1.56823
0.0
0.0
0.0
0.516148
0.0
0.0
0.0
0.0
1.08263
0.188009
1.07618
0.0
0.0
0.0
0.0
0.0
0.0
0.0
0.0
0.0
0.0
0.0
0.0
0.0
1.28596
0.0
0.0
2.52165
2.22563
0.0
0.0
0.0
0.0
0.0
0.0
0.0
3.25097
0.505036
0.0
0.0
0.0
0.0
0.0
0.0
0.0
1.31901
1.68447
0.0
0.0125445
0.0
0.0
0.0
0.0
0.0
0.0
0.0
0.0
0.0
0.0
0.0
3.25682
3.35409
0.34881
0.0
0.0
0.0
0.0
1.15136
0.609415
0.0
0.524543
0.0
0.0
1.59716
0.0
1.14713
0.0
0.0
0.0
0.0
0.0
0.339034
0.0
0.0
0.0
0.0
0.0
0.0
0.0
0.0
0.0
0.23165
0.0
0.25882
0.0
0.0
0.0
2.10147
0.0
0.0
0.0
0.0
0.0
0.0
0.0
0.0
0.62054
0.0
0.0
2.69265
0.0
0.0
0.0
0.0
0.336662
0.0
0.0
0.0
0.0
0.0
0.0
0.0
1.49047
0.0
0.0
0.0
0.0
0.0
0.0
5.20032
0.0
0.0
0.0
0.0
0.208715
0.0
0.111762
2.10945
0.0
0.0
0.0
0.0
0.0
0.360507
0.0
0.0
0.0
1.34235
1.53533
0.0
0.0
0.0
0.0
0.0
0.0
0.0
1.13186
0.0
0.93784
0.0
0.0
0.397051
0.0
0.0
0.0
2.00384
0.0
0.0
0.0
0.0
0.0
0.0
0.0
0.0
0.286811
0.0
1.74677
0.00300536
0.0
0.0
1.77844
0.0
0.202087
0.0
0.0
0.0
0.0
0.0
0.0
0.0
0.0
0.505534
0.0
0.0
0.0
0.0
1.19288
0.0
0.0
0.0
0.0
0.0
0.0
0.0
0.0
0.0
0.0
0.0
0.0
0.0
0.0
0.0
0.0
3.82142
0.0
1.64725
0.0
0.0
0.226832
0.887533
0.0
0.939762
0.0
0.51034
0.0
0.0
0.887474
0.581947
0.0
0.0
1.58236
0.0
3.56278
0.0
0.0
0.0
0.0
0.0
2.45528
0.056945
0.0
0.0
0.967294
0.0
0.0
0.0
0.0
0.637733
0.0
0.0
0.0
0.0
0.0
0.0
0.0
0.0
0.0
0.0
0.0
0.0
0.0
0.0
1.16185
0.666193
0.0
0.0
0.0
0.0
0.0
0.0
0.0
0.0
0.0
0.0
0.0
0.0
0.0
0.0
0.0
0.0
0.0
0.0
0.0
4.463
0.0
3.23673
0.0
0.0
0.0
0.0
0.0
0.0
0.0
0.0
0.0
0.0
0.018929
1.98914
0.0
0.0
0.344171
0.0
0.0
0.0
0.0
0.0
0.0
0.0
3.10799
0.752706
0.0
0.0
0.0
0.0
0.0
0.0
0.0
1.1682
0.0
0.0
0.0
0.0
0.0
0.0
0.0
0.0
0.0
0.0
0.0
0.531009
0.0
0.0
2.77313
0.218771
0.0
0.0
0.0
0.0
0.0
0.0
4.58043
0.0
0.0
0.0
0.0
0.0
0.815514
0.0
0.0
0.0
0.0
0.0
0.0
0.0
0.0
1.94306
0.0
0.0
0.0
0.0
0.0
0.0
0.0
0.0
0.0
2.54295
0.0
0.0
0.0
0.959159
0.0
0.0
1.44145
5.62966
0.0
0.0
0.0
0.0
0.0
0.0550973
0.0
0.740942
0.0
0.0
0.0
0.0
0.0
0.0
0.0
0.0
0.0
2.25056
0.0
0.0
1.66037
0.0
2.19898
0.0
0.0
0.0
0.0
0.0
2.74731
0.317569
0.0
0.0
0.0
0.0
0.0
2.49572
0.0
0.0
0.0
0.0
0.0
0.221525
0.0
0.0
0.0
0.0
0.0
0.0
0.0
0.0
0.0
0.0
0.193628
0.913733
0.0
0.0
0.0
0.0
0.0
2.50022
0.0
0.0
0.487003
0.0
3.58097
1.36234
0.0
0.0
0.0
4.36439
0.0
0.0
1.28143
0.0
0.0
0.0
0.0
0.0
0.0
0.0
0.0
0.0
0.0
0.0
0.0
0.0
0.567477
0.0
0.0
0.0
3.08375
0.0
0.0
0.0
0.0
0.0
0.0
0.0
0.0
0.0
0.0
0.0
0.0
0.0
2.24924
0.0
0.0
0.0
0.0
0.0
0.0
0.988532
0.0
0.0
0.0
0.0
0.65444
0.0
0.0
0.0
0.0
0.0
0.0
0.0
1.13745
1.05948
0.782253
0.0
0.0
0.0
0.0
0.0
0.0
0.0
0.684195
0.0
0.0
0.0
0.0
0.0
0.0
0.0
1.66065
0.0
0.0
0.0
0.0
0.0
0.0
0.0
0.186564
0.0
0.0
0.0
0.0
0.0
0.0
0.0
0.0
0.0
0.0
0.0
0.0
4.73477
0.0
4.00183
0.0
0.0
0.0
0.0
0.0
1.40032
0.0
0.0
0.0
0.0
0.0
0.0
0.478403
0.0
0.556341
1.83412
0.0
0.0
0.0
0.0
0.0
0.0
0.0
0.0
0.0
0.0
0.0
0.0
0.0
0.0
0.0
0.0
0.0
0.0
0.0
0.0
0.0
0.0
0.0
0.0
0.0
0.0
0.0
0.0
0.0
0.0
0.0
0.0
0.0
0.0
0.0
0.0
0.0
0.674446
0.0
0.00806916
0.0
0.0
0.0
0.0
0.0
0.0674557
0.863711
0.0
0.0
0.0
0.0
0.0
0.0
0.0
2.08591
0.0
0.0
0.0
0.85231
1.41691
0.0
0.0
0.897807
0.0
0.0
0.0
0.0
0.0
0.0
0.0
0.0
0.0
0.0
1.74328
0.0
0.0
0.0
0.0
0.0
0.0
0.0
0.0
0.0
5.22301
0.0
0.0
0.0
0.169667
0.0
0.0
0.0
0.0
0.0
0.0
0.0
0.0
0.155797
0.945481
0.0
0.0
0.0
1.2502
0.0
0.0
0.126713
0.0
0.0
2.0663
0.708591
1.01217
0.0
0.0
2.53526
0.0
0.0
0.0
0.564145
0.0
0.0
0.0
0.0
0.0
0.0
0.0
0.0
0.0
0.0
0.0
0.0
1.24289
0.0
0.12298
0.0
0.33764
0.0
0.0
1.63068
0.0
0.0
0.0
0.0
0.0
0.0
0.703314
0.0
0.0
0.0
0.0
0.0
2.1833
0.0
0.0
0.0
0.0
0.0
0.0
0.0
0.0
0.0
0.0
0.0
0.164258
0.0
0.0
0.0
0.0
0.0
0.0
2.33602
0.0
0.0
0.0
0.0
1.76541
0.0
0.0
0.0
0.0
0.0
0.0
0.0
0.0
0.0
0.0
0.0
0.0
0.0
0.0
0.0
0.0
0.0
0.0
0.0
0.0
0.0
0.0
0.0
0.0
0.0
0.0
0.0
0.0
0.0
0.519333
1.37029
0.0
0.0
0.0
1.1121
0.0
0.0
0.0
0.0
0.0
3.00623
0.0
2.66683
0.0671405
0.0
0.0
2.69353
0.0
0.0
0.0
0.0
0.0
0.0
0.0
0.0
0.0
0.0
0.0
0.0
0.0
0.0
0.0
0.0
0.0
0.0
0.0
0.0
0.0
0.0
0.0
0.0
0.0
0.0
0.0
0.0
0.0
0.0
0.0
4.28229
0.803762
0.0
0.0
0.0
0.0
1.0106
0.0
0.0
4.57008
0.0
0.0
1.97206
2.35878
0.0
0.0
0.0
0.0
0.0
0.0
1.55232
0.0
0.0
0.0
0.0
0.0
0.785555
0.0
1.40341
0.0
0.0
0.0
0.0
0.0
0.0
1.14775
0.0
2.68848
0.0
0.0
0.0
0.0
0.0
0.0
0.910412
0.0
0.0
0.0
0.0
0.0
0.6266
0.692428
0.0
0.0
0.0
0.677643
0.0
0.0
1.8749
0.0
0.0
0.0
1.72163
0.0
0.0
0.0
0.0
0.0
0.0
0.0
0.0
0.0
0.0
0.0
0.089943
0.0
0.0
0.0
0.0
0.0
0.0
2.43823
0.0
0.0
0.0
0.0
0.0
0.354367
0.0
2.17823
0.0
0.0
0.0
0.0
0.0
3.09393
0.0
0.0
0.0
0.0
0.0
0.0
0.0
0.223616
0.0
0.0
0.0
0.0
0.0
0.0
0.0
0.0
0.0
0.0
0.0
0.0
0.0
0.0
0.0
0.0
0.0
0.0
0.605258
0.0
0.0
0.101967
0.0
0.0
0.0
0.0
0.0
0.0808919
0.0
0.0
0.0
0.0
0.0
2.7128
0.0
0.0
0.649349
0.0
0.0
0.0
1.29721
0.0
0.0
0.0
0.0
0.0
0.0
0.0
0.0
0.0
0.0
0.0
0.0
2.84659
4.19183
0.0
2.45808
1.53429
0.365838
0.0
0.0
0.642062
0.0
1.60279
0.0
0.0
0.0
0.0
0.0
0.442685
0.0
0.0
0.0
0.0
1.09487
0.0
3.70883
3.19412
0.0
4.51684
0.0
0.0
0.0
0.0
0.0
0.0
0.600106
0.0
0.0
1.83276
1.83017
0.0
0.0
0.0
0.0
0.0
0.0
0.0
1.1296
0.0
0.0
0.0
0.0
1.431
0.0
0.0
0.0
0.0
0.0
0.0
0.0
0.0
0.0
3.95164
0.0
0.0
2.97919
0.0
0.0
0.0
0.0
0.0
0.0
0.0
0.0
0.106968
3.81772
0.0
0.0
0.0
0.0
0.0
0.0
0.0
0.0
0.0
0.0
0.0
0.0
1.20382
0.0
0.0
3.28451
0.0
0.0
0.0
0.0
0.0
0.0
0.0
0.0
0.0
0.0
0.0
0.0
2.88982
0.0
0.0
0.0
0.0
0.0
0.0
1.3422
2.08016
0.0
0.0
0.0
0.0
0.0
0.0
4.16095
0.0
0.0
0.0
0.0
0.0
0.0396575
0.0
0.0
0.0
0.0
0.0
0.0
0.0
0.0
0.0
0.06949
0.0
0.0
0.0
0.0
0.0
0.0
0.504172
0.0
0.0
0.0
0.0
0.0
0.0
0.0
0.0541523
0.0
1.20534
0.0
0.0
0.0
0.0
0.0
0.0
3.17646
0.0
0.0
0.0
3.0225
0.0
0.0694679
0.0
4.52185
0.0
0.171796
0.0
0.0
0.0
0.0
0.0
0.0
0.0
1.07574
0.0
0.0
0.0
0.0
0.0
0.0
0.0
0.0
0.0
1.39227
0.0
0.0
0.0
1.26004
0.0
0.0
0.230404
0.0
0.0
0.0
4.20335
0.0
0.750117
0.0
0.0
0.0
0.0
0.0
0.0
1.29116
0.0
0.0
0.0
0.0
0.0
0.095888
0.0
0.0
0.0
0.0
0.0
0.0
0.0
0.908917
0.0
0.0
0.0
0.0
0.0
2.45694
0.0
0.0
1.29467
4.16098
0.0
0.0
0.0
0.960825
0.0
0.0
0.0
0.0
0.0
0.0
0.0
0.0
0.0
0.0
0.0648603
0.0
0.0
0.0
0.0
0.0
0.0
0.0
0.0
0.0
0.0
0.0
0.0
0.0
0.0
0.0
0.199326
0.0
2.49183
0.0
0.0
0.0
0.0
0.0
0.0
2.80952
1.94015
0.0
0.0
0.0
0.0
0.0
0.0
0.0
0.0
0.0
0.0
0.0
0.0
0.0
1.43769
0.0
0.0
0.0
0.0
0.0
0.0
0.0
0.0
0.0
0.0
0.0
0.0
0.0
0.0
0.814691
0.0
2.10364
0.0
0.0
0.0
0.0
0.0
0.0
0.0
0.0
0.0
0.0
0.0
0.0
0.0
0.0
0.470304
2.29043
0.0
0.0
0.0
0.0
2.98376
0.0
0.0
3.07973
0.0
0.0
0.0
0.0
0.0
0.0
0.0
0.0
0.0
0.0
0.0
0.0
0.0
0.0
0.0
0.0
0.0
0.0
0.0
0.0
0.0
0.635298
0.0
0.0
0.135835
0.0
0.0
0.305661
1.85667
0.562171
0.0
0.0
0.0
0.0
0.0
0.377211
0.0
0.0
0.395899
0.0
0.0
0.0
0.0
0.0
0.0
0.0
0.0
0.0
0.0
0.0
0.0
0.0
0.0
0.0
1.49393
0.0
0.0
0.0
0.0
0.0
0.0
0.0
0.264846
2.45896
0.0
0.0
0.0
3.82443
0.00098671
0.0
0.0
0.0
0.0
0.0
0.963677
0.0
0.0
0.656557
0.0
0.0
0.0
1.54867
1.21642
0.0
0.0
0.0
0.0
0.0
0.0
0.0
0.0
0.0
0.253924
3.0131
0.0
0.0
0.0
0.0
0.0
0.0
1.16786
0.0
0.0
0.0
0.0
0.0
0.0
0.0
1.06932
0.0
0.0
0.0
0.0
0.0
1.38933
0.0
0.0
0.0
0.0
0.0
0.0
0.0
2.99426
0.0
0.0
1.87291
0.0
0.696647
0.0
0.0
0.0
0.855229
0.0
1.24851
0.0
0.0
0.0
0.0
0.0
0.0
0.301915
0.0
0.0
0.0
0.0
0.913764
0.0
0.641255
0.0
0.0
0.0
0.0
1.63676
0.448209
0.0
0.0
0.0
0.0
0.880501
0.0
0.0
0.0
0.0
1.05855
1.59115
0.0
0.0
0.0
0.0
0.0
0.0
0.0
0.0
0.0
0.0
0.628068
0.0
0.0
0.0
0.0
0.0
0.707352
0.450279
0.0
0.0
0.0
0.0
0.0
0.0
0.0
0.0
0.0
0.0
0.0
0.0
0.0
0.0
0.0
0.0
0.0
0.0
0.0
1.48985
0.0
0.0
0.0
0.0
0.0
0.0
0.0
0.0
2.59023
0.0
2.02374
0.0
0.0
0.0
0.0
0.0
0.0
0.0
0.0
0.0
0.0
0.0
0.0
1.38731
1.79807
0.0
0.0
0.0
0.0
0.975541
1.2077
3.75147
0.0
0.0
0.0
0.0
0.0
0.0
0.342658
0.0
0.549888
0.0
1.21704
0.0
0.0
0.0
0.0
0.0
0.0
1.25849
2.16223
0.0
0.0
0.0
0.0
0.0
0.0
0.0
0.0
0.0
0.0
0.330559
0.0
0.0
0.0
0.0
0.0
0.0
0.0
0.0
0.0
0.0
0.0
0.712321
0.0
1.1823
0.0
0.0
0.0
0.0
0.0
0.491103
0.0
0.0
0.0
0.0
0.0
0.143353
0.0
0.0
0.0
0.0
0.0
0.0
0.0
0.0
0.0
0.0
2.14022
0.0
0.0
0.0
0.0
0.0
1.24075
0.569488
1.70083
0.0
0.0
0.0
0.0
0.43108
0.0
0.0
0.0
0.0
0.0
0.0
0.0
0.0
0.0
0.0
0.0
0.0
0.0
0.766233
0.0
0.0
2.06629
0.0
0.0
0.0
0.0
0.306867
0.0
1.28683
1.36267
0.244695
0.0
0.0
0.0
0.0
0.0
0.0
0.0
2.33239
0.463619
0.0
0.0
1.76623
0.0
0.0
0.0
0.0
0.0
0.0
0.0
6.05708
0.0
0.0
0.0
0.0
0.0
0.0
0.0
0.0
0.0
0.0
0.0
0.0
0.0
0.0
0.0
0.0
0.0
0.0
0.0
0.0
0.807526
0.51063
0.0
0.0
0.0
0.0
0.0
0.0
0.244556
0.0
0.0
0.0
0.212291
0.0
0.0
0.0
0.0
0.0174614
1.28276
0.0
0.325458
0.0
0.204085
1.48166
0.0
0.0
0.0
0.912926
0.0
0.0
0.127396
0.865163
0.0
0.0
1.29969
0.82057
2.03619
0.0
0.0
0.0
0.0
0.0
0.0
0.0
0.0744132
0.0
0.0
0.0
3.9148
0.0
0.949575
0.525403
0.0
0.26789
0.0
0.0
0.0
0.77415
0.0
0.0
0.0
0.706786
0.703111
0.0
0.0
0.0
0.0
0.0
0.0
0.0
0.0
0.00346714
0.556516
0.0
0.0
0.0
0.0
0.858221
0.0
0.0
0.0
1.0043
1.21979
0.0
0.0
0.0
0.0
0.0
0.0
0.0
0.0
0.0
0.0
0.0
0.0
0.0
0.0
0.0
0.0
4.6941
0.0
0.545376
0.0
0.0
0.0
0.0
0.0
0.0
0.0
2.23955
0.0
0.0
0.0
0.710737
0.0
0.33716
0.0
0.0
0.0
0.146776
0.0
0.0
0.0
0.0
0.0
0.0
0.0
0.0
0.188653
0.0
0.0
1.16522
0.0
0.0
0.0
0.0
0.0
0.0
2.13621
0.0
0.0
0.0
2.57144
0.0
0.0
0.0
0.0
0.0
0.221113
0.0
0.0
0.0
0.0
0.0
0.0
0.0
0.0
0.0
0.0
0.0
0.0
0.0
1.80255
1.80345
0.0
0.0
1.2056
0.0
0.0
5.74767
0.0
0.0
1.34683
0.0
0.478123
0.0
0.0
0.0
0.230782
0.0
0.0
0.0
0.0
0.0
0.524809
0.0
0.613701
0.0
0.0
0.0
5.7833
0.0
0.0
0.0
0.0
0.0
0.0
0.0
2.93777
0.0154422
0.0
0.0
0.0
0.0
0.0
0.0
0.0
0.0
0.0
0.0
0.0
0.0
0.0
0.0
0.0
0.0
0.0
0.0
0.0
0.0
2.63869
0.0
0.0
0.0307745
0.0
0.0
0.0
0.0
0.0
0.0
0.0
0.0
0.0
0.0
0.0
0.0
0.0
0.0
1.54937
0.0
0.0
3.5582
0.0
2.95042
1.5608
1.15415
0.0
0.0
0.0
0.0
0.159389
0.0
0.0
0.0
0.0
0.0
0.742481
0.0
0.0
0.0
0.0
0.805413
0.0
0.0
0.0
0.760972
0.0
1.69936
0.271949
0.0
0.0
3.2035
0.0
0.0
0.0
0.0
0.0
0.0
0.0
0.0
1.19058
0.0
0.0
0.0
0.0
0.0
0.0
0.0
2.50453
0.0
0.0
1.00301
0.0
0.0
0.0
1.27056
1.71441
0.0
0.0
0.0
0.676437
0.0
5.27987
0.0
4.68389
0.0
0.0
0.0
0.0
0.053837
0.0
0.0
0.0
0.0
0.0
0.0
0.0
0.0
0.0
0.0
0.0
0.0
0.0
0.0
0.0
1.10324
0.0
3.46862
1.48275
0.0
0.0
0.0
0.0
0.0
0.0
0.337386
0.708048
0.0
0.0
0.0
5.20064
0.0
0.0
0.0
0.0
0.0
0.0
0.0
0.0
0.0
0.0
2.33762
0.0
0.0
0.0
0.0
0.0
0.0
2.0563
0.0
0.0
0.0
0.0
0.0
0.0
0.0
0.0
0.0
0.0
0.0
0.0
0.0
0.0
0.0
0.0
0.0
1.65027
3.17
0.0
0.0
0.0
0.0
0.0
0.0
0.0
0.0
0.0
0.0
0.0
0.0
0.0
0.0
0.0
0.857462
0.0
0.0
0.0
0.485861
0.0
0.0
0.0
1.41135
0.0
0.0150827
0.0
0.702443
0.0
0.0
0.0
0.0
0.0
0.0
1.09143
0.0
0.0
0.0
0.0
0.0
0.0
0.0
0.0
0.0
1.34064
0.0
0.0
3.86502
0.0
0.0
0.0
0.0
1.89729
0.0
0.0
3.88346
0.0
0.0
0.0
0.124571
0.0
0.0
0.0
0.0
0.947436
0.441121
0.989783
0.0
0.0
1.40444
0.698755
0.0
0.845283
0.0
0.0
0.0
0.0
0.0
0.0
0.0
0.0
0.0
0.0
0.0
0.0
0.0
0.0
0.0
0.0
0.0
1.44573
0.0
0.607958
0.0
0.0
0.0
1.22319
0.0
0.0
0.0
0.600803
0.0
0.0
0.0
0.0
0.0
3.17133
0.0
0.396482
0.0
0.0
0.461974
0.0
0.0
0.0
0.0
0.0
0.0
0.0
0.0
0.0
0.0
0.0
0.0
0.0
3.42486
0.0
0.0
0.0
0.0
0.0
0.0
0.0
0.0
0.0
0.0
0.0
0.0
0.0
0.0
0.0
0.0
0.0
0.0
0.194629
0.0
0.0
0.0
0.0
1.45473
0.0
0.0
0.0
0.0
0.250201
0.0
0.0
0.0
1.61069
0.0
0.0
0.0
0.0
0.520925
0.0
0.0
0.157765
0.0
0.0
0.0
1.58509
0.0
1.17684
0.0
0.0
2.38904
0.0
0.877572
0.385259
0.0
0.0
0.0
0.0
0.420932
0.0
1.05816
0.0
0.300384
0.0
0.0
0.0
0.0
0.0
0.0
0.29683
0.0
0.0
0.0
0.0
0.0
0.0
0.0
0.0
0.0
0.0
1.39337
3.26235
0.6494
0.0
0.0
0.0
0.0
0.0
0.352803
2.30889
0.0
0.0
0.0
0.0
0.0
0.0
0.0
0.0
0.0
0.452757
0.0
0.759885
0.0
0.0
0.0
0.0
0.0
0.0
1.4863
0.0
0.0
0.0
0.0
0.0
0.0
0.0
0.0
0.0
0.0
0.369725
1.37306
0.0
0.534372
3.60392
0.0
0.0
0.0
0.0
0.348405
0.0
0.0
1.22517
0.185825
0.0
0.0
0.0
0.0
0.0
4.4342
0.22307
0.0
0.0
0.0
1.11693
0.0
1.03287
0.0
0.0
0.0
0.0
0.0
0.0
0.0
0.0
0.0
0.0
0.0
0.0
0.0
0.0
0.0
2.19281
2.33574
0.0
0.0
3.23372
0.0
0.0
0.0
0.0
0.914581
0.0
0.0
0.0
0.0
0.0
0.0
0.0
0.28762
0.0
0.0
0.0
0.0
0.0
0.0
0.0
0.0
0.0
0.0
0.0
0.0
3.53644
0.0
0.0
0.0
0.0
0.0
0.0
0.0
2.00865
0.0
0.0
0.0
0.0
0.0
0.0
0.0
0.0
0.0
0.0
0.452831
0.0
0.0
0.0
0.920479
4.01321
0.0
0.0
0.0
0.0
0.0
0.0
0.0
0.0
0.0
0.0
0.639139
0.181386
0.705916
0.0
0.0
0.0
0.0
0.0
0.0
0.0
0.0
0.0
0.0
0.0
0.0
0.0
0.0
0.0
0.0
0.0
0.0
0.0
0.0
0.0
0.0
0.0
0.0
0.534698
0.0
0.0
0.0
1.69622
0.0
0.0
0.0
0.197393
0.0
0.307827
0.217235
1.89796
0.620457
0.0
0.0
0.0
0.0
0.0
3.43715
0.0
0.0
0.0
0.168788
0.0
0.0
0.0
0.0
0.0
0.0
0.0
0.0
0.0
0.0
0.0
0.0
0.0
3.02228
0.0
2.21873
0.0735077
0.0
0.0
0.0
0.0
0.0
0.0
1.39685
0.427325
0.0
0.515607
0.0
0.0
0.0
0.0
0.0
0.0
0.0
0.0
0.0
0.0
0.0
0.0
0.0
0.0
0.0
0.0
0.0
0.0
0.0
0.0
0.0
0.0
0.0
0.0
0.0
0.0
0.0
0.0
0.0
0.0
0.0
0.0
0.0
0.0
0.0
0.0
0.0
1.66803
0.0
0.0
1.62674
0.0
0.0
0.0
0.0
0.0
0.0
1.43367
0.0
0.0
0.0
0.631703
0.0
0.0
0.0
0.0
0.0
0.0
0.0
0.0
2.4613
0.0
0.0
0.0
0.155285
0.0
0.0
0.0
0.0
0.0
0.855369
0.0
0.0
0.0
0.0
0.0
0.0
0.0
0.0
0.0
0.0
1.71388
0.0
1.46391
0.0
0.806658
0.0
0.0
0.0
0.0
0.0
0.231294
0.0
0.0
0.0
0.0
0.0
7.7927
0.0
0.0
0.0
0.0
0.0
0.0
0.0
0.0
0.0
0.0
0.0
0.0
0.0
0.0
2.1045
0.0
0.0
0.0
0.386911
0.0
0.0
0.036838
0.0
0.0
0.0
0.0
0.0
0.0
0.0
0.0
0.0
0.0
0.0
0.0
0.0396272
0.0
0.0
0.0
0.0
0.0
0.0
0.0
0.0
0.0
0.0
0.0
0.0
0.0
0.831902
2.18958
0.0
0.0
0.0
0.0
0.0
0.0
0.0
0.0
1.18756
0.0
0.0
1.19486
0.0
0.0
0.0
0.0
0.0
0.0
0.0
0.0
0.0
0.0
0.0
0.0
0.0
0.0
0.0
0.0
0.0
0.0
0.0
0.571928
0.52256
0.0
0.0
0.0
0.0
3.018
0.111869
0.0
0.0
0.0
0.0
0.0
0.0
0.0
0.0
0.0
0.0
1.99642
0.0
1.85777
0.0
0.0
0.0
0.0
0.0
0.0
0.0
0.648002
0.0
3.0886
0.0
0.0
0.0
0.0
0.0
0.0
0.0
0.0
0.0
0.0
0.0
0.0
0.0
0.475603
0.0
0.0
0.224954
0.0
0.868117
0.356597
0.0
3.17405
0.0
0.0
0.0
0.0
0.0
0.0
0.0
0.0
0.0
0.0
0.0
0.0
0.0
0.0
3.23012
0.0
0.0
0.0
1.55278
0.0
0.999502
0.0
0.0
0.0
0.43362
1.04097
0.0
0.0
0.0
0.0
5.20328
0.0
0.0
0.0
0.0
0.0
0.0
0.0
0.0
0.0
6.60942
0.0
0.0
1.39271
0.0
0.0
0.0
0.0
0.0
0.0
0.0
0.331768
0.0
0.0
0.0
1.39245
0.0
0.0
0.0
0.0
1.02265
0.0
1.06927
0.0
0.0
0.0
0.0
0.0
0.0
0.0
0.0408476
0.0
0.0
0.0
0.0
0.0
0.0
0.0
0.0
0.0
0.0
0.0
0.0
0.0
0.0
0.0
0.0
0.0
0.0
0.588727
0.0
0.0
2.64534
0.0
0.0
2.36557
2.34172
0.0
0.0
2.83581
0.0
0.0
0.0
0.420459
0.0
0.0
0.0
0.0
0.0
0.0
0.0
3.3983
0.0
0.393588
0.0
0.0
0.0
0.722179
0.0
0.0
0.0
0.0
0.0
0.0
0.0
0.0
1.92543
1.75776
0.0
0.0
0.0
0.0
0.0
2.06899
0.0
0.0
0.0
0.0
0.0
0.0
0.0
0.0
0.0
0.0
0.0
0.0
0.0
0.0810971
0.0
0.163017
0.0
0.0
0.0
0.174183
0.0
0.0
0.0
0.0
0.0
0.370493
0.0
1.17168
0.0
0.0
0.0
0.0
3.49008
0.0
0.0
0.0
0.0
0.0
0.0
0.0
0.0
2.93106
0.0
1.94817
0.0
0.0
0.276496
0.0
0.0
0.0
0.0
0.0802038
0.853548
2.43621
0.0
0.0
0.0
0.0
0.0
0.0
0.0471855
0.0
3.6711
0.0
0.0
0.0
0.0
0.0
0.0
5.29977
0.0
0.0
0.0
0.0
3.50261
0.0
1.88169
0.0
0.0
0.520428
0.0
0.0
0.195363
0.0
0.0
1.49226
0.0
0.512475
2.5521
0.0
0.0
0.0
0.0
0.0
0.0
0.0
0.0
0.0
1.6809
0.0
0.0
0.0
0.0
0.337604
0.0
4.5543
3.20669
0.0
0.0
0.0
0.0
0.0
0.0
0.0
4.71241
0.0
0.0
0.0
0.0
0.754981
0.0
0.0
1.51038
0.0
1.30132
0.983715
0.0
0.0
0.0
0.0
0.820678
0.0
0.0
0.0
0.0
2.22638
0.0
1.30263
0.0
0.0
0.0
0.674204
0.0
0.0
0.0
0.0
0.0
0.0
0.0
0.0
0.0
0.0
0.0176777
0.0
0.0
0.0
0.0
0.0
0.0
0.0
0.0
4.66686
0.0
0.0
0.0
0.0
0.0
0.0
0.0
1.26617
0.0
0.0
2.43259
0.0
0.0
0.0
0.0
0.0
0.753882
1.92375
0.0
0.0
2.19934
0.0
0.0
3.92452
0.0
0.0
0.0
0.0
0.0
2.38954
0.0
0.0
0.0
0.0
0.0
0.0
0.0
0.290069
0.0
0.0
0.0
0.0
0.0
0.0
0.0
0.0
0.0
0.0
0.0
0.223864
0.0
0.0
0.0
0.0
0.0
1.49279
0.0
0.0
1.07292
0.236085
0.0
2.95876
0.0
0.0
0.0
0.0
0.0
0.507963
0.0
0.0
0.0
0.0
0.0
0.0
0.0
2.37048
0.0
0.0
0.0
0.0
0.729685
0.0
0.0
